1 0.475 0.5324074074074074 0.4739583333333333 0.5453703703703704 0.47552083333333334 0.5537037037037037 0.471875 0.562037037037037 0.4666666666666667 0.5851851851851851 0.4635416666666667 0.5842592592592593 0.4661458333333333 0.5518518518518518 0.4625 0.5435185185185185 0.46145833333333336 0.5287037037037037 0.46458333333333335 0.5194444444444445 0.46770833333333334 0.5175925925925926 0.4744791666666667 0.5324074074074074
1 0.49114583333333334 0.48518518518518516 0.4942708333333333 0.48703703703703705 0.49947916666666664 0.5 0.5010416666666667 0.5361111111111111 0.4947916666666667 0.5453703703703704 0.49114583333333334 0.5425925925925926 0.4901041666666667 0.524074074074074 0.4864583333333333 0.5083333333333333 0.4864583333333333 0.4981481481481482 0.490625 0.4861111111111111
1 0.1203125 0.26481481481481484 0.11666666666666667 0.24722222222222223 0.11666666666666667 0.24074074074074073 0.11927083333333334 0.2361111111111111 0.1234375 0.24259259259259258 0.13020833333333334 0.26481481481481484 0.1296875 0.2722222222222222 0.12083333333333333 0.26481481481481484
1 0.6057291666666667 0.10277777777777777 0.6088541666666667 0.11018518518518519 0.6057291666666667 0.1361111111111111 0.6026041666666667 0.13703703703703704 0.6005208333333333 0.1175925925925926 0.6010416666666667 0.10833333333333334 0.6052083333333333 0.1037037037037037
1 0.5895833333333333 0.2337962962962963 0.010416666666666666 0.04537037037037037
1 0.06770833333333333 0.23425925925925925 0.07135416666666666 0.24074074074074073 0.07395833333333333 0.25462962962962965 0.078125 0.26481481481481484 0.07760416666666667 0.27037037037037037 0.0703125 0.26666666666666666 0.059895833333333336 0.24444444444444444 0.0609375 0.23703703703703705 0.0671875 0.23425925925925925
1 0.5434895833333333 0.2337962962962963 0.0109375 0.032407407407407406
1 0.16145833333333334 0.18981481481481483 0.16927083333333334 0.2064814814814815 0.17083333333333334 0.21851851851851853 0.16979166666666667 0.22407407407407406 0.16770833333333332 0.22407407407407406 0.15885416666666666 0.20555555555555555 0.15833333333333333 0.19166666666666668 0.1609375 0.18981481481481483
1 0.7453125 0.95 0.7479166666666667 0.9546296296296296 0.7479166666666667 0.9638888888888889 0.7463541666666667 0.9907407407407407 0.7442708333333333 0.9990740740740741 0.740625 0.9990740740740741 0.7359375 0.987037037037037 0.728125 0.9888888888888889 0.7192708333333333 0.9962962962962963 0.7135416666666666 0.9944444444444445 0.7125 0.9879629629629629 0.7166666666666667 0.9833333333333333 0.7244791666666667 0.9833333333333333 0.7302083333333333 0.9768518518518519 0.7359375 0.9601851851851851 0.73125 0.9527777777777777 0.7338541666666667 0.9490740740740741 0.7447916666666666 0.95
1 0.4244791666666667 0.7759259259259259 0.42916666666666664 0.775 0.4317708333333333 0.7777777777777778 0.4375 0.7962962962962963 0.4375 0.8027777777777778 0.4348958333333333 0.8101851851851852 0.4354166666666667 0.825925925925926 0.4322916666666667 0.825925925925926 0.428125 0.8101851851851852 0.42239583333333336 0.8009259259259259 0.42291666666666666 0.7805555555555556 0.4244791666666667 0.7768518518518519
1 0.10572916666666667 0.23333333333333334 0.11302083333333333 0.24351851851851852 0.11354166666666667 0.25092592592592594 0.11979166666666667 0.26851851851851855 0.115625 0.2657407407407407 0.10885416666666667 0.275 0.10729166666666666 0.2611111111111111 0.10052083333333334 0.24444444444444444 0.1015625 0.23703703703703705 0.10520833333333333 0.23425925925925925
1 0.42890625 0.2810185185185185 0.0109375 0.03425925925925926
1 0.44427083333333334 0.55 0.45416666666666666 0.5638888888888889 0.4515625 0.5712962962962963 0.453125 0.5824074074074074 0.44583333333333336 0.6074074074074074 0.44375 0.6055555555555555 0.44427083333333334 0.5805555555555556 0.4390625 0.5666666666666667 0.4395833333333333 0.5527777777777778 0.44166666666666665 0.549074074074074 0.44375 0.55
1 0.1375 0.2222222222222222 0.14427083333333332 0.23148148148148148 0.14791666666666667 0.2462962962962963 0.15416666666666667 0.2537037037037037 0.15416666666666667 0.25833333333333336 0.14739583333333334 0.25555555555555554 0.14583333333333334 0.25833333333333336 0.1484375 0.262037037037037 0.14739583333333334 0.2657407407407407 0.13697916666666668 0.2537037037037037 0.13229166666666667 0.22870370370370371 0.13333333333333333 0.2222222222222222 0.13697916666666668 0.2222222222222222
1 0.7963541666666667 0.10648148148148148 0.7973958333333333 0.11203703703703703 0.7932291666666667 0.1287037037037037 0.7869791666666667 0.12407407407407407 0.7864583333333334 0.11944444444444445 0.7895833333333333 0.10740740740740741 0.7958333333333333 0.10648148148148148
1 0.51640625 0.27037037037037037 0.0109375 0.05185185185185185
1 0.026041666666666668 0.34814814814814815 0.029166666666666667 0.3435185185185185 0.03333333333333333 0.3425925925925926 0.03697916666666667 0.35185185185185186 0.041666666666666664 0.37777777777777777 0.04010416666666667 0.3851851851851852 0.0375 0.3824074074074074 0.035416666666666666 0.36944444444444446 0.0265625 0.35462962962962963 0.026041666666666668 0.3490740740740741
1 0.08854166666666667 0.21944444444444444 0.096875 0.2324074074074074 0.09947916666666666 0.24814814814814815 0.09947916666666666 0.25462962962962965 0.096875 0.25833333333333336 0.09427083333333333 0.2574074074074074 0.0828125 0.23055555555555557 0.084375 0.2212962962962963 0.08802083333333334 0.21944444444444444
1 0.8864583333333333 0.5120370370370371 0.8869791666666667 0.525 0.875 0.5601851851851852 0.8697916666666666 0.5564814814814815 0.8677083333333333 0.5462962962962963 0.8765625 0.5222222222222223 0.8828125 0.5111111111111111 0.8859375 0.5120370370370371
1 0.41822916666666665 0.6018518518518519 0.425 0.6064814814814815 0.4270833333333333 0.612037037037037 0.4270833333333333 0.6361111111111111 0.421875 0.6481481481481481 0.41822916666666665 0.6435185185185185 0.41354166666666664 0.6203703703703703 0.41458333333333336 0.6027777777777777 0.41770833333333335 0.6018518518518519
1 0.08802083333333334 0.9407407407407408 0.1015625 0.9416666666666667 0.10677083333333333 0.9444444444444444 0.10885416666666667 0.9490740740740741 0.1078125 0.9601851851851851 0.11145833333333334 0.9685185185185186 0.10416666666666667 0.9740740740740741 0.10052083333333334 0.987037037037037 0.096875 0.9898148148148148 0.09427083333333333 0.9898148148148148 0.08958333333333333 0.9777777777777777 0.08072916666666667 0.9731481481481481 0.07291666666666667 0.9629629629629629 0.07395833333333333 0.9518518518518518 0.07135416666666666 0.9453703703703704 0.07291666666666667 0.9416666666666667 0.0875 0.9407407407407408
1 0.5015625 0.23703703703703705 0.5052083333333334 0.2518518518518518 0.5046875 0.2814814814814815 0.5005208333333333 0.2851851851851852 0.4979166666666667 0.2796296296296296 0.496875 0.2490740740740741 0.5010416666666667 0.23796296296296296
1 0.23229166666666667 0.1175925925925926 0.2390625 0.13240740740740742 0.2390625 0.14907407407407408 0.240625 0.1537037037037037 0.23802083333333332 0.15648148148148147 0.22916666666666666 0.13055555555555556 0.22916666666666666 0.11944444444444445 0.23177083333333334 0.1175925925925926
1 0.5901041666666667 0.09814814814814815 0.5932291666666667 0.10185185185185185 0.5885416666666666 0.1287037037037037 0.5848958333333333 0.1361111111111111 0.5848958333333333 0.10555555555555556 0.5895833333333333 0.09814814814814815
1 0.48072916666666665 0.3023148148148148 0.013541666666666667 0.026851851851851852
1 0.6020833333333333 0.22407407407407406 0.6057291666666667 0.22592592592592592 0.6083333333333333 0.23703703703703705 0.6046875 0.2657407407407407 0.6 0.2657407407407407 0.5979166666666667 0.23981481481481481 0.6020833333333333 0.225
1 0.5963541666666666 0.10185185185185185 0.5973958333333333 0.11388888888888889 0.5947916666666667 0.13518518518518519 0.5921875 0.13796296296296295 0.5895833333333333 0.125 0.5901041666666667 0.11203703703703703 0.5916666666666667 0.1037037037037037 0.5958333333333333 0.10185185185185185
1 0.4083333333333333 0.575925925925926 0.41510416666666666 0.5805555555555556 0.4166666666666667 0.5879629629629629 0.41458333333333336 0.5944444444444444 0.41302083333333334 0.6185185185185185 0.4078125 0.6370370370370371 0.40520833333333334 0.637962962962963 0.40520833333333334 0.6037037037037037 0.4015625 0.5981481481481481 0.39739583333333334 0.6 0.39739583333333334 0.5972222222222222 0.4005208333333333 0.5907407407407408 0.4015625 0.5787037037037037 0.4036458333333333 0.575 0.4078125 0.575925925925926
1 0.6286458333333333 0.2537037037037037 0.6307291666666667 0.2564814814814815 0.63125 0.27314814814814814 0.6270833333333333 0.2861111111111111 0.6223958333333334 0.2824074074074074 0.6223958333333334 0.2638888888888889 0.6239583333333333 0.2564814814814815 0.628125 0.2537037037037037
1 0.61875 0.08611111111111111 0.6197916666666666 0.10462962962962963 0.615625 0.12777777777777777 0.6125 0.125 0.6119791666666666 0.09722222222222222 0.6140625 0.08796296296296297 0.6182291666666667 0.08611111111111111
1 0.4427083333333333 0.26481481481481484 0.44479166666666664 0.275 0.44583333333333336 0.30462962962962964 0.44166666666666665 0.3037037037037037 0.43802083333333336 0.2962962962962963 0.43645833333333334 0.2861111111111111 0.43645833333333334 0.27037037037037037 0.43854166666666666 0.26481481481481484 0.4421875 0.26481481481481484
1 0.3546875 0.1787037037037037 0.010416666666666666 0.04259259259259259
1 0.15416666666666667 0.20185185185185187 0.16145833333333334 0.21666666666666667 0.16354166666666667 0.22962962962962963 0.16822916666666668 0.23333333333333334 0.16875 0.23703703703703705 0.16458333333333333 0.2351851851851852 0.16145833333333334 0.2462962962962963 0.159375 0.24351851851851852 0.153125 0.21851851851851853 0.15208333333333332 0.2074074074074074 0.15364583333333334 0.20277777777777778
1 0.0328125 0.3398148148148148 0.04479166666666667 0.3509259259259259 0.0484375 0.36666666666666664 0.05625 0.37037037037037035 0.057291666666666664 0.37407407407407406 0.049479166666666664 0.375 0.04895833333333333 0.38055555555555554 0.04635416666666667 0.38333333333333336 0.03802083333333333 0.36944444444444446 0.03697916666666667 0.35648148148148145 0.030208333333333334 0.3453703703703704 0.03229166666666667 0.34074074074074073
1 0.0578125 0.24074074074074073 0.0640625 0.25277777777777777 0.06354166666666666 0.26296296296296295 0.06666666666666667 0.27314814814814814 0.06458333333333334 0.27870370370370373 0.06041666666666667 0.27685185185185185 0.05520833333333333 0.25925925925925924 0.05 0.2490740740740741 0.0515625 0.24444444444444444 0.057291666666666664 0.24074074074074073
1 0.4453125 0.6462962962962963 0.45260416666666664 0.6555555555555556 0.4546875 0.6638888888888889 0.45416666666666666 0.6805555555555556 0.4510416666666667 0.6851851851851852 0.4453125 0.6833333333333333 0.43645833333333334 0.6648148148148149 0.44166666666666665 0.6472222222222223 0.44479166666666664 0.6462962962962963
1 0.7817708333333333 0.18703703703703703 0.7848958333333333 0.19444444444444445 0.7838541666666666 0.2064814814814815 0.7729166666666667 0.22962962962962963 0.7713541666666667 0.22777777777777777 0.7713541666666667 0.21851851851851853 0.7734375 0.20277777777777778 0.7776041666666667 0.18888888888888888 0.78125 0.18703703703703703
1 0.61875 0.22037037037037038 0.6213541666666667 0.18425925925925926 0.6270833333333333 0.17777777777777778 0.628125 0.19444444444444445 0.6265625 0.2074074074074074 0.6229166666666667 0.2175925925925926 0.6197916666666666 0.22314814814814815 0.6192708333333333 0.2212962962962963
1 0.5223958333333333 0.37777777777777777 0.5151041666666667 0.36018518518518516 0.5151041666666667 0.34444444444444444 0.5182291666666666 0.3287037037037037 0.5223958333333333 0.32592592592592595 0.5286458333333334 0.3453703703703704 0.5260416666666666 0.35555555555555557 0.525 0.37407407407407406 0.5229166666666667 0.3768518518518518
1 0.83125 0.15092592592592594 0.8338541666666667 0.1537037037037037 0.8348958333333333 0.16296296296296298 0.828125 0.19074074074074074 0.8244791666666667 0.1935185185185185 0.8234375 0.18888888888888888 0.8260416666666667 0.16574074074074074 0.8307291666666666 0.15185185185185185
1 0.8 0.4398148148148148 0.8036458333333333 0.45 0.8052083333333333 0.4638888888888889 0.8 0.4777777777777778 0.796875 0.49444444444444446 0.7927083333333333 0.49166666666666664 0.7890625 0.47314814814814815 0.7963541666666667 0.45 0.7963541666666667 0.4425925925925926 0.7994791666666666 0.4398148148148148
1 0.5229166666666667 0.4666666666666667 0.5296875 0.4759259259259259 0.5322916666666667 0.49074074074074076 0.5223958333333333 0.5231481481481481 0.5192708333333333 0.5222222222222223 0.51875 0.4925925925925926 0.51875 0.47129629629629627 0.5223958333333333 0.4666666666666667
1 0.5395833333333333 0.23703703703703705 0.54375 0.24722222222222223 0.54375 0.2611111111111111 0.5416666666666666 0.27870370370370373 0.5375 0.2833333333333333 0.5359375 0.2796296296296296 0.5348958333333333 0.24722222222222223 0.5364583333333334 0.23796296296296296 0.5390625 0.23703703703703705
1 0.2760416666666667 0.08888888888888889 0.2796875 0.10185185185185185 0.28020833333333334 0.12037037037037036 0.2760416666666667 0.1259259259259259 0.2713541666666667 0.10740740740740741 0.271875 0.09444444444444444 0.2755208333333333 0.08981481481481482
1 0.54375 0.46111111111111114 0.5489583333333333 0.47314814814814815 0.5453125 0.5083333333333333 0.5432291666666667 0.5111111111111111 0.5385416666666667 0.5064814814814815 0.5354166666666667 0.4703703703703704 0.5395833333333333 0.46111111111111114 0.5432291666666667 0.46111111111111114
1 0.6307291666666667 0.09444444444444444 0.6338541666666667 0.10277777777777777 0.634375 0.11388888888888889 0.6296875 0.13518518518518519 0.6265625 0.13333333333333333 0.6260416666666667 0.10833333333333334 0.6276041666666666 0.09814814814814815 0.6302083333333334 0.09444444444444444
1 0.7020833333333333 0.19166666666666668 0.7067708333333333 0.18796296296296297 0.709375 0.19537037037037036 0.7083333333333334 0.2074074074074074 0.7046875 0.21296296296296297 0.7026041666666667 0.22777777777777777 0.6994791666666667 0.22685185185185186 0.7020833333333333 0.1925925925925926