0 0.042708333333333334 0.3611111111111111 0.050520833333333334 0.36574074074074076 0.05677083333333333 0.37777777777777777 0.057291666666666664 0.39351851851851855 0.05 0.3990740740740741 0.044270833333333336 0.4111111111111111 0.020833333333333332 0.42962962962962964 0.011979166666666667 0.44351851851851853 0.005208333333333333 0.44722222222222224 0 0.4444444444444444 0 0.387037037037037 0.03333333333333333 0.36203703703703705 0.0421875 0.3611111111111111
0 0.284375 0.5824074074074074 0.30364583333333334 0.5972222222222222 0.3072916666666667 0.6027777777777777 0.31145833333333334 0.612037037037037 0.31197916666666664 0.6342592592592593 0.3078125 0.6435185185185185 0.30104166666666665 0.6472222222222223 0.2953125 0.6564814814814814 0.278125 0.6907407407407408 0.27291666666666664 0.7027777777777777 0.26979166666666665 0.7166666666666667 0.265625 0.7240740740740741 0.2520833333333333 0.7324074074074074 0.2453125 0.7314814814814815 0.23385416666666667 0.7212962962962963 0.23020833333333332 0.7148148148148148 0.2265625 0.7018518518518518 0.2265625 0.6851851851851852 0.25052083333333336 0.6222222222222222 0.27447916666666666 0.5842592592592593 0.2838541666666667 0.5824074074074074
0 0.8171875 0.31666666666666665 0.8291666666666667 0.32407407407407407 0.8322916666666667 0.33425925925925926 0.8328125 0.3453703703703704 0.8302083333333333 0.35 0.8145833333333333 0.3453703703703704 0.8104166666666667 0.34814814814814815 0.8213541666666667 0.35555555555555557 0.8354166666666667 0.37037037037037035 0.8395833333333333 0.3925925925925926 0.840625 0.4212962962962963 0.834375 0.4324074074074074 0.8291666666666667 0.4351851851851852 0.8104166666666667 0.43148148148148147 0.8015625 0.4222222222222222 0.7984375 0.4148148148148148 0.7989583333333333 0.3962962962962963 0.7963541666666667 0.37962962962962965 0.7953125 0.3527777777777778 0.7989583333333333 0.3425925925925926 0.8057291666666667 0.3416666666666667 0.8 0.3351851851851852 0.7989583333333333 0.3277777777777778 0.8046875 0.31851851851851853 0.8166666666666667 0.31666666666666665
0 0.3640625 0.10740740740740741 0.37604166666666666 0.11388888888888889 0.38697916666666665 0.1287037037037037 0.39375 0.15462962962962962 0.38697916666666665 0.17592592592592593 0.3703125 0.18703703703703703 0.36614583333333334 0.2037037037037037 0.36354166666666665 0.2074074074074074 0.3484375 0.20555555555555555 0.3385416666666667 0.19814814814814816 0.33125 0.1824074074074074 0.3255208333333333 0.14351851851851852 0.32760416666666664 0.13333333333333333 0.34791666666666665 0.10925925925925926 0.35208333333333336 0.10648148148148148 0.36354166666666665 0.10740740740740741
0 0.6270833333333333 0.675 0.6369791666666667 0.6833333333333333 0.6583333333333333 0.687037037037037 0.665625 0.6962962962962963 0.6697916666666667 0.7092592592592593 0.671875 0.75 0.6692708333333334 0.7620370370370371 0.6640625 0.7685185185185185 0.6494791666666667 0.7768518518518519 0.64375 0.7768518518518519 0.6317708333333333 0.7694444444444445 0.609375 0.7685185185185185 0.5885416666666666 0.7694444444444445 0.5807291666666666 0.7768518518518519 0.5734375 0.7768518518518519 0.559375 0.7638888888888888 0.5546875 0.7527777777777778 0.553125 0.7175925925925926 0.55625 0.6925925925925925 0.5588541666666667 0.6851851851851852 0.5682291666666667 0.6814814814814815 0.6203125 0.6777777777777778 0.6265625 0.675
1 0.30416666666666664 0.9046296296296297 0.3140625 0.9175925925925926 0.32395833333333335 0.9212962962962963 0.32083333333333336 0.9268518518518518 0.3098958333333333 0.9333333333333333 0.3072916666666667 0.9435185185185185 0.2994791666666667 0.9425925925925925 0.2994791666666667 0.9296296296296296 0.29635416666666664 0.9212962962962963 0.29791666666666666 0.9064814814814814 0.30364583333333334 0.9046296296296297
1 0.4354166666666667 0.5685185185185185 0.4390625 0.5685185185185185 0.44583333333333336 0.5805555555555556 0.4479166666666667 0.5944444444444444 0.44375 0.6083333333333333 0.4432291666666667 0.6240740740740741 0.4421875 0.6268518518518519 0.4401041666666667 0.6259259259259259 0.43854166666666666 0.6064814814814815 0.43333333333333335 0.5944444444444444 0.42864583333333334 0.5916666666666667 0.4354166666666667 0.5694444444444444
1 0.6645833333333333 0.12962962962962962 0.6666666666666666 0.13518518518518519 0.6671875 0.14814814814814814 0.6635416666666667 0.1675925925925926 0.6609375 0.16666666666666666 0.6598958333333333 0.1574074074074074 0.6609375 0.13333333333333333 0.6640625 0.12962962962962962
1 0.5625 0.3592592592592593 0.5651041666666666 0.36944444444444446 0.5619791666666667 0.3824074074074074 0.5604166666666667 0.4027777777777778 0.5557291666666667 0.3990740740740741 0.5520833333333334 0.36574074074074076 0.5567708333333333 0.3527777777777778 0.5619791666666667 0.3592592592592593
1 0.365625 0.07407407407407407 0.37083333333333335 0.08333333333333333 0.3697916666666667 0.10740740740740741 0.36666666666666664 0.10648148148148148 0.3640625 0.09259259259259259 0.3640625 0.07777777777777778 0.365625 0.075
1 0.37864583333333335 0.032407407407407406 0.38333333333333336 0.032407407407407406 0.3859375 0.03611111111111111 0.38697916666666665 0.05648148148148148 0.38645833333333335 0.06018518518518518 0.3796875 0.062037037037037036 0.3776041666666667 0.041666666666666664 0.37864583333333335 0.03333333333333333
1 0.1203125 0.24722222222222223 0.12916666666666668 0.25833333333333336 0.13020833333333334 0.2759259259259259 0.1265625 0.2740740740740741 0.12291666666666666 0.27870370370370373 0.11770833333333333 0.2518518518518518 0.11979166666666667 0.24722222222222223
1 0.22708333333333333 0.1527777777777778 0.23072916666666668 0.15185185185185185 0.23489583333333333 0.16018518518518518 0.234375 0.17962962962962964 0.23020833333333332 0.17962962962962964 0.2265625 0.16666666666666666 0.22708333333333333 0.1537037037037037
1 0.6244791666666667 0.5509259259259259 0.6276041666666666 0.5194444444444445 0.6270833333333333 0.5074074074074074 0.6328125 0.4935185185185185 0.6359375 0.49444444444444446 0.6401041666666667 0.5055555555555555 0.6395833333333333 0.5287037037037037 0.6380208333333334 0.5361111111111111 0.6307291666666667 0.5425925925925926 0.6265625 0.5518518518518518 0.625 0.5509259259259259
1 0.5109375 0.4666666666666667 0.515625 0.46944444444444444 0.51875 0.47685185185185186 0.5192708333333333 0.48518518518518516 0.5151041666666667 0.512962962962963 0.5119791666666667 0.5148148148148148 0.5114583333333333 0.5055555555555555 0.5083333333333333 0.4962962962962963 0.5083333333333333 0.4759259259259259 0.5109375 0.4675925925925926
1 0.6822916666666666 0.20277777777777778 0.6859375 0.2111111111111111 0.6859375 0.2222222222222222 0.6822916666666666 0.23333333333333334 0.6807291666666667 0.24814814814814815 0.6786458333333333 0.25092592592592594 0.6770833333333334 0.24814814814814815 0.6770833333333334 0.21944444444444444 0.6786458333333333 0.2074074074074074 0.6817708333333333 0.20277777777777778
1 0.828125 0.2740740740740741 0.8348958333333333 0.2740740740740741 0.8364583333333333 0.2824074074074074 0.8260416666666667 0.3138888888888889 0.821875 0.31574074074074077 0.8203125 0.3138888888888889 0.8234375 0.28888888888888886 0.828125 0.275
1 0.38645833333333335 0.8379629629629629 0.390625 0.837037037037037 0.39791666666666664 0.8416666666666667 0.40572916666666664 0.8583333333333333 0.3927083333333333 0.9 0.3885416666666667 0.9018518518518519 0.390625 0.8768518518518519 0.3890625 0.8675925925925926 0.384375 0.8592592592592593 0.3765625 0.8648148148148148 0.38645833333333335 0.8388888888888889
1 0.6473958333333333 0.16296296296296298 0.6505208333333333 0.16574074074074074 0.6520833333333333 0.17222222222222222 0.6489583333333333 0.19722222222222222 0.6473958333333333 0.20092592592592592 0.6453125 0.19907407407407407 0.64375 0.175 0.6473958333333333 0.1638888888888889
1 0.21458333333333332 0.29074074074074074 0.22135416666666666 0.30092592592592593 0.2234375 0.337037037037037 0.2203125 0.3333333333333333 0.20989583333333334 0.30277777777777776 0.2109375 0.29259259259259257 0.2140625 0.29074074074074074
1 0.2171875 0.175 0.2203125 0.175 0.22760416666666666 0.18425925925925926 0.22708333333333333 0.19074074074074074 0.221875 0.19722222222222222 0.2203125 0.20462962962962963 0.2171875 0.17592592592592593
1 0.24114583333333334 0.19814814814814816 0.23541666666666666 0.17962962962962964 0.2375 0.16666666666666666 0.24114583333333334 0.17222222222222222 0.24375 0.1824074074074074 0.2453125 0.19907407407407407 0.24166666666666667 0.19814814814814816
1 0.9145833333333333 0.55 0.9119791666666667 0.5583333333333333 0.9135416666666667 0.5685185185185185 0.9083333333333333 0.5740740740740741 0.9020833333333333 0.6037037037037037 0.903125 0.6222222222222222 0.9010416666666666 0.625 0.8963541666666667 0.6212962962962963 0.89375 0.6 0.8869791666666667 0.6111111111111112 0.8796875 0.6055555555555555 0.9020833333333333 0.5648148148148148 0.9140625 0.55
1 0.3625 0.8055555555555556 0.3692708333333333 0.8148148148148148 0.37604166666666666 0.8342592592592593 0.3729166666666667 0.8398148148148148 0.35989583333333336 0.8490740740740741 0.35260416666666666 0.8592592592592593 0.35052083333333334 0.8555555555555555 0.3541666666666667 0.8481481481481481 0.3536458333333333 0.8324074074074074 0.3494791666666667 0.812962962962963 0.35260416666666666 0.8064814814814815 0.3619791666666667 0.8055555555555556
1 0.38229166666666664 0.6129629629629629 0.3854166666666667 0.6185185185185185 0.38645833333333335 0.6416666666666667 0.38229166666666664 0.6472222222222223 0.37916666666666665 0.6638888888888889 0.3765625 0.6666666666666666 0.375 0.6648148148148149 0.375 0.6444444444444445 0.3729166666666667 0.6296296296296297 0.36875 0.6222222222222222 0.3723958333333333 0.6074074074074074 0.375 0.6037037037037037 0.3776041666666667 0.6037037037037037 0.38177083333333334 0.6129629629629629
1 0.5369791666666667 0.6314814814814815 0.5395833333333333 0.6342592592592593 0.5380208333333333 0.6444444444444445 0.54375 0.6527777777777778 0.5416666666666666 0.6611111111111111 0.5442708333333334 0.6712962962962963 0.5395833333333333 0.6731481481481482 0.5359375 0.6694444444444444 0.5328125 0.6777777777777778 0.5328125 0.687037037037037 0.5296875 0.6861111111111111 0.5291666666666667 0.6453703703703704 0.5364583333333334 0.6314814814814815
1 0.21354166666666666 0.9148148148148149 0.2203125 0.9231481481481482 0.22552083333333334 0.937037037037037 0.2234375 0.9601851851851851 0.2203125 0.9731481481481481 0.21822916666666667 0.975 0.215625 0.9731481481481481 0.21510416666666668 0.9611111111111111 0.20989583333333334 0.9453703703703704 0.20572916666666666 0.9435185185185185 0.20260416666666667 0.9490740740740741 0.19947916666666668 0.9481481481481482 0.19947916666666668 0.924074074074074 0.20104166666666667 0.9185185185185185 0.20260416666666667 0.9157407407407407 0.21302083333333333 0.9148148148148149
1 0.26614583333333336 0.13148148148148148 0.2713541666666667 0.14166666666666666 0.2734375 0.15925925925925927 0.27239583333333334 0.16574074074074074 0.265625 0.1574074074074074 0.2635416666666667 0.14351851851851852 0.2635416666666667 0.13425925925925927 0.265625 0.13148148148148148
1 0.26875 0.19166666666666668 0.2630208333333333 0.1787037037037037 0.2604166666666667 0.16018518518518518 0.26614583333333336 0.15833333333333333 0.2703125 0.18611111111111112 0.26927083333333335 0.19074074074074074
1 0.20625 0.1814814814814815 0.21614583333333334 0.20925925925925926 0.21302083333333333 0.21203703703703702 0.209375 0.20833333333333334 0.20677083333333332 0.22407407407407406 0.20104166666666667 0.1925925925925926 0.20260416666666667 0.1824074074074074 0.20572916666666666 0.1814814814814815
1 0.30520833333333336 0.7657407407407407 0.3140625 0.775 0.3151041666666667 0.7870370370370371 0.3260416666666667 0.8064814814814815 0.3234375 0.8138888888888889 0.31145833333333334 0.825925925925926 0.3098958333333333 0.825 0.3104166666666667 0.8148148148148148 0.30885416666666665 0.8092592592592592 0.3026041666666667 0.8 0.296875 0.7814814814814814 0.30104166666666665 0.7685185185185185 0.3046875 0.7657407407407407
1 0.45677083333333335 0.4148148148148148 0.46510416666666665 0.4361111111111111 0.4630208333333333 0.4444444444444444 0.4630208333333333 0.45925925925925926 0.45989583333333334 0.4685185185185185 0.4583333333333333 0.45092592592592595 0.453125 0.43148148148148147 0.45416666666666666 0.4166666666666667 0.45625 0.4148148148148148
1 0.06614583333333333 0.3527777777777778 0.07083333333333333 0.3574074074074074 0.0734375 0.36944444444444446 0.08020833333333334 0.37962962962962965 0.07708333333333334 0.3824074074074074 0.07395833333333333 0.3787037037037037 0.06770833333333333 0.3861111111111111 0.06145833333333333 0.3592592592592593 0.0625 0.3527777777777778 0.065625 0.3527777777777778
1 0.14739583333333334 0.225 0.15104166666666666 0.22314814814814815 0.1578125 0.23148148148148148 0.15833333333333333 0.24722222222222223 0.16302083333333334 0.2537037037037037 0.15625 0.26296296296296295 0.15364583333333334 0.2490740740740741 0.14739583333333334 0.23333333333333334 0.14739583333333334 0.22592592592592592
1 0.22708333333333333 0.19074074074074074 0.23072916666666668 0.20277777777777778 0.23072916666666668 0.21574074074074073 0.23385416666666667 0.22314814814814815 0.22395833333333334 0.22870370370370371 0.22552083333333334 0.21851851851851853 0.21979166666666666 0.20555555555555555 0.21979166666666666 0.19722222222222222 0.2265625 0.19074074074074074
1 0.6473958333333333 0.11203703703703703 0.6510416666666666 0.11388888888888889 0.6520833333333333 0.12962962962962962 0.6505208333333333 0.1425925925925926 0.6442708333333333 0.14629629629629629 0.6447916666666667 0.125 0.6473958333333333 0.11296296296296296
1 0.38697916666666665 0.6055555555555555 0.3932291666666667 0.6083333333333333 0.4005208333333333 0.6222222222222222 0.3984375 0.6592592592592592 0.39739583333333334 0.6638888888888889 0.39375 0.6648148148148149 0.39375 0.6564814814814814 0.3859375 0.6333333333333333 0.38697916666666665 0.6064814814814815
1 0.12708333333333333 0.2712962962962963 0.13125 0.27685185185185185 0.13385416666666666 0.2935185185185185 0.1390625 0.3037037037037037 0.13385416666666666 0.31203703703703706 0.12291666666666666 0.2851851851851852 0.12291666666666666 0.2722222222222222 0.1265625 0.2712962962962963
1 0.17239583333333333 0.19537037037037036 0.17604166666666668 0.20277777777777778 0.17916666666666667 0.22314814814814815 0.17552083333333332 0.22407407407407406 0.171875 0.23148148148148148 0.1671875 0.2101851851851852 0.16822916666666668 0.19722222222222222 0.171875 0.19537037037037036
1 0.4744791666666667 0.5296296296296297 0.47760416666666666 0.5324074074074074 0.4786458333333333 0.537962962962963 0.48020833333333335 0.5740740740740741 0.4739583333333333 0.5796296296296296 0.46927083333333336 0.5435185185185185 0.46927083333333336 0.5361111111111111 0.4739583333333333 0.5296296296296297
1 0.35885416666666664 0.07962962962962963 0.36302083333333335 0.08055555555555556 0.3640625 0.09166666666666666 0.36354166666666665 0.10462962962962963 0.3578125 0.1037037037037037 0.3567708333333333 0.08796296296296297 0.35885416666666664 0.08055555555555556
1 0.8609375 0.23333333333333334 0.8625 0.20462962962962963 0.8677083333333333 0.19722222222222222 0.8729166666666667 0.19814814814814816 0.8739583333333333 0.2064814814814815 0.8697916666666666 0.21574074074074073 0.8661458333333333 0.23333333333333334 0.8614583333333333 0.23333333333333334
1 0.7265625 0.5916666666666667 0.7260416666666667 0.6018518518518519 0.7291666666666666 0.6129629629629629 0.7244791666666667 0.6203703703703703 0.71875 0.6370370370370371 0.7140625 0.6620370370370371 0.7109375 0.6611111111111111 0.709375 0.6546296296296297 0.7114583333333333 0.6138888888888889 0.7151041666666667 0.6018518518518519 0.7197916666666667 0.5990740740740741 0.7229166666666667 0.5907407407407408 0.7260416666666667 0.5916666666666667
1 0.5015625 0.3990740740740741 0.5072916666666667 0.4148148148148148 0.50625 0.43333333333333335 0.5015625 0.4527777777777778 0.4984375 0.4527777777777778 0.49895833333333334 0.42777777777777776 0.4942708333333333 0.42777777777777776 0.4979166666666667 0.40185185185185185 0.5010416666666667 0.3990740740740741
1 0.45677083333333335 0.5921296296296297 0.014583333333333334 0.05092592592592592
1 0.4979166666666667 0.5361111111111111 0.5046875 0.5509259259259259 0.5052083333333334 0.5814814814814815 0.5046875 0.5842592592592593 0.4979166666666667 0.5842592592592593 0.49583333333333335 0.5879629629629629 0.49375 0.5879629629629629 0.49322916666666666 0.5527777777777778 0.4942708333333333 0.5388888888888889 0.4973958333333333 0.5361111111111111
1 0.13854166666666667 0.24814814814814815 0.1296875 0.22685185185185186 0.12916666666666668 0.21666666666666667 0.13125 0.21296296296296297 0.13697916666666668 0.21296296296296297 0.13854166666666667 0.21666666666666667 0.14010416666666667 0.23425925925925925 0.14375 0.2462962962962963 0.14375 0.25 0.1390625 0.24814814814814815
1 0.5604166666666667 0.47129629629629627 0.5635416666666667 0.47129629629629627 0.5682291666666667 0.48333333333333334 0.5645833333333333 0.5222222222222223 0.5640625 0.525 0.5604166666666667 0.5259259259259259 0.5609375 0.5166666666666667 0.5572916666666666 0.5111111111111111 0.5572916666666666 0.4898148148148148 0.5552083333333333 0.48518518518518516 0.5604166666666667 0.4722222222222222
1 0.2203125 0.8203703703703704 0.22552083333333334 0.8240740740740741 0.22916666666666666 0.8407407407407408 0.2328125 0.8472222222222222 0.23958333333333334 0.8518518518518519 0.2375 0.8611111111111112 0.22708333333333333 0.8537037037037037 0.22708333333333333 0.8694444444444445 0.2234375 0.875 0.22135416666666666 0.8731481481481481 0.21197916666666666 0.8398148148148148 0.20625 0.8342592592592593 0.2078125 0.8240740740740741 0.21979166666666666 0.8203703703703704
1 0.6369791666666667 0.22870370370370371 0.6401041666666667 0.23148148148148148 0.64375 0.24166666666666667 0.64375 0.25 0.640625 0.25833333333333336 0.6401041666666667 0.26666666666666666 0.6333333333333333 0.275 0.6317708333333333 0.2722222222222222 0.6364583333333333 0.22962962962962963
1 0.5057291666666667 0.799074074074074 0.5135416666666667 0.8138888888888889 0.509375 0.8398148148148148 0.5088541666666667 0.8592592592592593 0.5057291666666667 0.862037037037037 0.5036458333333333 0.8574074074074074 0.503125 0.8462962962962963 0.496875 0.8268518518518518 0.496875 0.8203703703703704 0.5020833333333333 0.8018518518518518 0.5052083333333334 0.799074074074074
1 0.2875 0.11388888888888889 0.2916666666666667 0.13055555555555556 0.2921875 0.14351851851851852 0.29010416666666666 0.14444444444444443 0.2864583333333333 0.14351851851851852 0.284375 0.13425925925925927 0.2838541666666667 0.1175925925925926 0.2869791666666667 0.11388888888888889