0 0.5786458333333333 0.2638888888888889 0.5848958333333333 0.26666666666666666 0.5901041666666667 0.2759259259259259 0.6010416666666667 0.32222222222222224 0.6005208333333333 0.3351851851851852 0.5942708333333333 0.3425925925925926 0.5734375 0.3416666666666667 0.5671875 0.32407407407407407 0.5635416666666667 0.30648148148148147 0.5635416666666667 0.2777777777777778 0.5703125 0.26481481481481484 0.578125 0.2638888888888889
0 0.05520833333333333 0.49907407407407406 0.0609375 0.5018518518518519 0.06770833333333333 0.5111111111111111 0.06875 0.5287037037037037 0.0671875 0.5351851851851852 0.06197916666666667 0.5425925925925926 0.053125 0.5462962962962963 0.041666666666666664 0.5583333333333333 0.014583333333333334 0.5916666666666667 0.008333333333333333 0.6046296296296296 0.0046875 0.6064814814814815 0 0.6055555555555555 0 0.5583333333333333 0.0015625 0.5574074074074075 0 0.5537037037037037 0 0.5212962962962963 0.009375 0.5148148148148148 0.028645833333333332 0.5083333333333333 0.0390625 0.5 0.0546875 0.49907407407407406
0 0.49166666666666664 0.3074074074074074 0.4984375 0.31574074074074077 0.5036458333333333 0.34814814814814815 0.5020833333333333 0.38333333333333336 0.4921875 0.387037037037037 0.47604166666666664 0.38333333333333336 0.47239583333333335 0.35555555555555557 0.4734375 0.32592592592592595 0.4765625 0.3148148148148148 0.48020833333333335 0.30925925925925923 0.49114583333333334 0.3074074074074074
0 0.5479166666666667 0.2740740740740741 0.5510416666666667 0.2759259259259259 0.5536458333333333 0.2824074074074074 0.5557291666666667 0.29444444444444445 0.5651041666666666 0.32222222222222224 0.5651041666666666 0.33240740740740743 0.5677083333333334 0.3388888888888889 0.5671875 0.35648148148148145 0.5651041666666666 0.36203703703703705 0.5604166666666667 0.36574074074074076 0.5567708333333333 0.36574074074074076 0.5510416666666667 0.3592592592592593 0.5442708333333334 0.362962962962963 0.5390625 0.3592592592592593 0.5364583333333334 0.35185185185185186 0.5354166666666667 0.33425925925925926 0.5302083333333333 0.3212962962962963 0.5291666666666667 0.30648148148148147 0.5328125 0.28055555555555556 0.5401041666666667 0.275 0.5473958333333333 0.2740740740740741
0 0.5270833333333333 0.3907407407407407 0.5317708333333333 0.3925925925925926 0.5442708333333334 0.4203703703703704 0.5557291666666667 0.4601851851851852 0.5572916666666666 0.4722222222222222 0.5572916666666666 0.48055555555555557 0.5536458333333333 0.4898148148148148 0.534375 0.49722222222222223 0.5244791666666667 0.49074074074074076 0.5177083333333333 0.4638888888888889 0.5057291666666667 0.4351851851851852 0.5052083333333334 0.41944444444444445 0.5083333333333333 0.4046296296296296 0.515625 0.39351851851851855 0.5265625 0.3907407407407407
0 0.06302083333333333 0.612037037037037 0.07083333333333333 0.6231481481481481 0.07447916666666667 0.6231481481481481 0.08229166666666667 0.6444444444444445 0.09583333333333334 0.6657407407407407 0.1 0.6814814814814815 0.0984375 0.7101851851851851 0.09479166666666666 0.7175925925925926 0.08385416666666666 0.7268518518518519 0.08177083333333333 0.7305555555555555 0.08125 0.7407407407407407 0.075 0.7490740740740741 0.0640625 0.7509259259259259 0.05260416666666667 0.7444444444444445 0.04791666666666667 0.7509259259259259 0.04895833333333333 0.7546296296296297 0.046875 0.7583333333333333 0.0015625 0.7898148148148149 0 0.7898148148148149 0 0.7222222222222222 0.0020833333333333333 0.7203703703703703 0 0.7194444444444444 0 0.6231481481481481 0.0265625 0.6166666666666667 0.05625 0.6212962962962963 0.058333333333333334 0.6175925925925926 0.058854166666666666 0.6083333333333333 0.0625 0.612037037037037
0 0.7791666666666667 0.6981481481481482 0.7739583333333333 0.7166666666666667 0.7828125 0.7361111111111112 0.7932291666666667 0.7305555555555555 0.7932291666666667 0.7240740740740741 0.7895833333333333 0.7166666666666667 0.7901041666666667 0.7101851851851851 0.796875 0.7138888888888889 0.8 0.7240740740740741 0.8057291666666667 0.7314814814814815 0.8052083333333333 0.7416666666666667 0.8072916666666666 0.7472222222222222 0.8078125 0.7583333333333333 0.8067708333333333 0.7620370370370371 0.8005208333333333 0.7666666666666667 0.7932291666666667 0.7638888888888888 0.7859375 0.7490740740740741 0.775 0.7444444444444445 0.7578125 0.7268518518518519 0.7572916666666667 0.7166666666666667 0.7614583333333333 0.7018518518518518 0.7786458333333334 0.6981481481481482
0 0.5067708333333333 0.2 0.5135416666666667 0.20277777777777778 0.5161458333333333 0.20833333333333334 0.5166666666666667 0.21574074074074073 0.515625 0.23148148148148148 0.509375 0.25833333333333336 0.50625 0.262037037037037 0.48854166666666665 0.2611111111111111 0.48385416666666664 0.25833333333333336 0.4822916666666667 0.2518518518518518 0.48385416666666664 0.2361111111111111 0.49375 0.2064814814814815 0.4979166666666667 0.20092592592592592 0.50625 0.2
0 0.7416666666666667 0.41203703703703703 0.7463541666666667 0.41944444444444445 0.7729166666666667 0.44166666666666665 0.778125 0.48148148148148145 0.7760416666666666 0.49074074074074076 0.7677083333333333 0.4981481481481482 0.7510416666666667 0.49444444444444446 0.7401041666666667 0.4861111111111111 0.7338541666666667 0.4203703703703704 0.7375 0.41203703703703703 0.7411458333333333 0.41203703703703703
0 0.975 0.6481481481481481 0.9994791666666667 0.6592592592592592 0.9994791666666667 0.7222222222222222 0.9947916666666666 0.7175925925925926 0.9822916666666667 0.7212962962962963 0.9765625 0.725 0.971875 0.7342592592592593 0.9677083333333333 0.7361111111111112 0.959375 0.7324074074074074 0.9489583333333333 0.7111111111111111 0.9427083333333334 0.687962962962963 0.9421875 0.6666666666666666 0.9458333333333333 0.6583333333333333 0.9557291666666666 0.649074074074074 0.9744791666666667 0.6481481481481481
0 0.640625 0.5861111111111111 0.6505208333333333 0.5925925925925926 0.6786458333333333 0.6296296296296297 0.6901041666666666 0.6583333333333333 0.6994791666666667 0.675 0.7 0.6944444444444444 0.6963541666666667 0.7046296296296296 0.6817708333333333 0.725925925925926 0.66875 0.7240740740740741 0.6645833333333333 0.7203703703703703 0.6598958333333333 0.7083333333333334 0.6416666666666667 0.6787037037037037 0.63125 0.6648148148148149 0.6192708333333333 0.6564814814814814 0.6151041666666667 0.6370370370370371 0.6161458333333333 0.6231481481481481 0.6302083333333334 0.5972222222222222 0.6401041666666667 0.587037037037037
0 0.5575520833333333 0.10462962962962963 0.05364583333333333 0.08888888888888889
0 0.29375 0.3925925925925926 0.30052083333333335 0.39814814814814814 0.30364583333333334 0.40555555555555556 0.303125 0.43148148148148147 0.2875 0.4740740740740741 0.28541666666666665 0.49074074074074076 0.27239583333333334 0.5018518518518519 0.24791666666666667 0.49907407407407406 0.24166666666666667 0.4824074074074074 0.24114583333333334 0.4759259259259259 0.24791666666666667 0.4462962962962963 0.2598958333333333 0.4111111111111111 0.27760416666666665 0.39351851851851855 0.29322916666666665 0.3925925925925926
1 0.490625 0.5953703703703703 0.4947916666666667 0.6046296296296296 0.49635416666666665 0.6157407407407407 0.4947916666666667 0.6222222222222222 0.4953125 0.6351851851851852 0.48854166666666665 0.6472222222222223 0.48385416666666664 0.6083333333333333 0.4864583333333333 0.5972222222222222 0.4901041666666667 0.5953703703703703
1 0.07760416666666667 0.3212962962962963 0.08697916666666666 0.35185185185185186 0.08541666666666667 0.35833333333333334 0.08177083333333333 0.3574074074074074 0.07239583333333334 0.34074074074074073 0.07395833333333333 0.32222222222222224 0.07708333333333334 0.3212962962962963
1 0.7932291666666667 0.5083333333333333 0.7953125 0.5231481481481481 0.7932291666666667 0.5342592592592592 0.7901041666666667 0.5370370370370371 0.7895833333333333 0.5416666666666666 0.7895833333333333 0.5351851851851852 0.7869791666666667 0.5305555555555556 0.7822916666666667 0.5314814814814814 0.7765625 0.5537037037037037 0.7739583333333333 0.5462962962962963 0.7791666666666667 0.5203703703703704 0.7890625 0.5064814814814815 0.7927083333333333 0.5083333333333333
1 0.5932291666666667 0.2101851851851852 0.5958333333333333 0.22407407407407406 0.5916666666666667 0.2490740740740741 0.5885416666666666 0.24722222222222223 0.5880208333333333 0.22037037037037038 0.590625 0.2111111111111111 0.5927083333333333 0.2101851851851852
1 0.7817708333333333 0.225 0.7833333333333333 0.23703703703703705 0.7760416666666666 0.2611111111111111 0.7744791666666667 0.25925925925925924 0.775 0.2324074074074074 0.7770833333333333 0.225 0.78125 0.225
1 0.7651041666666667 0.2222222222222222 0.7666666666666667 0.225 0.7666666666666667 0.2361111111111111 0.7645833333333333 0.25092592592592594 0.7614583333333333 0.2564814814814815 0.7588541666666667 0.2564814814814815 0.7572916666666667 0.2490740740740741 0.7598958333333333 0.22685185185185186 0.7645833333333333 0.22314814814814815
1 0.13307291666666668 0.2550925925925926 0.013020833333333334 0.03611111111111111
1 0.7385416666666667 0.4981481481481482 0.740625 0.5027777777777778 0.7411458333333333 0.512962962962963 0.7354166666666667 0.5296296296296297 0.7328125 0.5453703703703704 0.7296875 0.5481481481481482 0.7265625 0.5472222222222223 0.7234375 0.5361111111111111 0.728125 0.5268518518518519 0.7307291666666667 0.5064814814814815 0.7380208333333333 0.4981481481481482
1 0.45260416666666664 0.700925925925926 0.459375 0.7055555555555556 0.46197916666666666 0.712037037037037 0.45989583333333334 0.7425925925925926 0.45729166666666665 0.7546296296296297 0.453125 0.7555555555555555 0.453125 0.75 0.44635416666666666 0.7277777777777777 0.4473958333333333 0.7101851851851851 0.45208333333333334 0.7018518518518518
1 0.07708333333333334 0.3472222222222222 0.08229166666666667 0.35833333333333334 0.08229166666666667 0.37222222222222223 0.08854166666666667 0.37962962962962965 0.0859375 0.38425925925925924 0.08177083333333333 0.38333333333333336 0.0703125 0.35648148148148145 0.06979166666666667 0.3509259259259259 0.071875 0.34629629629629627 0.07447916666666667 0.3435185185185185 0.0765625 0.3472222222222222
1 0.4666666666666667 0.6175925925925926 0.4703125 0.6287037037037037 0.4671875 0.6546296296296297 0.46770833333333334 0.6722222222222223 0.4703125 0.6768518518518518 0.46145833333333336 0.6657407407407407 0.46041666666666664 0.6583333333333333 0.46145833333333336 0.6444444444444445 0.45989583333333334 0.6296296296296297 0.46197916666666666 0.6185185185185185 0.4661458333333333 0.6175925925925926
1 0.11979166666666667 0.2935185185185185 0.12708333333333333 0.30185185185185187 0.1296875 0.32037037037037036 0.1296875 0.33055555555555555 0.128125 0.3314814814814815 0.12395833333333334 0.3277777777777778 0.11927083333333334 0.3148148148148148 0.11770833333333333 0.30648148148148147 0.11770833333333333 0.2962962962962963 0.11927083333333334 0.2935185185185185
1 0.5432291666666667 0.38333333333333336 0.5489583333333333 0.39351851851851855 0.5463541666666667 0.4185185185185185 0.5432291666666667 0.4185185185185185 0.5380208333333333 0.40185185185185185 0.5395833333333333 0.3907407407407407 0.5427083333333333 0.38425925925925924
1 0.7619791666666667 0.5666666666666667 0.7645833333333333 0.5740740740740741 0.7640625 0.5925925925925926 0.7604166666666666 0.6064814814814815 0.7619791666666667 0.6231481481481481 0.7583333333333333 0.6268518518518519 0.7552083333333334 0.6194444444444445 0.7484375 0.6166666666666667 0.7473958333333334 0.6129629629629629 0.7505208333333333 0.6055555555555555 0.753125 0.5879629629629629 0.7510416666666667 0.5814814814814815 0.7614583333333333 0.5675925925925925
1 0.6177083333333333 0.3212962962962963 0.6203125 0.33425925925925926 0.6197916666666666 0.36666666666666664 0.6145833333333334 0.3537037037037037 0.6078125 0.3592592592592593 0.6119791666666666 0.3416666666666667 0.6119791666666666 0.3314814814814815 0.6151041666666667 0.32222222222222224 0.6171875 0.3212962962962963
1 0.453125 0.6333333333333333 0.45 0.6111111111111112 0.45 0.5953703703703703 0.453125 0.5851851851851851 0.45677083333333335 0.5851851851851851 0.46145833333333336 0.6018518518518519 0.4583333333333333 0.6333333333333333 0.45364583333333336 0.6333333333333333
1 0.5307291666666667 0.36203703703703705 0.534375 0.36574074074074076 0.5328125 0.3907407407407407 0.5260416666666666 0.38981481481481484 0.525 0.38333333333333336 0.5270833333333333 0.3648148148148148 0.5302083333333333 0.36203703703703705
1 0.05364583333333333 0.30648148148148147 0.059895833333333336 0.30648148148148147 0.06354166666666666 0.31203703703703706 0.0640625 0.32685185185185184 0.06822916666666666 0.3416666666666667 0.06770833333333333 0.34814814814814815 0.0640625 0.3490740740740741 0.05416666666666667 0.32407407407407407 0.05364583333333333 0.3074074074074074
1 0.46875 0.6296296296296297 0.4739583333333333 0.6314814814814815 0.47708333333333336 0.6388888888888888 0.478125 0.649074074074074 0.4765625 0.6712962962962963 0.4708333333333333 0.6787037037037037 0.4671875 0.6787037037037037 0.465625 0.6574074074074074 0.46875 0.6305555555555555
1 0.8161458333333333 0.49444444444444446 0.8171875 0.512962962962963 0.8067708333333333 0.5453703703703704 0.8015625 0.5453703703703704 0.8 0.5425925925925926 0.803125 0.5111111111111111 0.8130208333333333 0.49444444444444446 0.815625 0.49444444444444446
1 0.6588541666666666 0.5166666666666667 0.6614583333333334 0.5231481481481481 0.6609375 0.5333333333333333 0.6578125 0.5407407407407407 0.6588541666666666 0.5583333333333333 0.6479166666666667 0.5574074074074075 0.6458333333333334 0.5537037037037037 0.6489583333333333 0.5416666666666666 0.6489583333333333 0.5185185185185185 0.6583333333333333 0.5166666666666667
1 0.057291666666666664 0.375 0.06302083333333333 0.3962962962962963 0.07239583333333334 0.40370370370370373 0.07083333333333333 0.4083333333333333 0.06666666666666667 0.4064814814814815 0.0640625 0.41388888888888886 0.06041666666666667 0.41574074074074074 0.051041666666666666 0.38425925925925924 0.051041666666666666 0.37592592592592594 0.05677083333333333 0.375
1 0.23385416666666667 0.1935185185185185 0.23697916666666666 0.2064814814814815 0.23802083333333332 0.22407407407407406 0.23802083333333332 0.22962962962962963 0.2359375 0.23148148148148148 0.23385416666666667 0.23148148148148148 0.22916666666666666 0.2101851851851852 0.22916666666666666 0.2 0.23072916666666668 0.19444444444444445 0.23333333333333334 0.1935185185185185
1 0.39375 0.7805555555555556 0.403125 0.7851851851851852 0.41041666666666665 0.8027777777777778 0.40572916666666664 0.8092592592592592 0.4041666666666667 0.8333333333333334 0.4005208333333333 0.8379629629629629 0.39739583333333334 0.812962962962963 0.39166666666666666 0.8027777777777778 0.39166666666666666 0.7898148148148149 0.39375 0.7814814814814814
1 0.5505208333333333 0.35833333333333334 0.5552083333333333 0.36574074074074076 0.5536458333333333 0.387037037037037 0.5505208333333333 0.39537037037037037 0.546875 0.3907407407407407 0.5458333333333333 0.37962962962962965 0.5463541666666667 0.3638888888888889 0.55 0.35833333333333334
1 0.04375 0.3685185185185185 0.050520833333333334 0.37777777777777777 0.05364583333333333 0.39351851851851855 0.05 0.4 0.05 0.4101851851851852 0.04739583333333333 0.41203703703703703 0.04583333333333333 0.4111111111111111 0.04583333333333333 0.39351851851851855 0.03958333333333333 0.37777777777777777 0.040625 0.3712962962962963 0.043229166666666666 0.3685185185185185
1 0.21458333333333332 0.21203703703703702 0.22291666666666668 0.23703703703703705 0.21614583333333334 0.2462962962962963 0.21197916666666666 0.24444444444444444 0.21041666666666667 0.225 0.21041666666666667 0.21666666666666667 0.2140625 0.21203703703703702
1 0.21354166666666666 0.48148148148148145 0.2234375 0.49444444444444446 0.22291666666666668 0.5027777777777778 0.22916666666666666 0.5157407407407407 0.22708333333333333 0.5231481481481481 0.22552083333333334 0.5166666666666667 0.2203125 0.5111111111111111 0.21822916666666667 0.5157407407407407 0.2171875 0.5305555555555556 0.2140625 0.5268518518518519 0.21302083333333333 0.5027777777777778 0.20885416666666667 0.487962962962963 0.20989583333333334 0.48333333333333334 0.21302083333333333 0.48148148148148145
1 0.5989583333333334 0.2611111111111111 0.6020833333333333 0.2712962962962963 0.6020833333333333 0.2861111111111111 0.5984375 0.30185185185185187 0.5953125 0.3 0.5916666666666667 0.2824074074074074 0.5921875 0.26944444444444443 0.5953125 0.262037037037037 0.5984375 0.2611111111111111
1 0.44583333333333336 0.637962962962963 0.4505208333333333 0.6435185185185185 0.453125 0.6546296296296297 0.45208333333333334 0.674074074074074 0.4473958333333333 0.6888888888888889 0.44479166666666664 0.6888888888888889 0.44166666666666665 0.6694444444444444 0.43854166666666666 0.6611111111111111 0.4390625 0.649074074074074 0.4453125 0.6388888888888888
1 0.13333333333333333 0.2740740740740741 0.140625 0.28888888888888886 0.14114583333333333 0.30092592592592593 0.14322916666666666 0.30648148148148147 0.1421875 0.31296296296296294 0.1390625 0.3148148148148148 0.13333333333333333 0.30092592592592593 0.13072916666666667 0.28888888888888886 0.1328125 0.275
1 0.9864583333333333 0.7194444444444444 0.9947916666666666 0.7166666666666667 0.9958333333333333 0.7268518518518519 0.9921875 0.737037037037037 0.9838541666666667 0.7481481481481481 0.98125 0.7601851851851852 0.9682291666666667 0.7583333333333333 0.9645833333333333 0.7527777777777778 0.9713541666666666 0.7407407407407407 0.9776041666666667 0.7212962962962963 0.9859375 0.7194444444444444
1 0.5604166666666667 0.37222222222222223 0.5661458333333333 0.38333333333333336 0.5604166666666667 0.41388888888888886 0.5578125 0.4166666666666667 0.55625 0.4148148148148148 0.5552083333333333 0.3925925925925926 0.5557291666666667 0.3814814814814815 0.5598958333333334 0.3731481481481482
1 0.6098958333333333 0.2657407407407407 0.6130208333333333 0.2712962962962963 0.6130208333333333 0.28055555555555556 0.609375 0.30092592592592593 0.6052083333333333 0.29907407407407405 0.603125 0.2935185185185185 0.6046875 0.27685185185185185 0.609375 0.2657407407407407
1 0.603125 0.40370370370370373 0.6104166666666667 0.42777777777777776 0.6098958333333333 0.4351851851851852 0.6057291666666667 0.4388888888888889 0.6052083333333333 0.45185185185185184 0.6015625 0.45 0.6010416666666667 0.4212962962962963 0.5979166666666667 0.412962962962963 0.5984375 0.4074074074074074 0.6026041666666667 0.40370370370370373
1 0.7427083333333333 0.5324074074074074 0.7447916666666666 0.5407407407407407 0.7447916666666666 0.5574074074074075 0.740625 0.562037037037037 0.7348958333333333 0.587037037037037 0.7322916666666667 0.5842592592592593 0.7322916666666667 0.5703703703703704 0.7270833333333333 0.5722222222222222 0.7265625 0.5685185185185185 0.7296875 0.5574074074074075 0.7291666666666666 0.55 0.7338541666666667 0.5472222222222223 0.7421875 0.5324074074074074
1 0.5984375 0.4064814814814815 0.6010416666666667 0.42592592592592593 0.5979166666666667 0.44351851851851853 0.5979166666666667 0.4546296296296296 0.5953125 0.4564814814814815 0.59375 0.4527777777777778 0.5921875 0.43333333333333335 0.5921875 0.4203703703703704 0.5953125 0.4074074074074074 0.5979166666666667 0.4074074074074074
1 0.5364583333333334 0.36203703703703705 0.540625 0.36574074074074076 0.5416666666666666 0.3768518518518518 0.5385416666666667 0.3990740740740741 0.5359375 0.4009259259259259 0.5333333333333333 0.3888888888888889 0.5333333333333333 0.37222222222222223 0.5359375 0.362962962962963
1 0.3078125 0.12777777777777777 0.31145833333333334 0.13518518518518519 0.3140625 0.1537037037037037 0.3140625 0.15925925925925927 0.3078125 0.16111111111111112 0.3046875 0.14074074074074075 0.30520833333333336 0.13148148148148148 0.3072916666666667 0.12777777777777777
1 0.09895833333333333 0.25925925925925924 0.10572916666666667 0.27037037037037037 0.11145833333333334 0.28888888888888886 0.11145833333333334 0.29907407407407405 0.10364583333333334 0.30185185185185187 0.09895833333333333 0.29074074074074074 0.09479166666666666 0.27685185185185185 0.0984375 0.2601851851851852
1 0.60234375 0.23935185185185184 0.008854166666666666 0.03425925925925926
1 0.2875 0.9361111111111111 0.29791666666666666 0.9425925925925925 0.30052083333333335 0.9518518518518518 0.28854166666666664 0.9888888888888889 0.2859375 0.9879629629629629 0.28854166666666664 0.9657407407407408 0.28072916666666664 0.9444444444444444 0.28125 0.9388888888888889 0.2869791666666667 0.9361111111111111
1 0.7166666666666667 0.3175925925925926 0.7171875 0.33425925925925926 0.7145833333333333 0.34444444444444444 0.715625 0.36018518518518516 0.7135416666666666 0.36203703703703705 0.7098958333333333 0.35 0.7041666666666667 0.35185185185185186 0.7088541666666667 0.3416666666666667 0.7125 0.3194444444444444 0.7161458333333334 0.3175925925925926
1 0.6088541666666667 0.21203703703703702 0.6119791666666666 0.22314814814814815 0.609375 0.2490740740740741 0.60625 0.24166666666666667 0.6046875 0.225 0.6083333333333333 0.21296296296296297
1 0.7791666666666667 0.30925925925925923 0.7864583333333334 0.32037037037037036 0.7807291666666667 0.35185185185185186 0.7760416666666666 0.35185185185185186 0.7776041666666667 0.337037037037037 0.7760416666666666 0.3277777777777778 0.7765625 0.31296296296296294 0.7786458333333334 0.3101851851851852
1 0.3177083333333333 0.11203703703703703 0.32135416666666666 0.11944444444444445 0.3223958333333333 0.1398148148148148 0.3177083333333333 0.14537037037037037 0.3145833333333333 0.14351851851851852 0.31354166666666666 0.12962962962962962 0.3171875 0.11296296296296296
1 0.5916666666666667 0.17777777777777778 0.5947916666666667 0.17777777777777778 0.5958333333333333 0.1824074074074074 0.5953125 0.1935185185185185 0.5916666666666667 0.2 0.5901041666666667 0.18796296296296297 0.5916666666666667 0.1787037037037037
1 0.30416666666666664 0.9555555555555556 0.3104166666666667 0.9592592592592593 0.315625 0.9703703703703703 0.3151041666666667 0.9768518518518519 0.32395833333333335 0.9861111111111112 0.325 0.9907407407407407 0.3234375 0.9953703703703703 0.30833333333333335 0.9935185185185185 0.30104166666666665 0.9990740740740741 0.3 0.9731481481481481 0.296875 0.9629629629629629 0.3 0.9555555555555556 0.30364583333333334 0.9555555555555556
1 0.26875 0.17916666666666667 0.008333333333333333 0.032407407407407406