1 0.45625 0.7787037037037037 0.4635416666666667 0.7898148148148149 0.4609375 0.7935185185185185 0.46041666666666664 0.8046296296296296 0.4473958333333333 0.8342592592592593 0.4453125 0.8305555555555556 0.44947916666666665 0.8157407407407408 0.44947916666666665 0.7824074074074074 0.45260416666666664 0.7777777777777778 0.4557291666666667 0.7787037037037037
1 0.5984375 0.18425925925925926 0.6020833333333333 0.1935185185185185 0.5984375 0.21666666666666667 0.5953125 0.21851851851851853 0.59375 0.21203703703703702 0.5942708333333333 0.19444444444444445 0.5979166666666667 0.18518518518518517
1 0.0671875 0.25833333333333336 0.07447916666666667 0.26944444444444443 0.0765625 0.27870370370370373 0.07604166666666666 0.2861111111111111 0.0796875 0.29814814814814816 0.07447916666666667 0.3 0.07291666666666667 0.29074074074074074 0.06354166666666666 0.2759259259259259 0.0625 0.2675925925925926 0.0640625 0.2601851851851852 0.06666666666666667 0.25925925925925924
1 0.5619791666666667 0.2657407407407407 0.5645833333333333 0.2657407407407407 0.56875 0.2759259259259259 0.5666666666666667 0.3037037037037037 0.5625 0.30833333333333335 0.5609375 0.29259259259259257 0.5619791666666667 0.26666666666666666
1 0.5223958333333333 0.26666666666666666 0.5255208333333333 0.2675925925925926 0.5270833333333333 0.28055555555555556 0.5265625 0.30648148148148147 0.51875 0.3074074074074074 0.5192708333333333 0.27685185185185185 0.5223958333333333 0.2675925925925926
1 0.8 0.24259259259259258 0.8010416666666667 0.2574074074074074 0.7958333333333333 0.28055555555555556 0.7927083333333333 0.2796296296296296 0.7921875 0.2657407407407407 0.7963541666666667 0.24351851851851852 0.7994791666666666 0.24259259259259258
1 0.5377604166666666 0.4101851851851852 0.0109375 0.04259259259259259
1 0.4640625 0.787962962962963 0.4703125 0.7944444444444444 0.4739583333333333 0.8064814814814815 0.471875 0.825 0.4640625 0.8379629629629629 0.46197916666666666 0.837037037037037 0.46145833333333336 0.8277777777777777 0.4583333333333333 0.8194444444444444 0.459375 0.7962962962962963 0.4609375 0.7898148148148149 0.4635416666666667 0.787962962962963
1 0.19947916666666668 0.24074074074074073 0.19322916666666667 0.21944444444444444 0.19583333333333333 0.20092592592592592 0.19947916666666668 0.20277777777777778 0.20208333333333334 0.2101851851851852 0.2046875 0.22685185185185186 0.20416666666666666 0.23796296296296296 0.2 0.24074074074074073
1 0.5932291666666667 0.22314814814814815 0.5963541666666666 0.23148148148148148 0.5963541666666666 0.24166666666666667 0.5916666666666667 0.2611111111111111 0.5885416666666666 0.2601851851851852 0.5875 0.2351851851851852 0.5901041666666667 0.225 0.5927083333333333 0.22314814814814815
1 0.296875 0.11296296296296296 0.30364583333333334 0.12777777777777777 0.30364583333333334 0.14351851851851852 0.3 0.14722222222222223 0.296875 0.14722222222222223 0.29739583333333336 0.14166666666666666 0.2916666666666667 0.12314814814814815 0.2921875 0.11666666666666667 0.29635416666666664 0.11296296296296296
1 0.528125 0.4666666666666667 0.009375 0.040740740740740744
1 0.7723958333333333 0.5157407407407407 0.7786458333333334 0.4898148148148148 0.7838541666666666 0.4888888888888889 0.7885416666666667 0.4925925925925926 0.7869791666666667 0.5083333333333333 0.78125 0.5324074074074074 0.7776041666666667 0.5333333333333333 0.7760416666666666 0.5231481481481481 0.7734375 0.5296296296296297 0.7692708333333333 0.5296296296296297 0.7723958333333333 0.5166666666666667
1 0.5739583333333333 0.2657407407407407 0.5770833333333333 0.27870370370370373 0.5734375 0.30277777777777776 0.5703125 0.3055555555555556 0.5682291666666667 0.2972222222222222 0.5692708333333333 0.2740740740740741 0.5734375 0.26666666666666666
1 0.140625 0.24166666666666667 0.1359375 0.2212962962962963 0.13645833333333332 0.2064814814814815 0.14114583333333333 0.2064814814814815 0.14895833333333333 0.23333333333333334 0.14375 0.24074074074074073 0.14114583333333333 0.24074074074074073
1 0.011979166666666667 0.4064814814814815 0.022916666666666665 0.4305555555555556 0.022395833333333334 0.4351851851851852 0.013541666666666667 0.44351851851851853 0.005208333333333333 0.4388888888888889 0.0020833333333333333 0.4083333333333333 0.0026041666666666665 0.4009259259259259 0.0046875 0.39814814814814814 0.008333333333333333 0.39814814814814814 0.011458333333333333 0.4064814814814815
1 0.3151041666666667 0.2861111111111111 0.3182291666666667 0.2861111111111111 0.32395833333333335 0.2972222222222222 0.32447916666666665 0.30833333333333335 0.3265625 0.3138888888888889 0.321875 0.31851851851851853 0.32083333333333336 0.3277777777777778 0.31875 0.32685185185185184 0.3140625 0.2972222222222222 0.3151041666666667 0.28703703703703703
1 0.036458333333333336 0.275 0.0421875 0.2824074074074074 0.043229166666666666 0.2962962962962963 0.05 0.3138888888888889 0.042708333333333334 0.3148148148148148 0.033854166666666664 0.2962962962962963 0.03125 0.2824074074074074 0.0359375 0.2759259259259259
1 0.3828125 0.6305555555555555 0.38697916666666665 0.6314814814814815 0.390625 0.6388888888888888 0.39166666666666666 0.6638888888888889 0.390625 0.6666666666666666 0.38333333333333336 0.6648148148148149 0.3796875 0.6842592592592592 0.3776041666666667 0.6824074074074075 0.378125 0.6564814814814814 0.37552083333333336 0.6314814814814815 0.3765625 0.6287037037037037 0.38229166666666664 0.6305555555555555
1 0.25052083333333336 0.8064814814814815 0.2635416666666667 0.8101851851851852 0.265625 0.8138888888888889 0.2635416666666667 0.8240740740740741 0.27395833333333336 0.8333333333333334 0.27239583333333334 0.8407407407407408 0.265625 0.8351851851851851 0.2625 0.8361111111111111 0.25729166666666664 0.850925925925926 0.25625 0.862037037037037 0.2526041666666667 0.8666666666666667 0.24947916666666667 0.8657407407407407 0.2526041666666667 0.8490740740740741 0.2515625 0.8324074074074074 0.24375 0.8138888888888889 0.24479166666666666 0.8083333333333333 0.25 0.8064814814814815
1 0.47708333333333336 0.30462962962962964 0.4791666666666667 0.30925925925925923 0.4791666666666667 0.3287037037037037 0.475 0.3425925925925926 0.46979166666666666 0.3398148148148148 0.46927083333333336 0.3314814814814815 0.4703125 0.3148148148148148 0.4739583333333333 0.30462962962962964 0.4765625 0.30462962962962964
1 0.484375 0.2935185185185185 0.48802083333333335 0.30185185185185187 0.4864583333333333 0.3296296296296296 0.48385416666666664 0.3333333333333333 0.48020833333333335 0.3287037037037037 0.4796875 0.30462962962962964 0.48385416666666664 0.29444444444444445
1 0.5052083333333334 0.3990740740740741 0.5098958333333333 0.41203703703703703 0.5098958333333333 0.41944444444444445 0.5072916666666667 0.42407407407407405 0.5072916666666667 0.43796296296296294 0.5052083333333334 0.44166666666666665 0.4979166666666667 0.41388888888888886 0.5 0.4009259259259259 0.5015625 0.39814814814814814 0.5046875 0.3990740740740741
1 0.5546875 0.9768518518518519 0.5614583333333333 0.9768518518518519 0.5713541666666667 0.9981481481481481 0.553125 0.9990740740740741 0.5546875 0.9777777777777777
1 0.09427083333333333 0.32685185185185184 0.09375 0.31203703703703706 0.0875 0.28425925925925927 0.08854166666666667 0.27870370370370373 0.09427083333333333 0.2759259259259259 0.09583333333333334 0.2759259259259259 0.09583333333333334 0.2824074074074074 0.1 0.2916666666666667 0.09791666666666667 0.3055555555555556 0.09895833333333333 0.3212962962962963 0.09479166666666666 0.32685185185185184
1 0.5744791666666667 0.18518518518518517 0.5776041666666667 0.18518518518518517 0.5796875 0.19537037037037036 0.5776041666666667 0.21388888888888888 0.5744791666666667 0.22314814814814815 0.5713541666666667 0.20092592592592592 0.5744791666666667 0.18611111111111112
1 0.15052083333333333 0.2537037037037037 0.15572916666666667 0.26296296296296295 0.1640625 0.28703703703703703 0.1609375 0.28888888888888886 0.15729166666666666 0.2814814814814815 0.15572916666666667 0.29259259259259257 0.15260416666666668 0.29259259259259257 0.1515625 0.27870370370370373 0.14791666666666667 0.26481481481481484 0.14791666666666667 0.25833333333333336 0.15 0.25462962962962965
1 0.3453125 0.7277777777777777 0.35520833333333335 0.7583333333333333 0.3484375 0.7833333333333333 0.34479166666666666 0.7657407407407407 0.3380208333333333 0.7537037037037037 0.33697916666666666 0.7444444444444445 0.33697916666666666 0.7351851851851852 0.3390625 0.7287037037037037 0.34479166666666666 0.7277777777777777
1 0.6359375 0.4101851851851852 0.6375 0.4148148148148148 0.634375 0.4222222222222222 0.6296875 0.4527777777777778 0.6276041666666666 0.45 0.6265625 0.44074074074074077 0.6229166666666667 0.4444444444444444 0.6229166666666667 0.43796296296296294 0.6260416666666667 0.42962962962962964 0.6260416666666667 0.412962962962963 0.63125 0.3990740740740741 0.634375 0.4 0.6354166666666666 0.4101851851851852
1 0.8354166666666667 0.562037037037037 0.8390625 0.5685185185185185 0.8380208333333333 0.5833333333333334 0.8317708333333333 0.6018518518518519 0.825 0.6101851851851852 0.8192708333333333 0.6083333333333333 0.8213541666666667 0.6018518518518519 0.8208333333333333 0.5833333333333334 0.83125 0.5648148148148148 0.8348958333333333 0.562037037037037
1 0.590625 0.15648148148148147 0.5947916666666667 0.15648148148148147 0.5963541666666666 0.16111111111111112 0.5963541666666666 0.1814814814814815 0.59375 0.18796296296296297 0.5911458333333334 0.18888888888888888 0.5895833333333333 0.1712962962962963 0.590625 0.1574074074074074
1 0.43854166666666666 0.6398148148148148 0.4479166666666667 0.6638888888888889 0.4479166666666667 0.6675925925925926 0.4427083333333333 0.6731481481481482 0.44114583333333335 0.687962962962963 0.4390625 0.6907407407407408 0.43697916666666664 0.6888888888888889 0.43645833333333334 0.6768518518518518 0.4328125 0.6611111111111111 0.43385416666666665 0.6444444444444445 0.43802083333333336 0.6398148148148148
1 0.13697916666666668 0.25277777777777777 0.14427083333333332 0.2611111111111111 0.14479166666666668 0.275 0.14791666666666667 0.2824074074074074 0.1484375 0.2898148148148148 0.14479166666666668 0.2898148148148148 0.14375 0.2851851851851852 0.14427083333333332 0.29259259259259257 0.140625 0.2953703703703704 0.13802083333333334 0.27685185185185185 0.13333333333333333 0.26481481481481484 0.13385416666666666 0.25462962962962965 0.13645833333333332 0.2537037037037037
1 0.10208333333333333 0.29259259259259257 0.10989583333333333 0.3037037037037037 0.11145833333333334 0.3138888888888889 0.11614583333333334 0.32592592592592595 0.11197916666666667 0.325 0.10989583333333333 0.3351851851851852 0.10677083333333333 0.3351851851851852 0.1046875 0.3212962962962963 0.09791666666666667 0.30833333333333335 0.09791666666666667 0.30185185185185187 0.1015625 0.2935185185185185
1 0.21979166666666666 0.9675925925925926 0.24010416666666667 0.9805555555555555 0.234375 0.9888888888888889 0.23072916666666668 0.9842592592592593 0.22708333333333333 0.987037037037037 0.22395833333333334 0.9990740740740741 0.2171875 0.9990740740740741 0.20833333333333334 0.9851851851851852 0.20416666666666666 0.9861111111111112 0.19895833333333332 0.9962962962962963 0.19583333333333333 0.9953703703703703 0.20208333333333334 0.9824074074074074 0.20520833333333333 0.9703703703703703 0.2109375 0.9648148148148148 0.21927083333333333 0.9675925925925926
1 0.8796875 0.6435185185185185 0.8869791666666667 0.6425925925925926 0.8958333333333334 0.6537037037037037 0.8947916666666667 0.6611111111111111 0.8828125 0.6851851851851852 0.8765625 0.6916666666666667 0.8729166666666667 0.6916666666666667 0.8796875 0.6694444444444444 0.8796875 0.6444444444444445
1 0.5380208333333333 0.4537037037037037 0.5395833333333333 0.45555555555555555 0.540625 0.4675925925925926 0.5375 0.49444444444444446 0.5348958333333333 0.5009259259259259 0.5322916666666667 0.49907407407407406 0.5333333333333333 0.4861111111111111 0.5317708333333333 0.462037037037037 0.5338541666666666 0.4546296296296296 0.5375 0.4537037037037037
1 0.7932291666666667 0.2740740740740741 0.7963541666666667 0.2759259259259259 0.7973958333333333 0.2953703703703704 0.7916666666666666 0.3138888888888889 0.7864583333333334 0.32037037037037036 0.7848958333333333 0.3175925925925926 0.7875 0.2935185185185185 0.7932291666666667 0.275
1 0.6125 0.2324074074074074 0.6151041666666667 0.23796296296296296 0.6125 0.26851851851851855 0.6109375 0.2712962962962963 0.6078125 0.26944444444444443 0.6072916666666667 0.25092592592592594 0.609375 0.23703703703703705 0.6119791666666666 0.23333333333333334
1 0.55 0.375 0.5536458333333333 0.3907407407407407 0.5463541666666667 0.42314814814814816 0.5442708333333334 0.41944444444444445 0.5447916666666667 0.4009259259259259 0.5432291666666667 0.38981481481481484 0.5463541666666667 0.37592592592592594 0.5494791666666666 0.375
1 0.4984375 0.49444444444444446 0.5052083333333334 0.5101851851851852 0.4984375 0.5453703703703704 0.49583333333333335 0.5435185185185185 0.49635416666666665 0.5333333333333333 0.49322916666666666 0.524074074074074 0.49166666666666664 0.5083333333333333 0.4947916666666667 0.4962962962962963 0.4979166666666667 0.49444444444444446
1 0.5817708333333333 0.4861111111111111 0.5854166666666667 0.5046296296296297 0.5838541666666667 0.5185185185185185 0.5854166666666667 0.5398148148148149 0.5817708333333333 0.5416666666666666 0.5796875 0.5388888888888889 0.5802083333333333 0.5324074074074074 0.578125 0.525 0.5723958333333333 0.5361111111111111 0.5677083333333334 0.5361111111111111 0.5734375 0.5185185185185185 0.5713541666666667 0.5064814814814815 0.58125 0.4861111111111111
1 0.4317708333333333 0.7675925925925926 0.4354166666666667 0.7722222222222223 0.4390625 0.7962962962962963 0.4328125 0.8064814814814815 0.4322916666666667 0.8222222222222222 0.42916666666666664 0.8296296296296296 0.4270833333333333 0.8277777777777777 0.4276041666666667 0.8157407407407408 0.4197916666666667 0.7824074074074074 0.4239583333333333 0.7722222222222223 0.43125 0.7675925925925926
1 0.5989583333333334 0.15648148148148147 0.6 0.1712962962962963 0.5984375 0.18055555555555555 0.5958333333333333 0.18333333333333332 0.59375 0.17962962962962964 0.5947916666666667 0.15833333333333333 0.5984375 0.15648148148148147
1 0.48098958333333336 0.6675925925925926 0.0140625 0.06111111111111111
1 0.12395833333333334 0.21666666666666667 0.1328125 0.24351851851851852 0.13020833333333334 0.24814814814814815 0.12447916666666667 0.24722222222222223 0.12395833333333334 0.24074074074074073 0.11770833333333333 0.22407407407407406 0.11979166666666667 0.21666666666666667 0.1234375 0.21666666666666667
1 0.525 0.4898148148148148 0.5296875 0.5055555555555555 0.5244791666666667 0.5277777777777778 0.5223958333333333 0.5472222222222223 0.5197916666666667 0.5462962962962963 0.5197916666666667 0.5268518518518519 0.515625 0.512962962962963 0.5151041666666667 0.5037037037037037 0.5208333333333334 0.49074074074074076 0.5244791666666667 0.4898148148148148
1 0.471875 0.8518518518518519 0.4744791666666667 0.8555555555555555 0.4765625 0.8759259259259259 0.475 0.8861111111111111 0.46927083333333336 0.8953703703703704 0.4666666666666667 0.9138888888888889 0.4635416666666667 0.9203703703703704 0.4609375 0.9185185185185185 0.4609375 0.9148148148148149 0.46510416666666665 0.8925925925925926 0.46510416666666665 0.8805555555555555 0.4635416666666667 0.8777777777777778 0.46041666666666664 0.8814814814814815 0.4578125 0.8796296296296297 0.4583333333333333 0.8694444444444445 0.4635416666666667 0.850925925925926 0.46770833333333334 0.8490740740740741 0.4713541666666667 0.8518518518518519
1 0.5744791666666667 0.23148148148148148 0.5791666666666667 0.24074074074074073 0.5765625 0.26481481481481484 0.5744791666666667 0.26851851851851855 0.571875 0.26481481481481484 0.5713541666666667 0.24074074074074073 0.5739583333333333 0.2324074074074074
1 0.32083333333333336 0.7953703703703704 0.32760416666666664 0.8027777777777778 0.33489583333333334 0.8166666666666667 0.33541666666666664 0.8351851851851851 0.32916666666666666 0.8546296296296296 0.32447916666666665 0.8555555555555555 0.32395833333333335 0.8398148148148148 0.3182291666666667 0.8203703703703704 0.3171875 0.8 0.3203125 0.7962962962962963
1 0.5817708333333333 0.2796296296296296 0.5854166666666667 0.2962962962962963 0.5822916666666667 0.3138888888888889 0.5786458333333333 0.32037037037037036 0.5765625 0.31851851851851853 0.5765625 0.29444444444444445 0.5791666666666667 0.28055555555555556 0.58125 0.2796296296296296
1 0.290625 0.8175925925925925 0.30833333333333335 0.8444444444444444 0.30364583333333334 0.8574074074074074 0.3 0.8601851851851852 0.29375 0.8805555555555555 0.290625 0.8796296296296297 0.2921875 0.850925925925926 0.2838541666666667 0.8342592592592593 0.28541666666666665 0.8194444444444444 0.29010416666666666 0.8175925925925925
1 0.6552083333333333 0.39444444444444443 0.6598958333333333 0.4064814814814815 0.6598958333333333 0.4166666666666667 0.6578125 0.42314814814814816 0.6578125 0.44722222222222224 0.6552083333333333 0.4444444444444444 0.6541666666666667 0.43703703703703706 0.6484375 0.43796296296296294 0.6505208333333333 0.4074074074074074 0.6546875 0.39444444444444443
1 0.35625 0.8046296296296296 0.3619791666666667 0.8138888888888889 0.3609375 0.8240740740740741 0.3625 0.8342592592592593 0.3578125 0.8388888888888889 0.35572916666666665 0.850925925925926 0.35260416666666666 0.8555555555555555 0.35104166666666664 0.837037037037037 0.3453125 0.8185185185185185 0.34479166666666666 0.8092592592592592 0.3453125 0.8064814814814815 0.35208333333333336 0.8027777777777778 0.35572916666666665 0.8046296296296296