1 0.8557291666666667 0.19537037037037036 0.85625 0.2037037037037037 0.8520833333333333 0.22407407407407406 0.8479166666666667 0.22685185185185186 0.8463541666666666 0.2351851851851852 0.8411458333333334 0.23425925925925925 0.8453125 0.2101851851851852 0.8510416666666667 0.19722222222222222 0.8552083333333333 0.19537037037037036
1 0.5223958333333333 0.3861111111111111 0.521875 0.3685185185185185 0.51875 0.35648148148148145 0.51875 0.34629629629629627 0.5223958333333333 0.33240740740740743 0.5255208333333333 0.3333333333333333 0.5302083333333333 0.35555555555555557 0.5270833333333333 0.3648148148148148 0.5255208333333333 0.38425925925925924 0.5229166666666667 0.3861111111111111
1 0.18697916666666667 0.20462962962962963 0.1890625 0.2064814814814815 0.19010416666666666 0.2175925925925926 0.19270833333333334 0.22407407407407406 0.19270833333333334 0.24166666666666667 0.1859375 0.25462962962962965 0.18020833333333333 0.24074074074074073 0.17864583333333334 0.22685185185185186 0.18177083333333333 0.21203703703703702 0.18645833333333334 0.20462962962962963
1 0.6416666666666667 0.18611111111111112 0.6463541666666667 0.18703703703703703 0.6489583333333333 0.19444444444444445 0.646875 0.21666666666666667 0.64375 0.2222222222222222 0.6395833333333333 0.19814814814814816 0.6416666666666667 0.18703703703703703
1 0.11979166666666667 0.2638888888888889 0.1234375 0.26481481481481484 0.13333333333333333 0.27870370370370373 0.13229166666666667 0.2962962962962963 0.1296875 0.29814814814814816 0.1265625 0.2953703703703704 0.11822916666666666 0.26851851851851855 0.11927083333333334 0.26481481481481484
1 0.6145833333333334 0.19537037037037036 0.6171875 0.2037037037037037 0.6171875 0.2111111111111111 0.6125 0.2361111111111111 0.6104166666666667 0.2351851851851852 0.6083333333333333 0.2064814814814815 0.6104166666666667 0.19722222222222222 0.6125 0.1935185185185185 0.6140625 0.19537037037037036
1 0.5072916666666667 0 0.5119791666666667 0 0.5125 0.021296296296296296 0.5119791666666667 0.026851851851851852 0.5072916666666667 0.025925925925925925 0.5072916666666667 0.000925925925925926
1 0.23072916666666668 0.17314814814814813 0.234375 0.17777777777777778 0.2375 0.19444444444444445 0.2375 0.2 0.234375 0.2037037037037037 0.228125 0.18425925925925926 0.228125 0.17592592592592593 0.23020833333333332 0.17314814814814813
1 0.7619791666666667 0.4046296296296296 0.7666666666666667 0.4046296296296296 0.7651041666666667 0.4305555555555556 0.7552083333333334 0.45555555555555555 0.7515625 0.44907407407407407 0.7520833333333333 0.43703703703703706 0.7557291666666667 0.42592592592592593 0.75625 0.4166666666666667 0.7619791666666667 0.40555555555555556
1 0.42135416666666664 0.8305555555555556 0.43854166666666666 0.85 0.440625 0.8555555555555555 0.4359375 0.8629629629629629 0.4354166666666667 0.8685185185185185 0.4276041666666667 0.8638888888888889 0.42604166666666665 0.8666666666666667 0.4276041666666667 0.8796296296296297 0.421875 0.8851851851851852 0.4203125 0.8833333333333333 0.42135416666666664 0.8712962962962963 0.4171875 0.8388888888888889 0.41770833333333335 0.8324074074074074 0.42083333333333334 0.8305555555555556
1 0.6541666666666667 0.20185185185185187 0.6520833333333333 0.2 0.6510416666666666 0.18518518518518517 0.6536458333333334 0.1675925925925926 0.6578125 0.16666666666666666 0.6598958333333333 0.17777777777777778 0.6583333333333333 0.19814814814814816 0.6546875 0.20092592592592592
1 0.09791666666666667 0.32037037037037036 0.10625 0.3453703703703704 0.10625 0.35185185185185186 0.103125 0.35462962962962963 0.0984375 0.35462962962962963 0.09114583333333333 0.3333333333333333 0.09166666666666666 0.31851851851851853 0.0953125 0.31666666666666665 0.09739583333333333 0.32037037037037036
1 0.06510416666666667 0.37592592592592594 0.071875 0.387037037037037 0.07447916666666667 0.39814814814814814 0.0796875 0.4074074074074074 0.07864583333333333 0.4111111111111111 0.07083333333333333 0.41574074074074074 0.0671875 0.41203703703703703 0.058854166666666666 0.387037037037037 0.06041666666666667 0.3768518518518518 0.06458333333333334 0.37592592592592594
1 0.13697916666666668 0.27870370370370373 0.14375 0.2861111111111111 0.1453125 0.30277777777777776 0.15052083333333333 0.30925925925925923 0.14375 0.3175925925925926 0.140625 0.3138888888888889 0.13333333333333333 0.28703703703703703 0.13333333333333333 0.28055555555555556 0.13645833333333332 0.27870370370370373
1 0 0.45740740740740743 0.005729166666666666 0.4638888888888889 0.011458333333333333 0.47685185185185186 0.01875 0.4824074074074074 0.01875 0.4861111111111111 0.005208333333333333 0.4842592592592593 0.0036458333333333334 0.487962962962963 0.007291666666666667 0.49907407407407406 0.0036458333333333334 0.5046296296296297 0 0.4981481481481482 0 0.4583333333333333
1 0.275 0.15833333333333333 0.2828125 0.16018518518518518 0.2859375 0.175 0.28854166666666664 0.1787037037037037 0.2859375 0.18888888888888888 0.2791666666666667 0.18981481481481483 0.27447916666666666 0.16944444444444445 0.275 0.15925925925925927
1 0.8791666666666667 0.4638888888888889 0.8817708333333333 0.4685185185185185 0.8796875 0.49537037037037035 0.8729166666666667 0.5166666666666667 0.8697916666666666 0.5185185185185185 0.8697916666666666 0.5046296296296297 0.8625 0.5138888888888888 0.8609375 0.5083333333333333 0.86875 0.49074074074074076 0.8677083333333333 0.4740740740740741 0.8729166666666667 0.4648148148148148 0.8786458333333333 0.4638888888888889
1 0.09322916666666667 0.36203703703703705 0.0953125 0.3675925925925926 0.0953125 0.39166666666666666 0.08489583333333334 0.37592592592592594 0.08125 0.36574074074074076 0.08489583333333334 0.35648148148148145 0.09270833333333334 0.36203703703703705
1 0.48072916666666665 0.6111111111111112 0.4869791666666667 0.6111111111111112 0.49270833333333336 0.6222222222222222 0.49375 0.6296296296296297 0.4921875 0.6435185185185185 0.484375 0.6666666666666666 0.48072916666666665 0.6685185185185185 0.48385416666666664 0.6453703703703704 0.4828125 0.6333333333333333 0.4796875 0.6268518518518519 0.48072916666666665 0.612037037037037
1 0.575 0.4027777777777778 0.5765625 0.4425925925925926 0.5796875 0.45185185185185184 0.5786458333333333 0.4564814814814815 0.575 0.45555555555555555 0.5713541666666667 0.44074074074074077 0.5671875 0.45 0.5625 0.44907407407407407 0.56875 0.42962962962962964 0.5697916666666667 0.4111111111111111 0.5744791666666667 0.4027777777777778
1 0.07083333333333333 0.6203703703703703 0.08541666666666667 0.65 0.08802083333333334 0.6592592592592592 0.09375 0.6675925925925926 0.0890625 0.6712962962962963 0.08177083333333333 0.6675925925925926 0.07916666666666666 0.675 0.0734375 0.6675925925925926 0.07604166666666666 0.6564814814814814 0.06614583333333333 0.6509259259259259 0.0625 0.6425925925925926 0.06354166666666666 0.6259259259259259 0.06666666666666667 0.6203703703703703 0.0703125 0.6203703703703703
1 0.20729166666666668 0.21851851851851853 0.20989583333333334 0.2175925925925926 0.21458333333333332 0.22407407407407406 0.21666666666666667 0.23055555555555557 0.21666666666666667 0.24166666666666667 0.21979166666666666 0.2490740740740741 0.21979166666666666 0.25277777777777777 0.21666666666666667 0.25462962962962965 0.20989583333333334 0.24814814814814815 0.20625 0.23425925925925925 0.20729166666666668 0.21944444444444444
1 0.42864583333333334 0.2361111111111111 0.42552083333333335 0.23055555555555557 0.4234375 0.2101851851851852 0.425 0.19907407407407407 0.42864583333333334 0.1962962962962963 0.43020833333333336 0.2 0.43125 0.21574074074074073 0.42916666666666664 0.2351851851851852
1 0.4421875 0.2037037037037037 0.446875 0.21388888888888888 0.44583333333333336 0.24814814814814815 0.4421875 0.24814814814814815 0.43854166666666666 0.22314814814814815 0.4390625 0.21203703703703702 0.4421875 0.20462962962962963
1 0.022916666666666665 0.41944444444444445 0.03854166666666667 0.44537037037037036 0.03697916666666667 0.44907407407407407 0.0328125 0.44537037037037036 0.029166666666666667 0.45740740740740743 0.024479166666666666 0.4425925925925926 0.018229166666666668 0.43425925925925923 0.018229166666666668 0.4203703703703704 0.022395833333333334 0.41944444444444445
1 0.48072916666666665 0.2361111111111111 0.48385416666666664 0.2351851851851852 0.48854166666666665 0.24722222222222223 0.4859375 0.2638888888888889 0.48802083333333335 0.2851851851851852 0.48072916666666665 0.27870370370370373 0.48072916666666665 0.25925925925925924 0.4791666666666667 0.25277777777777777 0.48072916666666665 0.23703703703703705
1 0.665625 0.20925925925925926 0.6682291666666667 0.21481481481481482 0.6677083333333333 0.23055555555555557 0.6625 0.2388888888888889 0.6609375 0.2518518518518518 0.6588541666666666 0.25555555555555554 0.6572916666666667 0.2518518518518518 0.65625 0.22685185185185186 0.6572916666666667 0.20277777777777778 0.6614583333333334 0.2 0.6651041666666667 0.20925925925925926
1 0.64375 0.12962962962962962 0.6473958333333333 0.14351851851851852 0.6453125 0.15833333333333333 0.640625 0.1712962962962963 0.6380208333333334 0.1675925925925926 0.6380208333333334 0.14444444444444443 0.6432291666666666 0.12962962962962962
1 0.171875 0.2462962962962963 0.18125 0.26944444444444443 0.175 0.28055555555555556 0.16822916666666668 0.2638888888888889 0.16666666666666666 0.25462962962962965 0.1671875 0.2490740740740741 0.17135416666666667 0.2462962962962963
1 0.18333333333333332 0.30185185185185187 0.190625 0.3138888888888889 0.1921875 0.33055555555555555 0.19427083333333334 0.3351851851851852 0.1921875 0.3425925925925926 0.18802083333333333 0.34074074074074073 0.1796875 0.3194444444444444 0.17864583333333334 0.3037037037037037 0.1828125 0.30185185185185187
1 0.6265625 0.225 0.6229166666666667 0.2222222222222222 0.6229166666666667 0.19166666666666668 0.6302083333333334 0.18425925925925926 0.6317708333333333 0.19444444444444445 0.6291666666666667 0.21944444444444444 0.6270833333333333 0.22407407407407406
1 0.6526041666666667 0.1398148148148148 0.6557291666666667 0.14629629629629629 0.6557291666666667 0.1537037037037037 0.6520833333333333 0.16666666666666666 0.6479166666666667 0.17222222222222222 0.6453125 0.16574074074074074 0.6463541666666667 0.15092592592592594 0.6473958333333333 0.14351851851851852 0.65 0.1388888888888889 0.6520833333333333 0.1398148148148148
1 0.34661458333333334 0.09907407407407408 0.009895833333333333 0.03148148148148148
1 0.15052083333333333 0.26944444444444443 0.1609375 0.28055555555555556 0.16354166666666667 0.30092592592592593 0.1609375 0.3074074074074074 0.15364583333333334 0.29259259259259257 0.15052083333333333 0.2814814814814815 0.15052083333333333 0.27037037037037037
1 0.04739583333333333 0.37962962962962965 0.05520833333333333 0.387037037037037 0.058333333333333334 0.4009259259259259 0.0609375 0.4046296296296296 0.0609375 0.4148148148148148 0.057291666666666664 0.41759259259259257 0.05364583333333333 0.41388888888888886 0.04635416666666667 0.3972222222222222 0.04479166666666667 0.38333333333333336 0.046875 0.37962962962962965
1 0.6703125 0.16620370370370371 0.010416666666666666 0.05092592592592592
1 0.8994791666666667 0.6 0.90625 0.612037037037037 0.9057291666666667 0.6305555555555555 0.890625 0.6583333333333333 0.8885416666666667 0.6574074074074074 0.8859375 0.6416666666666667 0.8875 0.6240740740740741 0.89375 0.6037037037037037 0.896875 0.5990740740740741 0.8989583333333333 0.6
1 0.5463541666666667 0.30925925925925923 0.55 0.32407407407407407 0.5479166666666667 0.33796296296296297 0.55 0.35185185185185186 0.5442708333333334 0.35555555555555557 0.5411458333333333 0.3638888888888889 0.5380208333333333 0.36203703703703705 0.5395833333333333 0.3194444444444444 0.5458333333333333 0.30925925925925923
1 0.6505208333333333 0.2212962962962963 0.6526041666666667 0.22685185185185186 0.6526041666666667 0.2388888888888889 0.6473958333333333 0.26481481481481484 0.6453125 0.26296296296296295 0.6427083333333333 0.2518518518518518 0.6432291666666666 0.2324074074074074 0.6463541666666667 0.2212962962962963 0.65 0.2212962962962963
1 0.3494791666666667 0.08333333333333333 0.35208333333333336 0.08518518518518518 0.35625 0.10092592592592593 0.35572916666666665 0.11203703703703703 0.35208333333333336 0.11203703703703703 0.35 0.10648148148148148 0.34739583333333335 0.09166666666666666 0.3489583333333333 0.08333333333333333
1 0.8622395833333333 0.22361111111111112 0.015104166666666667 0.041666666666666664
1 0.5817708333333333 0.34629629629629627 0.5864583333333333 0.35833333333333334 0.5864583333333333 0.38333333333333336 0.5848958333333333 0.387037037037037 0.58125 0.38425925925925924 0.578125 0.3962962962962963 0.5760416666666667 0.39444444444444443 0.5765625 0.3592592592592593 0.578125 0.3490740740740741 0.58125 0.34629629629629627
1 0.42604166666666665 0.6435185185185185 0.4322916666666667 0.65 0.434375 0.6601851851851852 0.43072916666666666 0.675 0.43125 0.6888888888888889 0.42916666666666664 0.6962962962962963 0.4265625 0.6953703703703704 0.4270833333333333 0.6833333333333333 0.42552083333333335 0.6777777777777778 0.4197916666666667 0.6685185185185185 0.421875 0.6453703703703704 0.42552083333333335 0.6435185185185185
1 0.16458333333333333 0.2064814814814815 0.171875 0.2222222222222222 0.1734375 0.23703703703703705 0.171875 0.24259259259259258 0.16770833333333332 0.24351851851851852 0.16145833333333334 0.2222222222222222 0.16145833333333334 0.2111111111111111 0.1640625 0.2074074074074074
1 0.6296875 0.15185185185185185 0.6322916666666667 0.17222222222222222 0.6276041666666666 0.18611111111111112 0.6229166666666667 0.18888888888888888 0.6223958333333334 0.17037037037037037 0.6260416666666667 0.15462962962962962 0.6291666666666667 0.1527777777777778
1 0.665625 0.26851851851851855 0.66875 0.2833333333333333 0.6619791666666667 0.31574074074074077 0.6604166666666667 0.3148148148148148 0.6598958333333333 0.2814814814814815 0.6651041666666667 0.26851851851851855
1 0.6401041666666667 0.16296296296296298 0.6453125 0.18055555555555555 0.6453125 0.18611111111111112 0.6401041666666667 0.19722222222222222 0.6359375 0.19537037037037036 0.6348958333333333 0.17777777777777778 0.6401041666666667 0.1675925925925926 0.6401041666666667 0.1638888888888889
1 0.2890625 0.14722222222222223 0.29270833333333335 0.15833333333333333 0.29375 0.17314814814814813 0.28958333333333336 0.1824074074074074 0.2859375 0.175 0.284375 0.16296296296296298 0.2859375 0.14722222222222223 0.28854166666666664 0.14722222222222223