1 0.56875 0.3638888888888889 0.5729166666666666 0.36944444444444446 0.5729166666666666 0.38055555555555554 0.5645833333333333 0.4074074074074074 0.5609375 0.3787037037037037 0.5635416666666667 0.3675925925925926 0.5682291666666667 0.3638888888888889
1 0.6369791666666667 0.1638888888888889 0.640625 0.17222222222222222 0.6380208333333334 0.20277777777777778 0.6348958333333333 0.20555555555555555 0.6317708333333333 0.20277777777777778 0.63125 0.17592592592592593 0.6364583333333333 0.1685185185185185 0.6364583333333333 0.1648148148148148
1 0.6161458333333333 0.36203703703703705 0.615625 0.3296296296296296 0.61875 0.3212962962962963 0.6239583333333333 0.325 0.6239583333333333 0.3453703703703704 0.6203125 0.36018518518518516 0.6166666666666667 0.36203703703703705
1 0.6302083333333334 0.2388888888888889 0.6333333333333333 0.24444444444444444 0.6333333333333333 0.2564814814814815 0.6302083333333334 0.275 0.6260416666666667 0.2722222222222222 0.6244791666666667 0.262037037037037 0.6255208333333333 0.24444444444444444 0.6296875 0.2388888888888889
1 0.6229166666666667 0.26481481481481484 0.628125 0.27870370370370373 0.6270833333333333 0.2898148148148148 0.6234375 0.29814814814814816 0.6166666666666667 0.2833333333333333 0.6166666666666667 0.27870370370370373 0.6223958333333334 0.2657407407407407
1 0.5640625 0.24074074074074073 0.5677083333333334 0.24259259259259258 0.5671875 0.28425925925925927 0.5604166666666667 0.2861111111111111 0.559375 0.2833333333333333 0.559375 0.25833333333333336 0.5640625 0.24166666666666667
1 0.6614583333333334 0.1259259259259259 0.6635416666666667 0.13518518518518519 0.6598958333333333 0.1574074074074074 0.6578125 0.16111111111111112 0.65625 0.15833333333333333 0.6567708333333333 0.1287037037037037 0.6609375 0.1259259259259259
1 0.328125 0.10740740740740741 0.3333333333333333 0.11666666666666667 0.3338541666666667 0.13796296296296295 0.33125 0.14074074074074075 0.328125 0.13148148148148148 0.3265625 0.1175925925925926 0.32760416666666664 0.10833333333333334
1 0.21197916666666666 0.1685185185185185 0.21666666666666667 0.17962962962962964 0.21666666666666667 0.20092592592592592 0.21302083333333333 0.20092592592592592 0.21197916666666666 0.18981481481481483 0.20625 0.175 0.209375 0.1675925925925926 0.21145833333333333 0.1685185185185185
1 0.5901041666666667 0.3731481481481482 0.5942708333333333 0.387037037037037 0.5885416666666666 0.41574074074074074 0.5859375 0.4111111111111111 0.5838541666666667 0.39814814814814814 0.5833333333333334 0.3824074074074074 0.5875 0.37222222222222223 0.5895833333333333 0.3731481481481482
1 0.846875 0.4685185185185185 0.8520833333333333 0.4759259259259259 0.8520833333333333 0.48055555555555557 0.8432291666666667 0.5157407407407407 0.840625 0.5148148148148148 0.840625 0.5046296296296297 0.8390625 0.5018518518518519 0.8364583333333333 0.5046296296296297 0.8354166666666667 0.5111111111111111 0.8317708333333333 0.5074074074074074 0.8375 0.48703703703703705 0.8380208333333333 0.4787037037037037 0.8416666666666667 0.4703703703703704 0.8463541666666666 0.4685185185185185
1 0.5088541666666667 0.36666666666666664 0.5119791666666667 0.36666666666666664 0.5161458333333333 0.37777777777777777 0.5166666666666667 0.4009259259259259 0.5151041666666667 0.4083333333333333 0.5119791666666667 0.39814814814814814 0.5083333333333333 0.41759259259259257 0.5052083333333334 0.41759259259259257 0.5067708333333333 0.4064814814814815 0.5057291666666667 0.38333333333333336 0.5088541666666667 0.3675925925925926
1 0.471875 0.9398148148148148 0.48125 0.95 0.48333333333333334 0.9601851851851851 0.4822916666666667 0.9712962962962963 0.48802083333333335 0.9768518518518519 0.48489583333333336 0.9851851851851852 0.46979166666666666 0.9833333333333333 0.46822916666666664 0.9805555555555555 0.4666666666666667 0.9444444444444444 0.46822916666666664 0.9398148148148148 0.4713541666666667 0.9398148148148148
1 0.6453125 0.17222222222222222 0.6489583333333333 0.1787037037037037 0.6442708333333333 0.2074074074074074 0.6401041666666667 0.2064814814814815 0.6395833333333333 0.1787037037037037 0.6427083333333333 0.17222222222222222 0.6447916666666667 0.17222222222222222
1 0.11927083333333334 0.36203703703703705 0.11510416666666666 0.35833333333333334 0.10885416666666667 0.3388888888888889 0.10885416666666667 0.32222222222222224 0.11302083333333333 0.32037037037037036 0.1203125 0.33611111111111114 0.12291666666666666 0.3592592592592593 0.11979166666666667 0.3611111111111111
1 0.0875 0.33796296296296297 0.09114583333333333 0.33796296296296297 0.09791666666666667 0.34629629629629627 0.10052083333333334 0.36018518518518516 0.10729166666666666 0.36574074074074076 0.10625 0.3685185185185185 0.10052083333333334 0.3685185185185185 0.10052083333333334 0.37592592592592594 0.0984375 0.37777777777777777 0.08854166666666667 0.35185185185185186 0.08645833333333333 0.3416666666666667 0.0875 0.3388888888888889
1 0.453125 0.4962962962962963 0.46041666666666664 0.5111111111111111 0.4588541666666667 0.5148148148148148 0.45989583333333334 0.5333333333333333 0.4671875 0.5462962962962963 0.4630208333333333 0.5509259259259259 0.45677083333333335 0.5407407407407407 0.45416666666666666 0.5407407407407407 0.4510416666666667 0.5518518518518518 0.44635416666666666 0.5509259259259259 0.44895833333333335 0.5314814814814814 0.44583333333333336 0.5259259259259259 0.4453125 0.5148148148148148 0.45 0.49907407407407406 0.45260416666666664 0.4962962962962963
1 0.19322916666666667 0.2388888888888889 0.2 0.25092592592592594 0.19947916666666668 0.26296296296296295 0.20208333333333334 0.2722222222222222 0.20052083333333334 0.2740740740740741 0.19583333333333333 0.26944444444444443 0.19166666666666668 0.2722222222222222 0.18854166666666666 0.24074074074074073 0.19270833333333334 0.2388888888888889
1 0.3484375 0.08888888888888889 0.35208333333333336 0.09537037037037037 0.35520833333333335 0.11018518518518519 0.3546875 0.11574074074074074 0.3515625 0.11851851851851852 0.346875 0.10925925925925926 0.3453125 0.09814814814814815 0.3484375 0.08981481481481482
1 0.1265625 0.23981481481481481 0.13020833333333334 0.24166666666666667 0.13333333333333333 0.25277777777777777 0.13333333333333333 0.2611111111111111 0.13802083333333334 0.275 0.13385416666666666 0.2796296296296296 0.13020833333333334 0.2777777777777778 0.12916666666666668 0.2675925925925926 0.12447916666666667 0.2574074074074074 0.12395833333333334 0.24537037037037038 0.12604166666666666 0.24074074074074073
1 0.4432291666666667 0.7296296296296296 0.4515625 0.7407407407407407 0.45625 0.7638888888888888 0.45625 0.7768518518518519 0.4505208333333333 0.7787037037037037 0.446875 0.7842592592592592 0.44427083333333334 0.7814814814814814 0.440625 0.7527777777777778 0.4401041666666667 0.7333333333333333 0.4427083333333333 0.7296296296296296
1 0.9078125 0.6111111111111112 0.9098958333333333 0.6231481481481481 0.9078125 0.6287037037037037 0.90625 0.6472222222222223 0.9145833333333333 0.6537037037037037 0.915625 0.6583333333333333 0.9109375 0.6601851851851852 0.9041666666666667 0.6527777777777778 0.8932291666666666 0.6648148148148149 0.8947916666666667 0.6675925925925926 0.89375 0.6722222222222223 0.8890625 0.6638888888888889 0.8796875 0.6620370370370371 0.8791666666666667 0.6574074074074074 0.8817708333333333 0.6546296296296297 0.8911458333333333 0.6555555555555556 0.9005208333333333 0.625 0.9072916666666667 0.612037037037037
1 0.5755208333333334 0.2962962962962963 0.5776041666666667 0.30925925925925923 0.5765625 0.3333333333333333 0.575 0.3425925925925926 0.571875 0.3453703703703704 0.5692708333333333 0.3416666666666667 0.5708333333333333 0.32222222222222224 0.5682291666666667 0.3101851851851852 0.5723958333333333 0.29814814814814816 0.575 0.2962962962962963
1 0.13333333333333333 0.36944444444444446 0.13125 0.35185185185185186 0.1265625 0.33796296296296297 0.12760416666666666 0.3287037037037037 0.13177083333333334 0.32407407407407407 0.13385416666666666 0.325 0.14427083333333332 0.35555555555555557 0.13854166666666667 0.3592592592592593 0.13645833333333332 0.3685185185185185 0.13385416666666666 0.36944444444444446
1 0.6479166666666667 0.2814814814814815 0.6515625 0.3037037037037037 0.6489583333333333 0.30925925925925923 0.6479166666666667 0.32407407407407407 0.64375 0.3296296296296296 0.640625 0.3277777777777778 0.6416666666666667 0.3148148148148148 0.6401041666666667 0.29907407407407405 0.6442708333333333 0.2824074074074074 0.6473958333333333 0.2814814814814815
1 0.6296875 0.17037037037037037 0.63125 0.17777777777777778 0.6286458333333333 0.18703703703703703 0.628125 0.20277777777777778 0.6229166666666667 0.20833333333333334 0.6213541666666667 0.17407407407407408 0.6260416666666667 0.1638888888888889 0.6291666666666667 0.17037037037037037
1 0.2328125 0.2101851851851852 0.23645833333333333 0.22314814814814815 0.23697916666666666 0.2351851851851852 0.23489583333333333 0.23703703703703705 0.23020833333333332 0.23148148148148148 0.22552083333333334 0.21203703703703702 0.2265625 0.20277777777777778 0.23229166666666667 0.2101851851851852
1 0.6369791666666667 0.24166666666666667 0.6401041666666667 0.24814814814814815 0.6401041666666667 0.2564814814814815 0.6380208333333334 0.2638888888888889 0.6338541666666667 0.26666666666666666 0.6328125 0.24537037037037038 0.6364583333333333 0.24166666666666667
1 0.6682291666666667 0.1962962962962963 0.671875 0.20185185185185187 0.6682291666666667 0.2361111111111111 0.6661458333333333 0.2388888888888889 0.6635416666666667 0.23703703703703705 0.6640625 0.22407407407407406 0.6625 0.21666666666666667 0.6651041666666667 0.2 0.6677083333333333 0.19722222222222222
1 0.6317708333333333 0.39351851851851855 0.634375 0.387037037037037 0.6369791666666667 0.3861111111111111 0.6411458333333333 0.3972222222222222 0.640625 0.4111111111111111 0.6364583333333333 0.41574074074074074 0.6291666666666667 0.40925925925925927 0.6291666666666667 0.3990740740740741 0.6317708333333333 0.39444444444444443
1 0.43645833333333334 0.22824074074074074 0.013541666666666667 0.049074074074074076
1 0.9786458333333333 0.6518518518518519 0.9828125 0.6555555555555556 0.9864583333333333 0.6638888888888889 0.9864583333333333 0.6712962962962963 0.9828125 0.6833333333333333 0.9598958333333333 0.7027777777777777 0.9557291666666666 0.7027777777777777 0.9541666666666667 0.6972222222222222 0.965625 0.6824074074074075 0.9708333333333333 0.6583333333333333 0.978125 0.6518518518518519
1 0.2947916666666667 0.1648148148148148 0.29010416666666666 0.14166666666666666 0.29270833333333335 0.13055555555555556 0.29635416666666664 0.13055555555555556 0.2989583333333333 0.1527777777777778 0.30104166666666665 0.1574074074074074 0.2953125 0.1648148148148148
1 0.6125 0.20277777777777778 0.6145833333333334 0.1925925925925926 0.6140625 0.17685185185185184 0.6161458333333333 0.16666666666666666 0.6197916666666666 0.1638888888888889 0.6213541666666667 0.1685185185185185 0.6213541666666667 0.1935185185185185 0.6130208333333333 0.2037037037037037
1 0.21770833333333334 0.20092592592592592 0.2234375 0.2111111111111111 0.225 0.23055555555555557 0.228125 0.23333333333333334 0.22760416666666666 0.23703703703703705 0.22395833333333334 0.23703703703703705 0.22135416666666666 0.24074074074074073 0.21875 0.23981481481481481 0.21927083333333333 0.22870370370370371 0.21458333333333332 0.20462962962962963 0.2171875 0.20092592592592592
1 0.0296875 0.4166666666666667 0.03333333333333333 0.41944444444444445 0.0390625 0.43333333333333335 0.049479166666666664 0.44537037037037036 0.04583333333333333 0.44907407407407407 0.04375 0.44351851851851853 0.03854166666666667 0.44166666666666665 0.0359375 0.45925925925925926 0.033854166666666664 0.45740740740740743 0.029166666666666667 0.4361111111111111 0.025520833333333333 0.42777777777777776 0.025520833333333333 0.41944444444444445 0.029166666666666667 0.4166666666666667
1 0.0578125 0.6888888888888889 0.06770833333333333 0.6981481481481482 0.0671875 0.7083333333333334 0.0765625 0.7231481481481481 0.0765625 0.7305555555555555 0.071875 0.7351851851851852 0.06822916666666666 0.7342592592592593 0.059375 0.7240740740740741 0.05572916666666667 0.7138888888888889 0.042708333333333334 0.6944444444444444 0.043229166666666666 0.6907407407407408 0.057291666666666664 0.6888888888888889
1 0.6677083333333333 0.14444444444444443 0.6708333333333333 0.16018518518518518 0.6703125 0.17222222222222222 0.6682291666666667 0.18981481481481483 0.6640625 0.18703703703703703 0.6645833333333333 0.15092592592592594 0.6677083333333333 0.14537037037037037
1 0.58125 0.3416666666666667 0.5848958333333333 0.35462962962962963 0.5828125 0.37777777777777777 0.5744791666666667 0.38796296296296295 0.5734375 0.3861111111111111 0.5734375 0.35462962962962963 0.575 0.3453703703703704 0.5807291666666666 0.3425925925925926
1 0.6213541666666667 0.2611111111111111 0.6208333333333333 0.23055555555555557 0.6260416666666667 0.22037037037037038 0.6302083333333334 0.22870370370370371 0.6302083333333334 0.23703703703703705 0.6255208333333333 0.24444444444444444 0.6244791666666667 0.25925925925925924 0.621875 0.2611111111111111
1 0.5854166666666667 0.9324074074074075 0.5911458333333334 0.9472222222222222 0.5916666666666667 0.9685185185185186 0.5901041666666667 0.9805555555555555 0.5880208333333333 0.9824074074074074 0.58125 0.9787037037037037 0.575 0.9861111111111112 0.5703125 0.9833333333333333 0.5765625 0.9731481481481481 0.5765625 0.9564814814814815 0.5739583333333333 0.9490740740740741 0.58125 0.9324074074074075 0.5848958333333333 0.9324074074074075
1 0.5567708333333333 0.34444444444444444 0.5625 0.35555555555555557 0.5635416666666667 0.3638888888888889 0.5572916666666666 0.3861111111111111 0.5541666666666667 0.38981481481481484 0.5541666666666667 0.37222222222222223 0.5494791666666666 0.3611111111111111 0.5536458333333333 0.3453703703703704 0.55625 0.34444444444444444
1 0.5223958333333333 0.4111111111111111 0.5260416666666666 0.4101851851851852 0.5317708333333333 0.42407407407407405 0.5317708333333333 0.4287037037037037 0.5291666666666667 0.43333333333333335 0.5291666666666667 0.45092592592592595 0.5260416666666666 0.46111111111111114 0.5223958333333333 0.46296296296296297 0.5244791666666667 0.4425925925925926 0.5177083333333333 0.42777777777777776 0.5223958333333333 0.41203703703703703
1 0.6125 0.38425925925925924 0.6192708333333333 0.3925925925925926 0.6192708333333333 0.3972222222222222 0.6161458333333333 0.4027777777777778 0.6109375 0.4351851851851852 0.6083333333333333 0.4361111111111111 0.6088541666666667 0.41388888888888886 0.6041666666666666 0.3990740740740741 0.6057291666666667 0.3925925925925926 0.6119791666666666 0.3851851851851852
1 0.19114583333333332 0.18611111111111112 0.20052083333333334 0.21296296296296297 0.19635416666666666 0.2175925925925926 0.19322916666666667 0.21574074074074073 0.1859375 0.1925925925925926 0.18802083333333333 0.18703703703703703 0.190625 0.18611111111111112
1 0.6359375 0.41388888888888886 0.6385416666666667 0.41759259259259257 0.6385416666666667 0.42685185185185187 0.634375 0.4462962962962963 0.6276041666666666 0.4601851851851852 0.6265625 0.45092592592592595 0.628125 0.4425925925925926 0.6255208333333333 0.4287037037037037 0.6265625 0.4185185185185185 0.6302083333333334 0.4111111111111111 0.6354166666666666 0.41388888888888886
1 0.6479166666666667 0.39537037037037037 0.6505208333333333 0.4009259259259259 0.6515625 0.42777777777777776 0.6484375 0.43796296296296294 0.6442708333333333 0.4398148148148148 0.6390625 0.4324074074074074 0.6395833333333333 0.41944444444444445 0.64375 0.3972222222222222 0.6473958333333333 0.39537037037037037
1 0.6395833333333333 0.2638888888888889 0.64375 0.2712962962962963 0.64375 0.27685185185185185 0.6395833333333333 0.30277777777777776 0.6369791666666667 0.3055555555555556 0.6338541666666667 0.3037037037037037 0.6317708333333333 0.2759259259259259 0.6348958333333333 0.2638888888888889 0.6390625 0.2638888888888889
1 0.65625 0.12777777777777777 0.6552083333333333 0.15 0.6510416666666666 0.1574074074074074 0.6505208333333333 0.13055555555555556 0.6526041666666667 0.12685185185185185 0.6557291666666667 0.12777777777777777
1 0.9875 0.6425925925925926 0.9817708333333334 0.6388888888888888 0.9802083333333333 0.6296296296296297 0.9911458333333333 0.6027777777777777 0.9947916666666666 0.5962962962962963 0.9994791666666667 0.5935185185185186 0.9994791666666667 0.6231481481481481 0.9880208333333333 0.6416666666666667
1 0.3390625 0.08796296296296297 0.34375 0.09722222222222222 0.34427083333333336 0.11388888888888889 0.3421875 0.11944444444444445 0.33958333333333335 0.11851851851851852 0.3390625 0.10925925925925926 0.33541666666666664 0.09722222222222222 0.3359375 0.09166666666666666 0.3385416666666667 0.08796296296296297