0 0.5296875 0.14351851851851852 0.5328125 0.15092592592592594 0.5328125 0.15925925925925927 0.5286458333333334 0.17222222222222222 0.5229166666666667 0.17592592592592593 0.5166666666666667 0.17222222222222222 0.5057291666666667 0.18055555555555555 0.5015625 0.1787037037037037 0.5015625 0.1685185185185185 0.5125 0.14722222222222223 0.5208333333333334 0.1425925925925926 0.5291666666666667 0.14351851851851852
0 0.5536458333333333 0.14351851851851852 0.5598958333333334 0.14537037037037037 0.5614583333333333 0.14907407407407408 0.5604166666666667 0.1712962962962963 0.5578125 0.1824074074074074 0.5552083333333333 0.18333333333333332 0.5479166666666667 0.17685185185185184 0.5432291666666667 0.17777777777777778 0.5395833333333333 0.18333333333333332 0.5359375 0.1824074074074074 0.5359375 0.17037037037037037 0.5416666666666666 0.1574074074074074 0.5489583333333333 0.14629629629629629 0.553125 0.14444444444444443
0 0.7348958333333333 0.6092592592592593 0.8203125 0.6712962962962963 0.8317708333333333 0.6842592592592592 0.8583333333333333 0.7 0.8677083333333333 0.712037037037037 0.8828125 0.725 0.9098958333333333 0.7444444444444445 0.9182291666666667 0.7462962962962963 0.9395833333333333 0.7666666666666667 0.9947916666666666 0.8083333333333333 0.9994791666666667 0.8157407407407408 0.9994791666666667 0.8398148148148148 0.9932291666666667 0.8453703703703703 0.9958333333333333 0.8518518518518519 0.9963541666666667 0.8666666666666667 0.9994791666666667 0.8731481481481481 0.9994791666666667 0.8888888888888888 0.9973958333333334 0.8907407407407407 0.9958333333333333 0.9009259259259259 0.9973958333333334 0.9074074074074074 0.9994791666666667 0.9083333333333333 0.9994791666666667 0.9314814814814815 0.996875 0.9333333333333333 0.9947916666666666 0.9444444444444444 0.9994791666666667 0.9490740740740741 0.9994791666666667 0.9583333333333334 0.9973958333333334 0.9601851851851851 0.9947916666666666 0.9712962962962963 0.9885416666666667 0.9805555555555555 0.9828125 0.9851851851851852 0.9739583333333334 0.9861111111111112 0.9598958333333333 0.975925925925926 0.95625 0.9768518518518519 0.9489583333333333 0.9712962962962963 0.9380208333333333 0.9703703703703703 0.9328125 0.9666666666666667 0.9192708333333334 0.9481481481481482 0.8744791666666667 0.9111111111111111 0.8697916666666666 0.9018518518518519 0.8619791666666666 0.8972222222222223 0.8411458333333334 0.8740740740740741 0.8276041666666667 0.8648148148148148 0.8208333333333333 0.8555555555555555 0.8036458333333333 0.8407407407407408 0.7984375 0.8324074074074074 0.7854166666666667 0.8361111111111111 0.775 0.8314814814814815 0.7645833333333333 0.8148148148148148 0.7609375 0.8046296296296296 0.7427083333333333 0.7898148148148149 0.7036458333333333 0.7444444444444445 0.7020833333333333 0.7361111111111112 0.7098958333333333 0.6953703703703704 0.71875 0.6675925925925926 0.7302083333333333 0.6138888888888889 0.734375 0.6092592592592593
0 0.12083333333333333 0.6601851851851852 0.1375 0.675 0.140625 0.6796296296296296 0.14322916666666666 0.6907407407407408 0.15104166666666666 0.6962962962962963 0.15208333333333332 0.700925925925926 0.13072916666666667 0.7314814814814815 0.10729166666666666 0.7444444444444445 0.09479166666666666 0.7611111111111111 0.0875 0.7592592592592593 0.078125 0.7472222222222222 0.07447916666666667 0.7296296296296296 0.0703125 0.7203703703703703 0.07083333333333333 0.700925925925926 0.07604166666666666 0.6851851851851852 0.08177083333333333 0.6787037037037037 0.1203125 0.6601851851851852
0 0.334375 0.21481481481481482 0.34791666666666665 0.2222222222222222 0.35 0.22870370370370371 0.35 0.24074074074074073 0.3484375 0.24537037037037038 0.3390625 0.2490740740740741 0.32760416666666664 0.262037037037037 0.3109375 0.2574074074074074 0.3078125 0.24074074074074073 0.3098958333333333 0.22777777777777777 0.315625 0.22037037037037038 0.3234375 0.21481481481481482 0.3338541666666667 0.21481481481481482
0 0.08229166666666667 0.29814814814814816 0.0921875 0.3074074074074074 0.10104166666666667 0.3212962962962963 0.10416666666666667 0.34074074074074073 0.07864583333333333 0.3537037037037037 0.058854166666666666 0.3277777777777778 0.05625 0.3194444444444444 0.05625 0.31203703703703706 0.06979166666666667 0.29907407407407405 0.08177083333333333 0.29814814814814816
0 0.496875 0.37222222222222223 0.5015625 0.37777777777777777 0.5052083333333334 0.39166666666666666 0.5104166666666666 0.41944444444444445 0.5130208333333334 0.45 0.5119791666666667 0.4685185185185185 0.5083333333333333 0.47314814814814815 0.49947916666666664 0.4759259259259259 0.48854166666666665 0.4759259259259259 0.48072916666666665 0.4675925925925926 0.475 0.40185185185185185 0.47604166666666664 0.38055555555555554 0.47760416666666666 0.3768518518518518 0.484375 0.37222222222222223 0.49635416666666665 0.37222222222222223
0 0.31197916666666664 0.5416666666666666 0.3380208333333333 0.5527777777777778 0.34427083333333336 0.5583333333333333 0.353125 0.5601851851851852 0.359375 0.5666666666666667 0.36354166666666665 0.5879629629629629 0.3609375 0.6101851851851852 0.35625 0.6194444444444445 0.3421875 0.6296296296296297 0.33177083333333335 0.6203703703703703 0.31302083333333336 0.6166666666666667 0.2921875 0.6148148148148148 0.2859375 0.6203703703703703 0.28125 0.6203703703703703 0.2755208333333333 0.612037037037037 0.2677083333333333 0.6064814814814815 0.26458333333333334 0.5824074074074074 0.2682291666666667 0.5592592592592592 0.27291666666666664 0.5462962962962963 0.2791666666666667 0.5416666666666666 0.31145833333333334 0.5416666666666666
0 0.44583333333333336 0.0962962962962963 0.45260416666666664 0.10277777777777777 0.453125 0.11574074074074074 0.440625 0.1259259259259259 0.42864583333333334 0.125 0.42604166666666665 0.11203703703703703 0.4322916666666667 0.09907407407407408 0.4453125 0.0962962962962963
0 0.2557291666666667 0.2574074074074074 0.25885416666666666 0.26666666666666666 0.25885416666666666 0.2796296296296296 0.23697916666666666 0.29814814814814816 0.228125 0.3111111111111111 0.21302083333333333 0.30648148148148147 0.20729166666666668 0.3 0.20416666666666666 0.29259259259259257 0.20572916666666666 0.27685185185185185 0.2171875 0.262037037037037 0.22395833333333334 0.2574074074074074 0.24166666666666667 0.25462962962962965 0.2552083333333333 0.2574074074074074
0 0.1 0.8398148148148148 0.11041666666666666 0.8546296296296296 0.12291666666666666 0.8907407407407407 0.12291666666666666 0.899074074074074 0.11875 0.9166666666666666 0.109375 0.9287037037037037 0.09270833333333334 0.9333333333333333 0.06614583333333333 0.9731481481481481 0.04895833333333333 0.9925925925925926 0.03697916666666667 0.9990740740740741 0.0171875 0.9990740740740741 0.015625 0.9962962962962963 0.004166666666666667 0.9972222222222222 0 0.9944444444444445 0 0.9888888888888889 0.003125 0.9842592592592593 0.0020833333333333333 0.9768518518518519 0 0.975925925925926 0 0.9074074074074074 0.035416666666666666 0.8703703703703703 0.0453125 0.8685185185185185 0.05677083333333333 0.8722222222222222 0.08541666666666667 0.8425925925925926 0.09947916666666666 0.8398148148148148
0 0.5645833333333333 0.43703703703703706 0.5723958333333333 0.4425925925925926 0.5817708333333333 0.45555555555555555 0.6 0.48703703703703705 0.6020833333333333 0.49907407407407406 0.6125 0.5194444444444445 0.6130208333333333 0.5370370370370371 0.6104166666666667 0.5481481481481482 0.603125 0.5574074074074075 0.5958333333333333 0.5611111111111111 0.5875 0.5611111111111111 0.5776041666666667 0.5555555555555556 0.5739583333333333 0.549074074074074 0.5723958333333333 0.5407407407407407 0.559375 0.5222222222222223 0.5515625 0.5064814814814815 0.546875 0.5027777777777778 0.5416666666666666 0.49074074074074076 0.5401041666666667 0.4648148148148148 0.5427083333333333 0.45092592592592595 0.5572916666666666 0.43796296296296294 0.5640625 0.43703703703703706
0 0.5875 0.6768518518518518 0.6979166666666666 0.7407407407407407 0.70625 0.7481481481481481 0.7130208333333333 0.7666666666666667 0.7182291666666667 0.7712962962962963 0.7239583333333334 0.7712962962962963 0.7302083333333333 0.7787037037037037 0.7411458333333333 0.8055555555555556 0.7427083333333333 0.8361111111111111 0.7411458333333333 0.9074074074074074 0.7375 0.925 0.73125 0.9314814814814815 0.7177083333333333 0.9268518518518518 0.7109375 0.9296296296296296 0.6994791666666667 0.9268518518518518 0.6828125 0.9092592592592592 0.6604166666666667 0.8972222222222223 0.6427083333333333 0.8833333333333333 0.6421875 0.8703703703703703 0.6401041666666667 0.8657407407407407 0.6291666666666667 0.8648148148148148 0.6223958333333334 0.8592592592592593 0.615625 0.8666666666666667 0.6057291666666667 0.8666666666666667 0.5947916666666667 0.8555555555555555 0.5932291666666667 0.8435185185185186 0.590625 0.8379629629629629 0.5786458333333333 0.8287037037037037 0.5614583333333333 0.8240740740740741 0.5604166666666667 0.8166666666666667 0.5619791666666667 0.7944444444444444 0.565625 0.7666666666666667 0.5625 0.7481481481481481 0.5776041666666667 0.6814814814814815 0.58125 0.675 0.5869791666666667 0.6768518518518518
0 0.48854166666666665 0.1935185185185185 0.4947916666666667 0.19537037037037036 0.496875 0.19907407407407407 0.49947916666666664 0.2111111111111111 0.49947916666666664 0.22314814814814815 0.4979166666666667 0.23148148148148148 0.49114583333333334 0.23703703703703705 0.484375 0.2490740740740741 0.46875 0.2462962962962963 0.4666666666666667 0.24351851851851852 0.4661458333333333 0.23333333333333334 0.4671875 0.22407407407407406 0.4734375 0.20833333333333334 0.4796875 0.19814814814814816 0.48802083333333335 0.1935185185185185
0 0.271875 0.6685185185185185 0.2760416666666667 0.6888888888888889 0.2828125 0.6962962962962963 0.2828125 0.7046296296296296 0.26875 0.7240740740740741 0.24375 0.7379629629629629 0.23125 0.7518518518518519 0.22395833333333334 0.7481481481481481 0.21666666666666667 0.7351851851851852 0.21354166666666666 0.7074074074074074 0.21354166666666666 0.687962962962963 0.21666666666666667 0.675 0.23125 0.6657407407407407 0.2578125 0.6555555555555556 0.26666666666666666 0.6574074074074074 0.2713541666666667 0.6685185185185185
0 0.3958333333333333 0.24814814814814815 0.41510416666666666 0.25462962962962965 0.42135416666666664 0.26481481481481484 0.4244791666666667 0.3 0.42239583333333336 0.32037037037037036 0.4244791666666667 0.32407407407407407 0.425 0.35462962962962963 0.41875 0.36574074074074076 0.41822916666666665 0.37222222222222223 0.41458333333333336 0.38055555555555554 0.403125 0.3925925925925926 0.4 0.4111111111111111 0.3765625 0.4583333333333333 0.3692708333333333 0.4638888888888889 0.36302083333333335 0.48333333333333334 0.3625 0.49166666666666664 0.3567708333333333 0.49537037037037035 0.34427083333333336 0.5185185185185185 0.3411458333333333 0.5203703703703704 0.315625 0.5120370370370371 0.303125 0.5027777777777778 0.30104166666666665 0.4981481481481482 0.2916666666666667 0.4361111111111111 0.28958333333333336 0.4027777777777778 0.29010416666666666 0.37962962962962965 0.30052083333333335 0.35555555555555557 0.3625 0.26851851851851855 0.3802083333333333 0.2490740740740741 0.3953125 0.24814814814814815
0 0.759375 0.4083333333333333 0.765625 0.41574074074074074 0.7708333333333334 0.4444444444444444 0.7651041666666667 0.4462962962962963 0.7572916666666667 0.44166666666666665 0.7567708333333333 0.44537037037037036 0.7729166666666667 0.4601851851851852 0.7770833333333333 0.48333333333333334 0.778125 0.5064814814814815 0.7692708333333333 0.5175925925925926 0.7526041666666666 0.5148148148148148 0.7411458333333333 0.5074074074074074 0.734375 0.44722222222222224 0.7354166666666667 0.4351851851851852 0.7427083333333333 0.43148148148148147 0.7369791666666666 0.4212962962962963 0.7375 0.4148148148148148 0.7401041666666667 0.4101851851851852 0.7442708333333333 0.4074074074074074 0.7588541666666667 0.4083333333333333
1 0.5953125 0.24722222222222223 0.6020833333333333 0.25462962962962965 0.5989583333333334 0.2796296296296296 0.5953125 0.2833333333333333 0.59375 0.27314814814814814 0.5953125 0.24814814814814815
1 0.36041666666666666 0.8583333333333333 0.36822916666666666 0.862037037037037 0.37135416666666665 0.8759259259259259 0.3692708333333333 0.8935185185185185 0.36666666666666664 0.8944444444444445 0.3625 0.9037037037037037 0.35885416666666664 0.9 0.3572916666666667 0.862037037037037 0.35989583333333336 0.8583333333333333
1 0.5848958333333333 0.25925925925925924 0.5880208333333333 0.2601851851851852 0.5911458333333334 0.26851851851851855 0.5880208333333333 0.2962962962962963 0.5848958333333333 0.29814814814814816 0.5817708333333333 0.2759259259259259 0.5848958333333333 0.2601851851851852
1 0.6026041666666667 0.22314814814814815 0.6057291666666667 0.225 0.6067708333333334 0.23425925925925925 0.6046875 0.2518518518518518 0.6020833333333333 0.2564814814814815 0.6005208333333333 0.2518518518518518 0.6005208333333333 0.22777777777777777 0.6020833333333333 0.22407407407407406
1 0.20885416666666667 0.225 0.21302083333333333 0.2462962962962963 0.20625 0.2490740740740741 0.20260416666666667 0.2324074074074074 0.2046875 0.22592592592592592 0.20833333333333334 0.225
1 0.70625 0.49537037037037035 0.7083333333333334 0.49722222222222223 0.7119791666666667 0.5222222222222223 0.7052083333333333 0.5296296296296297 0.7036458333333333 0.5462962962962963 0.6979166666666666 0.5472222222222223 0.6927083333333334 0.5361111111111111 0.6989583333333333 0.5277777777777778 0.7005208333333334 0.5083333333333333 0.7057291666666666 0.4962962962962963
1 0.83125 0.6333333333333333 0.8401041666666667 0.6268518518518519 0.8463541666666666 0.5981481481481481 0.8526041666666667 0.5972222222222222 0.8557291666666667 0.6157407407407407 0.8463541666666666 0.6333333333333333 0.8427083333333333 0.6370370370370371 0.8317708333333333 0.6342592592592593
1 0.5395833333333333 0.4027777777777778 0.5442708333333334 0.4185185185185185 0.5427083333333333 0.42777777777777776 0.5442708333333334 0.4388888888888889 0.5432291666666667 0.4425925925925926 0.5395833333333333 0.4351851851851852 0.5354166666666667 0.44814814814814813 0.5328125 0.44814814814814813 0.5348958333333333 0.41388888888888886 0.5364583333333334 0.40370370370370373 0.5390625 0.4027777777777778
1 0.4557291666666667 0.9805555555555555 0.4630208333333333 0.9888888888888889 0.4635416666666667 0.9990740740740741 0.44375 0.9990740740740741 0.44166666666666665 0.9953703703703703 0.4427083333333333 0.987037037037037 0.45 0.9796296296296296 0.4552083333333333 0.9805555555555555
1 0.6130208333333333 0.262037037037037 0.6151041666666667 0.2657407407407407 0.6151041666666667 0.27870370370370373 0.6130208333333333 0.2962962962962963 0.609375 0.29814814814814816 0.6072916666666667 0.2953703703703704 0.6057291666666667 0.27685185185185185 0.6088541666666667 0.26481481481481484 0.6125 0.262037037037037
1 0.05677083333333333 0.34444444444444444 0.06354166666666666 0.362962962962963 0.06041666666666667 0.3712962962962963 0.05260416666666667 0.362962962962963 0.04895833333333333 0.3509259259259259 0.049479166666666664 0.33611111111111114 0.05364583333333333 0.3351851851851852 0.05625 0.34444444444444444
1 0.19635416666666666 0.30833333333333335 0.19114583333333332 0.287962962962963 0.19114583333333332 0.2740740740740741 0.19322916666666667 0.27314814814814814 0.19635416666666666 0.27870370370370373 0.19791666666666666 0.2935185185185185 0.20052083333333334 0.29907407407407405 0.19947916666666668 0.3055555555555556 0.196875 0.3074074074074074
1 0.45 0.44074074074074077 0.453125 0.45092592592592595 0.45625 0.4787037037037037 0.45 0.47962962962962963 0.44635416666666666 0.49166666666666664 0.44375 0.49074074074074076 0.4453125 0.47685185185185186 0.44479166666666664 0.4462962962962963 0.44635416666666666 0.44166666666666665 0.44947916666666665 0.44074074074074077
1 0.5505208333333333 0.4083333333333333 0.5546875 0.4083333333333333 0.5583333333333333 0.425 0.5583333333333333 0.4324074074074074 0.5557291666666667 0.4388888888888889 0.5510416666666667 0.4425925925925926 0.5479166666666667 0.44074074074074077 0.5473958333333333 0.41944444444444445 0.5505208333333333 0.40925925925925927
1 0.8984375 0.6685185185185185 0.8979166666666667 0.6824074074074075 0.8942708333333333 0.6888888888888889 0.8901041666666667 0.7101851851851851 0.8822916666666667 0.7074074074074074 0.8796875 0.7027777777777777 0.8802083333333334 0.6944444444444444 0.8869791666666667 0.6768518518518518 0.89375 0.6675925925925926 0.8979166666666667 0.6685185185185185
1 0.19375 0.24444444444444444 0.19947916666666668 0.2638888888888889 0.19895833333333332 0.2712962962962963 0.19635416666666666 0.2740740740740741 0.1921875 0.2740740740740741 0.1890625 0.2675925925925926 0.18854166666666666 0.25 0.18958333333333333 0.2462962962962963 0.19322916666666667 0.24444444444444444
1 0.050520833333333334 0.38981481481481484 0.058333333333333334 0.3972222222222222 0.06197916666666667 0.41944444444444445 0.06927083333333334 0.4212962962962963 0.0609375 0.42685185185185187 0.06197916666666667 0.4351851851851852 0.06041666666666667 0.43796296296296294 0.049479166666666664 0.4046296296296296 0.05 0.38981481481481484
1 0.13333333333333333 0.25833333333333336 0.14114583333333333 0.2824074074074074 0.140625 0.28703703703703703 0.13645833333333332 0.28888888888888886 0.13333333333333333 0.287962962962963 0.12604166666666666 0.2657407407407407 0.12864583333333332 0.25833333333333336 0.1328125 0.25833333333333336
1 0.3223958333333333 0.8444444444444444 0.33177083333333335 0.8574074074074074 0.3328125 0.8731481481481481 0.33697916666666666 0.887962962962963 0.33489583333333334 0.8953703703703704 0.328125 0.8805555555555555 0.32447916666666665 0.8805555555555555 0.31875 0.8666666666666667 0.3182291666666667 0.8462962962962963 0.321875 0.8444444444444444
1 0.11666666666666667 0.3138888888888889 0.11979166666666667 0.31666666666666665 0.12291666666666666 0.3277777777777778 0.12291666666666666 0.3425925925925926 0.1265625 0.35 0.1265625 0.35648148148148145 0.12239583333333333 0.3537037037037037 0.11614583333333334 0.3611111111111111 0.11197916666666667 0.33240740740740743 0.1125 0.32407407407407407 0.11614583333333334 0.3138888888888889
1 0.17864583333333334 0.28425925925925927 0.17395833333333333 0.26481481481481484 0.17447916666666666 0.2537037037037037 0.17864583333333334 0.25277777777777777 0.18229166666666666 0.2638888888888889 0.18333333333333332 0.27685185185185185 0.17916666666666667 0.2833333333333333
1 0.5880208333333333 0.21666666666666667 0.5921875 0.22685185185185186 0.5885416666666666 0.2564814814814815 0.5848958333333333 0.2574074074074074 0.584375 0.22962962962962963 0.5875 0.2175925925925926
1 0.13802083333333334 0.30648148148148147 0.14479166666666668 0.3175925925925926 0.1484375 0.33796296296296297 0.14739583333333334 0.34074074074074073 0.13958333333333334 0.33796296296296297 0.13541666666666666 0.32037037037037036 0.13489583333333333 0.3101851851851852 0.1375 0.30648148148148147
1 0.5984375 0.2916666666666667 0.603125 0.30277777777777776 0.5994791666666667 0.33055555555555555 0.5953125 0.3287037037037037 0.5932291666666667 0.30833333333333335 0.5953125 0.2962962962962963 0.5979166666666667 0.29259259259259257
1 0.9442708333333333 0.7064814814814815 0.9473958333333333 0.7101851851851851 0.9494791666666667 0.7231481481481481 0.9463541666666667 0.7351851851851852 0.9354166666666667 0.7555555555555555 0.9307291666666667 0.7555555555555555 0.928125 0.7509259259259259 0.9239583333333333 0.7509259259259259 0.9213541666666667 0.7472222222222222 0.9276041666666667 0.7361111111111112 0.9291666666666667 0.7268518518518519 0.9348958333333334 0.7129629629629629 0.9390625 0.7064814814814815 0.94375 0.7064814814814815
1 0.12395833333333334 0.30277777777777776 0.13020833333333334 0.31574074074074077 0.13072916666666667 0.325 0.134375 0.33796296296296297 0.13020833333333334 0.3416666666666667 0.12083333333333333 0.32037037037037036 0.1203125 0.30925925925925923 0.1234375 0.30277777777777776
1 0.0640625 0.36666666666666664 0.08125 0.4009259259259259 0.07135416666666666 0.4064814814814815 0.06822916666666666 0.41388888888888886 0.06666666666666667 0.41203703703703703 0.059895833333333336 0.37962962962962965 0.06041666666666667 0.37037037037037035 0.06354166666666666 0.3675925925925926
1 0.9869791666666666 0.7824074074074074 0.984375 0.7759259259259259 0.9854166666666667 0.7685185185185185 0.9942708333333333 0.7518518518518519 0.9979166666666667 0.7490740740740741 0.9994791666666667 0.7490740740740741 0.9994791666666667 0.7870370370370371 0.9927083333333333 0.787962962962963 0.9875 0.7824074074074074
1 0.5682291666666667 0.41574074074074074 0.5713541666666667 0.42685185185185187 0.5708333333333333 0.44074074074074077 0.5635416666666667 0.4351851851851852 0.565625 0.41944444444444445 0.5677083333333334 0.41574074074074074
1 0.28177083333333336 0.1787037037037037 0.28541666666666665 0.2037037037037037 0.28489583333333335 0.2101851851851852 0.2828125 0.21203703703703702 0.27708333333333335 0.18888888888888888 0.27760416666666665 0.18055555555555555 0.28125 0.1787037037037037
1 0.8072916666666666 0.38796296296296295 0.8119791666666667 0.4009259259259259 0.8052083333333333 0.425 0.8036458333333333 0.42777777777777776 0.8005208333333333 0.42592592592592593 0.8005208333333333 0.4101851851851852 0.8015625 0.40185185185185185 0.8067708333333333 0.3888888888888889
1 0.5947916666666667 0.412962962962963 0.5984375 0.41574074074074074 0.6010416666666667 0.4287037037037037 0.5994791666666667 0.4388888888888889 0.6005208333333333 0.45555555555555555 0.5911458333333334 0.46296296296296297 0.5916666666666667 0.4305555555555556 0.5947916666666667 0.41388888888888886
1 0.5916666666666667 0.9629629629629629 0.5963541666666666 0.9703703703703703 0.5958333333333333 0.9990740740740741 0.5838541666666667 0.9990740740740741 0.5869791666666667 0.9657407407407408 0.5911458333333334 0.9638888888888889
1 0.2640625 0.1814814814814815 0.26875 0.18611111111111112 0.2703125 0.1925925925925926 0.26979166666666665 0.21481481481481482 0.2609375 0.1935185185185185 0.2604166666666667 0.1824074074074074 0.2635416666666667 0.1814814814814815
1 0.4713541666666667 0.587037037037037 0.4739583333333333 0.5916666666666667 0.4739583333333333 0.6092592592592593 0.46979166666666666 0.6305555555555555 0.4671875 0.6287037037037037 0.46197916666666666 0.6 0.465625 0.5842592592592593 0.4708333333333333 0.587037037037037
1 0.5817708333333333 0.4398148148148148 0.008333333333333333 0.02962962962962963
1 0.5984375 0.3277777777777778 0.6026041666666667 0.34074074074074073 0.5989583333333334 0.36944444444444446 0.5947916666666667 0.37037037037037035 0.59375 0.36666666666666664 0.59375 0.3398148148148148 0.5979166666666667 0.3287037037037037
1 0.18333333333333332 0.275 0.1859375 0.27870370370370373 0.19010416666666666 0.29907407407407405 0.1890625 0.30833333333333335 0.18645833333333334 0.3101851851851852 0.18020833333333333 0.287962962962963 0.18072916666666666 0.27685185185185185 0.1828125 0.275
1 0.31145833333333334 0.8546296296296296 0.31875 0.8629629629629629 0.32864583333333336 0.8962962962962963 0.32864583333333336 0.9009259259259259 0.3255208333333333 0.9018518518518519 0.3203125 0.8935185185185185 0.31666666666666665 0.9018518518518519 0.3140625 0.9027777777777778 0.3072916666666667 0.8842592592592593 0.30625 0.8574074074074074 0.3072916666666667 0.8546296296296296 0.3109375 0.8546296296296296