1 0.15364583333333334 0.2611111111111111 0.16354166666666667 0.2759259259259259 0.16770833333333332 0.28888888888888886 0.1609375 0.29907407407407405 0.1578125 0.3 0.1578125 0.2935185185185185 0.15416666666666667 0.28888888888888886 0.15 0.262037037037037 0.153125 0.2611111111111111
1 0.16510416666666666 0.23981481481481481 0.16927083333333334 0.23981481481481481 0.171875 0.24351851851851852 0.17239583333333333 0.25092592592592594 0.1765625 0.2611111111111111 0.17135416666666667 0.27037037037037037 0.16822916666666668 0.26851851851851855 0.16510416666666666 0.25555555555555554 0.16510416666666666 0.24074074074074073
1 0.6494791666666667 0.14629629629629629 0.6510416666666666 0.14722222222222223 0.6526041666666667 0.1574074074074074 0.6479166666666667 0.18333333333333332 0.6453125 0.1814814814814815 0.64375 0.16203703703703703 0.6458333333333334 0.14907407407407408 0.6489583333333333 0.14629629629629629
1 0.6265625 0.20462962962962963 0.6302083333333334 0.21481481481481482 0.6265625 0.2388888888888889 0.6223958333333334 0.24166666666666667 0.6208333333333333 0.22314814814814815 0.6229166666666667 0.20925925925925926 0.6260416666666667 0.20555555555555555
1 0.6401041666666667 0.18796296296296297 0.6442708333333333 0.2037037037037037 0.6401041666666667 0.2101851851851852 0.6395833333333333 0.22037037037037038 0.6359375 0.22037037037037038 0.6338541666666667 0.2074074074074074 0.6348958333333333 0.1935185185185185 0.6395833333333333 0.18888888888888888
1 0.6578125 0.14537037037037037 0.6578125 0.16018518518518518 0.6541666666666667 0.18425925925925926 0.6484375 0.1824074074074074 0.646875 0.17777777777777778 0.65 0.16944444444444445 0.6526041666666667 0.14907407407407408 0.6572916666666667 0.14537037037037037
1 0.2171875 0.18518518518518517 0.2203125 0.18611111111111112 0.22447916666666667 0.1962962962962963 0.22552083333333334 0.21944444444444444 0.22395833333333334 0.22037037037037038 0.21979166666666666 0.2101851851851852 0.21666666666666667 0.19537037037037036 0.21666666666666667 0.18611111111111112
1 0.8770833333333333 0.46574074074074073 0.8807291666666667 0.46944444444444444 0.8796875 0.49444444444444446 0.8729166666666667 0.5166666666666667 0.8697916666666666 0.5185185185185185 0.8697916666666666 0.5046296296296297 0.8677083333333333 0.5101851851851852 0.8630208333333333 0.5138888888888888 0.8604166666666667 0.5111111111111111 0.86875 0.49074074074074076 0.8666666666666667 0.48148148148148145 0.8677083333333333 0.4740740740740741 0.8729166666666667 0.4666666666666667 0.8765625 0.46574074074074073
1 0.27239583333333334 0.16111111111111112 0.2760416666666667 0.16296296296296298 0.28020833333333334 0.17777777777777778 0.2791666666666667 0.19166666666666668 0.2755208333333333 0.1962962962962963 0.27239583333333334 0.1935185185185185 0.26979166666666665 0.17685185185185184 0.27239583333333334 0.16203703703703703
1 0.39010416666666664 0.8981481481481481 0.40572916666666664 0.9138888888888889 0.409375 0.9212962962962963 0.409375 0.925 0.40260416666666665 0.9324074074074075 0.39947916666666666 0.9416666666666667 0.39479166666666665 0.9472222222222222 0.39114583333333336 0.9462962962962963 0.39166666666666666 0.9398148148148148 0.3854166666666667 0.9083333333333333 0.3854166666666667 0.9009259259259259 0.38958333333333334 0.8981481481481481
1 0.057291666666666664 0.38981481481481484 0.06145833333333333 0.3888888888888889 0.06614583333333333 0.39351851851851855 0.06979166666666667 0.40185185185185185 0.07083333333333333 0.4111111111111111 0.0796875 0.4212962962962963 0.07760416666666667 0.42592592592592593 0.07447916666666667 0.4222222222222222 0.07239583333333334 0.4351851851851852 0.06875 0.4361111111111111 0.06510416666666667 0.4148148148148148 0.058333333333333334 0.4111111111111111 0.057291666666666664 0.4074074074074074 0.057291666666666664 0.3907407407407407
1 0.51875 0.31203703703703706 0.525 0.3314814814814815 0.521875 0.3453703703703704 0.5223958333333333 0.36203703703703705 0.51875 0.362962962962963 0.5151041666666667 0.33796296296296297 0.5161458333333333 0.3138888888888889 0.5182291666666666 0.31296296296296294
1 0.6541666666666667 0.15833333333333333 0.6557291666666667 0.16111111111111112 0.6546875 0.1814814814814815 0.6572916666666667 0.18703703703703703 0.6583333333333333 0.19907407407407407 0.6578125 0.21203703703703702 0.65625 0.21481481481481482 0.6526041666666667 0.21481481481481482 0.65 0.2064814814814815 0.6541666666666667 0.15925925925925927
1 0.7916666666666666 0.43333333333333335 0.7932291666666667 0.4351851851851852 0.7932291666666667 0.46296296296296297 0.7828125 0.4787037037037037 0.7807291666666667 0.487962962962963 0.7770833333333333 0.48333333333333334 0.7755208333333333 0.4703703703703704 0.7807291666666667 0.4648148148148148 0.7822916666666667 0.4462962962962963 0.7885416666666667 0.43425925925925923 0.7911458333333333 0.43333333333333335
1 0.20260416666666667 0.19074074074074074 0.20625 0.20185185185185187 0.20885416666666667 0.22314814814814815 0.20572916666666666 0.225 0.20104166666666667 0.2111111111111111 0.19791666666666666 0.19537037037037036 0.19947916666666668 0.19166666666666668 0.20208333333333334 0.19166666666666668
1 0.46875 0.24583333333333332 0.06041666666666667 0.06944444444444445
1 0.39791666666666664 0.6990740740740741 0.4041666666666667 0.7046296296296296 0.40625 0.712037037037037 0.40520833333333334 0.7277777777777777 0.40677083333333336 0.7379629629629629 0.4041666666666667 0.7444444444444445 0.4015625 0.7453703703703703 0.4005208333333333 0.7398148148148148 0.3958333333333333 0.7379629629629629 0.3921875 0.7157407407407408 0.3927083333333333 0.6990740740740741 0.39739583333333334 0.6990740740740741
1 0.18489583333333334 0.325 0.19270833333333334 0.33796296296296297 0.19635416666666666 0.3611111111111111 0.19635416666666666 0.36574074074074076 0.19270833333333334 0.3675925925925926 0.18072916666666666 0.34074074074074073 0.18072916666666666 0.32685185185185184 0.184375 0.325
1 0.45989583333333334 0.6555555555555556 0.4630208333333333 0.6555555555555556 0.46979166666666666 0.662962962962963 0.4739583333333333 0.6787037037037037 0.471875 0.6916666666666667 0.4640625 0.7092592592592593 0.46145833333333336 0.7101851851851851 0.4625 0.6851851851851852 0.4578125 0.6722222222222223 0.45989583333333334 0.6564814814814814
1 0.6088541666666667 0.4083333333333333 0.6104166666666667 0.4111111111111111 0.609375 0.45740740740740743 0.6078125 0.4601851851851852 0.6026041666666667 0.45925925925925926 0.6015625 0.4361111111111111 0.6026041666666667 0.41944444444444445 0.6057291666666667 0.4101851851851852 0.6083333333333333 0.4083333333333333
1 0.03958333333333333 0.4101851851851852 0.04479166666666667 0.4212962962962963 0.05625 0.43425925925925923 0.0546875 0.4398148148148148 0.046875 0.4388888888888889 0.043229166666666666 0.44907407407407407 0.040625 0.45092592592592595 0.03802083333333333 0.44907407407407407 0.03854166666666667 0.43796296296296294 0.033854166666666664 0.4185185185185185 0.034375 0.4111111111111111 0.0390625 0.4101851851851852
1 0.2828125 0.16111111111111112 0.05625 0.07222222222222222
1 0.25052083333333336 0.17407407407407408 0.2557291666666667 0.17962962962962964 0.25885416666666666 0.2 0.259375 0.2064814814814815 0.2552083333333333 0.2101851851851852 0.25104166666666666 0.2064814814814815 0.25 0.1925925925925926 0.24635416666666668 0.1824074074074074 0.246875 0.175 0.25 0.17407407407407408
1 0.4375 0.20092592592592592 0.4395833333333333 0.2064814814814815 0.4390625 0.22962962962962963 0.4354166666666667 0.22685185185185186 0.4322916666666667 0.21296296296296297 0.43385416666666665 0.20185185185185187 0.43697916666666664 0.20092592592592592
1 0.08020833333333334 0.3351851851851852 0.08489583333333334 0.33611111111111114 0.08802083333333334 0.34074074074074073 0.09791666666666667 0.36574074074074076 0.09166666666666666 0.375 0.08854166666666667 0.37592592592592594 0.0875 0.3675925925925926 0.07916666666666666 0.3509259259259259 0.08020833333333334 0.33611111111111114
1 0.1890625 0.23425925925925925 0.1953125 0.23981481481481481 0.19791666666666666 0.2462962962962963 0.19583333333333333 0.26851851851851855 0.19270833333333334 0.2657407407407407 0.18854166666666666 0.25092592592592594 0.18854166666666666 0.2351851851851852
1 0.026041666666666668 0.4083333333333333 0.03697916666666667 0.4351851851851852 0.0359375 0.44537037037037036 0.030729166666666665 0.44351851851851853 0.019791666666666666 0.4212962962962963 0.0203125 0.4111111111111111 0.025520833333333333 0.4083333333333333
1 0.7375 0.24074074074074073 0.740625 0.2537037037037037 0.7385416666666667 0.26851851851851855 0.7411458333333333 0.2824074074074074 0.7333333333333333 0.2861111111111111 0.7302083333333333 0.28055555555555556 0.7322916666666667 0.26944444444444443 0.7307291666666667 0.25833333333333336 0.734375 0.24444444444444444 0.7369791666666666 0.24166666666666667
1 0.6416666666666667 0.1425925925925926 0.6442708333333333 0.14722222222222223 0.6447916666666667 0.15462962962962962 0.640625 0.18055555555555555 0.6369791666666667 0.18518518518518517 0.6369791666666667 0.14907407407407408 0.6390625 0.1425925925925926 0.6411458333333333 0.1425925925925926
1 0.66640625 0.2388888888888889 0.0109375 0.037037037037037035
1 0.24479166666666666 0.2222222222222222 0.240625 0.18518518518518517 0.24479166666666666 0.18425925925925926 0.24895833333333334 0.19444444444444445 0.25 0.21666666666666667 0.2453125 0.2212962962962963
1 0.13333333333333333 0.2898148148148148 0.13645833333333332 0.2898148148148148 0.14375 0.29907407407407405 0.14895833333333333 0.3194444444444444 0.14791666666666667 0.32592592592592595 0.140625 0.32685185185185184 0.13958333333333334 0.3175925925925926 0.13385416666666666 0.3 0.13333333333333333 0.29074074074074074
1 0.11822916666666666 0.3037037037037037 0.121875 0.30277777777777776 0.12864583333333332 0.3101851851851852 0.12864583333333332 0.32407407407407407 0.13229166666666667 0.3314814814814815 0.1296875 0.3435185185185185 0.1265625 0.34444444444444444 0.125 0.3314814814814815 0.1171875 0.3175925925925926 0.11822916666666666 0.30462962962962964
1 0.60625 0.2111111111111111 0.6088541666666667 0.21574074074074073 0.6098958333333333 0.22777777777777777 0.6057291666666667 0.2574074074074074 0.603125 0.25925925925925924 0.6010416666666667 0.22407407407407406 0.6057291666666667 0.2111111111111111
1 0 0.4564814814814815 0.0015625 0.4564814814814815 0.011458333333333333 0.48055555555555557 0.008333333333333333 0.4824074074074074 0 0.4759259259259259 0 0.45740740740740743
1 0.6541666666666667 0.23981481481481481 0.65625 0.25277777777777777 0.6505208333333333 0.28055555555555556 0.6473958333333333 0.2796296296296296 0.6458333333333334 0.2712962962962963 0.6458333333333334 0.25 0.6484375 0.23981481481481481 0.6536458333333334 0.23981481481481481
1 0.8692708333333333 0.20462962962962963 0.8682291666666667 0.22037037037037038 0.859375 0.24444444444444444 0.8536458333333333 0.24074074074074073 0.8578125 0.22037037037037038 0.8578125 0.21203703703703702 0.8588541666666667 0.20833333333333334 0.86875 0.20462962962962963
1 0.4984375 0.24444444444444444 0.503125 0.2574074074074074 0.5010416666666667 0.2675925925925926 0.5015625 0.29444444444444445 0.4973958333333333 0.2916666666666667 0.4953125 0.2861111111111111 0.4942708333333333 0.2537037037037037 0.4953125 0.2462962962962963 0.4979166666666667 0.24444444444444444
1 0.3807291666666667 0.053703703703703705 0.38333333333333336 0.06296296296296296 0.38333333333333336 0.07407407407407407 0.3828125 0.07962962962962963 0.3802083333333333 0.0824074074074074 0.3765625 0.06851851851851852 0.3765625 0.05740740740740741 0.3802083333333333 0.053703703703703705
1 0.16614583333333333 0.2064814814814815 0.171875 0.21851851851851853 0.171875 0.24259259259259258 0.16822916666666668 0.24259259259259258 0.16145833333333334 0.22592592592592592 0.1609375 0.21296296296296297 0.165625 0.2064814814814815
1 0.5604166666666667 0.2898148148148148 0.5640625 0.3074074074074074 0.5630208333333333 0.32222222222222224 0.5682291666666667 0.3351851851851852 0.5635416666666667 0.33796296296296297 0.5619791666666667 0.33055555555555555 0.5567708333333333 0.32407407407407407 0.5546875 0.3296296296296296 0.5546875 0.33796296296296297 0.5526041666666667 0.34074074074074073 0.5494791666666666 0.3388888888888889 0.5505208333333333 0.3287037037037037 0.5546875 0.3175925925925926 0.5546875 0.3 0.5598958333333334 0.29074074074074074
1 0.5734375 0.3861111111111111 0.575 0.4148148148148148 0.5739583333333333 0.41759259259259257 0.5708333333333333 0.4166666666666667 0.5671875 0.42685185185185187 0.5640625 0.42592592592592593 0.5640625 0.3861111111111111 0.5671875 0.37592592592592594 0.5729166666666666 0.3861111111111111
1 0.6276041666666666 0.17037037037037037 0.6302083333333334 0.17592592592592593 0.6307291666666667 0.18981481481481483 0.6234375 0.20833333333333334 0.6203125 0.18888888888888888 0.6234375 0.17407407407407408 0.6270833333333333 0.17037037037037037
1 0.6677083333333333 0.2564814814814815 0.6692708333333334 0.26666666666666666 0.6645833333333333 0.29259259259259257 0.6619791666666667 0.2962962962962963 0.659375 0.29259259259259257 0.6604166666666667 0.26481481481481484 0.6635416666666667 0.25555555555555554 0.6671875 0.2564814814814815
1 0.6421875 0.23703703703703705 0.6385416666666667 0.21296296296296297 0.6427083333333333 0.20462962962962963 0.6458333333333334 0.2074074074074074 0.646875 0.21574074074074073 0.6447916666666667 0.23703703703703705 0.6427083333333333 0.23703703703703705
1 0.671875 0.13055555555555556 0.675 0.13333333333333333 0.6760416666666667 0.1388888888888889 0.671875 0.175 0.6682291666666667 0.16944444444444445 0.6677083333333333 0.15462962962962962 0.6677083333333333 0.14166666666666666 0.6713541666666667 0.13148148148148148
1 0.509375 0.008333333333333333 0.509375 0.03518518518518519 0.50625 0.03333333333333333 0.5052083333333334 0.017592592592592594 0.50625 0.009259259259259259 0.5088541666666667 0.008333333333333333
1 0.0984375 0.6092592592592593 0.103125 0.6092592592592593 0.1140625 0.6296296296296297 0.11979166666666667 0.6453703703703704 0.12395833333333334 0.6527777777777778 0.12760416666666666 0.6546296296296297 0.12395833333333334 0.6611111111111111 0.11979166666666667 0.6611111111111111 0.115625 0.6555555555555556 0.11302083333333333 0.6675925925925926 0.109375 0.6666666666666666 0.10677083333333333 0.6611111111111111 0.109375 0.6537037037037037 0.10833333333333334 0.6481481481481481 0.096875 0.6370370370370371 0.0984375 0.6101851851851852