0 0.4661458333333333 0.2074074074074074 0.47239583333333335 0.21203703703703702 0.47760416666666666 0.2222222222222222 0.47239583333333335 0.23796296296296296 0.4713541666666667 0.262037037037037 0.4635416666666667 0.2740740740740741 0.45989583333333334 0.28425925925925927 0.4510416666666667 0.29074074074074074 0.43333333333333335 0.2824074074074074 0.4317708333333333 0.2796296296296296 0.4322916666666667 0.2638888888888889 0.4375 0.24444444444444444 0.44947916666666665 0.21944444444444444 0.4583333333333333 0.20833333333333334 0.465625 0.2074074074074074
1 0.31197916666666664 0.9222222222222223 0.3140625 0.925 0.32083333333333336 0.925 0.32708333333333334 0.9388888888888889 0.3338541666666667 0.9462962962962963 0.3338541666666667 0.9518518518518518 0.33125 0.9564814814814815 0.328125 0.9518518518518518 0.3234375 0.9564814814814815 0.32083333333333336 0.9768518518518519 0.3177083333333333 0.9796296296296296 0.31614583333333335 0.950925925925926 0.30572916666666666 0.9287037037037037 0.3072916666666667 0.9231481481481482 0.31145833333333334 0.9222222222222223
1 0.821875 0.15462962962962962 0.8239583333333333 0.1574074074074074 0.8244791666666667 0.17592592592592593 0.8140625 0.19814814814814816 0.8098958333333334 0.19537037037037036 0.8130208333333333 0.1712962962962963 0.8213541666666667 0.15462962962962962
1 0.5442708333333334 0.36018518518518516 0.5510416666666667 0.37407407407407406 0.5505208333333333 0.38981481481481484 0.5463541666666667 0.4046296296296296 0.54375 0.40185185185185185 0.5385416666666667 0.3851851851851852 0.5395833333333333 0.36944444444444446 0.54375 0.36018518518518516
1 0.43697916666666664 0.7953703703703704 0.44583333333333336 0.812962962962963 0.4473958333333333 0.8277777777777777 0.44583333333333336 0.8388888888888889 0.4390625 0.8564814814814815 0.43645833333333334 0.8555555555555555 0.43697916666666664 0.8416666666666667 0.434375 0.8287037037037037 0.4317708333333333 0.825925925925926 0.4276041666666667 0.8305555555555556 0.4322916666666667 0.8018518518518518 0.43385416666666665 0.7962962962962963 0.43645833333333334 0.7953703703703704
1 0.584375 0.18888888888888888 0.5880208333333333 0.20185185185185187 0.5848958333333333 0.22777777777777777 0.58125 0.2212962962962963 0.5786458333333333 0.2 0.5796875 0.19074074074074074 0.5838541666666667 0.18888888888888888
1 0.12552083333333333 0.18703703703703703 0.13072916666666667 0.19814814814814816 0.13333333333333333 0.2101851851851852 0.13333333333333333 0.2222222222222222 0.1296875 0.2222222222222222 0.11979166666666667 0.19907407407407407 0.1203125 0.18796296296296297 0.12291666666666666 0.18425925925925926 0.125 0.18703703703703703
1 0.5692708333333333 0.22777777777777777 0.5671875 0.19722222222222222 0.5729166666666666 0.18055555555555555 0.575 0.1814814814814815 0.578125 0.19166666666666668 0.578125 0.20277777777777778 0.5744791666666667 0.22407407407407406 0.571875 0.22870370370370371 0.5697916666666667 0.22777777777777777
1 0.5604166666666667 0.2962962962962963 0.5619791666666667 0.3138888888888889 0.5536458333333333 0.31851851851851853 0.5557291666666667 0.2972222222222222 0.5598958333333334 0.2962962962962963
1 0.1890625 0.13703703703703704 0.19375 0.1398148148148148 0.19895833333333332 0.15 0.19947916666666668 0.17314814814814813 0.1953125 0.17222222222222222 0.18854166666666666 0.15555555555555556 0.18697916666666667 0.14907407407407408 0.18854166666666666 0.13796296296296295
1 0.6380208333333334 0.1675925925925926 0.640625 0.17407407407407408 0.640625 0.18888888888888888 0.6338541666666667 0.20925925925925926 0.63125 0.20555555555555555 0.63125 0.1814814814814815 0.6333333333333333 0.1712962962962963 0.6375 0.1675925925925926
1 0.4354166666666667 0.4111111111111111 0.43385416666666665 0.3925925925925926 0.42864583333333334 0.37592592592592594 0.42864583333333334 0.3675925925925926 0.4322916666666667 0.35648148148148145 0.43697916666666664 0.35833333333333334 0.44166666666666665 0.375 0.4390625 0.4046296296296296 0.4359375 0.4111111111111111
1 0.07447916666666667 0.2953703703703704 0.08489583333333334 0.3111111111111111 0.08645833333333333 0.32407407407407407 0.09322916666666667 0.33796296296296297 0.0921875 0.3425925925925926 0.08125 0.3351851851851852 0.06979166666666667 0.3148148148148148 0.06822916666666666 0.29907407407407405 0.0703125 0.2953703703703704 0.07395833333333333 0.2953703703703704
1 0.30364583333333334 0.05092592592592592 0.30885416666666665 0.05925925925925926 0.3072916666666667 0.0787037037037037 0.309375 0.09259259259259259 0.3078125 0.09537037037037037 0.30416666666666664 0.09351851851851851 0.3 0.07314814814814814 0.2984375 0.05925925925925926 0.303125 0.05185185185185185
1 0.5588541666666667 0.3347222222222222 0.011458333333333333 0.05092592592592592
1 0.015104166666666667 0.35555555555555557 0.027604166666666666 0.3638888888888889 0.0328125 0.3888888888888889 0.03229166666666667 0.3962962962962963 0.0296875 0.4 0.027604166666666666 0.3990740740740741 0.015104166666666667 0.3768518518518518 0.013541666666666667 0.36574074074074076 0.014583333333333334 0.35648148148148145
1 0.07994791666666666 0.23703703703703705 0.0171875 0.037037037037037035
1 0.8588541666666667 0.4537037037037037 0.8625 0.4546296296296296 0.8640625 0.4666666666666667 0.8630208333333333 0.4722222222222222 0.8536458333333333 0.48703703703703705 0.8552083333333333 0.5009259259259259 0.8520833333333333 0.5037037037037037 0.8442708333333333 0.4981481481481482 0.8489583333333334 0.475 0.8588541666666667 0.4546296296296296
1 0.6057291666666667 0.15092592592592594 0.6088541666666667 0.15185185185185185 0.6109375 0.16203703703703703 0.6088541666666667 0.18888888888888888 0.6057291666666667 0.19074074074074074 0.6036458333333333 0.17407407407407408 0.6036458333333333 0.16111111111111112 0.6057291666666667 0.15185185185185185
1 0.5255208333333333 0.32592592592592595 0.5286458333333334 0.33240740740740743 0.5276041666666667 0.37037037037037035 0.5260416666666666 0.3731481481481482 0.5223958333333333 0.3712962962962963 0.5197916666666667 0.3509259259259259 0.5223958333333333 0.3287037037037037 0.525 0.32685185185185184
1 0.35 0.4527777777777778 0.3567708333333333 0.46944444444444444 0.35572916666666665 0.4759259259259259 0.35 0.48055555555555557 0.34739583333333335 0.47962962962962963 0.3453125 0.4666666666666667 0.3453125 0.4537037037037037 0.3494791666666667 0.4527777777777778
1 0.2833333333333333 0.9083333333333333 0.29010416666666666 0.9148148148148149 0.2916666666666667 0.925 0.28125 0.9425925925925925 0.2765625 0.9638888888888889 0.271875 0.962037037037037 0.271875 0.9407407407407408 0.26875 0.9305555555555556 0.2635416666666667 0.925 0.2635416666666667 0.9203703703703704 0.2682291666666667 0.912962962962963 0.2828125 0.9083333333333333
1 0.3416666666666667 0.15648148148148147 0.3453125 0.17592592592592593 0.3489583333333333 0.18425925925925926 0.3489583333333333 0.1925925925925926 0.3416666666666667 0.19166666666666668 0.3380208333333333 0.16111111111111112 0.3385416666666667 0.15462962962962962 0.3411458333333333 0.15648148148148147
1 0.3614583333333333 0.7962962962962963 0.36614583333333334 0.8027777777777778 0.3692708333333333 0.825 0.37447916666666664 0.8379629629629629 0.3697916666666667 0.8583333333333333 0.36614583333333334 0.8601851851851852 0.365625 0.8527777777777777 0.359375 0.8444444444444444 0.35885416666666664 0.8333333333333334 0.3536458333333333 0.8222222222222222 0.35104166666666664 0.8055555555555556 0.3515625 0.8009259259259259 0.35520833333333335 0.7962962962962963 0.3609375 0.7962962962962963
1 0.18645833333333334 0.1537037037037037 0.19114583333333332 0.1638888888888889 0.1921875 0.18055555555555555 0.19427083333333334 0.18518518518518517 0.1921875 0.19074074074074074 0.18697916666666667 0.18518518518518517 0.1828125 0.1685185185185185 0.18333333333333332 0.15833333333333333 0.1859375 0.1537037037037037
1 0.41822916666666665 0.37777777777777777 0.421875 0.38055555555555554 0.4244791666666667 0.3907407407407407 0.4234375 0.4064814814814815 0.42552083333333335 0.4185185185185185 0.4203125 0.4222222222222222 0.41354166666666664 0.3972222222222222 0.41354166666666664 0.38425925925925924 0.41770833333333335 0.3787037037037037
1 0.8416666666666667 0.1574074074074074 0.8453125 0.15648148148148147 0.8458333333333333 0.1712962962962963 0.8385416666666666 0.1962962962962963 0.8333333333333334 0.19907407407407407 0.8375 0.17962962962962964 0.8375 0.17037037037037037 0.8416666666666667 0.15833333333333333
1 0.178125 0.1675925925925926 0.1828125 0.1685185185185185 0.18802083333333333 0.1824074074074074 0.18854166666666666 0.19166666666666668 0.19375 0.20277777777777778 0.18854166666666666 0.20277777777777778 0.18541666666666667 0.20833333333333334 0.178125 0.18518518518518517 0.178125 0.1685185185185185
1 0.6197916666666666 0.8472222222222222 0.6229166666666667 0.850925925925926 0.6213541666666667 0.862037037037037 0.6234375 0.8722222222222222 0.6229166666666667 0.8833333333333333 0.6151041666666667 0.8944444444444445 0.6088541666666667 0.9111111111111111 0.6057291666666667 0.912962962962963 0.6046875 0.9074074074074074 0.6098958333333333 0.8898148148148148 0.609375 0.8787037037037037 0.6057291666666667 0.8648148148148148 0.609375 0.8574074074074074 0.6145833333333334 0.8546296296296296 0.6192708333333333 0.8472222222222222
1 0.04479166666666667 0.3277777777777778 0.04739583333333333 0.32685185185185184 0.05364583333333333 0.33425925925925926 0.05520833333333333 0.3435185185185185 0.06354166666666666 0.3611111111111111 0.06510416666666667 0.37037037037037035 0.0640625 0.37592592592592594 0.06041666666666667 0.37222222222222223 0.057291666666666664 0.3731481481481482 0.05572916666666667 0.38333333333333336 0.05416666666666667 0.3861111111111111 0.0515625 0.38425925925925924 0.05 0.36666666666666664 0.043229166666666666 0.35462962962962963 0.03854166666666667 0.33611111111111114 0.0390625 0.3314814814814815 0.04375 0.3314814814814815 0.04479166666666667 0.3287037037037037
1 0.6927083333333334 0.3037037037037037 0.6958333333333333 0.3037037037037037 0.6984375 0.3175925925925926 0.69375 0.3472222222222222 0.6921875 0.35185185185185186 0.6890625 0.35185185185185186 0.6885416666666667 0.32314814814814813 0.6921875 0.31296296296296294 0.6927083333333334 0.30462962962962964
1 0.6057291666666667 0.1361111111111111 0.6041666666666666 0.10277777777777777 0.60625 0.0962962962962963 0.6088541666666667 0.09537037037037037 0.6125 0.10462962962962963 0.6088541666666667 0.13240740740740742 0.6057291666666667 0.13703703703703704
1 0.0953125 0.2657407407407407 0.10208333333333333 0.27314814814814814 0.11197916666666667 0.29814814814814816 0.1078125 0.3 0.10572916666666667 0.2962962962962963 0.10416666666666667 0.3 0.1046875 0.30648148148148147 0.10208333333333333 0.30648148148148147 0.09322916666666667 0.2712962962962963 0.09479166666666666 0.26666666666666666
1 0.58125 0.262037037037037 0.5833333333333334 0.26944444444444443 0.5833333333333334 0.2898148148148148 0.5776041666666667 0.3175925925925926 0.5755208333333334 0.31666666666666665 0.5755208333333334 0.2740740740740741 0.5770833333333333 0.262037037037037 0.5807291666666666 0.262037037037037
1 0.5947916666666667 0.14351851851851852 0.596875 0.16296296296296298 0.5916666666666667 0.18611111111111112 0.5885416666666666 0.17222222222222222 0.5880208333333333 0.1574074074074074 0.5901041666666667 0.14444444444444443 0.5942708333333333 0.14351851851851852
1 0.15416666666666667 0.1574074074074074 0.16302083333333334 0.18518518518518517 0.15833333333333333 0.18981481481481483 0.146875 0.16574074074074074 0.14791666666666667 0.16111111111111112 0.15364583333333334 0.1574074074074074
1 0.5515625 0.2962962962962963 0.5536458333333333 0.3 0.5536458333333333 0.3175925925925926 0.55 0.3435185185185185 0.5463541666666667 0.3435185185185185 0.5432291666666667 0.3388888888888889 0.5427083333333333 0.32685185185185184 0.5447916666666667 0.30648148148148147 0.5510416666666667 0.2962962962962963
1 0.3572916666666667 0.01574074074074074 0.3614583333333333 0.022222222222222223 0.3614583333333333 0.03611111111111111 0.3567708333333333 0.04351851851851852 0.3546875 0.03888888888888889 0.3536458333333333 0.025 0.3536458333333333 0.018518518518518517 0.3567708333333333 0.01574074074074074
1 0.8325520833333333 0.18425925925925926 0.013020833333333334 0.040740740740740744
1 0.7354166666666667 0.3537037037037037 0.7375 0.36574074074074076 0.73125 0.4009259259259259 0.7270833333333333 0.3990740740740741 0.725 0.38333333333333336 0.7265625 0.37222222222222223 0.7307291666666667 0.3648148148148148 0.7322916666666667 0.35555555555555557 0.7348958333333333 0.3537037037037037
1 0.565625 0.4009259259259259 0.5661458333333333 0.36574074074074076 0.5708333333333333 0.35 0.5744791666666667 0.35185185185185186 0.5770833333333333 0.36203703703703705 0.5776041666666667 0.38425925925925924 0.5682291666666667 0.40185185185185185 0.5661458333333333 0.4009259259259259
1 0.334375 0.8740740740740741 0.346875 0.8962962962962963 0.3463541666666667 0.9009259259259259 0.33958333333333335 0.9074074074074074 0.3390625 0.9175925925925926 0.334375 0.9185185185185185 0.33125 0.9148148148148149 0.3171875 0.887962962962963 0.3171875 0.8842592592592593 0.3223958333333333 0.8768518518518519 0.3338541666666667 0.875
1 0.5911458333333334 0.36944444444444446 0.5947916666666667 0.3712962962962963 0.5984375 0.387037037037037 0.5958333333333333 0.41388888888888886 0.5880208333333333 0.4212962962962963 0.5875 0.38425925925925924 0.5911458333333334 0.37037037037037035
1 0.5083333333333333 0.30833333333333335 0.5119791666666667 0.3074074074074074 0.5171875 0.32407407407407407 0.515625 0.3388888888888889 0.5119791666666667 0.3351851851851852 0.5067708333333333 0.32314814814814813 0.5083333333333333 0.30925925925925923
1 0.3229166666666667 0.044444444444444446 0.3255208333333333 0.049074074074074076 0.32447916666666665 0.07777777777777778 0.32135416666666666 0.07685185185185185 0.3177083333333333 0.06759259259259259 0.315625 0.05 0.3171875 0.04537037037037037 0.3223958333333333 0.044444444444444446
1 0.40625 0.7870370370370371 0.4166666666666667 0.8037037037037037 0.41770833333333335 0.8138888888888889 0.4203125 0.8175925925925925 0.4203125 0.8342592592592593 0.41770833333333335 0.8416666666666667 0.41041666666666665 0.8453703703703703 0.4041666666666667 0.8546296296296296 0.40260416666666665 0.8472222222222222 0.40572916666666664 0.8314814814814815 0.40572916666666664 0.8203703703703704 0.4010416666666667 0.812962962962963 0.39739583333333334 0.825 0.3953125 0.8203703703703704 0.39739583333333334 0.8037037037037037 0.40208333333333335 0.7888888888888889 0.40572916666666664 0.7870370370370371
1 0.5744791666666667 0.13518518518518519 0.5770833333333333 0.13703703703703704 0.5807291666666666 0.15092592592592594 0.578125 0.16203703703703703 0.5776041666666667 0.17592592592592593 0.5744791666666667 0.1787037037037037 0.5734375 0.17592592592592593 0.5739583333333333 0.1361111111111111
1 0.6997395833333333 0.18425925925925926 0.009895833333333333 0.044444444444444446
1 0.45989583333333334 0.7935185185185185 0.46458333333333335 0.7962962962962963 0.46927083333333336 0.8101851851851852 0.475 0.8138888888888889 0.4739583333333333 0.825925925925926 0.46875 0.8287037037037037 0.4578125 0.8537037037037037 0.45364583333333336 0.8537037037037037 0.45729166666666665 0.8407407407407408 0.4546875 0.8101851851851852 0.45677083333333335 0.7972222222222223 0.459375 0.7944444444444444
1 0.7888020833333333 0.21064814814814814 0.0140625 0.04537037037037037