0 0.6776041666666667 0.6277777777777778 0.721875 0.6435185185185185 0.7552083333333334 0.6712962962962963 0.7588541666666667 0.6787037037037037 0.7619791666666667 0.6935185185185185 0.7619791666666667 0.7277777777777777 0.75625 0.7444444444444445 0.7416666666666667 0.7490740740740741 0.734375 0.7481481481481481 0.725 0.7379629629629629 0.69375 0.7240740740740741 0.6796875 0.7194444444444444 0.6682291666666667 0.7203703703703703 0.6520833333333333 0.700925925925926 0.6505208333333333 0.6944444444444444 0.6505208333333333 0.6675925925925926 0.6541666666666667 0.6398148148148148 0.6578125 0.6305555555555555 0.6625 0.6268518518518519 0.6770833333333334 0.6277777777777778
0 0.5135416666666667 0 0.5395833333333333 0 0.5416666666666666 0.012962962962962963 0.5395833333333333 0.03425925925925926 0.5302083333333333 0.049074074074074076 0.5255208333333333 0.06388888888888888 0.521875 0.06666666666666667 0.5067708333333333 0.06481481481481481 0.49947916666666664 0.06018518518518518 0.4984375 0.044444444444444446 0.5046875 0.019444444444444445 0.5135416666666667 0.000925925925925926
0 0.68125 0.37777777777777777 0.6963541666666667 0.3851851851851852 0.7166666666666667 0.4074074074074074 0.728125 0.425 0.734375 0.44166666666666665 0.7442708333333333 0.45740740740740743 0.7463541666666667 0.46944444444444444 0.7447916666666666 0.48333333333333334 0.734375 0.5027777777777778 0.728125 0.5074074074074074 0.7161458333333334 0.5074074074074074 0.7098958333333333 0.5037037037037037 0.7036458333333333 0.48703703703703705 0.6755208333333333 0.45092592592592595 0.6635416666666667 0.4425925925925926 0.6583333333333333 0.41944444444444445 0.6598958333333333 0.4046296296296296 0.6671875 0.3861111111111111 0.6755208333333333 0.3787037037037037 0.6807291666666667 0.37777777777777777
0 0.12864583333333332 0.20277777777777778 0.13802083333333334 0.20555555555555555 0.15104166666666666 0.20277777777777778 0.16614583333333333 0.20925925925925926 0.17604166666666668 0.21666666666666667 0.1828125 0.22962962962962963 0.184375 0.23796296296296296 0.1828125 0.24444444444444444 0.16979166666666667 0.26481481481481484 0.1421875 0.2953703703703704 0.134375 0.3101851851851852 0.12291666666666666 0.32314814814814813 0.1125 0.3212962962962963 0.10260416666666666 0.3111111111111111 0.0984375 0.29814814814814816 0.0765625 0.25833333333333336 0.078125 0.2537037037037037 0.09166666666666666 0.24074074074074073 0.10052083333333334 0.23796296296296296 0.1015625 0.22685185185185186 0.11302083333333333 0.21296296296296297 0.12291666666666666 0.2037037037037037 0.128125 0.20277777777777778
0 0.428125 0 0.4640625 0 0.4671875 0.018518518518518517 0.46770833333333334 0.07037037037037037 0.4609375 0.08888888888888889 0.4515625 0.10462962962962963 0.4473958333333333 0.12129629629629629 0.4270833333333333 0.15462962962962962 0.403125 0.20092592592592592 0.396875 0.22037037037037038 0.3729166666666667 0.25555555555555554 0.35885416666666664 0.25277777777777777 0.3375 0.24074074074074073 0.32864583333333336 0.20462962962962963 0.3203125 0.18888888888888888 0.32083333333333336 0.17777777777777778 0.33697916666666666 0.14351851851851852 0.3411458333333333 0.125 0.3484375 0.10925925925925926 0.36614583333333334 0.08333333333333333 0.37604166666666666 0.0787037037037037 0.384375 0.06944444444444445 0.428125 0.000925925925925926
0 0.5932291666666667 0.03981481481481482 0.6125 0.07407407407407407 0.6125 0.08148148148148149 0.6197916666666666 0.1 0.6197916666666666 0.10925925925925926 0.6161458333333333 0.12037037037037036 0.603125 0.1259259259259259 0.5953125 0.125 0.5880208333333333 0.11851851851851852 0.5833333333333334 0.1037037037037037 0.5703125 0.0787037037037037 0.5708333333333333 0.05648148148148148 0.575 0.046296296296296294 0.5833333333333334 0.03888888888888889 0.5927083333333333 0.03981481481481482
0 0.6041666666666666 0 0.640625 0 0.640625 0.016666666666666666 0.6369791666666667 0.032407407407407406 0.6302083333333334 0.05 0.6234375 0.05740740740740741 0.6130208333333333 0.05555555555555555 0.6057291666666667 0.05 0.6046875 0.03333333333333333 0.6015625 0.025925925925925925 0.6015625 0.012037037037037037 0.6041666666666666 0.000925925925925926
0 0.7447916666666666 0.22314814814814815 0.759375 0.23425925925925925 0.775 0.25092592592592594 0.7828125 0.2638888888888889 0.7828125 0.29259259259259257 0.7739583333333333 0.30462962962962964 0.7619791666666667 0.3037037037037037 0.7479166666666667 0.2962962962962963 0.74375 0.2851851851851852 0.7442708333333333 0.22407407407407406
1 0.4473958333333333 0.44722222222222224 0.453125 0.4564814814814815 0.4552083333333333 0.46944444444444444 0.45208333333333334 0.5 0.44947916666666665 0.5083333333333333 0.446875 0.5055555555555555 0.44583333333333336 0.48333333333333334 0.4395833333333333 0.47685185185185186 0.4390625 0.4722222222222222 0.4427083333333333 0.44814814814814813 0.446875 0.44722222222222224
1 0.8453125 0.16018518518518518 0.8489583333333334 0.16203703703703703 0.8510416666666667 0.175 0.8421875 0.1962962962962963 0.8416666666666667 0.20277777777777778 0.8380208333333333 0.2037037037037037 0.8369791666666667 0.2 0.8395833333333333 0.1814814814814815 0.8453125 0.16111111111111112
1 0.6864583333333333 0.1648148148148148 0.6875 0.17777777777777778 0.6854166666666667 0.1962962962962963 0.678125 0.21203703703703702 0.6760416666666667 0.2111111111111111 0.678125 0.19814814814814816 0.6770833333333334 0.1824074074074074 0.6833333333333333 0.16666666666666666 0.6859375 0.1648148148148148
1 0.44427083333333334 0.937962962962963 0.446875 0.9462962962962963 0.4432291666666667 0.9703703703703703 0.44895833333333335 0.9796296296296296 0.44635416666666666 0.9851851851851852 0.4421875 0.9851851851851852 0.4390625 0.9805555555555555 0.4359375 0.9842592592592593 0.4322916666666667 0.9824074074074074 0.428125 0.9555555555555556 0.42864583333333334 0.95 0.4354166666666667 0.9361111111111111 0.4395833333333333 0.9342592592592592 0.44375 0.937962962962963
1 0.41458333333333336 0.3425925925925926 0.42135416666666664 0.35 0.425 0.35833333333333334 0.425 0.37592592592592594 0.42135416666666664 0.39351851851851855 0.41770833333333335 0.39351851851851855 0.41510416666666666 0.37407407407407406 0.4109375 0.3731481481481482 0.409375 0.36944444444444446 0.4140625 0.3435185185185185
1 0.16458333333333333 0.01574074074074074 0.16822916666666668 0.013888888888888888 0.17135416666666667 0.019444444444444445 0.178125 0.04722222222222222 0.1765625 0.05185185185185185 0.17135416666666667 0.05277777777777778 0.16458333333333333 0.02962962962962963 0.16458333333333333 0.016666666666666666
1 0.4713541666666667 0.3287037037037037 0.47708333333333336 0.3388888888888889 0.478125 0.34629629629629627 0.47708333333333336 0.37592592592592594 0.4713541666666667 0.39166666666666666 0.46875 0.38981481481481484 0.4703125 0.3685185185185185 0.465625 0.3453703703703704 0.4708333333333333 0.3287037037037037
1 0.9083333333333333 0.5138888888888888 0.9114583333333334 0.5175925925925926 0.9109375 0.5370370370370371 0.9067708333333333 0.5462962962962963 0.8979166666666667 0.5509259259259259 0.8869791666666667 0.5666666666666667 0.8802083333333334 0.5611111111111111 0.8838541666666667 0.55 0.8973958333333333 0.5194444444444445 0.9078125 0.5138888888888888
1 0.5536458333333333 0.25555555555555554 0.5557291666666667 0.24166666666666667 0.5552083333333333 0.22314814814814815 0.5572916666666666 0.20925925925925926 0.559375 0.2074074074074074 0.5640625 0.21388888888888888 0.5651041666666666 0.2222222222222222 0.5619791666666667 0.24351851851851852 0.5583333333333333 0.2490740740740741 0.5572916666666666 0.2564814814814815 0.5541666666666667 0.25555555555555554
1 0.546875 0.009259259259259259 0.55 0.017592592592592594 0.5505208333333333 0.032407407407407406 0.5484375 0.04259259259259259 0.5489583333333333 0.053703703703703705 0.5463541666666667 0.05740740740740741 0.5432291666666667 0.05462962962962963 0.5421875 0.041666666666666664 0.5427083333333333 0.020370370370370372 0.5463541666666667 0.009259259259259259
1 0.1203125 0.05 0.1234375 0.053703703703703705 0.128125 0.075 0.134375 0.08333333333333333 0.13541666666666666 0.08796296296296297 0.13333333333333333 0.09074074074074075 0.1296875 0.08518518518518518 0.12552083333333333 0.08518518518518518 0.12291666666666666 0.08888888888888889 0.11822916666666666 0.07777777777777778 0.11666666666666667 0.05462962962962963 0.11979166666666667 0.05
1 0.4390625 0.33611111111111114 0.4421875 0.33796296296296297 0.44635416666666666 0.34814814814814815 0.44583333333333336 0.38425925925925924 0.43697916666666664 0.37222222222222223 0.4348958333333333 0.3472222222222222 0.43854166666666666 0.337037037037037
1 0.9572916666666667 0.5046296296296297 0.959375 0.5231481481481481 0.9484375 0.5462962962962963 0.9453125 0.549074074074074 0.9390625 0.5481481481481482 0.9338541666666667 0.5388888888888889 0.9385416666666667 0.5166666666666667 0.9520833333333333 0.5046296296296297 0.9567708333333333 0.5046296296296297
1 0.31666666666666665 0.862037037037037 0.321875 0.8638888888888889 0.32916666666666666 0.8796296296296297 0.33125 0.8935185185185185 0.33489583333333334 0.9009259259259259 0.33489583333333334 0.9046296296296297 0.33177083333333335 0.9083333333333333 0.32708333333333334 0.9083333333333333 0.3203125 0.8981481481481481 0.3104166666666667 0.8907407407407407 0.3125 0.8768518518518519 0.3098958333333333 0.8703703703703703 0.3098958333333333 0.8638888888888889 0.31614583333333335 0.862037037037037
1 0.8953125 0.48703703703703705 0.8973958333333333 0.49537037037037035 0.8942708333333333 0.5092592592592593 0.8869791666666667 0.512962962962963 0.8796875 0.525 0.8734375 0.5305555555555556 0.8703125 0.5296296296296297 0.8692708333333333 0.525 0.875 0.5083333333333333 0.875 0.4981481481481482 0.8833333333333333 0.487962962962963 0.8947916666666667 0.48703703703703705
1 0.46770833333333334 0.44074074074074077 0.4734375 0.45740740740740743 0.4713541666666667 0.49907407407407406 0.46770833333333334 0.4962962962962963 0.4630208333333333 0.4722222222222222 0.459375 0.46296296296296297 0.45989583333333334 0.4546296296296296 0.4640625 0.4425925925925926 0.4671875 0.44074074074074077
1 0.58125 0.8111111111111111 0.5828125 0.8175925925925925 0.5822916666666667 0.8583333333333333 0.5776041666666667 0.8574074074074074 0.575 0.850925925925926 0.5697916666666667 0.8462962962962963 0.571875 0.8240740740740741 0.5760416666666667 0.812037037037037 0.5807291666666666 0.8111111111111111
1 0.20989583333333334 0.9425925925925925 0.21979166666666666 0.9490740740740741 0.21302083333333333 0.9527777777777777 0.2203125 0.9564814814814815 0.22760416666666666 0.9842592592592593 0.2265625 0.9907407407407407 0.2203125 0.9990740740740741 0.2125 0.9990740740740741 0.20989583333333334 0.9962962962962963 0.2046875 0.9842592592592593 0.20364583333333333 0.9768518518518519 0.19895833333333332 0.9694444444444444 0.19739583333333333 0.9601851851851851 0.19166666666666668 0.9564814814814815 0.1921875 0.9490740740740741 0.196875 0.9453703703703704 0.209375 0.9425925925925925
1 0.5197916666666667 0.175 0.5229166666666667 0.1787037037037037 0.5234375 0.2064814814814815 0.5223958333333333 0.20925925925925926 0.5182291666666666 0.20462962962962963 0.515625 0.2212962962962963 0.5140625 0.2175925925925926 0.5130208333333334 0.18796296296296297 0.5145833333333333 0.18055555555555555 0.5192708333333333 0.175
1 0.0796875 0.14537037037037037 0.08541666666666667 0.15462962962962962 0.08333333333333333 0.16018518518518518 0.08645833333333333 0.17962962962962964 0.08489583333333334 0.18518518518518517 0.078125 0.17222222222222222 0.06979166666666667 0.14166666666666666 0.07239583333333334 0.13703703703703704 0.07916666666666666 0.14537037037037037
1 0.453125 0.33796296296296297 0.45729166666666665 0.35 0.4588541666666667 0.38055555555555554 0.45729166666666665 0.3851851851851852 0.44947916666666665 0.3907407407407407 0.44635416666666666 0.38055555555555554 0.446875 0.3472222222222222 0.44947916666666665 0.337037037037037 0.45260416666666664 0.33796296296296297
1 0.1015625 0.07685185185185185 0.10677083333333333 0.07962962962962963 0.11145833333333334 0.09351851851851851 0.11197916666666667 0.10185185185185185 0.11770833333333333 0.11574074074074074 0.1171875 0.12222222222222222 0.11302083333333333 0.13055555555555556 0.10833333333333334 0.11296296296296296 0.10416666666666667 0.10740740740740741 0.0984375 0.08425925925925926 0.0984375 0.07685185185185185 0.10104166666666667 0.07685185185185185
1 0.3109375 0.5509259259259259 0.31875 0.5611111111111111 0.32135416666666666 0.5731481481481482 0.32916666666666666 0.5842592592592593 0.328125 0.5898148148148148 0.32083333333333336 0.5833333333333334 0.31875 0.5851851851851851 0.31354166666666666 0.6074074074074074 0.3109375 0.6074074074074074 0.3125 0.5962962962962963 0.3104166666666667 0.5898148148148148 0.31145833333333334 0.5796296296296296 0.30520833333333336 0.5537037037037037 0.3104166666666667 0.5509259259259259
1 0.7809895833333333 0.6421296296296296 0.028645833333333332 0.05092592592592592
1 0.8260416666666667 0.27037037037037037 0.8286458333333333 0.2722222222222222 0.8317708333333333 0.2824074074074074 0.8322916666666667 0.29074074074074074 0.8296875 0.2962962962962963 0.8177083333333334 0.29074074074074074 0.8161458333333333 0.2861111111111111 0.8171875 0.2796296296296296 0.8255208333333334 0.27037037037037037
1 0 0.24259259259259258 0.0036458333333333334 0.24444444444444444 0.019270833333333334 0.26851851851851855 0.016666666666666666 0.2712962962962963 0.011979166666666667 0.27037037037037037 0.009375 0.2824074074074074 0.005208333333333333 0.2833333333333333 0.0020833333333333333 0.26944444444444443 0 0.26851851851851855 0 0.24351851851851852
1 0.05364583333333333 0.13518518518518519 0.059895833333333336 0.14351851851851852 0.06197916666666667 0.15555555555555556 0.06822916666666666 0.1648148148148148 0.0671875 0.18055555555555555 0.06354166666666666 0.1787037037037037 0.058333333333333334 0.1638888888888889 0.049479166666666664 0.15185185185185185 0.049479166666666664 0.13703703703703704 0.053125 0.13518518518518519
1 0.296875 0.6277777777777778 0.309375 0.6435185185185185 0.31614583333333335 0.6657407407407407 0.31614583333333335 0.674074074074074 0.30885416666666665 0.6787037037037037 0.30364583333333334 0.6675925925925926 0.29583333333333334 0.6592592592592592 0.29322916666666665 0.6518518518518519 0.29322916666666665 0.6435185185185185 0.29635416666666664 0.6287037037037037
1 0.6682291666666667 0.17314814814814813 0.6692708333333334 0.18981481481481483 0.6645833333333333 0.20092592592592592 0.6635416666666667 0.2212962962962963 0.6614583333333334 0.22685185185185186 0.6588541666666666 0.22314814814814815 0.6557291666666667 0.2037037037037037 0.6609375 0.18055555555555555 0.6677083333333333 0.17314814814814813
1 0.7088541666666667 0.2675925925925926 0.7109375 0.27870370370370373 0.7104166666666667 0.2935185185185185 0.70625 0.30185185185185187 0.7020833333333333 0.3212962962962963 0.6994791666666667 0.32407407407407407 0.6979166666666666 0.31574074074074077 0.6921875 0.3148148148148148 0.6921875 0.3111111111111111 0.6984375 0.2953703703703704 0.6994791666666667 0.27685185185185185 0.70625 0.26666666666666666 0.7083333333333334 0.2675925925925926
1 0.16041666666666668 0.030555555555555555 0.16979166666666667 0.05648148148148148 0.16822916666666668 0.06388888888888888 0.165625 0.06666666666666667 0.15989583333333332 0.05648148148148148 0.15364583333333334 0.03611111111111111 0.15364583333333334 0.030555555555555555 0.15572916666666667 0.027777777777777776 0.1578125 0.026851851851851852 0.15989583333333332 0.030555555555555555
1 0.12291666666666666 0.08703703703703704 0.12135416666666667 0.09444444444444444 0.12604166666666666 0.11574074074074074 0.13020833333333334 0.125 0.1296875 0.13240740740740742 0.1265625 0.13518518518518519 0.125 0.12777777777777777 0.1125 0.10555555555555556 0.11145833333333334 0.1 0.11145833333333334 0.09537037037037037 0.11458333333333333 0.09074074074074075 0.12239583333333333 0.08796296296296297
1 0.016666666666666666 0.18333333333333332 0.022916666666666665 0.1925925925925926 0.030729166666666665 0.21574074074074073 0.029166666666666667 0.22407407407407406 0.026041666666666668 0.22777777777777777 0.0109375 0.1925925925925926 0.0109375 0.18796296296296297 0.016145833333333335 0.18333333333333332
1 0.7515625 0.12685185185185185 0.7494791666666667 0.11851851851851852 0.7494791666666667 0.09259259259259259 0.7510416666666667 0.08333333333333333 0.7588541666666667 0.075 0.7619791666666667 0.08425925925925926 0.7619791666666667 0.09166666666666666 0.7552083333333334 0.10740740740740741 0.7515625 0.1259259259259259
1 0.0828125 0.06111111111111111 0.08854166666666667 0.07222222222222222 0.090625 0.08981481481481482 0.09322916666666667 0.0962962962962963 0.0921875 0.10185185185185185 0.0765625 0.075 0.07760416666666667 0.06388888888888888 0.08229166666666667 0.06111111111111111
1 0.9958333333333333 0.5722222222222222 0.9994791666666667 0.5731481481481482 0.9994791666666667 0.6046296296296296 0.9947916666666666 0.612037037037037 0.9875 0.6074074074074074 0.9786458333333333 0.6101851851851852 0.9744791666666667 0.6083333333333333 0.9744791666666667 0.6055555555555555 0.9854166666666667 0.5935185185185186 0.9854166666666667 0.5861111111111111 0.9828125 0.5842592592592593 0.984375 0.5805555555555556 0.9875 0.5861111111111111 0.9921875 0.5777777777777777 0.9921875 0.5740740740740741 0.9953125 0.5722222222222222
1 0.8020833333333334 0.18333333333333332 0.8020833333333334 0.2 0.7932291666666667 0.23333333333333334 0.7885416666666667 0.225 0.7885416666666667 0.21944444444444444 0.7921875 0.20833333333333334 0.79375 0.19444444444444445 0.8015625 0.18333333333333332
1 0.18541666666666667 0.9638888888888889 0.19166666666666668 0.9694444444444444 0.19947916666666668 0.9712962962962963 0.203125 0.9768518518518519 0.20364583333333333 0.9879629629629629 0.19947916666666668 0.9962962962962963 0.1890625 0.9907407407407407 0.175 0.9731481481481481 0.17552083333333332 0.9657407407407408 0.18489583333333334 0.9638888888888889
1 0.5942708333333333 0.225 0.5973958333333333 0.23333333333333334 0.5973958333333333 0.24259259259259258 0.5947916666666667 0.2564814814814815 0.5911458333333334 0.2601851851851852 0.5880208333333333 0.27314814814814814 0.5848958333333333 0.2722222222222222 0.5864583333333333 0.262037037037037 0.5859375 0.23703703703703705 0.590625 0.22314814814814815 0.59375 0.225
1 0.49583333333333335 0.32685185185185184 0.5015625 0.3388888888888889 0.5015625 0.3490740740740741 0.5 0.35833333333333334 0.4947916666666667 0.362962962962963 0.49114583333333334 0.36203703703703705 0.4895833333333333 0.33425925925925926 0.4953125 0.32685185185185184
1 0.453125 0.23148148148148148 0.45625 0.2324074074074074 0.46458333333333335 0.25277777777777777 0.4640625 0.2564814814814815 0.459375 0.2601851851851852 0.45625 0.2916666666666667 0.45364583333333336 0.2898148148148148 0.45416666666666666 0.26944444444444443 0.4484375 0.2518518518518518 0.45260416666666664 0.2324074074074074
1 0.09791666666666667 0.07685185185185185 0.10572916666666667 0.11574074074074074 0.103125 0.12129629629629629 0.09010416666666667 0.08518518518518518 0.090625 0.07777777777777778 0.09739583333333333 0.07685185185185185
1 0.18229166666666666 0.001851851851851852 0.1859375 0.011111111111111112 0.1859375 0.03518518518518519 0.18229166666666666 0.03333333333333333 0.17552083333333332 0.008333333333333333 0.18177083333333333 0.001851851851851852
1 0.41510416666666666 0.6916666666666667 0.42083333333333334 0.6990740740740741 0.42239583333333336 0.7185185185185186 0.428125 0.7305555555555555 0.42864583333333334 0.7379629629629629 0.425 0.737037037037037 0.421875 0.7314814814814815 0.41770833333333335 0.7361111111111112 0.4140625 0.7361111111111112 0.409375 0.7240740740740741 0.40729166666666666 0.7027777777777777 0.4109375 0.6916666666666667 0.41458333333333336 0.6916666666666667
1 0.10677083333333333 0.04537037037037037 0.1140625 0.05277777777777778 0.11666666666666667 0.06018518518518518 0.11614583333333334 0.08796296296296297 0.1109375 0.0787037037037037 0.1046875 0.07407407407407407 0.10572916666666667 0.06759259259259259 0.103125 0.05277777777777778 0.10625 0.04537037037037037
1 0.6333333333333333 0.12777777777777777 0.6369791666666667 0.13518518518518519 0.6385416666666667 0.14537037037037037 0.6333333333333333 0.15648148148148147 0.63125 0.17407407407407408 0.6296875 0.17592592592592593 0.6276041666666666 0.1675925925925926 0.6276041666666666 0.1388888888888889 0.6328125 0.1287037037037037
1 0.4791666666666667 0.7305555555555555 0.484375 0.7481481481481481 0.4859375 0.7675925925925926 0.48072916666666665 0.7824074074074074 0.47708333333333336 0.7870370370370371 0.47708333333333336 0.7694444444444445 0.46979166666666666 0.7583333333333333 0.46979166666666666 0.75 0.4703125 0.7407407407407407 0.47604166666666664 0.7305555555555555 0.4786458333333333 0.7305555555555555
1 0.615625 0.175 0.6192708333333333 0.1787037037037037 0.6223958333333334 0.18888888888888888 0.621875 0.19907407407407407 0.6161458333333333 0.2212962962962963 0.6135416666666667 0.21944444444444444 0.6109375 0.19074074074074074 0.615625 0.17592592592592593
1 0.740625 0.18518518518518517 0.7442708333333333 0.18518518518518517 0.7458333333333333 0.20185185185185187 0.7442708333333333 0.20462962962962963 0.7364583333333333 0.20462962962962963 0.7385416666666667 0.21666666666666667 0.734375 0.22592592592592592 0.7338541666666667 0.23796296296296296 0.7307291666666667 0.23703703703703705 0.7302083333333333 0.23333333333333334 0.7338541666666667 0.2037037037037037 0.7380208333333333 0.2 0.740625 0.18611111111111112
1 0.290625 0.8861111111111111 0.2942708333333333 0.8888888888888888 0.29791666666666666 0.899074074074074 0.30416666666666664 0.9064814814814814 0.30364583333333334 0.9166666666666666 0.30572916666666666 0.9203703703703704 0.30572916666666666 0.9259259259259259 0.30052083333333335 0.9305555555555556 0.2953125 0.9194444444444444 0.2875 0.9138888888888889 0.2859375 0.9037037037037037 0.28229166666666666 0.8962962962962963 0.2864583333333333 0.8870370370370371 0.29010416666666666 0.8861111111111111
1 0.13333333333333333 0.05092592592592592 0.1375 0.049074074074074076 0.140625 0.053703703703703705 0.14375 0.06296296296296296 0.14375 0.0712962962962963 0.1484375 0.08425925925925926 0.146875 0.09074074074074075 0.13645833333333332 0.075 0.13229166666666667 0.06296296296296296 0.13333333333333333 0.05185185185185185
1 0.8072916666666666 0.34074074074074073 0.8104166666666667 0.3416666666666667 0.8104166666666667 0.35462962962962963 0.8072916666666666 0.36018518518518516 0.80625 0.37222222222222223 0.8036458333333333 0.37777777777777777 0.8036458333333333 0.38981481481481484 0.7973958333333333 0.37962962962962965 0.7932291666666667 0.3851851851851852 0.7911458333333333 0.38333333333333336 0.7911458333333333 0.37962962962962965 0.796875 0.36574074074074076 0.7984375 0.35648148148148145 0.8067708333333333 0.3416666666666667
1 0.26197916666666665 0.8935185185185185 0.2677083333333333 0.8861111111111111 0.27239583333333334 0.8861111111111111 0.2755208333333333 0.8962962962962963 0.28177083333333336 0.8962962962962963 0.28541666666666665 0.9009259259259259 0.28958333333333336 0.9203703703703704 0.28958333333333336 0.9259259259259259 0.2864583333333333 0.9324074074074075 0.2833333333333333 0.9314814814814815 0.28125 0.9268518518518518 0.2755208333333333 0.9268518518518518 0.27239583333333334 0.9148148148148149 0.26875 0.9185185185185185 0.2640625 0.9157407407407407 0.26145833333333335 0.9101851851851852 0.26197916666666665 0.8944444444444445