0 0.46458333333333335 0.46296296296296297 0.4703125 0.475 0.47552083333333334 0.5018518518518519 0.4791666666666667 0.5101851851851852 0.48541666666666666 0.55 0.4869791666666667 0.575925925925926 0.48072916666666665 0.5861111111111111 0.45989583333333334 0.5925925925925926 0.453125 0.5907407407407408 0.44947916666666665 0.5842592592592593 0.446875 0.5657407407407408 0.44635416666666666 0.5425925925925926 0.44114583333333335 0.5296296296296297 0.4427083333333333 0.525 0.4390625 0.5064814814814815 0.43854166666666666 0.47962962962962963 0.44635416666666666 0.4638888888888889 0.4552083333333333 0.46111111111111114 0.4640625 0.46296296296296297
0 0.559375 0.18425925925925926 0.5677083333333334 0.19166666666666668 0.5703125 0.20833333333333334 0.5677083333333334 0.23425925925925925 0.5614583333333333 0.25 0.55 0.24722222222222223 0.5427083333333333 0.2351851851851852 0.5432291666666667 0.22037037037037038 0.5463541666666667 0.2111111111111111 0.5494791666666666 0.18611111111111112 0.5588541666666667 0.18425925925925926
0 0.5432291666666667 0.2388888888888889 0.5479166666666667 0.24814814814814815 0.5458333333333333 0.2759259259259259 0.540625 0.2962962962962963 0.5338541666666666 0.29907407407407405 0.51875 0.2935185185185185 0.51875 0.27314814814814814 0.521875 0.25925925925925924 0.5296875 0.24074074074074073 0.534375 0.23796296296296296 0.5427083333333333 0.2388888888888889
0 0.5588541666666667 0.15092592592592594 0.5609375 0.15555555555555556 0.5614583333333333 0.1648148148148148 0.553125 0.175 0.5453125 0.2037037037037037 0.5401041666666667 0.2 0.540625 0.1814814814814815 0.5494791666666666 0.15833333333333333 0.55625 0.15 0.5583333333333333 0.15092592592592594
0 0.6796875 0.6925925925925925 0.70625 0.7092592592592593 0.7255208333333333 0.7268518518518519 0.7416666666666667 0.7435185185185185 0.7489583333333333 0.7574074074074074 0.7661458333333333 0.7796296296296297 0.7723958333333333 0.7962962962962963 0.7723958333333333 0.8148148148148148 0.765625 0.8416666666666667 0.7619791666666667 0.8481481481481481 0.7557291666666667 0.850925925925926 0.7359375 0.8453703703703703 0.7302083333333333 0.8379629629629629 0.7255208333333333 0.825925925925926 0.6916666666666667 0.7925925925925926 0.6916666666666667 0.7759259259259259 0.6890625 0.7666666666666667 0.6854166666666667 0.7648148148148148 0.6786458333333333 0.7796296296296297 0.6723958333333333 0.7787037037037037 0.6541666666666667 0.7453703703703703 0.6541666666666667 0.7268518518518519 0.6645833333333333 0.700925925925926 0.671875 0.6916666666666667 0.6791666666666667 0.6925925925925925
0 0.8640625 0.8796296296296297 0.89375 0.8935185185185185 0.9109375 0.9037037037037037 0.9151041666666667 0.9092592592592592 0.9213541666666667 0.95 0.921875 0.9703703703703703 0.9182291666666667 0.9787037037037037 0.9145833333333333 0.9814814814814815 0.9036458333333334 0.9824074074074074 0.89375 0.9879629629629629 0.8635416666666667 0.9712962962962963 0.8463541666666666 0.9722222222222222 0.8421875 0.9685185185185186 0.8380208333333333 0.9574074074074074 0.834375 0.9435185185185185 0.834375 0.9009259259259259 0.8515625 0.8814814814814815 0.8635416666666667 0.8796296296296297
0 0.6994791666666667 0.2574074074074074 0.7067708333333333 0.26851851851851855 0.7098958333333333 0.27870370370370373 0.71875 0.32037037037037036 0.7166666666666667 0.33611111111111114 0.7135416666666666 0.34074074074074073 0.7078125 0.3425925925925926 0.6947916666666667 0.3416666666666667 0.690625 0.33796296296296297 0.6786458333333333 0.29814814814814816 0.678125 0.27870370370370373 0.6802083333333333 0.26851851851851855 0.6885416666666667 0.2574074074074074 0.6989583333333333 0.2574074074074074
0 0.8260416666666667 0.6361111111111111 0.8583333333333333 0.6564814814814814 0.8651041666666667 0.6648148148148149 0.8671875 0.6953703703703704 0.8651041666666667 0.7240740740740741 0.8536458333333333 0.7175925925925926 0.8333333333333334 0.7175925925925926 0.8239583333333333 0.7101851851851851 0.80625 0.7064814814814815 0.8 0.6990740740740741 0.7989583333333333 0.6805555555555556 0.8109375 0.6444444444444445 0.8166666666666667 0.6361111111111111 0.8255208333333334 0.6361111111111111
0 0.5130208333333334 0.7870370370370371 0.5161458333333333 0.7898148148148149 0.5239583333333333 0.8101851851851852 0.5317708333333333 0.8240740740740741 0.5322916666666667 0.8361111111111111 0.5192708333333333 0.8657407407407407 0.49635416666666665 0.8870370370370371 0.4869791666666667 0.9037037037037037 0.48125 0.9064814814814814 0.4703125 0.8981481481481481 0.4625 0.8694444444444445 0.45989583333333334 0.8546296296296296 0.4635416666666667 0.825925925925926 0.4666666666666667 0.8194444444444444 0.47760416666666666 0.8083333333333333 0.48802083333333335 0.8027777777777778 0.5010416666666667 0.7907407407407407 0.5125 0.7870370370370371
0 0.09739583333333333 0.562037037037037 0.10729166666666666 0.5666666666666667 0.10989583333333333 0.5731481481481482 0.10989583333333333 0.5824074074074074 0.103125 0.5935185185185186 0.09635416666666667 0.6185185185185185 0.09270833333333334 0.6222222222222222 0.08802083333333334 0.6222222222222222 0.07395833333333333 0.6092592592592593 0.07135416666666666 0.5916666666666667 0.07291666666666667 0.5814814814814815 0.08125 0.5675925925925925 0.08802083333333334 0.5694444444444444 0.09166666666666666 0.562962962962963 0.096875 0.562037037037037
0 0.2953125 0 0.39791666666666664 0 0.384375 0.012962962962962963 0.36041666666666666 0.019444444444444445 0.3145833333333333 0.046296296296296294 0.30885416666666665 0.046296296296296294 0.303125 0.03981481481481482 0.29739583333333336 0.022222222222222223 0.2953125 0.000925925925925926
0 0.471875 0.3731481481481482 0.4739583333333333 0.3768518518518518 0.47708333333333336 0.4027777777777778 0.47708333333333336 0.425 0.4703125 0.44722222222222224 0.4671875 0.4462962962962963 0.45989583333333334 0.4351851851851852 0.45416666666666666 0.4148148148148148 0.453125 0.37777777777777777 0.45989583333333334 0.37222222222222223 0.4713541666666667 0.3731481481481482
0 0.3296875 0.26851851851851855 0.33541666666666664 0.2824074074074074 0.33645833333333336 0.3 0.325 0.32592592592592595 0.30885416666666665 0.32037037037037036 0.30572916666666666 0.30648148148148147 0.30572916666666666 0.29074074074074074 0.31614583333333335 0.2722222222222222 0.32395833333333335 0.2675925925925926 0.32916666666666666 0.26851851851851855
0 0.05416666666666667 0.3138888888888889 0.0609375 0.30185185185185187 0.08177083333333333 0.29259259259259257 0.08541666666666667 0.30648148148148147 0.08541666666666667 0.3148148148148148 0.08020833333333334 0.32037037037037036 0.059375 0.32314814814814813 0.0546875 0.3148148148148148
0 0.9447916666666667 0.7805555555555556 0.9739583333333334 0.799074074074074 0.9942708333333333 0.8175925925925925 0.996875 0.837037037037037 0.9963541666666667 0.8629629629629629 0.99375 0.8796296296296297 0.9890625 0.8851851851851852 0.9625 0.8796296296296297 0.9447916666666667 0.8694444444444445 0.9348958333333334 0.8592592592592593 0.9208333333333333 0.8592592592592593 0.9145833333333333 0.8518518518518519 0.9114583333333334 0.8361111111111111 0.9135416666666667 0.8009259259259259 0.9333333333333333 0.7787037037037037 0.9442708333333333 0.7805555555555556
0 0.3026041666666667 0.7194444444444444 0.3072916666666667 0.7231481481481481 0.3078125 0.7305555555555555 0.3104166666666667 0.7314814814814815 0.31302083333333336 0.7388888888888889 0.3104166666666667 0.762962962962963 0.29635416666666664 0.7870370370370371 0.29010416666666666 0.7898148148148149 0.2796875 0.8064814814814815 0.2755208333333333 0.8064814814814815 0.27447916666666666 0.8027777777777778 0.275 0.7685185185185185 0.278125 0.7546296296296297 0.27760416666666665 0.7481481481481481 0.284375 0.7435185185185185 0.2869791666666667 0.7592592592592593 0.2947916666666667 0.7592592592592593 0.29739583333333336 0.7509259259259259 0.29583333333333334 0.7407407407407407 0.30052083333333335 0.7435185185185185 0.30572916666666666 0.7379629629629629 0.30625 0.7287037037037037 0.3026041666666667 0.7203703703703703
0 0.5890625 0.7564814814814815 0.6447916666666667 0.7805555555555556 0.6526041666666667 0.8009259259259259 0.671875 0.8092592592592592 0.6802083333333333 0.8166666666666667 0.6828125 0.8231481481481482 0.6848958333333334 0.8555555555555555 0.6828125 0.8907407407407407 0.6786458333333333 0.9 0.6682291666666667 0.9064814814814814 0.6619791666666667 0.9046296296296297 0.6479166666666667 0.8888888888888888 0.6276041666666666 0.8833333333333333 0.6052083333333333 0.8703703703703703 0.5875 0.8722222222222222 0.5817708333333333 0.8666666666666667 0.5770833333333333 0.8564814814814815 0.5703125 0.8518518518518519 0.5697916666666667 0.8305555555555556 0.5661458333333333 0.8222222222222222 0.5677083333333334 0.8055555555555556 0.5703125 0.7925925925925926 0.5760416666666667 0.7833333333333333 0.578125 0.7722222222222223 0.5848958333333333 0.7574074074074074 0.5885416666666666 0.7564814814814815
0 0.14010416666666667 0.7731481481481481 0.14791666666666667 0.7787037037037037 0.15520833333333334 0.7898148148148149 0.16510416666666666 0.8101851851851852 0.16822916666666668 0.8277777777777777 0.15364583333333334 0.8203703703703704 0.14635416666666667 0.8287037037037037 0.13958333333333334 0.8268518518518518 0.1328125 0.8296296296296296 0.1296875 0.8416666666666667 0.13229166666666667 0.8425925925925926 0.1328125 0.8481481481481481 0.1375 0.8518518518518519 0.14010416666666667 0.8583333333333333 0.14010416666666667 0.8657407407407407 0.1375 0.8731481481481481 0.12083333333333333 0.8935185185185185 0.10989583333333333 0.9009259259259259 0.103125 0.912962962962963 0.09791666666666667 0.912962962962963 0.09479166666666666 0.9083333333333333 0.09375 0.8925925925925926 0.08489583333333334 0.8759259259259259 0.084375 0.8425925925925926 0.09479166666666666 0.8203703703703704 0.10625 0.8055555555555556 0.1109375 0.7953703703703704 0.13125 0.774074074074074 0.13958333333333334 0.7731481481481481
0 0.30572916666666666 0.275 0.309375 0.27870370370370373 0.30625 0.29074074074074074 0.3072916666666667 0.3 0.30572916666666666 0.30925925925925923 0.296875 0.31851851851851853 0.28802083333333334 0.3351851851851852 0.2703125 0.3333333333333333 0.26458333333333334 0.3287037037037037 0.26145833333333335 0.3175925925925926 0.26197916666666665 0.30462962962962964 0.26927083333333335 0.2898148148148148 0.2791666666666667 0.27870370370370373 0.30520833333333336 0.275
0 0.22239583333333332 0.24166666666666667 0.23697916666666666 0.24722222222222223 0.2515625 0.25925925925925924 0.25885416666666666 0.2824074074074074 0.2598958333333333 0.2953703703703704 0.2520833333333333 0.3101851851851852 0.24010416666666667 0.31851851851851853 0.21927083333333333 0.3398148148148148 0.21666666666666667 0.35 0.2109375 0.3592592592592593 0.19739583333333333 0.3611111111111111 0.18177083333333333 0.3574074074074074 0.175 0.3527777777777778 0.1703125 0.3425925925925926 0.15833333333333333 0.29814814814814816 0.15833333333333333 0.2916666666666667 0.16770833333333332 0.27870370370370373 0.20520833333333333 0.2462962962962963 0.21302083333333333 0.24166666666666667 0.221875 0.24166666666666667
0 0.171875 0.5055555555555555 0.18229166666666666 0.5111111111111111 0.19583333333333333 0.5333333333333333 0.1953125 0.5472222222222223 0.184375 0.5685185185185185 0.17604166666666668 0.5805555555555556 0.15416666666666667 0.5888888888888889 0.14791666666666667 0.5861111111111111 0.14166666666666666 0.5675925925925925 0.140625 0.5518518518518518 0.14635416666666667 0.5370370370370371 0.15833333333333333 0.5185185185185185 0.17135416666666667 0.5064814814814815
0 0.8239583333333333 0.9435185185185185 0.8322916666666667 0.95 0.8322916666666667 0.9712962962962963 0.8244791666666667 0.9777777777777777 0.8046875 0.9814814814814815 0.7786458333333334 0.9787037037037037 0.775 0.9712962962962963 0.7739583333333333 0.9527777777777777 0.7786458333333334 0.9481481481481482 0.7864583333333334 0.9481481481481482 0.7994791666666666 0.9425925925925925 0.8135416666666667 0.924074074074074 0.8166666666666667 0.925 0.8208333333333333 0.9324074074074075 0.8234375 0.9435185185185185
0 0.5057291666666667 0.23333333333333334 0.5088541666666667 0.2388888888888889 0.509375 0.26851851851851855 0.4953125 0.28703703703703703 0.49270833333333336 0.2851851851851852 0.4895833333333333 0.2722222222222222 0.4901041666666667 0.25092592592592594 0.49583333333333335 0.23425925925925925 0.5052083333333334 0.23333333333333334
0 0 0.7092592592592593 0.015104166666666667 0.712037037037037 0.01875 0.7203703703703703 0.01875 0.7277777777777777 0.011979166666666667 0.7379629629629629 0 0.7444444444444445 0 0.7101851851851851
0 0.5739583333333333 0 0.5869791666666667 0 0.596875 0.003703703703703704 0.609375 0.009259259259259259 0.6130208333333333 0.01574074074074074 0.6098958333333333 0.03611111111111111 0.6098958333333333 0.05 0.5984375 0.05555555555555555 0.5708333333333333 0.032407407407407406 0.5703125 0.008333333333333333 0.5739583333333333 0.000925925925925926
0 0.14739583333333334 0.40370370370370373 0.15052083333333333 0.4111111111111111 0.1578125 0.4074074074074074 0.1625 0.41388888888888886 0.16822916666666668 0.4166666666666667 0.17083333333333334 0.42314814814814816 0.16822916666666668 0.4351851851851852 0.15729166666666666 0.44907407407407407 0.1515625 0.45185185185185184 0.14375 0.44814814814814813 0.1421875 0.44166666666666665 0.14583333333333334 0.41574074074074074 0.14375 0.40555555555555556 0.146875 0.40370370370370373
0 0.6052083333333333 0.3888888888888889 0.03333333333333333 0.06851851851851852
0 0.48385416666666664 0.08333333333333333 0.48802083333333335 0.08796296296296297 0.4875 0.09444444444444444 0.4828125 0.09907407407407408 0.478125 0.11018518518518519 0.4703125 0.11296296296296296 0.4666666666666667 0.11296296296296296 0.46458333333333335 0.10925925925925926 0.46510416666666665 0.08981481481481482 0.4713541666666667 0.08333333333333333 0.48333333333333334 0.08333333333333333
0 0.14895833333333333 0.4685185185185185 0.15989583333333332 0.4759259259259259 0.1609375 0.48703703703703705 0.15364583333333334 0.5009259259259259 0.13697916666666668 0.5185185185185185 0.13020833333333334 0.5138888888888888 0.128125 0.5092592592592593 0.12916666666666668 0.4935185185185185 0.13020833333333334 0.49074074074074076 0.13385416666666666 0.4925925925925926 0.140625 0.4888888888888889 0.1421875 0.4861111111111111 0.14114583333333333 0.47314814814814815 0.1484375 0.4685185185185185
0 0.5083333333333333 0.2972222222222222 0.5119791666666667 0.30185185185185187 0.5151041666666667 0.2972222222222222 0.5192708333333333 0.2972222222222222 0.521875 0.30277777777777776 0.5244791666666667 0.3277777777777778 0.5229166666666667 0.34629629629629627 0.5119791666666667 0.3611111111111111 0.5046875 0.3453703703703704 0.5046875 0.30648148148148147 0.5078125 0.29814814814814816
0 0.4947916666666667 0.04537037037037037 0.5015625 0.053703703703703705 0.49583333333333335 0.06481481481481481 0.49583333333333335 0.08518518518518518 0.49166666666666664 0.09166666666666666 0.4869791666666667 0.09166666666666666 0.484375 0.08518518518518518 0.478125 0.08055555555555556 0.47604166666666664 0.0712962962962963 0.47604166666666664 0.05648148148148148 0.48072916666666665 0.05 0.4901041666666667 0.044444444444444446 0.4942708333333333 0.04537037037037037
0 0.984375 0.6703703703703704 0.9994791666666667 0.6768518518518518 0.9994791666666667 0.7361111111111112 0.9927083333333333 0.7388888888888889 0.984375 0.7546296296296297 0.9760416666666667 0.7592592592592593 0.965625 0.7546296296296297 0.9567708333333333 0.737037037037037 0.9489583333333333 0.7074074074074074 0.9484375 0.687962962962963 0.9541666666666667 0.6777777777777778 0.9619791666666667 0.6703703703703704 0.9838541666666667 0.6703703703703704
0 0.8317708333333333 0.7203703703703703 0.8567708333333334 0.7222222222222222 0.8645833333333334 0.7305555555555555 0.8723958333333334 0.7527777777777778 0.8677083333333333 0.7620370370370371 0.8661458333333333 0.7722222222222223 0.8526041666666667 0.7907407407407407 0.8255208333333334 0.8009259259259259 0.8182291666666667 0.8092592592592592 0.8125 0.8074074074074075 0.803125 0.7907407407407407 0.7958333333333333 0.7685185185185185 0.7942708333333334 0.7574074074074074 0.8104166666666667 0.7296296296296296 0.83125 0.7203703703703703
0 0.5333333333333333 0.6259259259259259 0.5729166666666666 0.6435185185185185 0.5833333333333334 0.6509259259259259 0.6072916666666667 0.6759259259259259 0.6104166666666667 0.687962962962963 0.6104166666666667 0.6981481481481482 0.6057291666666667 0.7277777777777777 0.6015625 0.7361111111111112 0.590625 0.7435185185185185 0.584375 0.7416666666666667 0.5739583333333333 0.7287037037037037 0.5338541666666666 0.7101851851851851 0.5229166666666667 0.7138888888888889 0.51875 0.712037037037037 0.5052083333333334 0.6925925925925925 0.5041666666666667 0.6796296296296296 0.5057291666666667 0.6675925925925926 0.5098958333333333 0.6444444444444445 0.5145833333333333 0.6305555555555555 0.521875 0.6240740740740741 0.5328125 0.6259259259259259
0 0.4875 0.7342592592592593 0.4979166666666667 0.7277777777777777 0.5119791666666667 0.7574074074074074 0.5088541666666667 0.7675925925925926 0.5020833333333333 0.774074074074074 0.48489583333333336 0.7824074074074074 0.4791666666666667 0.7898148148148149 0.47291666666666665 0.7898148148148149 0.46927083333333336 0.7777777777777778 0.46979166666666666 0.762962962962963 0.4734375 0.7574074074074074 0.48072916666666665 0.7592592592592593 0.484375 0.7527777777777778 0.48854166666666665 0.7583333333333333 0.4901041666666667 0.7518518518518519 0.4859375 0.7472222222222222 0.4875 0.7351851851851852
0 0.5213541666666667 0.3675925925925926 0.5276041666666667 0.37592592592592594 0.534375 0.39444444444444443 0.5411458333333333 0.4222222222222222 0.5479166666666667 0.4388888888888889 0.5494791666666666 0.45185185185185184 0.5473958333333333 0.4666666666666667 0.5385416666666667 0.4740740740740741 0.5286458333333334 0.47685185185185186 0.5203125 0.475 0.5171875 0.47129629629629627 0.5140625 0.4564814814814815 0.5078125 0.4444444444444444 0.5041666666666667 0.43148148148148147 0.5 0.40555555555555556 0.5005208333333333 0.3851851851851852 0.5036458333333333 0.37592592592592594 0.5083333333333333 0.36944444444444446 0.5208333333333334 0.3675925925925926
0 0.7052083333333333 0.9314814814814815 0.7229166666666667 0.95 0.7270833333333333 0.9601851851851851 0.7270833333333333 0.9703703703703703 0.7213541666666666 0.9805555555555555 0.709375 0.9851851851851852 0.7125 0.9731481481481481 0.7057291666666666 0.9592592592592593 0.7046875 0.95 0.6984375 0.9425925925925925 0.6932291666666667 0.9490740740740741 0.6932291666666667 0.9629629629629629 0.6979166666666666 0.9768518518518519 0.7052083333333333 0.987037037037037 0.6994791666666667 0.9888888888888889 0.6958333333333333 0.9861111111111112 0.6864583333333333 0.9907407407407407 0.6765625 0.9888888888888889 0.6739583333333333 0.9805555555555555 0.6734375 0.9638888888888889 0.684375 0.9407407407407408 0.6932291666666667 0.9398148148148148 0.6958333333333333 0.9342592592592592 0.7046875 0.9314814814814815
0 0.58125 0.07222222222222222 0.5822916666666667 0.08148148148148149 0.5796875 0.09537037037037037 0.5682291666666667 0.11481481481481481 0.5625 0.13333333333333333 0.55 0.1537037037037037 0.5260416666666666 0.14722222222222223 0.525 0.1398148148148148 0.5291666666666667 0.10185185185185185 0.5604166666666667 0.06851851851851852 0.56875 0.06759259259259259 0.5807291666666666 0.07222222222222222
0 0.6703125 0.5777777777777777 0.7083333333333334 0.6046296296296296 0.71875 0.6157407407407407 0.7375 0.6435185185185185 0.7411458333333333 0.6657407407407407 0.734375 0.6962962962962963 0.71875 0.7074074074074074 0.7130208333333333 0.7074074074074074 0.7088541666666667 0.7037037037037037 0.7041666666666667 0.6916666666666667 0.6708333333333333 0.6620370370370371 0.6536458333333334 0.6592592592592592 0.646875 0.65 0.6421875 0.6240740740740741 0.64375 0.6055555555555555 0.6552083333333333 0.5842592592592593 0.6640625 0.5777777777777777 0.6697916666666667 0.5777777777777777
0 0.6161458333333333 0.42314814814814816 0.6244791666666667 0.43148148148148147 0.6427083333333333 0.46296296296296297 0.6645833333333333 0.5148148148148148 0.6651041666666667 0.5305555555555556 0.6625 0.5425925925925926 0.6546875 0.55 0.6442708333333333 0.5537037037037037 0.6322916666666667 0.5537037037037037 0.6286458333333333 0.5509259259259259 0.6260416666666667 0.5472222222222223 0.6239583333333333 0.5324074074074074 0.6041666666666666 0.4981481481481482 0.5953125 0.49166666666666664 0.5916666666666667 0.4842592592592593 0.5885416666666666 0.46111111111111114 0.5911458333333334 0.4398148148148148 0.6026041666666667 0.42407407407407405 0.615625 0.42314814814814816
0 0.2203125 0.8796296296296297 0.22708333333333333 0.8972222222222223 0.2265625 0.9092592592592592 0.22395833333333334 0.9185185185185185 0.21302083333333333 0.9324074074074075 0.20416666666666666 0.9490740740740741 0.19739583333333333 0.950925925925926 0.19270833333333334 0.9657407407407408 0.18645833333333334 0.9768518518518519 0.17916666666666667 0.9814814814814815 0.175 0.9814814814814815 0.17291666666666666 0.9768518518518519 0.1734375 0.9638888888888889 0.1765625 0.9527777777777777 0.17552083333333332 0.9388888888888889 0.18020833333333333 0.9175925925925926 0.1890625 0.9120370370370371 0.19270833333333334 0.9166666666666666 0.19114583333333332 0.9324074074074075 0.19739583333333333 0.9342592592592592 0.19947916666666668 0.9388888888888889 0.203125 0.937037037037037 0.20416666666666666 0.9287037037037037 0.20833333333333334 0.9212962962962963 0.20260416666666667 0.9175925925925926 0.2078125 0.9101851851851852 0.2046875 0.8972222222222223 0.20052083333333334 0.8898148148148148 0.20572916666666666 0.8851851851851852 0.21458333333333332 0.8870370370370371 0.21979166666666666 0.8805555555555555
0 0.7614583333333333 0.4074074074074074 0.76875 0.41574074074074074 0.771875 0.4388888888888889 0.7666666666666667 0.4398148148148148 0.7515625 0.43333333333333335 0.7489583333333333 0.4351851851851852 0.7619791666666667 0.44907407407407407 0.7723958333333333 0.45555555555555555 0.7770833333333333 0.46296296296296297 0.7807291666666667 0.5 0.7791666666666667 0.5092592592592593 0.771875 0.5092592592592593 0.765625 0.5157407407407407 0.7526041666666666 0.5138888888888888 0.7447916666666666 0.5083333333333333 0.7416666666666667 0.5 0.7432291666666667 0.487962962962963 0.7421875 0.48148148148148145 0.7286458333333333 0.46296296296296297 0.7307291666666667 0.44074074074074077 0.7338541666666667 0.4324074074074074 0.740625 0.4287037037037037 0.7395833333333334 0.41759259259259257 0.7427083333333333 0.4101851851851852 0.7515625 0.4064814814814815 0.7609375 0.4074074074074074
1 0.26458333333333334 0.8351851851851851 0.27239583333333334 0.8425925925925926 0.27447916666666666 0.8518518518518519 0.2755208333333333 0.8833333333333333 0.26927083333333335 0.9009259259259259 0.26510416666666664 0.9 0.26197916666666665 0.8759259259259259 0.2557291666666667 0.8666666666666667 0.2598958333333333 0.8379629629629629 0.2640625 0.8351851851851851
1 0.49947916666666664 0.5180555555555556 0.010416666666666666 0.04722222222222222
1 0.18229166666666666 0.7657407407407407 0.19010416666666666 0.7712962962962963 0.19322916666666667 0.7768518518518519 0.19791666666666666 0.7962962962962963 0.203125 0.8064814814814815 0.20364583333333333 0.8111111111111111 0.2015625 0.812962962962963 0.19583333333333333 0.8046296296296296 0.19270833333333334 0.8046296296296296 0.1921875 0.8148148148148148 0.18958333333333333 0.8175925925925925 0.18177083333333333 0.7935185185185185 0.18072916666666666 0.7787037037037037 0.17760416666666667 0.7731481481481481 0.178125 0.7685185185185185 0.18177083333333333 0.7657407407407407
1 0.5942708333333333 0.28703703703703703 0.009375 0.040740740740740744
1 0.06614583333333333 0.33055555555555555 0.07083333333333333 0.3388888888888889 0.07239583333333334 0.3490740740740741 0.07916666666666666 0.3592592592592593 0.071875 0.3685185185185185 0.059895833333333336 0.33796296296296297 0.06145833333333333 0.33055555555555555 0.065625 0.33055555555555555
1 0.5739583333333333 0.2712962962962963 0.5760416666666667 0.2759259259259259 0.5770833333333333 0.2898148148148148 0.5755208333333334 0.3101851851851852 0.571875 0.3101851851851852 0.5697916666666667 0.28888888888888886 0.5708333333333333 0.2740740740740741 0.5734375 0.2722222222222222
1 0.011979166666666667 0.4083333333333333 0.017708333333333333 0.4212962962962963 0.0140625 0.42314814814814816 0.011979166666666667 0.41944444444444445 0.008854166666666666 0.42777777777777776 0.0036458333333333334 0.4148148148148148 0.011458333333333333 0.4083333333333333
1 0.5557291666666667 0.38796296296296295 0.5588541666666667 0.3962962962962963 0.559375 0.4083333333333333 0.5552083333333333 0.4222222222222222 0.553125 0.4388888888888889 0.55 0.4388888888888889 0.5494791666666666 0.4351851851851852 0.5505208333333333 0.41759259259259257 0.5489583333333333 0.4 0.5505208333333333 0.3907407407407407 0.553125 0.387037037037037 0.5552083333333333 0.38796296296296295
1 0.8244791666666667 0.8435185185185186 0.828125 0.8481481481481481 0.8260416666666667 0.8555555555555555 0.8255208333333334 0.8814814814814815 0.8078125 0.8944444444444445 0.8041666666666667 0.8944444444444445 0.8015625 0.8731481481481481 0.8020833333333334 0.8657407407407407 0.809375 0.8537037037037037 0.8239583333333333 0.8444444444444444
1 0.6161458333333333 0.2611111111111111 0.6166666666666667 0.2916666666666667 0.6135416666666667 0.29814814814814816 0.6098958333333333 0.2962962962962963 0.6083333333333333 0.27870370370370373 0.6125 0.262037037037037 0.615625 0.2611111111111111
1 0.1578125 0.8212962962962963 0.16614583333333333 0.8314814814814815 0.16875 0.8462962962962963 0.17760416666666667 0.8611111111111112 0.175 0.8666666666666667 0.16302083333333334 0.8611111111111112 0.16145833333333334 0.8712962962962963 0.15989583333333332 0.8629629629629629 0.15416666666666667 0.862037037037037 0.14583333333333334 0.8481481481481481 0.14479166666666668 0.8388888888888889 0.1453125 0.8314814814814815 0.15052083333333333 0.8222222222222222 0.15729166666666666 0.8212962962962963
1 0.5916666666666667 0.3111111111111111 0.5942708333333333 0.3138888888888889 0.6 0.3314814814814815 0.5989583333333334 0.35185185185185186 0.5953125 0.36666666666666664 0.5927083333333333 0.3638888888888889 0.5890625 0.34444444444444444 0.5890625 0.3212962962962963 0.5916666666666667 0.31203703703703706
1 0.5776041666666667 0.3861111111111111 0.5796875 0.39351851851851855 0.5786458333333333 0.4185185185185185 0.5713541666666667 0.42962962962962964 0.5697916666666667 0.39351851851851855 0.5739583333333333 0.3851851851851852 0.5770833333333333 0.3861111111111111
1 0.10625 0.30833333333333335 0.10989583333333333 0.31203703703703706 0.11666666666666667 0.3398148148148148 0.11666666666666667 0.34444444444444444 0.1125 0.34814814814814815 0.109375 0.34629629629629627 0.10572916666666667 0.3351851851851852 0.10364583333333334 0.32037037037037036 0.10416666666666667 0.3101851851851852 0.10572916666666667 0.30833333333333335
1 0.05364583333333333 0.3388888888888889 0.05677083333333333 0.34444444444444444 0.058333333333333334 0.35833333333333334 0.0609375 0.36203703703703705 0.06041666666666667 0.3675925925925926 0.0578125 0.37037037037037035 0.053125 0.36574074074074076 0.04375 0.33796296296296297 0.04635416666666667 0.33055555555555555 0.05 0.33055555555555555 0.053125 0.3388888888888889
1 0.8833333333333333 0.6027777777777777 0.8833333333333333 0.6231481481481481 0.8802083333333334 0.6342592592592593 0.8760416666666667 0.6398148148148148 0.875 0.6472222222222223 0.8703125 0.6537037037037037 0.8640625 0.6509259259259259 0.8682291666666667 0.6296296296296297 0.8776041666666666 0.6055555555555555 0.8796875 0.6018518518518519 0.8828125 0.6027777777777777
1 0.2864583333333333 0.8037037037037037 0.29635416666666664 0.8166666666666667 0.2953125 0.825925925925926 0.2994791666666667 0.8453703703703703 0.2989583333333333 0.8518518518518519 0.29635416666666664 0.8546296296296296 0.28854166666666664 0.8518518518518519 0.2838541666666667 0.8379629629629629 0.275 0.8212962962962963 0.275 0.8138888888888889 0.27760416666666665 0.8074074074074075 0.2859375 0.8037037037037037
1 0.3765625 0.7814814814814814 0.3796875 0.7833333333333333 0.3885416666666667 0.8055555555555556 0.3927083333333333 0.8074074074074075 0.3921875 0.8148148148148148 0.3848958333333333 0.8268518518518518 0.3796875 0.8453703703703703 0.37604166666666666 0.8462962962962963 0.37552083333333336 0.8092592592592592 0.3729166666666667 0.799074074074074 0.3729166666666667 0.7898148148148149 0.37604166666666666 0.7824074074074074
1 0.575 0.49907407407407406 0.5786458333333333 0.5157407407407407 0.571875 0.5555555555555556 0.5697916666666667 0.5537037037037037 0.5692708333333333 0.5425925925925926 0.5661458333333333 0.5342592592592592 0.5661458333333333 0.5120370370370371 0.5677083333333334 0.5064814814814815 0.5744791666666667 0.49907407407407406
1 0.103125 0.9185185185185185 0.10729166666666666 0.925 0.11979166666666667 0.9231481481481482 0.13333333333333333 0.9564814814814815 0.13489583333333333 0.9629629629629629 0.13385416666666666 0.9685185185185186 0.11927083333333334 0.9666666666666667 0.10260416666666666 0.9444444444444444 0.09739583333333333 0.9296296296296296 0.0984375 0.9203703703703704 0.10260416666666666 0.9185185185185185
1 0.11614583333333334 0.3101851851851852 0.11979166666666667 0.3175925925925926 0.1234375 0.33796296296296297 0.12291666666666666 0.3453703703703704 0.12083333333333333 0.3472222222222222 0.11770833333333333 0.34444444444444444 0.11145833333333334 0.32037037037037036 0.11197916666666667 0.31203703703703706 0.115625 0.3101851851851852
1 0.39739583333333334 0.6898148148148148 0.40520833333333334 0.7074074074074074 0.4046875 0.725925925925926 0.4015625 0.7314814814814815 0.3953125 0.7305555555555555 0.39166666666666666 0.7101851851851851 0.3921875 0.6962962962962963 0.39427083333333335 0.6907407407407408 0.396875 0.6898148148148148
1 0.48541666666666666 0.4824074074074074 0.49114583333333334 0.49722222222222223 0.4895833333333333 0.5203703703703704 0.4864583333333333 0.5305555555555556 0.4828125 0.5277777777777778 0.4796875 0.5027777777777778 0.48072916666666665 0.48703703703703705 0.4822916666666667 0.4824074074074074 0.48489583333333336 0.4824074074074074
1 0 0.44907407407407407 0.0078125 0.4685185185185185 0.0046875 0.47685185185185186 0 0.4777777777777778 0 0.45
1 0.10364583333333334 0.3731481481481482 0.10833333333333334 0.37222222222222223 0.11302083333333333 0.37962962962962965 0.11458333333333333 0.3990740740740741 0.1140625 0.4064814814814815 0.1109375 0.4074074074074074 0.10572916666666667 0.38981481481481484 0.10104166666666667 0.38333333333333336 0.10364583333333334 0.37407407407407406
1 0.2015625 0.7472222222222222 0.21302083333333333 0.7620370370370371 0.21458333333333332 0.7759259259259259 0.21927083333333333 0.7925925925925926 0.21822916666666667 0.7953703703703704 0.20104166666666667 0.7796296296296297 0.19739583333333333 0.7555555555555555 0.19791666666666666 0.7481481481481481 0.20104166666666667 0.7472222222222222
1 0.7135416666666666 0.49907407407407406 0.7177083333333333 0.5259259259259259 0.7109375 0.5351851851851852 0.709375 0.549074074074074 0.70625 0.5574074074074075 0.7026041666666667 0.5555555555555556 0.7057291666666666 0.5203703703703704 0.7046875 0.5111111111111111 0.7098958333333333 0.5055555555555555 0.7104166666666667 0.5 0.7130208333333333 0.49907407407407406
1 0.30572916666666666 0.9009259259259259 0.31354166666666666 0.9064814814814814 0.31614583333333335 0.9212962962962963 0.31302083333333336 0.9555555555555556 0.3104166666666667 0.9648148148148148 0.3072916666666667 0.9629629629629629 0.30833333333333335 0.95 0.30364583333333334 0.9314814814814815 0.3 0.9259259259259259 0.29791666666666666 0.9351851851851852 0.29583333333333334 0.9361111111111111 0.29791666666666666 0.9037037037037037 0.3 0.9 0.30520833333333336 0.9009259259259259
1 0.60390625 0.2324074074074074 0.0067708333333333336 0.037037037037037035
1 0.353125 0.7731481481481481 0.3625 0.7824074074074074 0.36614583333333334 0.8 0.36614583333333334 0.8074074074074075 0.3625 0.812962962962963 0.3578125 0.8342592592592593 0.35572916666666665 0.837037037037037 0.35208333333333336 0.8342592592592593 0.3541666666666667 0.8277777777777777 0.3536458333333333 0.812962962962963 0.35208333333333336 0.8083333333333333 0.3489583333333333 0.8074074074074075 0.34739583333333335 0.7898148148148149 0.3489583333333333 0.7787037037037037 0.35260416666666666 0.7731481481481481
1 0.565625 0.3685185185185185 0.5677083333333334 0.375 0.5682291666666667 0.38796296296296295 0.5645833333333333 0.40555555555555556 0.5604166666666667 0.41388888888888886 0.5588541666666667 0.40925925925925927 0.5578125 0.37962962962962965 0.5614583333333333 0.3685185185185185 0.5651041666666666 0.3685185185185185
1 0.484375 0.20185185185185187 0.4869791666666667 0.21574074074074073 0.48489583333333336 0.23703703703703705 0.48072916666666665 0.23055555555555557 0.48125 0.2064814814814815 0.48385416666666664 0.20185185185185187
1 0.8296875 0.49166666666666664 0.8302083333333333 0.49722222222222223 0.8244791666666667 0.5138888888888888 0.8192708333333333 0.5111111111111111 0.8197916666666667 0.5018518518518519 0.8234375 0.49074074074074076 0.8291666666666667 0.49166666666666664
1 0.7973958333333333 0.587037037037037 0.8 0.5888888888888889 0.8005208333333333 0.6083333333333333 0.7932291666666667 0.6277777777777778 0.7864583333333334 0.637962962962963 0.7828125 0.6314814814814815 0.7760416666666666 0.6296296296296297 0.7822916666666667 0.6166666666666667 0.7854166666666667 0.5962962962962963 0.796875 0.587037037037037
1 0.51875 0.4981481481481482 0.5239583333333333 0.5083333333333333 0.525 0.5166666666666667 0.525 0.5268518518518519 0.5213541666666667 0.5342592592592592 0.51875 0.5537037037037037 0.5161458333333333 0.5509259259259259 0.5166666666666667 0.5388888888888889 0.5119791666666667 0.5231481481481481 0.5119791666666667 0.512962962962963 0.5151041666666667 0.49907407407407406 0.5182291666666666 0.4981481481481482
1 0.6885416666666667 0.762962962962963 0.6916666666666667 0.7805555555555556 0.6895833333333333 0.7925925925925926 0.6854166666666667 0.8009259259259259 0.6854166666666667 0.812037037037037 0.6838541666666667 0.812962962962963 0.678125 0.8101851851851852 0.6791666666666667 0.7981481481481482 0.6770833333333334 0.7870370370370371 0.684375 0.7648148148148148 0.6880208333333333 0.762962962962963
1 0.5385416666666667 0.37962962962962965 0.5401041666666667 0.3787037037037037 0.5447916666666667 0.387037037037037 0.5458333333333333 0.39444444444444443 0.5442708333333334 0.4212962962962963 0.540625 0.4212962962962963 0.5364583333333334 0.40370370370370373 0.5364583333333334 0.38796296296296295 0.5385416666666667 0.38055555555555554
1 0.14322916666666666 0.275 0.14895833333333333 0.29444444444444445 0.1421875 0.30185185185185187 0.14010416666666667 0.30092592592592593 0.1375 0.28888888888888886 0.13645833333333332 0.275 0.13854166666666667 0.27037037037037037 0.14270833333333333 0.275
1 0.4015625 0.7314814814814815 0.4078125 0.7407407407407407 0.40677083333333336 0.7583333333333333 0.4083333333333333 0.7685185185185185 0.40572916666666664 0.774074074074074 0.4041666666666667 0.7870370370370371 0.4010416666666667 0.7898148148148149 0.39895833333333336 0.7611111111111111 0.3932291666666667 0.7518518518518519 0.3953125 0.7342592592592593 0.4010416666666667 0.7314814814814815
1 0.5989583333333334 0.21574074074074073 0.6010416666666667 0.23148148148148148 0.6 0.24259259259259258 0.5958333333333333 0.25 0.59375 0.24814814814814815 0.5927083333333333 0.23055555555555557 0.5953125 0.2175925925925926 0.5984375 0.21574074074074073
1 0.14375 0.8527777777777777 0.14739583333333334 0.8527777777777777 0.15208333333333332 0.8583333333333333 0.1671875 0.9009259259259259 0.16666666666666666 0.9101851851851852 0.16302083333333334 0.9111111111111111 0.15364583333333334 0.8972222222222223 0.15052083333333333 0.8962962962962963 0.14791666666666667 0.9 0.14322916666666666 0.8972222222222223 0.13854166666666667 0.8777777777777778 0.14375 0.8537037037037037
1 0.7463541666666667 0.3435185185185185 0.7484375 0.34629629629629627 0.7489583333333333 0.3592592592592593 0.74375 0.38333333333333336 0.7411458333333333 0.38796296296296295 0.7375 0.387037037037037 0.7385416666666667 0.35462962962962963 0.740625 0.34629629629629627 0.7458333333333333 0.3435185185185185
1 0.033854166666666664 0.40370370370370373 0.0390625 0.4111111111111111 0.043229166666666666 0.42962962962962964 0.0484375 0.44074074074074077 0.043229166666666666 0.44907407407407407 0.0328125 0.4305555555555556 0.028125 0.4166666666666667 0.0265625 0.4046296296296296 0.028645833333333332 0.40185185185185185 0.03333333333333333 0.40370370370370373
1 0.5880208333333333 0.25 0.5921875 0.25277777777777777 0.5932291666666667 0.26481481481481484 0.5916666666666667 0.2759259259259259 0.5885416666666666 0.2814814814814815 0.5864583333333333 0.2796296296296296 0.5854166666666667 0.2657407407407407 0.5880208333333333 0.25092592592592594
1 0.2890625 0.8527777777777777 0.2942708333333333 0.8583333333333333 0.2989583333333333 0.8796296296296297 0.30416666666666664 0.8833333333333333 0.2984375 0.8935185185185185 0.29739583333333336 0.9 0.28802083333333334 0.8907407407407407 0.2828125 0.8583333333333333 0.28541666666666665 0.8518518518518519 0.28854166666666664 0.8527777777777777
1 0.7723958333333333 0.5074074074074074 0.7765625 0.5157407407407407 0.7760416666666666 0.5287037037037037 0.7723958333333333 0.5425925925925926 0.7661458333333333 0.55 0.7630208333333334 0.5481481481481482 0.7666666666666667 0.5194444444444445 0.76875 0.5111111111111111 0.771875 0.5083333333333333