1 0.39895833333333336 0.7481481481481481 0.4078125 0.7814814814814814 0.40208333333333335 0.7944444444444444 0.40260416666666665 0.8037037037037037 0.4010416666666667 0.8074074074074075 0.39947916666666666 0.8064814814814815 0.39947916666666666 0.7962962962962963 0.39114583333333336 0.7861111111111111 0.38958333333333334 0.7731481481481481 0.390625 0.7583333333333333 0.39479166666666665 0.7481481481481481 0.3984375 0.7481481481481481
1 0.058854166666666666 0.15 0.0640625 0.15833333333333333 0.06770833333333333 0.1814814814814815 0.0703125 0.18796296296296297 0.06927083333333334 0.19166666666666668 0.06458333333333334 0.1935185185185185 0.05 0.1675925925925926 0.0484375 0.16111111111111112 0.05 0.15 0.058333333333333334 0.15
1 0.37395833333333334 0.6527777777777778 0.3776041666666667 0.6592592592592592 0.38333333333333336 0.662962962962963 0.38333333333333336 0.6777777777777778 0.39114583333333336 0.6851851851851852 0.38697916666666665 0.6907407407407408 0.3796875 0.6916666666666667 0.3765625 0.7027777777777777 0.3734375 0.7064814814814815 0.37083333333333335 0.7037037037037037 0.3671875 0.6611111111111111 0.36875 0.6518518518518519 0.3734375 0.6527777777777778
1 0.5916666666666667 0.03611111111111111 0.59375 0.03888888888888889 0.5947916666666667 0.05 0.5921875 0.06666666666666667 0.5885416666666666 0.07314814814814814 0.5864583333333333 0.06851851851851852 0.5864583333333333 0.04722222222222222 0.5911458333333334 0.037037037037037035
1 0.84765625 0.18287037037037038 0.015104166666666667 0.04722222222222222
1 0.89375 0.5138888888888888 0.89375 0.5333333333333333 0.8880208333333334 0.5444444444444444 0.8838541666666667 0.5611111111111111 0.8796875 0.5583333333333333 0.88125 0.55 0.8802083333333334 0.5435185185185185 0.8729166666666667 0.5518518518518518 0.8682291666666667 0.5509259259259259 0.8677083333333333 0.5462962962962963 0.8895833333333333 0.5138888888888888 0.8932291666666666 0.5138888888888888
1 0.33177083333333335 0.5537037037037037 0.3411458333333333 0.5675925925925925 0.3416666666666667 0.5787037037037037 0.3458333333333333 0.5879629629629629 0.3458333333333333 0.5916666666666667 0.3385416666666667 0.6055555555555555 0.32708333333333334 0.5787037037037037 0.3265625 0.5574074074074075 0.328125 0.5527777777777778 0.33125 0.5537037037037037
1 0.721875 0.22777777777777777 0.7239583333333334 0.2388888888888889 0.7203125 0.2574074074074074 0.7203125 0.27314814814814814 0.7171875 0.27685185185185185 0.7145833333333333 0.2638888888888889 0.7098958333333333 0.2722222222222222 0.7088541666666667 0.26481481481481484 0.7145833333333333 0.24074074074074073 0.7182291666666667 0.2351851851851852 0.7192708333333333 0.22870370370370371 0.7213541666666666 0.22777777777777777
1 0.35260416666666666 0.4324074074074074 0.35885416666666664 0.4388888888888889 0.36770833333333336 0.4546296296296296 0.36614583333333334 0.4648148148148148 0.3625 0.4648148148148148 0.3609375 0.4685185185185185 0.36041666666666666 0.487962962962963 0.3567708333333333 0.49444444444444446 0.35520833333333335 0.49166666666666664 0.35572916666666665 0.4824074074074074 0.353125 0.4648148148148148 0.34791666666666665 0.45092592592592595 0.3489583333333333 0.4351851851851852 0.35208333333333336 0.4324074074074074
1 0.18489583333333334 0 0.19375 0 0.19583333333333333 0.017592592592592594 0.19583333333333333 0.025 0.19270833333333334 0.027777777777777776 0.19010416666666666 0.016666666666666666 0.18541666666666667 0.007407407407407408 0.18489583333333334 0.000925925925925926
1 0.43020833333333336 0.5 0.4359375 0.5111111111111111 0.4359375 0.5324074074074074 0.4322916666666667 0.5453703703703704 0.42864583333333334 0.549074074074074 0.421875 0.5157407407407407 0.421875 0.5027777777777778 0.4244791666666667 0.49722222222222223 0.4296875 0.5
1 0.5864583333333333 0.2953703703703704 0.5916666666666667 0.30462962962962964 0.5927083333333333 0.3175925925925926 0.5880208333333333 0.3296296296296296 0.5848958333333333 0.3509259259259259 0.5817708333333333 0.35462962962962963 0.5822916666666667 0.3351851851851852 0.5791666666666667 0.3138888888888889 0.58125 0.30277777777777776 0.5859375 0.2953703703703704
1 0.09947916666666666 0.06574074074074074 0.10625 0.07685185185185185 0.10885416666666667 0.09166666666666666 0.1078125 0.0962962962962963 0.10260416666666666 0.09444444444444444 0.09479166666666666 0.08055555555555556 0.0953125 0.06759259259259259 0.09895833333333333 0.06574074074074074
1 0.8661458333333333 0.5185185185185185 0.8609375 0.512962962962963 0.865625 0.48703703703703705 0.8708333333333333 0.47685185185185186 0.8786458333333333 0.4703703703703704 0.884375 0.4722222222222222 0.8854166666666666 0.49166666666666664 0.8770833333333333 0.5055555555555555 0.8744791666666667 0.5148148148148148 0.8697916666666666 0.5203703703703704 0.8666666666666667 0.5185185185185185
1 0.346875 0.5425925925925926 0.3515625 0.5416666666666666 0.35625 0.5462962962962963 0.3578125 0.5518518518518518 0.35572916666666665 0.5925925925925926 0.34427083333333336 0.5537037037037037 0.346875 0.5435185185185185
1 0 0.26944444444444443 0.005729166666666666 0.27314814814814814 0.013020833333333334 0.287962962962963 0.022916666666666665 0.2962962962962963 0.01875 0.30185185185185187 0.016666666666666666 0.2962962962962963 0.0109375 0.29444444444444445 0.009895833333333333 0.2972222222222222 0.0125 0.3148148148148148 0.010416666666666666 0.3175925925925926 0.0020833333333333333 0.29259259259259257 0 0.2916666666666667 0 0.27037037037037037
1 0.1328125 0.07777777777777778 0.13802083333333334 0.08796296296296297 0.13854166666666667 0.10555555555555556 0.14322916666666666 0.11481481481481481 0.13697916666666668 0.125 0.13489583333333333 0.1111111111111111 0.1265625 0.09166666666666666 0.128125 0.08055555555555556 0.13229166666666667 0.07777777777777778
1 0.9661458333333334 0.5138888888888888 0.96875 0.5324074074074074 0.95625 0.5574074074074075 0.9463541666666667 0.5555555555555556 0.9442708333333333 0.5509259259259259 0.9442708333333333 0.5425925925925926 0.9494791666666667 0.5287037037037037 0.9619791666666667 0.5138888888888888 0.965625 0.5138888888888888
1 0.29739583333333336 0.8898148148148148 0.3026041666666667 0.9027777777777778 0.3072916666666667 0.9064814814814814 0.30572916666666666 0.9148148148148149 0.30833333333333335 0.9259259259259259 0.3067708333333333 0.9296296296296296 0.303125 0.9305555555555556 0.29635416666666664 0.9194444444444444 0.29010416666666666 0.9333333333333333 0.2864583333333333 0.9351851851851852 0.2859375 0.9296296296296296 0.28854166666666664 0.9185185185185185 0.28541666666666665 0.9111111111111111 0.2859375 0.8944444444444445 0.28958333333333336 0.8870370370370371 0.296875 0.8898148148148148
1 0.7651041666666667 0.05555555555555555 0.7661458333333333 0.07777777777777778 0.759375 0.09814814814814815 0.7552083333333334 0.10092592592592593 0.753125 0.09814814814814815 0.7536458333333333 0.08148148148148149 0.7583333333333333 0.06574074074074074 0.7645833333333333 0.05555555555555555
1 0.8015625 0.09351851851851851 0.8052083333333333 0.10185185185185185 0.8046875 0.11574074074074074 0.7932291666666667 0.14351851851851852 0.790625 0.13796296296296295 0.7942708333333334 0.12222222222222222 0.7958333333333333 0.1037037037037037 0.7984375 0.09537037037037037 0.8010416666666667 0.09351851851851851
1 0.3609375 0.5472222222222223 0.36614583333333334 0.55 0.3697916666666667 0.5564814814814815 0.37135416666666665 0.5768518518518518 0.36614583333333334 0.5898148148148148 0.36614583333333334 0.6 0.359375 0.6055555555555555 0.35885416666666664 0.5962962962962963 0.35572916666666665 0.5888888888888889 0.35572916666666665 0.5722222222222222 0.3572916666666667 0.5666666666666667 0.3567708333333333 0.55 0.36041666666666666 0.5472222222222223
1 0.41510416666666666 0.787962962962963 0.4166666666666667 0.7898148148148149 0.4161458333333333 0.7981481481481482 0.41875 0.812962962962963 0.42604166666666665 0.8240740740740741 0.42604166666666665 0.8277777777777777 0.425 0.8305555555555556 0.42135416666666664 0.8305555555555556 0.41822916666666665 0.825 0.41458333333333336 0.825 0.4078125 0.8388888888888889 0.4041666666666667 0.8379629629629629 0.40677083333333336 0.825925925925926 0.40677083333333336 0.8157407407407408 0.40260416666666665 0.7925925925925926 0.40677083333333336 0.787962962962963 0.41458333333333336 0.787962962962963
1 0.20989583333333334 0.9407407407407408 0.22552083333333334 0.9518518518518518 0.2234375 0.9583333333333334 0.21979166666666666 0.9574074074074074 0.21875 0.9611111111111111 0.22760416666666666 0.9768518518518519 0.23020833333333332 0.9879629629629629 0.22708333333333333 0.9953703703703703 0.22239583333333332 0.9990740740740741 0.2140625 0.9990740740740741 0.2015625 0.9638888888888889 0.19479166666666667 0.9546296296296296 0.19895833333333332 0.9462962962962963 0.209375 0.9407407407407408
1 0.3697916666666667 0.026851851851851852 0.3729166666666667 0.028703703703703703 0.37552083333333336 0.03518518518518519 0.3770833333333333 0.04537037037037037 0.3765625 0.06296296296296296 0.37135416666666665 0.06018518518518518 0.36614583333333334 0.03888888888888889 0.3692708333333333 0.027777777777777776
1 0.27239583333333334 0.8861111111111111 0.2755208333333333 0.887962962962963 0.278125 0.8953703703703704 0.284375 0.899074074074074 0.2859375 0.9222222222222223 0.2755208333333333 0.9324074074074075 0.275 0.9259259259259259 0.2703125 0.9222222222222223 0.26510416666666664 0.9111111111111111 0.26510416666666664 0.8944444444444445 0.26614583333333336 0.8907407407407407 0.271875 0.8870370370370371
1 0.37604166666666666 0.5574074074074075 0.3802083333333333 0.5574074074074075 0.3885416666666667 0.5675925925925925 0.390625 0.5731481481481482 0.39166666666666666 0.5944444444444444 0.39010416666666664 0.612037037037037 0.3859375 0.6157407407407407 0.38177083333333334 0.5944444444444444 0.375 0.5851851851851851 0.37395833333333334 0.5675925925925925 0.37604166666666666 0.5583333333333333
1 0.08854166666666667 0.10648148148148148 0.10260416666666666 0.14351851851851852 0.0984375 0.14537037037037037 0.0953125 0.13796296296296295 0.09375 0.1425925925925926 0.09479166666666666 0.15 0.09166666666666666 0.1537037037037037 0.0828125 0.11296296296296296 0.08541666666666667 0.10648148148148148 0.08802083333333334 0.10648148148148148
1 0.284375 0.5777777777777777 0.28958333333333336 0.5814814814814815 0.2947916666666667 0.5944444444444444 0.2953125 0.6083333333333333 0.2994791666666667 0.6259259259259259 0.29322916666666665 0.6314814814814815 0.29010416666666666 0.6287037037037037 0.2791666666666667 0.5972222222222222 0.2786458333333333 0.5796296296296296 0.2796875 0.5768518518518518 0.2838541666666667 0.5777777777777777
1 0.4453125 0.36203703703703705 0.4484375 0.38333333333333336 0.44427083333333334 0.38981481481481484 0.4421875 0.40925925925925927 0.4401041666666667 0.4101851851851852 0.4395833333333333 0.3851851851851852 0.43645833333333334 0.37037037037037035 0.43697916666666664 0.35833333333333334 0.440625 0.3527777777777778 0.44479166666666664 0.36203703703703705
1 0.8072916666666666 0.35555555555555557 0.8104166666666667 0.3537037037037037 0.8135416666666667 0.35833333333333334 0.8036458333333333 0.3814814814814815 0.8020833333333334 0.38981481481481484 0.7932291666666667 0.3990740740740741 0.7880208333333333 0.3972222222222222 0.7947916666666667 0.37962962962962965 0.7947916666666667 0.3685185185185185 0.7994791666666666 0.3611111111111111 0.8072916666666666 0.35648148148148145
1 0.5994791666666667 0.021296296296296296 0.6020833333333333 0.025 0.603125 0.037037037037037035 0.5989583333333334 0.06388888888888888 0.5947916666666667 0.05925925925925926 0.59375 0.03796296296296296 0.5953125 0.027777777777777776 0.5989583333333334 0.021296296296296296
1 0.12135416666666667 0.07685185185185185 0.12447916666666667 0.08518518518518518 0.12447916666666667 0.10092592592592593 0.1265625 0.10555555555555556 0.12291666666666666 0.11574074074074074 0.1140625 0.09814814814814815 0.1109375 0.0824074074074074 0.11302083333333333 0.075 0.12083333333333333 0.07685185185185185
1 0.3015625 0.5472222222222223 0.3067708333333333 0.5518518518518518 0.3104166666666667 0.5509259259259259 0.3182291666666667 0.5638888888888889 0.31927083333333334 0.5990740740740741 0.3177083333333333 0.6027777777777777 0.3140625 0.600925925925926 0.30520833333333336 0.5833333333333334 0.2989583333333333 0.5768518518518518 0.2984375 0.5537037037037037 0.30104166666666665 0.5472222222222223
1 0.7822916666666667 0.31666666666666665 0.7796875 0.33796296296296297 0.7760416666666666 0.3435185185185185 0.7723958333333333 0.3648148148148148 0.7671875 0.36203703703703705 0.7666666666666667 0.3537037037037037 0.7588541666666667 0.35648148148148145 0.7583333333333333 0.35 0.765625 0.3425925925925926 0.7666666666666667 0.3314814814814815 0.7692708333333333 0.325 0.7765625 0.31666666666666665 0.7817708333333333 0.31666666666666665
1 0.321875 0.8740740740740741 0.334375 0.8935185185185185 0.33541666666666664 0.9111111111111111 0.32864583333333336 0.9194444444444444 0.32395833333333335 0.9083333333333333 0.3171875 0.9018518518518519 0.31614583333333335 0.8907407407407407 0.31145833333333334 0.8833333333333333 0.3125 0.8759259259259259 0.32135416666666666 0.8740740740740741
1 0.759375 0.046296296296296294 0.7619791666666667 0.05092592592592592 0.7630208333333334 0.05925925925925926 0.7572916666666667 0.07777777777777778 0.759375 0.08796296296296297 0.7557291666666667 0.1 0.7526041666666666 0.09907407407407408 0.7505208333333333 0.06481481481481481 0.7546875 0.04814814814814815 0.7588541666666667 0.046296296296296294
1 0.1265625 0.05 0.13489583333333333 0.05648148148148148 0.13697916666666668 0.07777777777777778 0.14166666666666666 0.08425925925925926 0.140625 0.09074074074074075 0.13697916666666668 0.09074074074074075 0.12604166666666666 0.06759259259259259 0.12604166666666666 0.05092592592592592
1 0.109375 0.09351851851851851 0.11979166666666667 0.11851851851851852 0.11927083333333334 0.13055555555555556 0.11614583333333334 0.13055555555555556 0.10572916666666667 0.10925925925925926 0.103125 0.09444444444444444 0.10885416666666667 0.09351851851851851
1 0.034895833333333334 0.18333333333333332 0.03958333333333333 0.18333333333333332 0.043229166666666666 0.18888888888888888 0.04479166666666667 0.2037037037037037 0.05520833333333333 0.21666666666666667 0.053125 0.2212962962962963 0.046875 0.21481481481481482 0.043229166666666666 0.21481481481481482 0.0421875 0.21666666666666667 0.04635416666666667 0.22685185185185186 0.04375 0.22962962962962963 0.041666666666666664 0.2222222222222222 0.036458333333333336 0.21574074074074073 0.0296875 0.19537037037037036 0.0296875 0.18425925925925926 0.03177083333333333 0.1814814814814815 0.034375 0.18333333333333332
1 0.7768229166666667 0.1699074074074074 0.0171875 0.049074074074074076
1 0.8140625 0.3 0.8203125 0.30833333333333335 0.8192708333333333 0.32407407407407407 0.8161458333333333 0.33425925925925926 0.8140625 0.33796296296296297 0.8088541666666667 0.3388888888888889 0.8041666666666667 0.3509259259259259 0.8010416666666667 0.34814814814814815 0.8 0.33796296296296297 0.8 0.3314814814814815 0.8057291666666667 0.32407407407407407 0.8078125 0.3101851851851852 0.8135416666666667 0.30092592592592593
1 0.18385416666666668 0.9629629629629629 0.20208333333333334 0.9712962962962963 0.20625 0.9777777777777777 0.20729166666666668 0.9879629629629629 0.20260416666666667 0.9972222222222222 0.19583333333333333 0.9944444444444445 0.17916666666666667 0.975 0.17708333333333334 0.9703703703703703 0.17760416666666667 0.9657407407407408 0.18333333333333332 0.9629629629629629
1 0.5432291666666667 0.43425925925925923 0.5473958333333333 0.4564814814814815 0.5442708333333334 0.48055555555555557 0.5395833333333333 0.4898148148148148 0.5375 0.48703703703703705 0.5338541666666666 0.44814814814814813 0.5401041666666667 0.43425925925925923 0.5427083333333333 0.43425925925925923
1 0.428125 0.026851851851851852 0.4354166666666667 0.03888888888888889 0.43802083333333336 0.06388888888888888 0.4359375 0.06944444444444445 0.4317708333333333 0.06388888888888888 0.42864583333333334 0.07222222222222222 0.4244791666666667 0.07222222222222222 0.4276041666666667 0.058333333333333334 0.4265625 0.032407407407407406 0.428125 0.027777777777777776
1 0.83125 0.47685185185185186 0.834375 0.45555555555555555 0.8385416666666666 0.44537037037037036 0.8484375 0.4324074074074074 0.8520833333333333 0.4324074074074074 0.8536458333333333 0.4351851851851852 0.8541666666666666 0.44907407407407407 0.8520833333333333 0.46296296296296297 0.8369791666666667 0.4898148148148148 0.8338541666666667 0.487962962962963 0.8317708333333333 0.4777777777777778
1 0.49713541666666666 0.4439814814814815 0.013020833333333334 0.058333333333333334
1 0.13333333333333333 0.017592592592592594 0.14479166666666668 0.046296296296296294 0.14479166666666668 0.05 0.140625 0.053703703703703705 0.13697916666666668 0.05 0.1265625 0.025 0.12864583333333332 0.017592592592592594 0.1328125 0.017592592592592594
1 0.07447916666666667 0.07592592592592592 0.08020833333333334 0.09166666666666666 0.0828125 0.10555555555555556 0.08177083333333333 0.11296296296296296 0.06875 0.08703703703703704 0.06770833333333333 0.07314814814814814 0.07135416666666666 0.07037037037037037 0.07395833333333333 0.07592592592592592
1 0.5098958333333333 0.4351851851851852 0.5145833333333333 0.44907407407407407 0.5135416666666667 0.47314814814814815 0.5098958333333333 0.48518518518518516 0.5072916666666667 0.4842592592592593 0.5072916666666667 0.47685185185185186 0.5036458333333333 0.46944444444444444 0.5046875 0.4398148148148148 0.50625 0.4351851851851852 0.509375 0.4351851851851852
1 0.7036458333333333 0.7546296296296297 0.7109375 0.7592592592592593 0.7130208333333333 0.7796296296296297 0.7104166666666667 0.7851851851851852 0.70625 0.7870370370370371 0.6963541666666667 0.8055555555555556 0.6875 0.8055555555555556 0.6859375 0.8027777777777778 0.6942708333333333 0.7824074074074074 0.6958333333333333 0.7638888888888888 0.6994791666666667 0.7564814814814815 0.703125 0.7546296296296297
1 0.571875 0.2675925925925926 0.5760416666666667 0.27870370370370373 0.5770833333333333 0.2898148148148148 0.5671875 0.325 0.5640625 0.32407407407407407 0.5671875 0.30462962962962964 0.565625 0.2814814814814815 0.5682291666666667 0.27037037037037037 0.5713541666666667 0.2675925925925926
1 0.7098958333333333 0.26296296296296295 0.7151041666666667 0.2824074074074074 0.7130208333333333 0.2953703703703704 0.7036458333333333 0.32407407407407407 0.6994791666666667 0.31666666666666665 0.6947916666666667 0.31574074074074077 0.7015625 0.29814814814814816 0.703125 0.2833333333333333 0.7098958333333333 0.2638888888888889
1 0.89375 0.48703703703703705 0.8973958333333333 0.49074074074074076 0.8958333333333334 0.5111111111111111 0.89375 0.5148148148148148 0.8895833333333333 0.5138888888888888 0.8796875 0.5277777777777778 0.8760416666666667 0.5268518518518519 0.8817708333333333 0.5037037037037037 0.8932291666666666 0.487962962962963
1 0.8453125 0.4111111111111111 0.8489583333333334 0.4111111111111111 0.85 0.41388888888888886 0.8494791666666667 0.43148148148148147 0.8421875 0.4398148148148148 0.8348958333333333 0.4537037037037037 0.8307291666666666 0.45185185185185184 0.8291666666666667 0.44722222222222224 0.8390625 0.4222222222222222 0.8453125 0.41203703703703703
1 0.35572916666666665 0.6435185185185185 0.359375 0.6453703703703704 0.365625 0.6574074074074074 0.36770833333333336 0.6694444444444444 0.3671875 0.6907407407407408 0.3614583333333333 0.6990740740740741 0.35885416666666664 0.6990740740740741 0.35833333333333334 0.6898148148148148 0.3536458333333333 0.6851851851851852 0.35052083333333334 0.6657407407407407 0.35 0.649074074074074 0.35520833333333335 0.6435185185185185