0 0.48072916666666665 0.6055555555555555 0.5026041666666666 0.612037037037037 0.51875 0.6212962962962963 0.5276041666666667 0.6435185185185185 0.5276041666666667 0.6648148148148149 0.5317708333333333 0.6712962962962963 0.5328125 0.6814814814814815 0.5291666666666667 0.6861111111111111 0.5166666666666667 0.6898148148148148 0.4796875 0.6888888888888889 0.4703125 0.6925925925925925 0.46510416666666665 0.6888888888888889 0.45989583333333334 0.6777777777777778 0.45989583333333334 0.6648148148148149 0.4671875 0.6166666666666667 0.47291666666666665 0.6064814814814815 0.48020833333333335 0.6055555555555555
0 0.5859375 0.14629629629629629 0.5921875 0.1537037037037037 0.5984375 0.1712962962962963 0.5984375 0.19537037037037036 0.5953125 0.2111111111111111 0.5921875 0.21574074074074073 0.5807291666666666 0.2111111111111111 0.565625 0.18888888888888888 0.5666666666666667 0.16666666666666666 0.5697916666666667 0.15185185185185185 0.5739583333333333 0.14814814814814814 0.5854166666666667 0.14629629629629629
0 0.14947916666666666 0.13703703703703704 0.165625 0.15 0.17239583333333333 0.1675925925925926 0.17291666666666666 0.19074074074074074 0.17604166666666668 0.20277777777777778 0.17604166666666668 0.21481481481481482 0.16979166666666667 0.26944444444444443 0.171875 0.29074074074074074 0.1640625 0.31203703703703706 0.15989583333333332 0.3351851851851852 0.1234375 0.3509259259259259 0.10885416666666667 0.3425925925925926 0.10052083333333334 0.32222222222222224 0.08385416666666666 0.2916666666666667 0.08072916666666667 0.2833333333333333 0.08072916666666667 0.2777777777777778 0.0953125 0.18796296296296297 0.10364583333333334 0.1574074074074074 0.109375 0.15 0.12135416666666667 0.1425925925925926 0.14895833333333333 0.13703703703703704
0 0.4953125 0.05277777777777778 0.49947916666666664 0.06111111111111111 0.5010416666666667 0.07314814814814814 0.5015625 0.1 0.49947916666666664 0.10185185185185185 0.48802083333333335 0.08611111111111111 0.48541666666666666 0.07777777777777778 0.4864583333333333 0.05648148148148148 0.4875 0.053703703703703705 0.4947916666666667 0.05277777777777778
0 0.6911458333333333 0.27314814814814814 0.6973958333333333 0.2796296296296296 0.7104166666666667 0.3138888888888889 0.7083333333333334 0.3388888888888889 0.6994791666666667 0.3574074074074074 0.6880208333333333 0.35555555555555557 0.6645833333333333 0.32222222222222224 0.6645833333333333 0.3101851851851852 0.6723958333333333 0.2796296296296296 0.6786458333333333 0.275 0.690625 0.27314814814814814
0 0.8229166666666666 0 0.8583333333333333 0 0.8651041666666667 0.007407407407407408 0.8645833333333334 0.012037037037037037 0.8583333333333333 0.014814814814814815 0.8520833333333333 0.026851851851851852 0.8447916666666667 0.028703703703703703 0.8177083333333334 0.020370370370370372 0.8171875 0.004629629629629629 0.8229166666666666 0.000925925925925926
0 0.29322916666666665 0.01574074074074074 0.3 0.01574074074074074 0.3 0.028703703703703703 0.2921875 0.03888888888888889 0.2864583333333333 0.03796296296296296 0.2828125 0.022222222222222223 0.29270833333333335 0.016666666666666666
0 0.6895833333333333 0.5185185185185185 0.721875 0.5388888888888889 0.7364583333333333 0.5351851851851852 0.7515625 0.5416666666666666 0.7552083333333334 0.5462962962962963 0.7572916666666667 0.5583333333333333 0.7770833333333333 0.5740740740740741 0.7828125 0.5962962962962963 0.8 0.6129629629629629 0.8015625 0.6194444444444445 0.8015625 0.6407407407407407 0.7979166666666667 0.6768518518518518 0.79375 0.6861111111111111 0.7833333333333333 0.6907407407407408 0.7723958333333333 0.6898148148148148 0.7572916666666667 0.6657407407407407 0.7375 0.6518518518518519 0.7317708333333334 0.6435185185185185 0.715625 0.6314814814814815 0.70625 0.6268518518518519 0.7 0.6351851851851852 0.6895833333333333 0.6342592592592593 0.684375 0.6268518518518519 0.6791666666666667 0.6074074074074074 0.675 0.6046296296296296 0.6671875 0.6055555555555555 0.6661458333333333 0.5981481481481481 0.6755208333333333 0.5555555555555556 0.684375 0.525 0.6890625 0.5185185185185185
0 0.828125 0.2712962962962963 0.83125 0.27870370370370373 0.83125 0.29074074074074074 0.828125 0.29814814814814816 0.8197916666666667 0.30277777777777776 0.8223958333333333 0.3148148148148148 0.8140625 0.33240740740740743 0.8109375 0.3296296296296296 0.8078125 0.32037037037037036 0.8078125 0.3138888888888889 0.8109375 0.30185185185185187 0.815625 0.2962962962962963 0.8140625 0.2861111111111111 0.8208333333333333 0.2740740740740741 0.8276041666666667 0.2712962962962963
0 0.3489583333333333 0.31851851851851853 0.3671875 0.32685185185185184 0.36822916666666666 0.3416666666666667 0.3625 0.3638888888888889 0.3541666666666667 0.37222222222222223 0.3458333333333333 0.3907407407407407 0.34270833333333334 0.387037037037037 0.3416666666666667 0.3592592592592593 0.34427083333333336 0.35185185185185186 0.3421875 0.3435185185185185 0.3484375 0.3194444444444444
0 0.6697916666666667 0.07314814814814814 0.6822916666666666 0.09351851851851851 0.675 0.11296296296296296 0.6713541666666667 0.11203703703703703 0.6677083333333333 0.10648148148148148 0.6546875 0.10555555555555556 0.6505208333333333 0.09814814814814815 0.65 0.08796296296296297 0.6536458333333334 0.07777777777777778 0.6651041666666667 0.07222222222222222 0.6692708333333334 0.07314814814814814
0 0.36666666666666664 0.025 0.390625 0.03518518518518519 0.39479166666666665 0.041666666666666664 0.39895833333333336 0.05740740740740741 0.39791666666666664 0.07037037037037037 0.39114583333333336 0.08148148148148149 0.3770833333333333 0.09166666666666666 0.359375 0.07962962962962963 0.3463541666666667 0.07685185185185185 0.3416666666666667 0.08055555555555556 0.33125 0.06481481481481481 0.3307291666666667 0.05 0.33489583333333334 0.040740740740740744 0.35885416666666664 0.025925925925925925 0.36614583333333334 0.025
0 0.5729166666666666 0.21574074074074073 0.578125 0.22777777777777777 0.5838541666666667 0.25277777777777777 0.5895833333333333 0.26851851851851855 0.5901041666666667 0.27685185185185185 0.5953125 0.2953703703703704 0.5958333333333333 0.3101851851851852 0.5953125 0.31666666666666665 0.5895833333333333 0.325 0.5708333333333333 0.3296296296296296 0.5640625 0.32685185185185184 0.5578125 0.3138888888888889 0.55625 0.2962962962962963 0.5463541666666667 0.262037037037037 0.5442708333333334 0.23333333333333334 0.5458333333333333 0.2222222222222222 0.5505208333333333 0.21666666666666667 0.5635416666666667 0.21203703703703702 0.5708333333333333 0.21296296296296297 0.5723958333333333 0.21574074074074073
0 0.50859375 0.04537037037037037 0.015104166666666667 0.05555555555555555
0 0.19583333333333333 0.06759259259259259 0.19947916666666668 0.06944444444444445 0.20416666666666666 0.0787037037037037 0.20572916666666666 0.08888888888888889 0.2046875 0.09907407407407408 0.18177083333333333 0.11944444444444445 0.17239583333333333 0.1361111111111111 0.15416666666666667 0.13333333333333333 0.146875 0.12777777777777777 0.14375 0.11944444444444445 0.14375 0.09537037037037037 0.15260416666666668 0.08055555555555556 0.1640625 0.07037037037037037 0.17760416666666667 0.07222222222222222 0.1890625 0.06666666666666667 0.1953125 0.06759259259259259
0 0.8869791666666667 0.600925925925926 0.953125 0.6527777777777778 0.9911458333333333 0.7083333333333334 0.9953125 0.7351851851851852 0.9947916666666666 0.7601851851851852 0.9901041666666667 0.7722222222222223 0.9807291666666667 0.7833333333333333 0.9557291666666666 0.7768518518518519 0.95 0.7703703703703704 0.9463541666666667 0.7601851851851852 0.9401041666666666 0.7537037037037037 0.8947916666666667 0.7138888888888889 0.8734375 0.7064814814814815 0.86875 0.7 0.8635416666666667 0.6842592592592592 0.8552083333333333 0.675 0.8526041666666667 0.6657407407407407 0.8526041666666667 0.6564814814814814 0.8588541666666667 0.6203703703703703 0.8734375 0.6055555555555555 0.8864583333333333 0.600925925925926
0 0.42239583333333336 0.8472222222222222 0.42604166666666665 0.8527777777777777 0.425 0.8703703703703703 0.41354166666666664 0.8935185185185185 0.4114583333333333 0.9037037037037037 0.40572916666666664 0.9111111111111111 0.403125 0.925 0.390625 0.9490740740740741 0.38645833333333335 0.9407407407407408 0.38958333333333334 0.9037037037037037 0.4015625 0.8833333333333333 0.4041666666666667 0.8712962962962963 0.4119791666666667 0.8518518518518519 0.421875 0.8472222222222222
0 0.83125 0.325 0.8390625 0.3333333333333333 0.8385416666666666 0.34444444444444444 0.8338541666666667 0.3648148148148148 0.8234375 0.37777777777777777 0.8213541666666667 0.37592592592592594 0.8177083333333334 0.36018518518518516 0.8177083333333334 0.3527777777777778 0.8208333333333333 0.3416666666666667 0.8307291666666666 0.32592592592592595
0 0.6416666666666667 0.8666666666666667 0.6463541666666667 0.8694444444444445 0.6505208333333333 0.8805555555555555 0.653125 0.9018518518518519 0.6526041666666667 0.9157407407407407 0.6546875 0.9212962962962963 0.6526041666666667 0.975925925925926 0.6473958333333333 0.9814814814814815 0.6401041666666667 0.9777777777777777 0.6307291666666667 0.9074074074074074 0.6333333333333333 0.875 0.6359375 0.8685185185185185 0.6411458333333333 0.8666666666666667
0 0.184375 0.7851851851851852 0.19427083333333334 0.7925925925925926 0.203125 0.8055555555555556 0.20729166666666668 0.8231481481481482 0.20677083333333332 0.8425925925925926 0.209375 0.8537037037037037 0.20833333333333334 0.8611111111111112 0.20260416666666667 0.8703703703703703 0.18958333333333333 0.8759259259259259 0.1859375 0.8861111111111111 0.17916666666666667 0.8935185185185185 0.175 0.9027777777777778 0.15677083333333333 0.9166666666666666 0.15 0.9287037037037037 0.140625 0.9351851851851852 0.13333333333333333 0.9333333333333333 0.1171875 0.9212962962962963 0.08333333333333333 0.8851851851851852 0.08020833333333334 0.8768518518518519 0.11510416666666666 0.8388888888888889 0.13489583333333333 0.8222222222222222 0.13645833333333332 0.812962962962963 0.146875 0.812962962962963 0.1671875 0.7907407407407407 0.18385416666666668 0.7851851851851852
0 0.41822916666666665 0.058333333333333334 0.425 0.06666666666666667 0.4265625 0.08611111111111111 0.42239583333333336 0.09537037037037037 0.4125 0.10648148148148148 0.41041666666666665 0.10648148148148148 0.4088541666666667 0.10092592592592593 0.4088541666666667 0.075 0.41458333333333336 0.06018518518518518 0.41770833333333335 0.058333333333333334
0 0.3489583333333333 0.65 0.3609375 0.6657407407407407 0.3671875 0.6925925925925925 0.36822916666666666 0.7037037037037037 0.3619791666666667 0.7268518518518519 0.35208333333333336 0.7388888888888889 0.325 0.7518518518518519 0.2859375 0.7768518518518519 0.2765625 0.787962962962963 0.25625 0.7935185185185185 0.24947916666666667 0.7935185185185185 0.2453125 0.7898148148148149 0.23489583333333333 0.7611111111111111 0.2328125 0.7342592592592593 0.23385416666666667 0.7231481481481481 0.2375 0.7129629629629629 0.27239583333333334 0.6851851851851852 0.31614583333333335 0.6583333333333333 0.3484375 0.65
0 0.7270833333333333 0.9009259259259259 0.7385416666666667 0.9111111111111111 0.7385416666666667 0.9416666666666667 0.7354166666666667 0.9611111111111111 0.7375 0.9638888888888889 0.74375 0.9638888888888889 0.7463541666666667 0.9694444444444444 0.7411458333333333 0.987037037037037 0.7333333333333333 0.9990740740740741 0.715625 0.9990740740740741 0.7151041666666667 0.9962962962962963 0.715625 0.9277777777777778 0.7203125 0.9092592592592592 0.7229166666666667 0.9037037037037037 0.7265625 0.9018518518518519
0 0.4348958333333333 0.21296296296296297 0.4390625 0.21388888888888888 0.44635416666666666 0.22592592592592592 0.4432291666666667 0.24722222222222223 0.428125 0.2740740740740741 0.4244791666666667 0.27685185185185185 0.42239583333333336 0.27314814814814814 0.425 0.22962962962962963 0.42916666666666664 0.22314814814814815 0.4354166666666667 0.23333333333333334 0.43802083333333336 0.22314814814814815 0.434375 0.21666666666666667 0.4348958333333333 0.21388888888888888
0 0.7125 0.37407407407407406 0.7479166666666667 0.42407407407407405 0.7729166666666667 0.4824074074074074 0.7734375 0.4925925925925926 0.76875 0.5083333333333333 0.7583333333333333 0.5259259259259259 0.7536458333333333 0.5287037037037037 0.7333333333333333 0.5194444444444445 0.7286458333333333 0.5055555555555555 0.7015625 0.4601851851851852 0.6958333333333333 0.4537037037037037 0.6859375 0.44907407407407407 0.6822916666666666 0.44074074074074077 0.6807291666666667 0.4148148148148148 0.6838541666666667 0.4009259259259259 0.7020833333333333 0.37592592592592594 0.7119791666666667 0.37407407407407406
0 0.6192708333333333 0 0.6380208333333334 0 0.6401041666666667 0.003703703703703704 0.6401041666666667 0.017592592592592594 0.6338541666666667 0.046296296296296294 0.6375 0.06018518518518518 0.6333333333333333 0.06018518518518518 0.6307291666666667 0.05 0.6234375 0.05925925925925926 0.6161458333333333 0.06018518518518518 0.6046875 0.05462962962962963 0.6036458333333333 0.041666666666666664 0.6109375 0.014814814814814815 0.6192708333333333 0.000925925925925926
0 0.29270833333333335 0.48055555555555557 0.296875 0.48055555555555557 0.3 0.48703703703703705 0.3151041666666667 0.48333333333333334 0.31875 0.4898148148148148 0.3171875 0.5074074074074074 0.3145833333333333 0.5157407407407407 0.30364583333333334 0.5351851851851852 0.28802083333333334 0.5518518518518518 0.28489583333333335 0.549074074074074 0.2869791666666667 0.5333333333333333 0.284375 0.5259259259259259 0.2833333333333333 0.5138888888888888 0.2911458333333333 0.4935185185185185 0.29270833333333335 0.48148148148148145
0 0.453125 0.04814814814814815 0.4630208333333333 0.053703703703703705 0.4625 0.06666666666666667 0.45677083333333335 0.07685185185185185 0.45625 0.0824074074074074 0.45260416666666664 0.08518518518518518 0.4515625 0.05648148148148148 0.453125 0.049074074074074076
0 0.14427083333333332 0.37222222222222223 0.14895833333333333 0.37592592592592594 0.15572916666666667 0.375 0.15572916666666667 0.38425925925925924 0.15885416666666666 0.38981481481481484 0.1765625 0.4101851851851852 0.1875 0.4305555555555556 0.18802083333333333 0.4398148148148148 0.184375 0.45185185185185184 0.17083333333333334 0.4703703703703704 0.1625 0.47685185185185186 0.15364583333333334 0.47314814814814815 0.14583333333333334 0.4583333333333333 0.1265625 0.4361111111111111 0.11614583333333334 0.4203703703703704 0.11197916666666667 0.4064814814814815 0.11354166666666667 0.3972222222222222 0.1265625 0.38055555555555554 0.1359375 0.37222222222222223 0.14375 0.37222222222222223
0 0.13333333333333333 0.4842592592592593 0.14479166666666668 0.49444444444444446 0.14479166666666668 0.5009259259259259 0.13802083333333334 0.5074074074074074 0.13697916666666668 0.5138888888888888 0.13125 0.5231481481481481 0.1296875 0.5324074074074074 0.125 0.5342592592592592 0.11927083333333334 0.5435185185185185 0.11302083333333333 0.5481481481481482 0.10364583333333334 0.5425925925925926 0.10208333333333333 0.5231481481481481 0.10729166666666666 0.5148148148148148 0.1125 0.5203703703703704 0.11770833333333333 0.5148148148148148 0.11822916666666666 0.5120370370370371 0.1109375 0.5018518518518519 0.11041666666666666 0.49722222222222223 0.12604166666666666 0.4842592592592593 0.1328125 0.4842592592592593
0 0.7255208333333333 0.03888888888888889 0.7333333333333333 0.04259259259259259 0.7390625 0.05 0.7453125 0.07962962962962963 0.7463541666666667 0.1 0.7447916666666666 0.10833333333333334 0.7411458333333333 0.11666666666666667 0.7359375 0.1175925925925926 0.7239583333333334 0.1175925925925926 0.7182291666666667 0.11388888888888889 0.7135416666666666 0.10185185185185185 0.7135416666666666 0.0962962962962963 0.7072916666666667 0.07407407407407407 0.7104166666666667 0.04722222222222222 0.7161458333333334 0.040740740740740744 0.725 0.03888888888888889
0 0.5296875 0.9407407407407408 0.5442708333333334 0.9527777777777777 0.5510416666666667 0.9712962962962963 0.55 0.9833333333333333 0.5364583333333334 0.9888888888888889 0.5255208333333333 0.9842592592592593 0.5244791666666667 0.9675925925925926 0.5145833333333333 0.9592592592592593 0.5244791666666667 0.9416666666666667 0.5291666666666667 0.9407407407407408
0 0.33489583333333334 0 0.3645833333333333 0 0.3625 0.009259259259259259 0.35625 0.01574074074074074 0.340625 0.014814814814814815 0.33489583333333334 0.007407407407407408 0.33489583333333334 0.000925925925925926
0 0.6125 0.5592592592592592 0.6307291666666667 0.5796296296296296 0.6630208333333333 0.6018518518518519 0.6661458333333333 0.6222222222222222 0.6739583333333333 0.6351851851851852 0.6828125 0.6425925925925926 0.6942708333333333 0.6583333333333333 0.6958333333333333 0.6796296296296296 0.6890625 0.7111111111111111 0.6786458333333333 0.7277777777777777 0.6703125 0.7268518518518519 0.6651041666666667 0.7305555555555555 0.6546875 0.725925925925926 0.6479166666666667 0.712037037037037 0.6125 0.6768518518518518 0.5984375 0.6712962962962963 0.5916666666666667 0.6620370370370371 0.5838541666666667 0.6416666666666667 0.5822916666666667 0.6314814814814815 0.5864583333333333 0.6166666666666667 0.584375 0.6037037037037037 0.5880208333333333 0.5879629629629629 0.5927083333333333 0.5796296296296296 0.6015625 0.5777777777777777 0.6083333333333333 0.5611111111111111 0.6119791666666666 0.5592592592592592
0 0.98125 0.48703703703703705 0.9942708333333333 0.5027777777777778 0.9994791666666667 0.5055555555555555 0.9994791666666667 0.5666666666666667 0.9822916666666667 0.5694444444444444 0.9744791666666667 0.5675925925925925 0.9713541666666666 0.562962962962963 0.9640625 0.5425925925925926 0.959375 0.5222222222222223 0.9604166666666667 0.5046296296296297 0.9635416666666666 0.4962962962962963 0.9734375 0.4861111111111111 0.9807291666666667 0.48703703703703705
0 0.5463541666666667 0 0.5760416666666667 0 0.5770833333333333 0.004629629629629629 0.5760416666666667 0.019444444444444445 0.5723958333333333 0.025925925925925925 0.5609375 0.025925925925925925 0.55 0.021296296296296296 0.5463541666666667 0.008333333333333333 0.5463541666666667 0.000925925925925926
0 0.4510416666666667 0.15648148148148147 0.45625 0.16296296296296298 0.4625 0.15648148148148147 0.46458333333333335 0.16111111111111112 0.4625 0.1787037037037037 0.4515625 0.19907407407407407 0.44895833333333335 0.19907407407407407 0.4484375 0.1962962962962963 0.4473958333333333 0.17037037037037037 0.4473958333333333 0.16111111111111112 0.4505208333333333 0.15648148148148147
0 0.284375 0 0.2942708333333333 0 0.30104166666666665 0.016666666666666666 0.30104166666666665 0.025925925925925925 0.29635416666666664 0.03518518518518519 0.290625 0.03981481481481482 0.2864583333333333 0.03796296296296296 0.28229166666666666 0.020370370370370372 0.28229166666666666 0.007407407407407408 0.284375 0.000925925925925926
0 0.5203125 0.837037037037037 0.5255208333333333 0.8537037037037037 0.5286458333333334 0.875 0.5359375 0.8722222222222222 0.5375 0.8824074074074074 0.5375 0.9018518518518519 0.5348958333333333 0.9148148148148149 0.5359375 0.9259259259259259 0.5296875 0.9388888888888889 0.5255208333333333 0.9388888888888889 0.5229166666666667 0.9351851851851852 0.521875 0.9203703703703704 0.5151041666666667 0.9083333333333333 0.5067708333333333 0.8657407407407407 0.50625 0.8490740740740741 0.5083333333333333 0.8379629629629629 0.5119791666666667 0.8351851851851851 0.5197916666666667 0.837037037037037
0 0.6192708333333333 0.8703703703703703 0.6229166666666667 0.8759259259259259 0.6244791666666667 0.8851851851851852 0.621875 0.9138888888888889 0.6255208333333333 0.9490740740740741 0.6213541666666667 0.9666666666666667 0.6166666666666667 0.9703703703703703 0.6119791666666666 0.9703703703703703 0.60625 0.9629629629629629 0.6015625 0.9351851851851852 0.6046875 0.9231481481481482 0.6078125 0.8805555555555555 0.6125 0.8722222222222222 0.61875 0.8703703703703703
0 0.775 0.1638888888888889 0.79375 0.1638888888888889 0.7979166666666667 0.18425925925925926 0.796875 0.1925925925925926 0.79375 0.1962962962962963 0.7864583333333334 0.18981481481481483 0.778125 0.19074074074074074 0.7723958333333333 0.18611111111111112 0.7635416666666667 0.18518518518518517 0.7614583333333333 0.18055555555555555 0.7630208333333334 0.1675925925925926 0.7682291666666666 0.16296296296296298 0.7744791666666667 0.1638888888888889
0 0.36041666666666666 0.12129629629629629 0.3802083333333333 0.12962962962962962 0.3880208333333333 0.13703703703703704 0.3953125 0.19074074074074074 0.39479166666666665 0.2064814814814815 0.38385416666666666 0.23703703703703705 0.37135416666666665 0.2601851851851852 0.3671875 0.2777777777777778 0.35 0.30277777777777776 0.3463541666666667 0.3101851851851852 0.34739583333333335 0.3138888888888889 0.33645833333333336 0.3314814814814815 0.3359375 0.3416666666666667 0.32916666666666666 0.35 0.30364583333333334 0.40185185185185185 0.29791666666666666 0.42407407407407405 0.27760416666666665 0.45740740740740743 0.265625 0.48333333333333334 0.26197916666666665 0.4861111111111111 0.24427083333333333 0.48055555555555557 0.22708333333333333 0.4685185185185185 0.2203125 0.4601851851851852 0.209375 0.43703703703703706 0.20833333333333334 0.425 0.19739583333333333 0.39444444444444443 0.19739583333333333 0.38333333333333336 0.2125 0.3537037037037037 0.21979166666666666 0.32407407407407407 0.24791666666666667 0.2759259259259259 0.2515625 0.27037037037037037 0.2609375 0.2675925925925926 0.26614583333333336 0.2611111111111111 0.34791666666666665 0.12222222222222222 0.35989583333333336 0.12129629629629629
0 0.759375 0.24814814814814815 0.7723958333333333 0.2601851851851852 0.7729166666666667 0.2814814814814815 0.7677083333333333 0.3101851851851852 0.759375 0.33796296296296297 0.75625 0.3592592592592593 0.7526041666666666 0.36574074074074076 0.7479166666666667 0.3685185185185185 0.7260416666666667 0.35833333333333334 0.7197916666666667 0.3509259259259259 0.71875 0.3398148148148148 0.7270833333333333 0.2935185185185185 0.7328125 0.28425925925925927 0.740625 0.2564814814814815 0.7479166666666667 0.24722222222222223 0.7588541666666667 0.24814814814814815
1 0.7947916666666667 0.09351851851851851 0.7984375 0.09907407407407408 0.7979166666666667 0.10925925925925926 0.79375 0.1175925925925926 0.7901041666666667 0.13518518518518519 0.7864583333333334 0.13796296296296295 0.7833333333333333 0.12962962962962962 0.7901041666666667 0.09814814814814815 0.7942708333333334 0.09351851851851851
1 0.440625 0.48703703703703705 0.44166666666666665 0.47962962962962963 0.43645833333333334 0.44722222222222224 0.43854166666666666 0.43333333333333335 0.4421875 0.43333333333333335 0.44947916666666665 0.44814814814814813 0.44947916666666665 0.4546296296296296 0.44583333333333336 0.4842592592592593 0.4427083333333333 0.4898148148148148 0.44114583333333335 0.487962962962963
1 0.06875 0.11481481481481481 0.07916666666666666 0.12777777777777777 0.08489583333333334 0.14814814814814814 0.0859375 0.16111111111111112 0.08125 0.17314814814814813 0.06666666666666667 0.14074074074074075 0.065625 0.11574074074074074 0.06822916666666666 0.11481481481481481
1 0.7494791666666667 0.030555555555555555 0.7510416666666667 0.04259259259259259 0.7442708333333333 0.06759259259259259 0.7411458333333333 0.06666666666666667 0.7411458333333333 0.04537037037037037 0.7447916666666666 0.03425925925925926 0.7489583333333333 0.030555555555555555
1 0.6020833333333333 0.10277777777777777 0.60625 0.11203703703703703 0.6067708333333334 0.12685185185185185 0.6020833333333333 0.14074074074074075 0.6 0.15648148148148147 0.5979166666666667 0.15555555555555556 0.5953125 0.12129629629629629 0.6015625 0.1037037037037037
1 0.5817708333333333 0.037037037037037035 0.5854166666666667 0.05092592592592592 0.58125 0.075 0.578125 0.0824074074074074 0.575 0.08148148148148149 0.5755208333333334 0.05185185185185185 0.578125 0.040740740740740744 0.58125 0.037037037037037035
1 0.8390625 0.22037037037037038 0.8401041666666667 0.24444444444444444 0.8380208333333333 0.2490740740740741 0.8317708333333333 0.2490740740740741 0.8260416666666667 0.262037037037037 0.8197916666666667 0.25555555555555554 0.8244791666666667 0.2351851851851852 0.8317708333333333 0.22314814814814815 0.8385416666666666 0.22037037037037038
1 0.15416666666666667 0.028703703703703703 0.16145833333333334 0.04259259259259259 0.16614583333333333 0.06111111111111111 0.16614583333333333 0.06759259259259259 0.1625 0.06851851851851852 0.16145833333333334 0.062037037037037036 0.1546875 0.04814814814814815 0.15260416666666668 0.03611111111111111 0.15364583333333334 0.02962962962962963
1 0.034375 0.13518518518518519 0.03958333333333333 0.1398148148148148 0.04583333333333333 0.1537037037037037 0.04791666666666667 0.1648148148148148 0.046875 0.17592592592592593 0.034375 0.15555555555555556 0.028645833333333332 0.15092592592592594 0.029166666666666667 0.1388888888888889 0.033854166666666664 0.13518518518518519
1 0.16822916666666668 0.008333333333333333 0.1734375 0.014814814814814815 0.17552083333333332 0.02962962962962963 0.17916666666666667 0.03981481481481482 0.175 0.046296296296296294 0.17135416666666667 0.04351851851851852 0.165625 0.018518518518518517 0.16770833333333332 0.009259259259259259
1 0.4583333333333333 0.39351851851851855 0.46145833333333336 0.4 0.46197916666666666 0.4074074074074074 0.4588541666666667 0.41759259259259257 0.45625 0.44351851851851853 0.453125 0.4462962962962963 0.453125 0.4212962962962963 0.4510416666666667 0.4166666666666667 0.446875 0.4148148148148148 0.44583333333333336 0.4101851851851852 0.4515625 0.3861111111111111 0.45416666666666666 0.3861111111111111 0.4578125 0.39351851851851855
1 0.8015625 0.3453703703703704 0.8036458333333333 0.34814814814814815 0.803125 0.3675925925925926 0.7973958333333333 0.3861111111111111 0.7895833333333333 0.3990740740740741 0.78125 0.39351851851851855 0.7916666666666666 0.3638888888888889 0.7901041666666667 0.3592592592592593 0.784375 0.3592592592592593 0.8010416666666667 0.3453703703703704
1 0.6208333333333333 0.10462962962962963 0.6234375 0.11574074074074074 0.6234375 0.12685185185185185 0.6203125 0.1361111111111111 0.6192708333333333 0.15185185185185185 0.6171875 0.15462962962962962 0.6140625 0.15185185185185185 0.6125 0.12314814814814815 0.6177083333333333 0.10555555555555556 0.6203125 0.10462962962962963
1 0.7932291666666667 0.25277777777777777 0.796875 0.24722222222222223 0.796875 0.23981481481481481 0.8036458333333333 0.22314814814814815 0.8067708333333333 0.22407407407407406 0.8078125 0.22777777777777777 0.8072916666666666 0.24722222222222223 0.8041666666666667 0.25092592592592594 0.8010416666666667 0.2722222222222222 0.7963541666666667 0.2722222222222222 0.7916666666666666 0.2657407407407407 0.790625 0.2601851851851852 0.7932291666666667 0.2537037037037037
1 0.18958333333333333 0.9185185185185185 0.196875 0.9314814814814815 0.20520833333333333 0.9342592592592592 0.20729166666666668 0.9388888888888889 0.20260416666666667 0.9462962962962963 0.18645833333333334 0.9555555555555556 0.175 0.9416666666666667 0.16979166666666667 0.925 0.17708333333333334 0.9175925925925926 0.1890625 0.9185185185185185
1 0.14375 0.05555555555555555 0.15104166666666666 0.07962962962962963 0.15 0.08611111111111111 0.14479166666666668 0.08981481481481482 0.1390625 0.07222222222222222 0.1390625 0.05925925925925926 0.140625 0.05555555555555555 0.14322916666666666 0.05555555555555555
1 0.04791666666666667 0.075 0.057291666666666664 0.10092592592592593 0.058854166666666666 0.10833333333333334 0.057291666666666664 0.11388888888888889 0.05 0.10833333333333334 0.04010416666666667 0.08611111111111111 0.041666666666666664 0.07777777777777778 0.04739583333333333 0.075
1 0.8765625 0.4111111111111111 0.8796875 0.41944444444444445 0.8796875 0.4287037037037037 0.871875 0.4444444444444444 0.8661458333333333 0.462037037037037 0.8578125 0.46111111111111114 0.8557291666666667 0.45740740740740743 0.8552083333333333 0.44907407407407407 0.8645833333333334 0.4305555555555556 0.8661458333333333 0.4185185185185185 0.8760416666666667 0.41203703703703703
1 0.265625 0.8898148148148148 0.2786458333333333 0.8925925925925926 0.2864583333333333 0.9111111111111111 0.284375 0.9212962962962963 0.27708333333333335 0.9296296296296296 0.2708333333333333 0.9296296296296296 0.265625 0.925 0.2609375 0.9027777777777778 0.2609375 0.8972222222222223 0.26510416666666664 0.8907407407407407
1 0.38125 0.8027777777777778 0.3854166666666667 0.8111111111111111 0.39010416666666664 0.8138888888888889 0.38645833333333335 0.8277777777777777 0.3963541666666667 0.8361111111111111 0.396875 0.8416666666666667 0.3854166666666667 0.8388888888888889 0.3723958333333333 0.8416666666666667 0.37395833333333334 0.8268518518518518 0.37083333333333335 0.8083333333333333 0.3729166666666667 0.8046296296296296 0.3807291666666667 0.8027777777777778
1 0.85625 0.2935185185185185 0.8609375 0.30092592592592593 0.853125 0.32407407407407407 0.8458333333333333 0.3175925925925926 0.8442708333333333 0.31296296296296294 0.8520833333333333 0.2935185185185185 0.8557291666666667 0.2935185185185185
1 0.30364583333333334 0.575925925925926 0.31666666666666665 0.5953703703703703 0.31979166666666664 0.6046296296296296 0.32395833333333335 0.6083333333333333 0.3229166666666667 0.6138888888888889 0.31145833333333334 0.625 0.30052083333333335 0.5972222222222222 0.29739583333333336 0.5814814814814815 0.29791666666666666 0.5768518518518518 0.303125 0.575925925925926
1 0.3489583333333333 0.8472222222222222 0.3578125 0.8537037037037037 0.35989583333333336 0.8685185185185185 0.36614583333333334 0.875 0.365625 0.8796296296296297 0.3625 0.8833333333333333 0.35104166666666664 0.8861111111111111 0.3453125 0.8629629629629629 0.3484375 0.8481481481481481
1 0.5708333333333333 0.7944444444444444 0.5760416666666667 0.8 0.5739583333333333 0.8175925925925925 0.575 0.8305555555555556 0.56875 0.8351851851851851 0.5630208333333333 0.8351851851851851 0.5609375 0.8277777777777777 0.5645833333333333 0.8 0.5703125 0.7953703703703704
1 0.15520833333333334 0.7425925925925926 0.17291666666666666 0.7759259259259259 0.17135416666666667 0.7814814814814814 0.16302083333333334 0.7805555555555556 0.15833333333333333 0.7916666666666666 0.14427083333333332 0.7648148148148148 0.14010416666666667 0.7648148148148148 0.1375 0.7574074074074074 0.1375 0.75 0.13958333333333334 0.7453703703703703 0.1546875 0.7425925925925926
1 0.4625 0.2657407407407407 0.46927083333333336 0.28055555555555556 0.46927083333333336 0.28888888888888886 0.4630208333333333 0.31203703703703706 0.45989583333333334 0.3074074074074074 0.45729166666666665 0.2824074074074074 0.4583333333333333 0.26851851851851855 0.45989583333333334 0.26481481481481484 0.46197916666666666 0.2657407407407407
1 0.2916666666666667 0.8333333333333334 0.30572916666666666 0.8416666666666667 0.30833333333333335 0.8592592592592593 0.3104166666666667 0.8629629629629629 0.3104166666666667 0.8703703703703703 0.303125 0.8777777777777778 0.30052083333333335 0.8842592592592593 0.29635416666666664 0.8833333333333333 0.29635416666666664 0.8777777777777778 0.29375 0.8722222222222222 0.28854166666666664 0.8731481481481481 0.28958333333333336 0.8564814814814815 0.28541666666666665 0.8379629629629629 0.2911458333333333 0.8333333333333334
1 0.5953125 0.030555555555555555 0.5984375 0.03611111111111111 0.5994791666666667 0.04351851851851852 0.596875 0.06574074074074074 0.5927083333333333 0.07407407407407407 0.590625 0.06666666666666667 0.5895833333333333 0.04351851851851852 0.5921875 0.03333333333333333 0.5947916666666667 0.030555555555555555
1 0.196875 0.875 0.20625 0.8777777777777778 0.21041666666666667 0.8851851851851852 0.20833333333333334 0.9055555555555556 0.20364583333333333 0.9148148148148149 0.2015625 0.9148148148148149 0.19739583333333333 0.9027777777777778 0.19270833333333334 0.9009259259259259 0.18697916666666667 0.8907407407407407 0.1890625 0.8787037037037037 0.19635416666666666 0.875
1 0.34375 0.8231481481481482 0.3567708333333333 0.8388888888888889 0.36614583333333334 0.8444444444444444 0.3651041666666667 0.8490740740740741 0.35885416666666664 0.8546296296296296 0.35260416666666666 0.8490740740740741 0.34479166666666666 0.850925925925926 0.3333333333333333 0.8435185185185186 0.3385416666666667 0.8277777777777777 0.34322916666666664 0.8231481481481482
1 0.09166666666666666 0.09907407407407408 0.09583333333333334 0.09814814814814815 0.10625 0.11296296296296296 0.10885416666666667 0.12962962962962962 0.11354166666666667 0.14351851851851852 0.109375 0.14722222222222223 0.09791666666666667 0.12962962962962962 0.0921875 0.11203703703703703 0.09166666666666666 0.1
1 0.7354166666666667 0.85 0.7375 0.8518518518518519 0.7390625 0.8722222222222222 0.7333333333333333 0.8944444444444445 0.7260416666666667 0.8907407407407407 0.7286458333333333 0.8833333333333333 0.7276041666666667 0.8814814814814815 0.70625 0.8824074074074074 0.7041666666666667 0.875 0.7109375 0.8759259259259259 0.7229166666666667 0.8703703703703703 0.7265625 0.8611111111111112 0.7223958333333333 0.8527777777777777 0.7234375 0.85 0.7348958333333333 0.85
1 0.06354166666666666 0.1527777777777778 0.06822916666666666 0.1537037037037037 0.071875 0.16111111111111112 0.0734375 0.1712962962962963 0.08072916666666667 0.1787037037037037 0.07864583333333333 0.1824074074074074 0.07395833333333333 0.1814814814814815 0.07395833333333333 0.18888888888888888 0.07083333333333333 0.19074074074074074 0.0640625 0.17314814814814813 0.06354166666666666 0.1537037037037037
1 0.6028645833333334 0.02638888888888889 0.0109375 0.03981481481481482
1 0.17447916666666666 0.7138888888888889 0.2 0.7407407407407407 0.19947916666666668 0.7472222222222222 0.19375 0.7518518518518519 0.18958333333333333 0.7638888888888888 0.18541666666666667 0.7666666666666667 0.18489583333333334 0.7518518518518519 0.18229166666666666 0.7444444444444445 0.17552083333333332 0.7398148148148148 0.17135416666666667 0.7425925925925926 0.16927083333333334 0.7398148148148148 0.16979166666666667 0.7314814814814815 0.16614583333333333 0.7185185185185186 0.16927083333333334 0.7138888888888889 0.17395833333333333 0.7138888888888889
1 0.7239583333333334 0.2037037037037037 0.7270833333333333 0.19907407407407407 0.7265625 0.1935185185185185 0.7296875 0.18333333333333332 0.7328125 0.1787037037037037 0.7364583333333333 0.1787037037037037 0.7348958333333333 0.19722222222222222 0.7296875 0.20277777777777778 0.7328125 0.22685185185185186 0.7291666666666666 0.22870370370370371 0.7270833333333333 0.21481481481481482 0.7234375 0.21481481481481482 0.7213541666666666 0.22037037037037038 0.71875 0.22037037037037038 0.7239583333333334 0.20462962962962963
1 0.5734375 0.03796296296296296 0.5760416666666667 0.046296296296296294 0.5713541666666667 0.08148148148148149 0.56875 0.07777777777777778 0.5671875 0.046296296296296294 0.5708333333333333 0.03518518518518519 0.5729166666666666 0.03796296296296296
1 0.18802083333333333 0.9638888888888889 0.2 0.9703703703703703 0.20208333333333334 0.9842592592592593 0.196875 0.9953703703703703 0.18854166666666666 0.9944444444444445 0.171875 0.9740740740740741 0.171875 0.9675925925925926 0.17447916666666666 0.9629629629629629 0.1875 0.9638888888888889
1 0.6473958333333333 0.30925925925925923 0.6494791666666667 0.3314814814814815 0.64375 0.3574074074074074 0.6364583333333333 0.35555555555555557 0.6348958333333333 0.35185185185185186 0.640625 0.31574074074074077 0.6432291666666666 0.3101851851851852 0.646875 0.30925925925925923
1 0.8494791666666667 0.12314814814814815 0.8510416666666667 0.13796296296296295 0.8421875 0.17222222222222222 0.8385416666666666 0.1675925925925926 0.8348958333333333 0.1712962962962963 0.8348958333333333 0.16574074074074074 0.8375 0.15925925925925927 0.8416666666666667 0.13333333333333333 0.8489583333333334 0.12314814814814815
1 0.178125 0 0.18541666666666667 0 0.19114583333333332 0.020370370370370372 0.1890625 0.032407407407407406 0.18541666666666667 0.03333333333333333 0.17916666666666667 0.012037037037037037 0.178125 0.000925925925925926
1 0.103125 0.05277777777777778 0.10885416666666667 0.06481481481481481 0.10885416666666667 0.07222222222222222 0.11302083333333333 0.08703703703703704 0.1125 0.09351851851851851 0.0984375 0.06851851851851852 0.09791666666666667 0.05277777777777778 0.10260416666666666 0.05277777777777778
1 0.5604166666666667 0.3712962962962963 0.5640625 0.37037037037037035 0.5697916666666667 0.3907407407407407 0.5625 0.4203703703703704 0.5604166666666667 0.42592592592592593 0.5572916666666666 0.425 0.55625 0.38981481481481484 0.5604166666666667 0.37222222222222223
1 0.6239583333333333 0.08703703703703704 0.6244791666666667 0.05555555555555555 0.6291666666666667 0.04537037037037037 0.6317708333333333 0.04722222222222222 0.63125 0.06666666666666667 0.6286458333333333 0.08425925925925926 0.6244791666666667 0.08703703703703704
1 0.7479166666666667 0.10925925925925926 0.7510416666666667 0.07592592592592592 0.7546875 0.06666666666666667 0.7583333333333333 0.06666666666666667 0.759375 0.07777777777777778 0.7526041666666666 0.09814814814814815 0.7515625 0.10740740740740741 0.7484375 0.10925925925925926
1 0.7041666666666667 0.24166666666666667 0.7057291666666666 0.25 0.7052083333333333 0.26481481481481484 0.703125 0.27314814814814814 0.6984375 0.27685185185185185 0.6953125 0.27685185185185185 0.69375 0.2722222222222222 0.69375 0.25462962962962965 0.6963541666666667 0.24814814814814815 0.7036458333333333 0.24166666666666667
1 0.10520833333333333 0.49074074074074076 0.10885416666666667 0.49074074074074076 0.11875 0.5092592592592593 0.1265625 0.5092592592592593 0.13072916666666667 0.5148148148148148 0.1296875 0.5287037037037037 0.12708333333333333 0.5314814814814814 0.11197916666666667 0.5222222222222223 0.10572916666666667 0.5111111111111111 0.10364583333333334 0.5009259259259259 0.10520833333333333 0.49166666666666664
1 0.6916666666666667 0.09166666666666666 0.690625 0.07407407407407407 0.6921875 0.05925925925925926 0.6947916666666667 0.05092592592592592 0.6984375 0.04722222222222222 0.7005208333333334 0.058333333333333334 0.6921875 0.09166666666666666
1 0.203125 0 0.20885416666666667 0 0.2125 0.021296296296296296 0.2125 0.025 0.20989583333333334 0.025925925925925925 0.2046875 0.016666666666666666 0.203125 0.000925925925925926