1 0.2765625 0.9407407407407408 0.2828125 0.95 0.2833333333333333 0.9592592592592593 0.28541666666666665 0.9638888888888889 0.29322916666666665 0.9694444444444444 0.2911458333333333 0.975 0.2703125 0.9722222222222222 0.2640625 0.9685185185185186 0.26614583333333336 0.9453703703703704 0.2760416666666667 0.9407407407407408
1 0.84296875 0.22916666666666666 0.0171875 0.05092592592592592
1 0.14322916666666666 0.09444444444444444 0.14583333333333334 0.10277777777777777 0.14635416666666667 0.11388888888888889 0.153125 0.12222222222222222 0.14895833333333333 0.1259259259259259 0.14739583333333334 0.13148148148148148 0.14375 0.13055555555555556 0.13645833333333332 0.09537037037037037 0.13697916666666668 0.09074074074074075 0.140625 0.09074074074074075 0.14270833333333333 0.09444444444444444
1 0.0484375 0.18518518518518517 0.053125 0.19166666666666668 0.05260416666666667 0.20277777777777778 0.058854166666666666 0.22037037037037038 0.0578125 0.22407407407407406 0.05364583333333333 0.2222222222222222 0.040625 0.19537037037037036 0.040625 0.18888888888888888 0.043229166666666666 0.18425925925925926 0.04791666666666667 0.18518518518518517
1 0.8455729166666667 0.15138888888888888 0.016145833333333335 0.049074074074074076
1 0.4703125 0.40555555555555556 0.4739583333333333 0.40370370370370373 0.48020833333333335 0.41944444444444445 0.4786458333333333 0.44907407407407407 0.47604166666666664 0.45185185185185184 0.4734375 0.4398148148148148 0.471875 0.44537037037037036 0.47239583333333335 0.45555555555555555 0.46875 0.45740740740740743 0.46822916666666664 0.412962962962963 0.4703125 0.4064814814814815
1 0.5223958333333333 0.8537037037037037 0.5265625 0.8277777777777777 0.5265625 0.8166666666666667 0.5364583333333334 0.8009259259259259 0.5416666666666666 0.8037037037037037 0.5411458333333333 0.8148148148148148 0.54375 0.8203703703703704 0.5442708333333334 0.8277777777777777 0.5380208333333333 0.837037037037037 0.5333333333333333 0.8518518518518519 0.5307291666666667 0.8490740740740741 0.5291666666666667 0.8407407407407408 0.5265625 0.8518518518518519 0.5229166666666667 0.8537037037037037
1 0.19322916666666667 0.026851851851851852 0.19895833333333332 0.032407407407407406 0.20364583333333333 0.053703703703703705 0.203125 0.05740740740740741 0.19791666666666666 0.05925925925925926 0.19583333333333333 0.05925925925925926 0.19270833333333334 0.04814814814814815 0.19114583333333332 0.03518518518518519 0.19270833333333334 0.026851851851851852
1 0.04635416666666667 0.6166666666666667 0.058333333333333334 0.6231481481481481 0.058333333333333334 0.6268518518518519 0.05364583333333333 0.6305555555555555 0.06302083333333333 0.6509259259259259 0.06666666666666667 0.6694444444444444 0.065625 0.6731481481481482 0.06354166666666666 0.6731481481481482 0.05416666666666667 0.6537037037037037 0.042708333333333334 0.6462962962962963 0.03958333333333333 0.6546296296296297 0.0359375 0.6462962962962963 0.03333333333333333 0.6361111111111111 0.035416666666666666 0.6194444444444445 0.03802083333333333 0.6166666666666667 0.04583333333333333 0.6166666666666667
1 0.8489583333333334 0.4638888888888889 0.85 0.47685185185185186 0.8484375 0.4888888888888889 0.8317708333333333 0.5138888888888888 0.8286458333333333 0.512962962962963 0.8286458333333333 0.5037037037037037 0.8244791666666667 0.5046296296296297 0.8234375 0.5009259259259259 0.8380208333333333 0.4703703703703704 0.8447916666666667 0.4638888888888889 0.8484375 0.4638888888888889
1 0.6239583333333333 0.25462962962962965 0.6296875 0.2490740740740741 0.6322916666666667 0.2611111111111111 0.6296875 0.2851851851851852 0.6229166666666667 0.2953703703703704 0.6213541666666667 0.29259259259259257 0.6223958333333334 0.2611111111111111 0.6239583333333333 0.25555555555555554
1 0.07447916666666667 0.1111111111111111 0.0828125 0.12407407407407407 0.0921875 0.1527777777777778 0.0875 0.15462962962962962 0.0828125 0.15092592592592594 0.07760416666666667 0.13703703703703704 0.071875 0.1287037037037037 0.07083333333333333 0.11944444444444445 0.07395833333333333 0.11203703703703703
1 0.884375 0.4601851851851852 0.8869791666666667 0.462037037037037 0.8869791666666667 0.46944444444444444 0.8833333333333333 0.4842592592592593 0.8697916666666666 0.5074074074074074 0.865625 0.5064814814814815 0.8630208333333333 0.5009259259259259 0.8630208333333333 0.49074074074074076 0.8729166666666667 0.4787037037037037 0.8796875 0.462037037037037 0.8838541666666667 0.4601851851851852
1 0.3307291666666667 0.9148148148148149 0.33489583333333334 0.925 0.3380208333333333 0.9416666666666667 0.3375 0.9490740740740741 0.33229166666666665 0.9546296296296296 0.32864583333333336 0.9527777777777777 0.328125 0.9462962962962963 0.3151041666666667 0.9231481481481482 0.31666666666666665 0.9138888888888889 0.32135416666666666 0.912962962962963 0.32447916666666665 0.9074074074074074 0.32760416666666664 0.9083333333333333 0.3302083333333333 0.9148148148148149
1 0.515625 0.7916666666666666 0.5223958333333333 0.8074074074074075 0.5208333333333334 0.8296296296296296 0.5192708333333333 0.837037037037037 0.5166666666666667 0.8388888888888889 0.5109375 0.8379629629629629 0.5083333333333333 0.825 0.5083333333333333 0.8138888888888889 0.5052083333333334 0.812037037037037 0.5052083333333334 0.8074074074074075 0.5151041666666667 0.7916666666666666
1 0.017708333333333333 0.6296296296296297 0.030729166666666665 0.6342592592592593 0.03125 0.6370370370370371 0.028125 0.6435185185185185 0.036458333333333336 0.6611111111111111 0.04114583333333333 0.675 0.04010416666666667 0.6787037037037037 0.036458333333333336 0.6777777777777778 0.030208333333333334 0.6657407407407407 0.011979166666666667 0.6546296296296297 0.008854166666666666 0.649074074074074 0.008333333333333333 0.6305555555555555 0.0171875 0.6296296296296297
1 0.159375 0.08981481481481482 0.16197916666666667 0.09444444444444444 0.16770833333333332 0.12129629629629629 0.16510416666666666 0.1259259259259259 0.16145833333333334 0.12314814814814815 0.15208333333333332 0.09537037037037037 0.15572916666666667 0.08888888888888889 0.15885416666666666 0.08981481481481482
1 0.3 0.9138888888888889 0.31145833333333334 0.9203703703703704 0.31614583333333335 0.9277777777777778 0.3182291666666667 0.9527777777777777 0.31302083333333336 0.962037037037037 0.30833333333333335 0.9592592592592593 0.30572916666666666 0.950925925925926 0.2984375 0.9398148148148148 0.29635416666666664 0.9296296296296296 0.2921875 0.924074074074074 0.2916666666666667 0.9203703703703704 0.29375 0.9157407407407407 0.2994791666666667 0.9138888888888889
1 0.014583333333333334 0.24259259259259258 0.021354166666666667 0.2518518518518518 0.028645833333333332 0.26851851851851855 0.0265625 0.27314814814814814 0.022395833333333334 0.26944444444444443 0.019270833333333334 0.2833333333333333 0.017708333333333333 0.2824074074074074 0.015104166666666667 0.2657407407407407 0.008333333333333333 0.25555555555555554 0.00625 0.24722222222222223 0.00625 0.24074074074074073 0.008333333333333333 0.2361111111111111 0.011458333333333333 0.23703703703703705 0.0140625 0.24259259259259258
1 0.15390625 0.0837962962962963 0.0109375 0.025
1 0.32708333333333334 0.5962962962962963 0.334375 0.6064814814814815 0.33541666666666664 0.6277777777777778 0.34010416666666665 0.6342592592592593 0.33958333333333335 0.6425925925925926 0.33541666666666664 0.6481481481481481 0.33125 0.6472222222222223 0.32864583333333336 0.6305555555555555 0.3223958333333333 0.6240740740740741 0.321875 0.6018518518518519 0.32395833333333335 0.5962962962962963 0.3265625 0.5962962962962963
1 0.20833333333333334 0.5768518518518518 0.21302083333333333 0.5851851851851851 0.21770833333333334 0.5842592592592593 0.22239583333333332 0.5879629629629629 0.22083333333333333 0.5981481481481481 0.23177083333333334 0.6416666666666667 0.23072916666666668 0.6453703703703704 0.22708333333333333 0.6453703703703704 0.215625 0.6203703703703703 0.20520833333333333 0.612037037037037 0.2046875 0.5981481481481481 0.20625 0.5898148148148148 0.20416666666666666 0.5805555555555556 0.2078125 0.5768518518518518
1 0.5161458333333333 0.27037037037037037 0.5208333333333334 0.2824074074074074 0.5203125 0.3 0.51875 0.3055555555555556 0.5140625 0.30648148148148147 0.5119791666666667 0.3194444444444444 0.509375 0.3175925925925926 0.5114583333333333 0.2814814814814815 0.5130208333333334 0.2712962962962963 0.515625 0.27037037037037037
1 0 0.41388888888888886 0.008333333333333333 0.4305555555555556 0.00625 0.4361111111111111 0 0.4351851851851852 0 0.4148148148148148
1 0.6182291666666667 0 0.6213541666666667 0 0.6234375 0.010185185185185186 0.6223958333333334 0.023148148148148147 0.6197916666666666 0.032407407407407406 0.6177083333333333 0.032407407407407406 0.6161458333333333 0.009259259259259259 0.6182291666666667 0.000925925925925926
1 0.08489583333333334 0.15185185185185185 0.08802083333333334 0.15648148148148147 0.09583333333333334 0.18518518518518517 0.08854166666666667 0.19444444444444445 0.08072916666666667 0.1685185185185185 0.07864583333333333 0.15462962962962962 0.08072916666666667 0.15 0.084375 0.15185185185185185
1 0.053125 0.18888888888888888 0.0640625 0.19907407407407407 0.06614583333333333 0.20925925925925926 0.07447916666666667 0.21944444444444444 0.06666666666666667 0.21851851851851853 0.06510416666666667 0.2212962962962963 0.06614583333333333 0.22870370370370371 0.0640625 0.22962962962962963 0.053125 0.2064814814814815 0.053125 0.18981481481481483
1 0.95 0.5537037037037037 0.953125 0.5611111111111111 0.9541666666666667 0.5731481481481482 0.9401041666666666 0.5962962962962963 0.9291666666666667 0.5879629629629629 0.9286458333333333 0.5814814814814815 0.9369791666666667 0.5592592592592592 0.94375 0.5527777777777778 0.9494791666666667 0.5537037037037037
1 0.10625 0.9629629629629629 0.10989583333333333 0.9629629629629629 0.1140625 0.9675925925925926 0.12708333333333333 0.9675925925925926 0.14010416666666667 0.9740740740740741 0.14114583333333333 0.9787037037037037 0.1375 0.9898148148148148 0.13385416666666666 0.9916666666666667 0.1140625 0.9768518518518519 0.10677083333333333 0.9638888888888889
1 0.6838541666666667 0.36944444444444446 0.6854166666666667 0.3611111111111111 0.6854166666666667 0.33611111111111114 0.6911458333333333 0.32222222222222224 0.6927083333333334 0.31296296296296294 0.6963541666666667 0.31666666666666665 0.6979166666666666 0.3416666666666667 0.6921875 0.3509259259259259 0.6895833333333333 0.36944444444444446 0.684375 0.36944444444444446
1 0.3109375 0.037037037037037035 0.3140625 0.040740740740740744 0.32135416666666666 0.06296296296296296 0.32083333333333336 0.07037037037037037 0.3145833333333333 0.07314814814814814 0.3125 0.0712962962962963 0.3098958333333333 0.058333333333333334 0.30885416666666665 0.03888888888888889 0.3104166666666667 0.037037037037037035
1 0.4041666666666667 0.5120370370370371 0.4114583333333333 0.5212962962962963 0.41822916666666665 0.5425925925925926 0.41770833333333335 0.55 0.41354166666666664 0.5564814814814815 0.4114583333333333 0.5666666666666667 0.4088541666666667 0.5648148148148148 0.4083333333333333 0.5555555555555556 0.403125 0.5453703703703704 0.4005208333333333 0.5212962962962963 0.4010416666666667 0.5138888888888888 0.4036458333333333 0.5120370370370371
1 0.16458333333333333 0.053703703703703705 0.16979166666666667 0.06759259259259259 0.175 0.09259259259259259 0.17083333333333334 0.09259259259259259 0.16822916666666668 0.0962962962962963 0.16458333333333333 0.08796296296296297 0.16041666666666668 0.06481481481481481 0.1609375 0.05648148148148148 0.1640625 0.05462962962962963
1 0.3494791666666667 0.8925925925925926 0.35989583333333336 0.9018518518518519 0.35885416666666664 0.9138888888888889 0.36302083333333335 0.9342592592592592 0.3625 0.9416666666666667 0.35989583333333336 0.9444444444444444 0.3567708333333333 0.9444444444444444 0.35520833333333335 0.9361111111111111 0.3416666666666667 0.9259259259259259 0.33958333333333335 0.9203703703703704 0.33958333333333335 0.912962962962963 0.34322916666666664 0.9064814814814814 0.3453125 0.8962962962962963 0.3489583333333333 0.8925925925925926
1 0.46458333333333335 0.8240740740740741 0.47604166666666664 0.8379629629629629 0.47552083333333334 0.8564814814814815 0.478125 0.862037037037037 0.47760416666666666 0.8657407407407407 0.46979166666666666 0.8657407407407407 0.4666666666666667 0.8601851851851852 0.4630208333333333 0.8592592592592593 0.45 0.8740740740740741 0.4427083333333333 0.8740740740740741 0.44114583333333335 0.8694444444444445 0.44947916666666665 0.8648148148148148 0.4557291666666667 0.8546296296296296 0.45677083333333335 0.8379629629629629 0.4552083333333333 0.8222222222222222 0.4640625 0.8240740740740741
1 0.040625 0.13148148148148148 0.04635416666666667 0.13425925925925927 0.051041666666666666 0.1425925925925926 0.058854166666666666 0.17037037037037037 0.057291666666666664 0.17685185185185184 0.0390625 0.14166666666666666 0.03802083333333333 0.13333333333333333 0.04010416666666667 0.13148148148148148
1 0.5567708333333333 0.8407407407407408 0.5583333333333333 0.8444444444444444 0.5567708333333333 0.8814814814814815 0.5520833333333334 0.8796296296296297 0.5447916666666667 0.8694444444444445 0.5463541666666667 0.8629629629629629 0.5447916666666667 0.8416666666666667 0.55 0.8361111111111111 0.55625 0.8407407407407408
1 0.5895833333333333 0.09814814814814815 0.5921875 0.1 0.5947916666666667 0.10833333333333334 0.5947916666666667 0.1175925925925926 0.5911458333333334 0.12777777777777777 0.5885416666666666 0.14629629629629629 0.5828125 0.11296296296296296 0.5890625 0.09814814814814815
1 0.25052083333333336 0.9490740740740741 0.259375 0.9675925925925926 0.25885416666666666 0.9944444444444445 0.25729166666666664 0.9962962962962963 0.2520833333333333 0.9953703703703703 0.2453125 0.9888888888888889 0.2375 0.9703703703703703 0.2375 0.9611111111111111 0.24166666666666667 0.9518518518518518 0.25 0.9490740740740741
1 0.7171875 0.3074074074074074 0.7203125 0.3074074074074074 0.7244791666666667 0.3194444444444444 0.7208333333333333 0.3416666666666667 0.7166666666666667 0.35 0.7119791666666667 0.3314814814814815 0.7171875 0.30833333333333335
1 0.7489583333333333 0.09907407407407408 0.7515625 0.10092592592592593 0.7520833333333333 0.11851851851851852 0.7458333333333333 0.13333333333333333 0.7447916666666666 0.14074074074074075 0.7411458333333333 0.14351851851851852 0.7401041666666667 0.13518518518518519 0.7416666666666667 0.11574074074074074 0.7458333333333333 0.10185185185185185 0.7484375 0.09907407407407408
1 0.6088541666666667 0 0.615625 0 0.6161458333333333 0.004629629629629629 0.6125 0.025 0.609375 0.027777777777777776 0.6078125 0.006481481481481481 0.6088541666666667 0.000925925925925926