0 0.3578125 0.7157407407407408 0.365625 0.7240740740740741 0.3697916666666667 0.7333333333333333 0.3770833333333333 0.7712962962962963 0.3770833333333333 0.7814814814814814 0.375 0.787962962962963 0.36302083333333335 0.8083333333333333 0.3536458333333333 0.8138888888888889 0.34322916666666664 0.8148148148148148 0.3151041666666667 0.8351851851851851 0.2989583333333333 0.8518518518518519 0.290625 0.8685185185185185 0.28489583333333335 0.8712962962962963 0.26458333333333334 0.8694444444444445 0.2578125 0.8611111111111112 0.24895833333333334 0.825 0.24895833333333334 0.8055555555555556 0.2520833333333333 0.7898148148148149 0.2604166666666667 0.7787037037037037 0.2859375 0.7546296296296297 0.309375 0.7388888888888889 0.3171875 0.7296296296296296 0.32864583333333336 0.7277777777777777 0.35052083333333334 0.7157407407407408 0.3572916666666667 0.7157407407407408
0 0.9052083333333333 0.6342592592592593 0.9994791666666667 0.6805555555555556 0.9994791666666667 0.7138888888888889 0.9953125 0.7194444444444444 0.9947916666666666 0.7333333333333333 0.9973958333333334 0.7425925925925926 0.9994791666666667 0.7435185185185185 0.9994791666666667 0.8611111111111112 0.9854166666666667 0.8527777777777777 0.971875 0.8555555555555555 0.928125 0.8314814814814815 0.9234375 0.8277777777777777 0.9192708333333334 0.8185185185185185 0.9057291666666667 0.8240740740740741 0.89375 0.8212962962962963 0.8869791666666667 0.8157407407407408 0.8838541666666667 0.8074074074074075 0.8671875 0.7851851851851852 0.8651041666666667 0.7722222222222223 0.8640625 0.7268518518518519 0.8729166666666667 0.6935185185185185 0.871875 0.6787037037037037 0.878125 0.6564814814814814 0.8791666666666667 0.6407407407407407 0.8828125 0.6333333333333333 0.896875 0.6370370370370371 0.9046875 0.6342592592592593
0 0.8182291666666667 0.3037037037037037 0.8265625 0.30648148148148147 0.8317708333333333 0.3138888888888889 0.8338541666666667 0.3333333333333333 0.8322916666666667 0.33611111111111114 0.8255208333333334 0.33611111111111114 0.8140625 0.3287037037037037 0.8098958333333334 0.3287037037037037 0.8088541666666667 0.3314814814814815 0.8114583333333333 0.33611111111111114 0.8322916666666667 0.35185185185185186 0.8385416666666666 0.36203703703703705 0.840625 0.3888888888888889 0.84375 0.4046296296296296 0.8395833333333333 0.4166666666666667 0.8338541666666667 0.4212962962962963 0.8104166666666667 0.41944444444444445 0.8 0.4074074074074074 0.7989583333333333 0.4027777777777778 0.7994791666666666 0.38333333333333336 0.7958333333333333 0.3472222222222222 0.796875 0.33240740740740743 0.8015625 0.3212962962962963 0.8 0.3138888888888889 0.8083333333333333 0.3037037037037037 0.8177083333333334 0.3037037037037037
0 0.3098958333333333 0.14629629629629629 0.32395833333333335 0.15185185185185185 0.3265625 0.15833333333333333 0.32708333333333334 0.1675925925925926 0.32395833333333335 0.17037037037037037 0.32083333333333336 0.16111111111111112 0.31875 0.1787037037037037 0.3 0.2 0.28958333333333336 0.19907407407407407 0.28229166666666666 0.1935185185185185 0.2796875 0.18703703703703703 0.2791666666666667 0.1685185185185185 0.2838541666666667 0.1574074074074074 0.2942708333333333 0.14722222222222223 0.309375 0.14629629629629629
0 0.5953125 0.6509259259259259 0.7203125 0.6796296296296296 0.7385416666666667 0.6935185185185185 0.746875 0.7185185185185186 0.7588541666666667 0.725925925925926 0.765625 0.737037037037037 0.7697916666666667 0.7537037037037037 0.7723958333333333 0.7777777777777778 0.7723958333333333 0.7907407407407407 0.76875 0.8101851851851852 0.7619791666666667 0.8166666666666667 0.7515625 0.8185185185185185 0.7411458333333333 0.8296296296296296 0.7296875 0.8277777777777777 0.7223958333333333 0.8185185185185185 0.7119791666666667 0.812037037037037 0.634375 0.7925925925925926 0.6270833333333333 0.8009259259259259 0.61875 0.8027777777777778 0.6119791666666666 0.799074074074074 0.6041666666666666 0.7861111111111111 0.5807291666666666 0.7796296296296297 0.5708333333333333 0.7712962962962963 0.5682291666666667 0.7657407407407407 0.5677083333333334 0.7583333333333333 0.5713541666666667 0.7194444444444444 0.5708333333333333 0.6925925925925925 0.5739583333333333 0.6694444444444444 0.5802083333333333 0.6555555555555556 0.5885416666666666 0.65 0.5947916666666667 0.6509259259259259
0 0.5427083333333333 0.3731481481481482 0.56875 0.4148148148148148 0.5880208333333333 0.4583333333333333 0.5885416666666666 0.48055555555555557 0.5864583333333333 0.487962962962963 0.5822916666666667 0.49537037037037035 0.571875 0.5027777777777778 0.5625 0.5027777777777778 0.55 0.49722222222222223 0.5411458333333333 0.4703703703703704 0.51875 0.4324074074074074 0.5171875 0.41944444444444445 0.51875 0.39166666666666666 0.528125 0.3787037037037037 0.5421875 0.3731481481481482
0 0.46822916666666664 0.24166666666666667 0.47760416666666666 0.24722222222222223 0.48385416666666664 0.2574074074074074 0.4859375 0.2759259259259259 0.48489583333333336 0.28703703703703703 0.47604166666666664 0.29444444444444445 0.4671875 0.3101851851851852 0.4635416666666667 0.32222222222222224 0.45625 0.32407407407407407 0.44947916666666665 0.33055555555555555 0.434375 0.3194444444444444 0.4328125 0.3101851851851852 0.4354166666666667 0.2953703703703704 0.44166666666666665 0.27685185185185185 0.4557291666666667 0.25092592592592594 0.46197916666666666 0.24351851851851852 0.46770833333333334 0.24166666666666667
0 0.6265625 0.36203703703703705 0.6338541666666667 0.36666666666666664 0.6432291666666666 0.3787037037037037 0.665625 0.4212962962962963 0.6692708333333334 0.42407407407407405 0.66875 0.43148148148148147 0.6796875 0.46111111111111114 0.675 0.48703703703703705 0.6666666666666666 0.49444444444444446 0.6583333333333333 0.4962962962962963 0.6453125 0.49074074074074076 0.6395833333333333 0.4824074074074074 0.6359375 0.4685185185185185 0.625 0.44537037037037036 0.6104166666666667 0.4212962962962963 0.6067708333333334 0.4 0.609375 0.3787037037037037 0.6161458333333333 0.36666666666666664 0.6260416666666667 0.362962962962963
0 0.3802083333333333 0.38055555555555554 0.39114583333333336 0.38981481481481484 0.39739583333333334 0.4009259259259259 0.4005208333333333 0.4166666666666667 0.39739583333333334 0.4388888888888889 0.39010416666666664 0.44907407407407407 0.3828125 0.44814814814814813 0.37864583333333335 0.4527777777777778 0.35885416666666664 0.48148148148148145 0.35260416666666666 0.4981481481481482 0.34479166666666666 0.4962962962962963 0.3380208333333333 0.5037037037037037 0.32916666666666666 0.5009259259259259 0.32083333333333336 0.49074074074074076 0.31666666666666665 0.4740740740740741 0.3177083333333333 0.4601851851851852 0.3494791666666667 0.40370370370370373 0.3723958333333333 0.3814814814814815 0.3796875 0.38055555555555554
1 0.6546875 0.11481481481481481 0.6572916666666667 0.12685185185185185 0.6541666666666667 0.15462962962962962 0.6473958333333333 0.14814814814814814 0.6494791666666667 0.1361111111111111 0.6484375 0.1259259259259259 0.6515625 0.11574074074074074 0.6541666666666667 0.11481481481481481
1 0.5395833333333333 0.225 0.5427083333333333 0.24537037037037038 0.5395833333333333 0.26481481481481484 0.5369791666666667 0.26851851851851855 0.5328125 0.2462962962962963 0.5328125 0.23703703703703705 0.5359375 0.22592592592592592 0.5390625 0.225
1 0.10625 0.23796296296296296 0.11302083333333333 0.2388888888888889 0.11614583333333334 0.24259259259259258 0.1171875 0.2564814814814815 0.121875 0.2675925925925926 0.12083333333333333 0.2722222222222222 0.115625 0.2722222222222222 0.1125 0.2675925925925926 0.10625 0.24814814814814815 0.10625 0.2388888888888889
1 0.5989583333333334 0.262037037037037 0.6020833333333333 0.262037037037037 0.6046875 0.2712962962962963 0.6020833333333333 0.29907407407407405 0.5953125 0.3074074074074074 0.5958333333333333 0.28055555555555556 0.5989583333333334 0.26296296296296295
1 0.5640625 0.29814814814814816 0.5677083333333334 0.3101851851851852 0.5671875 0.3296296296296296 0.5604166666666667 0.3388888888888889 0.5588541666666667 0.33796296296296297 0.559375 0.3212962962962963 0.5578125 0.31296296296296294 0.559375 0.30185185185185187 0.5635416666666667 0.29814814814814816
1 0.6890625 0.22592592592592592 0.6911458333333333 0.2351851851851852 0.6890625 0.27037037037037037 0.684375 0.27037037037037037 0.68125 0.2601851851851852 0.6817708333333333 0.2462962962962963 0.6854166666666667 0.22685185185185186 0.6885416666666667 0.22592592592592592
1 0.296875 0.12962962962962962 0.2916666666666667 0.10277777777777777 0.2916666666666667 0.09722222222222222 0.29635416666666664 0.08981481481481482 0.3 0.09722222222222222 0.3015625 0.11203703703703703 0.3046875 0.12129629629629629 0.29739583333333336 0.12962962962962962
1 0.4203125 0.8694444444444445 0.43020833333333336 0.8796296296296297 0.43125 0.8861111111111111 0.4296875 0.8907407407407407 0.42291666666666666 0.8935185185185185 0.41510416666666666 0.9138888888888889 0.4114583333333333 0.9111111111111111 0.4140625 0.8981481481481481 0.4109375 0.875 0.4114583333333333 0.862037037037037 0.415625 0.8564814814814815 0.4197916666666667 0.8694444444444445
1 0.6713541666666667 0.1925925925925926 0.6739583333333333 0.1925925925925926 0.6770833333333334 0.20925925925925926 0.675 0.23333333333333334 0.6703125 0.23055555555555557 0.66875 0.20925925925925926 0.6713541666666667 0.1935185185185185
1 0.12291666666666666 0.23703703703703705 0.1328125 0.26481481481481484 0.1296875 0.275 0.11979166666666667 0.26851851851851855 0.11614583333333334 0.2574074074074074 0.115625 0.23796296296296296 0.11927083333333334 0.23333333333333334 0.12239583333333333 0.23703703703703705
1 0.22708333333333333 0.13333333333333333 0.23072916666666668 0.13240740740740742 0.2328125 0.13703703703703704 0.2390625 0.16111111111111112 0.2375 0.16574074074074074 0.23072916666666668 0.16574074074074074 0.22604166666666667 0.14166666666666666 0.22708333333333333 0.13425925925925927
1 0.4875 0.38055555555555554 0.4895833333333333 0.38796296296296295 0.4890625 0.40370370370370373 0.4875 0.4185185185185185 0.484375 0.4203703703703704 0.48020833333333335 0.3990740740740741 0.4786458333333333 0.37592592592592594 0.48020833333333335 0.37222222222222223 0.48385416666666664 0.37222222222222223 0.4869791666666667 0.38055555555555554
1 0.7713541666666667 0.3296296296296296 0.7723958333333333 0.34814814814814815 0.7708333333333334 0.3574074074074074 0.7661458333333333 0.3648148148148148 0.7661458333333333 0.3851851851851852 0.7640625 0.38333333333333336 0.7619791666666667 0.36666666666666664 0.7583333333333333 0.37222222222222223 0.7552083333333334 0.36944444444444446 0.7609375 0.35462962962962963 0.7604166666666666 0.3453703703703704 0.76875 0.3287037037037037 0.7708333333333334 0.3296296296296296
1 0.7145833333333333 0.39814814814814814 0.7166666666666667 0.4009259259259259 0.7166666666666667 0.4185185185185185 0.7140625 0.42962962962962964 0.7140625 0.44907407407407407 0.7104166666666667 0.45 0.709375 0.43796296296296294 0.7114583333333333 0.4185185185185185 0.7088541666666667 0.4101851851851852 0.7109375 0.4 0.7140625 0.39814814814814814
1 0.41458333333333336 0.41388888888888886 0.41770833333333335 0.41388888888888886 0.42291666666666666 0.425 0.4244791666666667 0.4564814814814815 0.4244791666666667 0.4666666666666667 0.42135416666666664 0.4703703703703704 0.4166666666666667 0.44351851851851853 0.4109375 0.43333333333333335 0.41458333333333336 0.4148148148148148
1 0.2546875 0.1388888888888889 0.25885416666666666 0.14814814814814814 0.2625 0.1675925925925926 0.26197916666666665 0.17407407407407408 0.25885416666666666 0.175 0.25104166666666666 0.15 0.2515625 0.14351851851851852 0.25416666666666665 0.1398148148148148
1 0.1296875 0.21388888888888888 0.14114583333333333 0.24074074074074073 0.140625 0.24444444444444444 0.13697916666666668 0.24351851851851852 0.13333333333333333 0.25092592592592594 0.1296875 0.24814814814814815 0.13072916666666667 0.24074074074074073 0.12604166666666666 0.23055555555555557 0.1265625 0.21574074074074073 0.12916666666666668 0.21388888888888888
1 0.3807291666666667 0.5212962962962963 0.39010416666666664 0.5333333333333333 0.390625 0.5462962962962963 0.39375 0.5601851851851852 0.3921875 0.5675925925925925 0.38645833333333335 0.5703703703703704 0.38333333333333336 0.575925925925926 0.38177083333333334 0.5731481481481482 0.3854166666666667 0.5638888888888889 0.3765625 0.5370370370370371 0.3776041666666667 0.5259259259259259 0.3802083333333333 0.5212962962962963
1 0.5713541666666667 0.39444444444444443 0.5776041666666667 0.3962962962962963 0.5817708333333333 0.41388888888888886 0.58125 0.43148148148148147 0.5776041666666667 0.43425925925925923 0.5744791666666667 0.42962962962962964 0.5713541666666667 0.4111111111111111 0.5713541666666667 0.39537037037037037
1 0.19791666666666666 0.6805555555555556 0.20625 0.6851851851851852 0.2109375 0.6935185185185185 0.20885416666666667 0.7046296296296296 0.203125 0.7138888888888889 0.19947916666666668 0.7129629629629629 0.19114583333333332 0.7027777777777777 0.19114583333333332 0.6814814814814815 0.19739583333333333 0.6805555555555556
1 0.30833333333333335 0.09444444444444444 0.3125 0.0962962962962963 0.315625 0.11851851851851852 0.3140625 0.12222222222222222 0.3109375 0.11944444444444445 0.3072916666666667 0.10555555555555556 0.30833333333333335 0.09537037037037037
1 0.32265625 0.17453703703703705 0.0109375 0.03611111111111111
1 0.3572916666666667 0.5555555555555556 0.3645833333333333 0.5675925925925925 0.36614583333333334 0.5990740740740741 0.359375 0.5990740740740741 0.3541666666666667 0.5898148148148148 0.35 0.5601851851851852 0.35208333333333336 0.5537037037037037 0.3567708333333333 0.5555555555555556
1 0.578125 0.2824074074074074 0.58125 0.24074074074074073 0.5833333333333334 0.23703703703703705 0.5869791666666667 0.24074074074074073 0.5885416666666666 0.24722222222222223 0.5885416666666666 0.27037037037037037 0.5869791666666667 0.27685185185185185 0.5786458333333333 0.2824074074074074
1 0.21614583333333334 0.14629629629629629 0.22083333333333333 0.15462962962962962 0.2203125 0.1648148148148148 0.2234375 0.17407407407407408 0.22083333333333333 0.1787037037037037 0.2140625 0.1648148148148148 0.21197916666666666 0.14722222222222223 0.21302083333333333 0.14444444444444443 0.215625 0.14629629629629629
1 0.4671875 0.4009259259259259 0.46770833333333334 0.38425925925925924 0.4708333333333333 0.37777777777777777 0.47708333333333336 0.3787037037037037 0.4796875 0.38333333333333336 0.48020833333333335 0.39537037037037037 0.47760416666666666 0.4212962962962963 0.4734375 0.4222222222222222 0.4713541666666667 0.4074074074074074 0.46770833333333334 0.4009259259259259
1 0.6791666666666667 0.8212962962962963 0.6822916666666666 0.825 0.684375 0.8472222222222222 0.6760416666666667 0.8648148148148148 0.671875 0.8805555555555555 0.66875 0.8805555555555555 0.6651041666666667 0.8722222222222222 0.6635416666666667 0.8555555555555555 0.6671875 0.8416666666666667 0.6729166666666667 0.8351851851851851 0.6755208333333333 0.8305555555555556 0.6760416666666667 0.8240740740740741 0.6786458333333333 0.8212962962962963
1 0.0265625 0.3861111111111111 0.04479166666666667 0.41388888888888886 0.04635416666666667 0.4185185185185185 0.04375 0.42592592592592593 0.036458333333333336 0.42407407407407405 0.025520833333333333 0.40555555555555556 0.022395833333333334 0.3888888888888889 0.026041666666666668 0.3861111111111111
1 0.7036458333333333 0.3509259259259259 0.7046875 0.33240740740740743 0.703125 0.31666666666666665 0.7125 0.29814814814814816 0.7140625 0.3 0.7151041666666667 0.31851851851851853 0.70625 0.35185185185185186 0.7041666666666667 0.3509259259259259
1 0.14947916666666666 0.22314814814814815 0.15260416666666668 0.22314814814814815 0.1578125 0.2324074074074074 0.159375 0.24537037037037038 0.16302083333333334 0.2537037037037037 0.16302083333333334 0.25833333333333336 0.1609375 0.2601851851851852 0.1578125 0.2574074074074074 0.14895833333333333 0.2388888888888889 0.14947916666666666 0.22407407407407406
1 0.32760416666666664 0.5509259259259259 0.33645833333333336 0.5666666666666667 0.3375 0.5981481481481481 0.33489583333333334 0.600925925925926 0.3333333333333333 0.5907407407407408 0.32760416666666664 0.5879629629629629 0.3229166666666667 0.5694444444444444 0.3229166666666667 0.5527777777777778 0.32395833333333335 0.55 0.32708333333333334 0.5509259259259259
1 0.6401041666666667 0.275 0.64375 0.2861111111111111 0.640625 0.3175925925925926 0.6369791666666667 0.3111111111111111 0.634375 0.3212962962962963 0.63125 0.32037037037037036 0.6333333333333333 0.30648148148148147 0.6328125 0.28888888888888886 0.6369791666666667 0.27685185185185185 0.6395833333333333 0.2759259259259259
1 0.6473958333333333 0.09166666666666666 0.6494791666666667 0.11018518518518519 0.6463541666666667 0.1259259259259259 0.6442708333333333 0.1287037037037037 0.6421875 0.1259259259259259 0.6416666666666667 0.10555555555555556 0.646875 0.09166666666666666
1 0.39739583333333334 0.47314814814814815 0.4005208333333333 0.47314814814814815 0.4078125 0.4842592592592593 0.409375 0.4925925925925926 0.4078125 0.5259259259259259 0.4046875 0.5305555555555556 0.403125 0.5157407407407407 0.3984375 0.5074074074074074 0.3958333333333333 0.487962962962963 0.39739583333333334 0.4740740740740741
1 0.15 0.2388888888888889 0.16197916666666667 0.26851851851851855 0.16145833333333334 0.2740740740740741 0.1578125 0.26851851851851855 0.1546875 0.26851851851851855 0.15416666666666667 0.27870370370370373 0.1515625 0.28055555555555556 0.15 0.2657407407407407 0.14375 0.24259259259259258 0.14947916666666666 0.2388888888888889
1 0.1921875 0.18333333333333332 0.18385416666666668 0.16111111111111112 0.18385416666666668 0.1574074074074074 0.18802083333333333 0.1527777777777778 0.1921875 0.1574074074074074 0.19895833333333332 0.18055555555555555 0.196875 0.18425925925925926 0.19270833333333334 0.18333333333333332
1 0.7666666666666667 0.9796296296296296 0.7697916666666667 0.9842592592592593 0.7734375 0.9990740740740741 0.7541666666666667 0.9990740740740741 0.7567708333333333 0.987037037037037 0.746875 0.9833333333333333 0.7479166666666667 0.9796296296296296 0.7661458333333333 0.9796296296296296
1 0.5723958333333333 0.36944444444444446 0.5770833333333333 0.36944444444444446 0.5791666666666667 0.37962962962962965 0.5776041666666667 0.39351851851851855 0.5708333333333333 0.39814814814814814 0.56875 0.38333333333333336 0.5723958333333333 0.37037037037037035
1 0.5161458333333333 0.562962962962963 0.5203125 0.5685185185185185 0.5229166666666667 0.5842592592592593 0.521875 0.6027777777777777 0.5192708333333333 0.6064814814814815 0.5166666666666667 0.6046296296296296 0.5161458333333333 0.5990740740740741 0.5119791666666667 0.5916666666666667 0.5109375 0.5777777777777777 0.515625 0.562962962962963
1 0 0.41574074074074074 0.003125 0.41759259259259257 0.019791666666666666 0.44907407407407407 0.018229166666666668 0.4537037037037037 0.011979166666666667 0.45555555555555555 0 0.44351851851851853 0 0.4166666666666667
1 0.8765625 0.17314814814814813 0.8776041666666666 0.18981481481481483 0.8682291666666667 0.21851851851851853 0.8640625 0.22037037037037038 0.8619791666666666 0.21666666666666667 0.8645833333333334 0.19074074074074074 0.8760416666666667 0.17407407407407408
1 0.7125 0.4074074074074074 0.7130208333333333 0.4212962962962963 0.7072916666666667 0.46111111111111114 0.703125 0.45925925925925926 0.7026041666666667 0.44537037037037036 0.7 0.4361111111111111 0.703125 0.41759259259259257 0.7098958333333333 0.4064814814814815 0.7119791666666667 0.4074074074074074
1 0.5505208333333333 0.28888888888888886 0.5578125 0.30277777777777776 0.5541666666666667 0.3296296296296296 0.5505208333333333 0.34074074074074073 0.5484375 0.34074074074074073 0.5494791666666666 0.3212962962962963 0.5473958333333333 0.31203703703703706 0.5442708333333334 0.3074074074074074 0.5447916666666667 0.3 0.55 0.2898148148148148
1 0.5432291666666667 0.5324074074074074 0.5463541666666667 0.5268518518518519 0.55 0.5268518518518519 0.5552083333333333 0.5416666666666666 0.5552083333333333 0.5527777777777778 0.5510416666666667 0.5731481481481482 0.5484375 0.5833333333333334 0.5453125 0.5851851851851851 0.5453125 0.5666666666666667 0.5432291666666667 0.5564814814814815 0.5390625 0.55 0.5432291666666667 0.5333333333333333
1 0.16458333333333333 0.18425925925925926 0.17239583333333333 0.20925925925925926 0.17135416666666667 0.21574074074074073 0.16510416666666666 0.21388888888888888 0.15729166666666666 0.1962962962962963 0.15729166666666666 0.1824074074074074 0.16197916666666667 0.18055555555555555 0.1640625 0.18425925925925926
1 0.6104166666666667 0.18333333333333332 0.6145833333333334 0.1925925925925926 0.6145833333333334 0.2 0.609375 0.23148148148148148 0.6046875 0.22962962962962963 0.6046875 0.2175925925925926 0.6052083333333333 0.19074074074074074 0.6098958333333333 0.18333333333333332
1 0.5614583333333333 0.562962962962963 0.5651041666666666 0.5712962962962963 0.5677083333333334 0.5879629629629629 0.5651041666666666 0.5935185185185186 0.5640625 0.6166666666666667 0.5609375 0.625 0.5572916666666666 0.6185185185185185 0.5567708333333333 0.5990740740740741 0.5526041666666667 0.5879629629629629 0.55625 0.5685185185185185 0.5588541666666667 0.562962962962963 0.5609375 0.562962962962963
1 0.8145833333333333 0.27361111111111114 0.014583333333333334 0.04537037037037037
1 0.20989583333333334 0.1935185185185185 0.21302083333333333 0.19444444444444445 0.21666666666666667 0.20092592592592592 0.21875 0.2175925925925926 0.22291666666666668 0.22962962962962963 0.22239583333333332 0.23333333333333334 0.21927083333333333 0.23425925925925925 0.21614583333333334 0.2222222222222222 0.2125 0.21666666666666667 0.209375 0.20462962962962963 0.20989583333333334 0.19444444444444445