0 0.11354166666666667 0.9583333333333334 0.11770833333333333 0.9638888888888889 0.12083333333333333 0.9740740740740741 0.11822916666666666 0.9916666666666667 0.11354166666666667 0.9990740740740741 0.08125 0.9990740740740741 0.07916666666666666 0.9962962962962963 0.0765625 0.9990740740740741 0.06770833333333333 0.9990740740740741 0.07239583333333334 0.987037037037037 0.07395833333333333 0.9768518518518519 0.07760416666666667 0.9703703703703703 0.08802083333333334 0.9666666666666667 0.0953125 0.9731481481481481 0.10572916666666667 0.9592592592592593 0.109375 0.9564814814814815 0.11302083333333333 0.9583333333333334
0 0.19791666666666666 0.7185185185185186 0.20677083333333332 0.7296296296296296 0.21979166666666666 0.7546296296296297 0.21979166666666666 0.7620370370370371 0.209375 0.7861111111111111 0.18697916666666667 0.8111111111111111 0.17708333333333334 0.8314814814814815 0.17083333333333334 0.837037037037037 0.15885416666666666 0.8361111111111111 0.15416666666666667 0.8287037037037037 0.14270833333333333 0.7851851851851852 0.14166666666666666 0.7722222222222223 0.15364583333333334 0.75 0.159375 0.7435185185185185 0.1875 0.7194444444444444 0.19739583333333333 0.7185185185185186
0 0.008333333333333333 0.475 0.010416666666666666 0.4787037037037037 0.021875 0.4842592592592593 0.0328125 0.4787037037037037 0.05 0.4898148148148148 0.06354166666666666 0.5046296296296297 0.0640625 0.5111111111111111 0.0609375 0.5185185185185185 0.030208333333333334 0.5638888888888889 0.005729166666666666 0.5537037037037037 0 0.5435185185185185 0 0.48518518518518516 0.00625 0.48148148148148145 0.0078125 0.4759259259259259
0 0.56875 0.05740740740740741 0.5723958333333333 0.06388888888888888 0.5739583333333333 0.08796296296296297 0.5697916666666667 0.09722222222222222 0.5677083333333334 0.10833333333333334 0.5640625 0.11388888888888889 0.553125 0.11018518518518519 0.5479166666666667 0.10555555555555556 0.5473958333333333 0.10092592592592593 0.5536458333333333 0.06481481481481481 0.5578125 0.05925925925925926 0.5682291666666667 0.05740740740740741
0 0.6322916666666667 0.05092592592592592 0.6348958333333333 0.05740740740740741 0.6348958333333333 0.07222222222222222 0.63125 0.0787037037037037 0.6244791666666667 0.0787037037037037 0.6197916666666666 0.075 0.61875 0.06111111111111111 0.6234375 0.05 0.6317708333333333 0.05092592592592592
0 0.5625 0.23148148148148148 0.5682291666666667 0.2351851851851852 0.5729166666666666 0.2574074074074074 0.571875 0.2898148148148148 0.5682291666666667 0.2953703703703704 0.55 0.2935185185185185 0.5463541666666667 0.2861111111111111 0.546875 0.25833333333333336 0.55 0.2388888888888889 0.5546875 0.2324074074074074 0.5619791666666667 0.23148148148148148
0 0.8828125 0.7379629629629629 0.890625 0.7444444444444445 0.8911458333333333 0.7546296296296297 0.8947916666666667 0.7648148148148148 0.8989583333333333 0.762962962962963 0.8989583333333333 0.7574074074074074 0.9020833333333333 0.75 0.9020833333333333 0.7407407407407407 0.9078125 0.7398148148148148 0.9145833333333333 0.7564814814814815 0.9161458333333333 0.7712962962962963 0.91875 0.7787037037037037 0.9182291666666667 0.7888888888888889 0.9130208333333333 0.7935185185185185 0.9072916666666667 0.7925925925925926 0.8989583333333333 0.7824074074074074 0.8901041666666667 0.7833333333333333 0.8697916666666666 0.7648148148148148 0.8682291666666667 0.7546296296296297 0.8697916666666666 0.7407407407407407 0.8744791666666667 0.7361111111111112 0.8822916666666667 0.7379629629629629
0 0.49270833333333336 0.03888888888888889 0.49583333333333335 0.04259259259259259 0.49322916666666666 0.05555555555555555 0.49270833333333336 0.0824074074074074 0.4859375 0.08518518518518518 0.4796875 0.08518518518518518 0.4765625 0.08148148148148149 0.47239583333333335 0.05648148148148148 0.4765625 0.04351851851851852 0.4859375 0.03796296296296296 0.4921875 0.03888888888888889
0 0.4505208333333333 0.36574074074074076 0.45260416666666664 0.34444444444444444 0.45989583333333334 0.3425925925925926 0.4630208333333333 0.35 0.4630208333333333 0.3574074074074074 0.4588541666666667 0.3787037037037037 0.45677083333333335 0.3824074074074074 0.45260416666666664 0.38055555555555554 0.4510416666666667 0.36666666666666664
0 0.334375 0.44907407407407407 0.3375 0.44907407407407407 0.3385416666666667 0.4564814814814815 0.3328125 0.46944444444444444 0.33125 0.4925925925925926 0.32760416666666664 0.5009259259259259 0.32447916666666665 0.5027777777777778 0.31979166666666664 0.4842592592592593 0.32135416666666666 0.4564814814814815 0.32447916666666665 0.45185185185185184 0.33177083333333335 0.4564814814814815 0.334375 0.45
0 0.5020833333333333 0.33425925925925926 0.5083333333333333 0.34444444444444444 0.5125 0.3712962962962963 0.5161458333333333 0.3787037037037037 0.5151041666666667 0.3888888888888889 0.5177083333333333 0.4101851851851852 0.5166666666666667 0.4287037037037037 0.5130208333333334 0.43333333333333335 0.5052083333333334 0.4361111111111111 0.49114583333333334 0.4361111111111111 0.48541666666666666 0.42962962962962964 0.48020833333333335 0.38333333333333336 0.4796875 0.35 0.4822916666666667 0.33796296296296297 0.4869791666666667 0.33425925925925926 0.5015625 0.33425925925925926
0 0.5333333333333333 0.31296296296296294 0.5401041666666667 0.3175925925925926 0.5442708333333334 0.3388888888888889 0.5432291666666667 0.3648148148148148 0.5364583333333334 0.3814814814814815 0.5255208333333333 0.3675925925925926 0.5208333333333334 0.3490740740740741 0.5223958333333333 0.31666666666666665 0.5328125 0.31296296296296294
0 0.0921875 0.9111111111111111 0.10520833333333333 0.9175925925925926 0.10729166666666666 0.9212962962962963 0.10729166666666666 0.9287037037037037 0.09583333333333334 0.937962962962963 0.08958333333333333 0.95 0.057291666666666664 0.9740740740740741 0.04791666666666667 0.9740740740740741 0.04114583333333333 0.9675925925925926 0.04114583333333333 0.9527777777777777 0.049479166666666664 0.9185185185185185 0.06197916666666667 0.9175925925925926 0.07552083333333333 0.9092592592592592 0.09166666666666666 0.9111111111111111
0 0.46875 0.30092592592592593 0.4734375 0.30277777777777776 0.47604166666666664 0.31851851851851853 0.4739583333333333 0.3277777777777778 0.46458333333333335 0.3388888888888889 0.46145833333333336 0.3287037037037037 0.4630208333333333 0.3055555555555556 0.46822916666666664 0.30092592592592593
0 0.7239583333333334 0.6481481481481481 0.7625 0.6824074074074075 0.7880208333333333 0.7268518518518519 0.7911458333333333 0.7453703703703703 0.7864583333333334 0.7722222222222223 0.78125 0.7824074074074074 0.7739583333333333 0.787962962962963 0.7619791666666667 0.7861111111111111 0.7421875 0.7583333333333333 0.7177083333333333 0.7342592592592593 0.7057291666666666 0.7305555555555555 0.6994791666666667 0.7240740740740741 0.6942708333333333 0.7064814814814815 0.6984375 0.6842592592592592 0.7098958333333333 0.6555555555555556 0.7166666666666667 0.6472222222222223 0.7234375 0.6481481481481481
0 0.9015625 0.6518518518518519 0.9354166666666667 0.6777777777777778 0.9385416666666667 0.6842592592592592 0.9390625 0.7324074074074074 0.9375 0.7407407407407407 0.9322916666666666 0.7444444444444445 0.9135416666666667 0.7314814814814815 0.8973958333333333 0.7287037037037037 0.8880208333333334 0.7175925925925926 0.8765625 0.7222222222222222 0.8697916666666666 0.712037037037037 0.8677083333333333 0.6925925925925925 0.8692708333333333 0.6796296296296296 0.8723958333333334 0.6712962962962963 0.8864583333333333 0.6509259259259259 0.9010416666666666 0.6518518518518519
0 0.23072916666666668 0.7509259259259259 0.23697916666666666 0.7509259259259259 0.24114583333333334 0.7574074074074074 0.2515625 0.7509259259259259 0.2557291666666667 0.762962962962963 0.2552083333333333 0.7768518518518519 0.24947916666666667 0.7935185185185185 0.240625 0.8083333333333333 0.234375 0.8111111111111111 0.2234375 0.8287037037037037 0.2203125 0.8212962962962963 0.21822916666666667 0.8055555555555556 0.2203125 0.787962962962963 0.2296875 0.7648148148148148 0.23072916666666668 0.7518518518518519
0 0.36041666666666666 0.4398148148148148 0.3692708333333333 0.44907407407407407 0.3734375 0.4685185185185185 0.3729166666666667 0.48055555555555557 0.3651041666666667 0.4981481481481482 0.3411458333333333 0.5268518518518519 0.33697916666666666 0.5259259259259259 0.3359375 0.5194444444444445 0.3333333333333333 0.49907407407407406 0.3338541666666667 0.4703703703703704 0.3458333333333333 0.44537037037037036 0.3541666666666667 0.43796296296296294 0.35989583333333336 0.4398148148148148
0 0.61875 0.55 0.634375 0.5657407407407408 0.6479166666666667 0.5842592592592593 0.6609375 0.612037037037037 0.6640625 0.6287037037037037 0.6630208333333333 0.6416666666666667 0.659375 0.6509259259259259 0.6510416666666666 0.6564814814814814 0.6364583333333333 0.6472222222222223 0.609375 0.6148148148148148 0.5979166666666667 0.6129629629629629 0.5911458333333334 0.6083333333333333 0.5880208333333333 0.6018518518518519 0.5859375 0.5888888888888889 0.5880208333333333 0.5777777777777777 0.6026041666666667 0.5518518518518518 0.6083333333333333 0.5462962962962963 0.6182291666666667 0.55
0 0.35130208333333335 0.22083333333333333 0.04114583333333333 0.05277777777777778
0 0.5479166666666667 0.2125 0.017708333333333333 0.041666666666666664
0 0.7572916666666667 0.39814814814814814 0.7651041666666667 0.4027777777777778 0.76875 0.412962962962963 0.7703125 0.42314814814814816 0.7697916666666667 0.4425925925925926 0.7744791666666667 0.45185185185185184 0.7796875 0.49166666666666664 0.7786458333333334 0.49907407407407406 0.7708333333333334 0.5083333333333333 0.7515625 0.5046296296296297 0.74375 0.49907407407407406 0.740625 0.4935185185185185 0.7401041666666667 0.46296296296296297 0.7359375 0.4425925925925926 0.7359375 0.4287037037037037 0.7390625 0.42314814814814816 0.7416666666666667 0.42314814814814816 0.7473958333333334 0.4305555555555556 0.7526041666666666 0.4305555555555556 0.7536458333333333 0.42777777777777776 0.7416666666666667 0.4203703703703704 0.7385416666666667 0.412962962962963 0.7390625 0.4064814814814815 0.7447916666666666 0.39814814814814814 0.7567708333333333 0.39814814814814814
0 0.7130208333333333 0.48055555555555557 0.7234375 0.5046296296296297 0.7239583333333334 0.5194444444444445 0.7208333333333333 0.5351851851851852 0.7151041666666667 0.5324074074074074 0.7098958333333333 0.5231481481481481 0.7098958333333333 0.5092592592592593 0.7041666666666667 0.5157407407407407 0.6979166666666666 0.5166666666666667 0.6942708333333333 0.5074074074074074 0.6963541666666667 0.49074074074074076 0.6994791666666667 0.487962962962963 0.70625 0.4898148148148148 0.7125 0.48055555555555557
0 0.5989583333333334 0.024074074074074074 0.6078125 0.030555555555555555 0.6104166666666667 0.03981481481481482 0.6109375 0.06388888888888888 0.6067708333333334 0.07314814814814814 0.6041666666666666 0.07407407407407407 0.6041666666666666 0.07037037037037037 0.5994791666666667 0.06574074074074074 0.5911458333333334 0.07037037037037037 0.5875 0.06018518518518518 0.5875 0.05 0.5916666666666667 0.026851851851851852 0.5984375 0.025
0 0.3458333333333333 0.24444444444444444 0.3546875 0.25462962962962965 0.3572916666666667 0.26851851851851855 0.35625 0.275 0.3489583333333333 0.2833333333333333 0.3453125 0.2833333333333333 0.3416666666666667 0.27037037037037037 0.34375 0.25833333333333336 0.34270833333333334 0.24722222222222223 0.3453125 0.24444444444444444
0 0.6401041666666667 0.3824074074074074 0.6447916666666667 0.3925925925925926 0.6505208333333333 0.38981481481481484 0.6552083333333333 0.4027777777777778 0.6541666666666667 0.42777777777777776 0.6505208333333333 0.4305555555555556 0.6354166666666666 0.4009259259259259 0.6364583333333333 0.3907407407407407 0.6401041666666667 0.38333333333333336
0 0.04583333333333333 0.6277777777777778 0.0671875 0.6342592592592593 0.078125 0.6444444444444445 0.0953125 0.6703703703703704 0.10104166666666667 0.6898148148148148 0.1 0.7194444444444444 0.09479166666666666 0.7287037037037037 0.08802083333333334 0.7324074074074074 0.0734375 0.7287037037037037 0.07239583333333334 0.7305555555555555 0.07708333333333334 0.7379629629629629 0.0796875 0.7490740740740741 0.078125 0.7555555555555555 0.07447916666666667 0.7592592592592593 0.06770833333333333 0.7611111111111111 0.05520833333333333 0.7574074074074074 0.04635416666666667 0.7694444444444445 0.0026041666666666665 0.8 0 0.8 0 0.7351851851851852 0.0020833333333333333 0.7342592592592593 0 0.7324074074074074 0 0.6351851851851852 0.011979166666666667 0.6296296296296297 0.01875 0.6361111111111111 0.027083333333333334 0.6259259259259259 0.0453125 0.6277777777777778
0 0.6895833333333333 0.2462962962962963 0.6994791666666667 0.2518518518518518 0.7036458333333333 0.25925925925925924 0.7135416666666666 0.2916666666666667 0.7171875 0.30833333333333335 0.7171875 0.31851851851851853 0.7140625 0.3287037037037037 0.7098958333333333 0.33240740740740743 0.6958333333333333 0.33240740740740743 0.6885416666666667 0.3287037037037037 0.6776041666666667 0.29444444444444445 0.6765625 0.2564814814814815 0.6890625 0.2462962962962963
0 0.9846354166666667 0.9259259259259259 0.030729166666666665 0.09444444444444444
0 0.6510416666666666 0.43333333333333335 0.6588541666666666 0.4527777777777778 0.6588541666666666 0.45925925925925926 0.6651041666666667 0.4759259259259259 0.6666666666666666 0.49444444444444446 0.6609375 0.5092592592592593 0.6505208333333333 0.512962962962963 0.6401041666666667 0.512962962962963 0.6302083333333334 0.5046296296296297 0.6265625 0.49166666666666664 0.6255208333333333 0.47962962962962963 0.6119791666666666 0.45555555555555555 0.6088541666666667 0.44351851851851853 0.6088541666666667 0.4305555555555556 0.6114583333333333 0.4148148148148148 0.6161458333333333 0.4074074074074074 0.6255208333333333 0.4009259259259259 0.6364583333333333 0.4027777777777778 0.6505208333333333 0.43333333333333335
0 0.5328125 0.12129629629629629 0.5401041666666667 0.12314814814814815 0.546875 0.13333333333333333 0.546875 0.1712962962962963 0.5333333333333333 0.2111111111111111 0.5276041666666667 0.21944444444444444 0.5239583333333333 0.2324074074074074 0.515625 0.24351851851851852 0.49635416666666665 0.24166666666666667 0.4864583333333333 0.2361111111111111 0.4869791666666667 0.18518518518518517 0.5223958333333333 0.1259259259259259 0.5322916666666667 0.12129629629629629
0 0.7880208333333333 0.6240740740740741 0.8046875 0.6370370370370371 0.8067708333333333 0.6416666666666667 0.8140625 0.6444444444444445 0.81875 0.6527777777777778 0.8213541666666667 0.6861111111111111 0.8177083333333334 0.7083333333333334 0.8057291666666667 0.7064814814814815 0.7942708333333334 0.6981481481481482 0.7822916666666667 0.6972222222222222 0.7723958333333333 0.6916666666666667 0.7557291666666667 0.6712962962962963 0.7583333333333333 0.6583333333333333 0.7729166666666667 0.6222222222222222 0.78125 0.6203703703703703 0.7875 0.6240740740740741
0 0.5848958333333333 0.40925925925925927 0.5963541666666666 0.4388888888888889 0.6026041666666667 0.4675925925925926 0.60625 0.47314814814814815 0.6057291666666667 0.4842592592592593 0.6098958333333333 0.5037037037037037 0.609375 0.525 0.5989583333333334 0.5361111111111111 0.578125 0.5324074074074074 0.5708333333333333 0.5259259259259259 0.5697916666666667 0.5009259259259259 0.5588541666666667 0.4666666666666667 0.5567708333333333 0.4527777777777778 0.5604166666666667 0.425 0.5640625 0.41574074074074074 0.5713541666666667 0.40925925925925927 0.584375 0.40925925925925927
0 0.428125 0.09814814814814815 0.4359375 0.10185185185185185 0.4395833333333333 0.10740740740740741 0.4390625 0.11944444444444445 0.42864583333333334 0.12685185185185185 0.42135416666666664 0.12685185185185185 0.4125 0.11666666666666667 0.4125 0.11296296296296296 0.41875 0.1 0.4276041666666667 0.09814814814814815
0 0.5770833333333333 0.3453703703703704 0.5822916666666667 0.3527777777777778 0.5885416666666666 0.3731481481481482 0.5869791666666667 0.39351851851851855 0.5833333333333334 0.40555555555555556 0.5692708333333333 0.4046296296296296 0.5619791666666667 0.38981481481481484 0.5572916666666666 0.387037037037037 0.5557291666666667 0.38055555555555554 0.5567708333333333 0.3675925925925926 0.5635416666666667 0.34629629629629627 0.5765625 0.3453703703703704
0 0.6036458333333333 0.06481481481481481 0.6104166666666667 0.07777777777777778 0.6098958333333333 0.08425925925925926 0.6067708333333334 0.08703703703703704 0.5958333333333333 0.08425925925925926 0.5890625 0.07037037037037037 0.5911458333333334 0.06388888888888888 0.603125 0.06481481481481481
0 0.5578125 0.11481481481481481 0.5614583333333333 0.12129629629629629 0.5614583333333333 0.13703703703703704 0.5583333333333333 0.14629629629629629 0.5505208333333333 0.15833333333333333 0.5463541666666667 0.1537037037037037 0.5463541666666667 0.13333333333333333 0.5427083333333333 0.125 0.5421875 0.11851851851851852 0.546875 0.11388888888888889 0.5572916666666666 0.11481481481481481
0 0.678125 0.22314814814814815 0.6869791666666667 0.23703703703703705 0.6890625 0.24537037037037038 0.6802083333333333 0.2564814814814815 0.675 0.2740740740740741 0.6708333333333333 0.2722222222222222 0.6614583333333334 0.2574074074074074 0.6609375 0.24351851851851852 0.6671875 0.22777777777777777 0.6776041666666667 0.22314814814814815
0 0.6427083333333333 0.2953703703703704 0.6489583333333333 0.3111111111111111 0.6479166666666667 0.32314814814814813 0.6442708333333333 0.3277777777777778 0.6265625 0.3194444444444444 0.6213541666666667 0.30648148148148147 0.6229166666666667 0.29814814814814816 0.6270833333333333 0.29444444444444445 0.6421875 0.2953703703703704
0 0.6104166666666667 0.6157407407407407 0.6354166666666666 0.6481481481481481 0.6473958333333333 0.6574074074074074 0.6557291666666667 0.6712962962962963 0.6713541666666667 0.7101851851851851 0.6713541666666667 0.7194444444444444 0.6651041666666667 0.7453703703703703 0.6567708333333333 0.7555555555555555 0.646875 0.7601851851851852 0.6359375 0.7564814814814815 0.6286458333333333 0.7379629629629629 0.6026041666666667 0.7037037037037037 0.5916666666666667 0.7027777777777777 0.5828125 0.6787037037037037 0.5838541666666667 0.6546296296296297 0.5911458333333334 0.6342592592592593 0.6015625 0.6157407407407407 0.6098958333333333 0.6157407407407407
0 0.9828125 0.6601851851851852 0.9994791666666667 0.6685185185185185 0.9994791666666667 0.7203703703703703 0.9880208333333333 0.7157407407407408 0.9817708333333334 0.7166666666666667 0.9755208333333333 0.7296296296296296 0.9744791666666667 0.7388888888888889 0.9677083333333333 0.7462962962962963 0.9640625 0.7444444444444445 0.953125 0.7231481481481481 0.9453125 0.6962962962962963 0.9453125 0.6768518518518518 0.9484375 0.6703703703703704 0.9588541666666667 0.6601851851851852 0.9677083333333333 0.6574074074074074 0.9822916666666667 0.6601851851851852
0 0.47552083333333334 0.19722222222222222 0.47760416666666666 0.2064814814814815 0.475 0.22685185185185186 0.4671875 0.23425925925925925 0.46510416666666665 0.2324074074074074 0.4661458333333333 0.20555555555555555 0.4734375 0.19537037037037036 0.475 0.19722222222222222
1 0.3140625 0.9944444444444445 0.3145833333333333 0.9990740740740741 0.29583333333333334 0.9990740740740741 0.29583333333333334 0.9907407407407407 0.29270833333333335 0.9833333333333333 0.29322916666666665 0.975 0.2994791666666667 0.9685185185185186 0.30885416666666665 0.9694444444444444 0.3125 0.9740740740740741 0.3140625 0.987037037037037 0.31145833333333334 0.9907407407407407 0.31354166666666666 0.9944444444444445
1 0.7895833333333333 0.29814814814814816 0.7901041666666667 0.3111111111111111 0.7864583333333334 0.3314814814814815 0.7791666666666667 0.33055555555555555 0.7776041666666667 0.32592592592592595 0.78125 0.3074074074074074 0.7864583333333334 0.29814814814814816 0.7890625 0.29814814814814816
1 0.42109375 0.8342592592592593 0.0140625 0.053703703703703705
1 0.15416666666666667 0.26944444444444443 0.15885416666666666 0.2759259259259259 0.16041666666666668 0.29259259259259257 0.15885416666666666 0.30648148148148147 0.15677083333333333 0.3074074074074074 0.15260416666666668 0.28425925925925927 0.15208333333333332 0.2712962962962963 0.15364583333333334 0.27037037037037037
1 0.38645833333333335 0.8842592592592593 0.390625 0.8898148148148148 0.3927083333333333 0.9027777777777778 0.390625 0.9166666666666666 0.38333333333333336 0.9268518518518518 0.3765625 0.9148148148148149 0.3729166666666667 0.9157407407407407 0.3723958333333333 0.9074074074074074 0.3765625 0.8888888888888888 0.3859375 0.8842592592592593
1 0.6169270833333333 0.30462962962962964 0.008854166666666666 0.040740740740740744
1 0.8 0.2972222222222222 0.796875 0.33240740740740743 0.7947916666666667 0.33425925925925926 0.7911458333333333 0.33240740740740743 0.7916666666666666 0.30925925925925923 0.796875 0.2972222222222222 0.7994791666666666 0.2972222222222222
1 0.734375 0.6083333333333333 0.7338541666666667 0.6055555555555555 0.74375 0.5777777777777777 0.7510416666666667 0.5638888888888889 0.7546875 0.5657407407407408 0.7557291666666667 0.5787037037037037 0.7515625 0.6037037037037037 0.7442708333333333 0.6175925925925926 0.7348958333333333 0.6083333333333333
1 0.8020833333333334 0.5046296296296297 0.8036458333333333 0.5277777777777778 0.8 0.5416666666666666 0.7932291666666667 0.5481481481481482 0.7895833333333333 0.5481481481481482 0.7932291666666667 0.5268518518518519 0.7916666666666666 0.5101851851851852 0.7963541666666667 0.5037037037037037 0.8015625 0.5046296296296297
1 0.496875 0.4388888888888889 0.5010416666666667 0.4444444444444444 0.5 0.4648148148148148 0.5015625 0.4824074074074074 0.4953125 0.4888888888888889 0.49270833333333336 0.48703703703703705 0.4942708333333333 0.4722222222222222 0.490625 0.4462962962962963 0.49375 0.4388888888888889 0.49635416666666665 0.4388888888888889
1 0.24479166666666666 0.19166666666666668 0.24895833333333334 0.2037037037037037 0.2484375 0.22314814814814815 0.24479166666666666 0.2222222222222222 0.24114583333333334 0.20555555555555555 0.24166666666666667 0.19814814814814816 0.24427083333333333 0.1925925925925926
1 0.39427083333333335 0.9166666666666666 0.4005208333333333 0.9212962962962963 0.40208333333333335 0.9259259259259259 0.40260416666666665 0.962037037037037 0.3984375 0.9768518518518519 0.3958333333333333 0.975925925925926 0.3958333333333333 0.962037037037037 0.3890625 0.950925925925926 0.3859375 0.9324074074074075 0.3859375 0.9268518518518518 0.38958333333333334 0.9175925925925926 0.39375 0.9166666666666666
1 0.6651041666666667 0.26851851851851855 0.6671875 0.2722222222222222 0.6682291666666667 0.28425925925925927 0.6645833333333333 0.3055555555555556 0.6583333333333333 0.3037037037037037 0.659375 0.2759259259259259 0.6645833333333333 0.26851851851851855
1 0.011979166666666667 0.37222222222222223 0.01875 0.3787037037037037 0.0296875 0.40370370370370373 0.029166666666666667 0.4074074074074074 0.022395833333333334 0.40370370370370373 0.015104166666666667 0.4185185185185185 0.015104166666666667 0.40370370370370373 0.008854166666666666 0.4 0.011458333333333333 0.38796296296296295 0.011979166666666667 0.3731481481481482
1 0.2708333333333333 0.1712962962962963 0.2734375 0.17407407407407408 0.275 0.1814814814814815 0.275 0.20185185185185187 0.2734375 0.2037037037037037 0.2703125 0.2 0.2677083333333333 0.18611111111111112 0.2677083333333333 0.17407407407407408 0.2703125 0.1712962962962963
1 0.07552083333333333 0.34629629629629627 0.07916666666666666 0.34629629629629627 0.08541666666666667 0.35648148148148145 0.08645833333333333 0.3685185185185185 0.09322916666666667 0.37962962962962965 0.0875 0.37962962962962965 0.084375 0.38981481481481484 0.08125 0.38981481481481484 0.0796875 0.3712962962962963 0.07395833333333333 0.3638888888888889 0.07552083333333333 0.3472222222222222
1 0.6026041666666667 0.28703703703703703 0.6057291666666667 0.29814814814814816 0.5994791666666667 0.32592592592592595 0.5979166666666667 0.32407407407407407 0.5963541666666666 0.30833333333333335 0.5979166666666667 0.29259259259259257 0.6020833333333333 0.28703703703703703
1 0 0.412962962962963 0.005729166666666666 0.41574074074074074 0.010416666666666666 0.42962962962962964 0.010416666666666666 0.4398148148148148 0.016666666666666666 0.45185185185185184 0.016145833333333335 0.4564814814814815 0.0125 0.45925925925925926 0.008333333333333333 0.4583333333333333 0.0046875 0.4527777777777778 0 0.44166666666666665 0 0.41388888888888886
1 0.20260416666666667 0.23425925925925925 0.20625 0.2351851851851852 0.209375 0.24444444444444444 0.20989583333333334 0.25925925925925924 0.2125 0.2675925925925926 0.20989583333333334 0.2722222222222222 0.20625 0.2712962962962963 0.20625 0.2611111111111111 0.2015625 0.24722222222222223 0.20260416666666667 0.2351851851851852
1 0.5046875 0.4398148148148148 0.5088541666666667 0.4462962962962963 0.509375 0.4583333333333333 0.5036458333333333 0.4740740740740741 0.5026041666666666 0.4842592592592593 0.4942708333333333 0.4861111111111111 0.4942708333333333 0.4787037037037037 0.49583333333333335 0.46944444444444444 0.49947916666666664 0.46574074074074073 0.4984375 0.44351851851851853 0.5041666666666667 0.44074074074074077
1 0.058854166666666666 0.3453703703703704 0.0671875 0.36203703703703705 0.07135416666666666 0.37962962962962965 0.07083333333333333 0.3861111111111111 0.06770833333333333 0.3861111111111111 0.059375 0.37407407407407406 0.0546875 0.35648148148148145 0.05625 0.34629629629629627 0.058333333333333334 0.3453703703703704
1 0.5223958333333333 0.45092592592592595 0.5276041666666667 0.46296296296296297 0.5265625 0.4666666666666667 0.5291666666666667 0.48333333333333334 0.5255208333333333 0.512962962962963 0.521875 0.512962962962963 0.5182291666666666 0.48518518518518516 0.5182291666666666 0.4722222222222222 0.521875 0.462037037037037 0.521875 0.45185185185185184
1 0.38697916666666665 0.7925925925925926 0.3927083333333333 0.8101851851851852 0.3875 0.8453703703703703 0.384375 0.85 0.3828125 0.8490740740740741 0.38125 0.8055555555555556 0.3828125 0.7944444444444444 0.38645833333333335 0.7925925925925926
1 0.6989583333333333 0.5601851851851852 0.69375 0.5564814814814815 0.6984375 0.5185185185185185 0.7026041666666667 0.5148148148148148 0.70625 0.5148148148148148 0.7072916666666667 0.5185185185185185 0.7067708333333333 0.5324074074074074 0.6994791666666667 0.5592592592592592
1 0.07083333333333333 0.7268518518518519 0.08854166666666667 0.7314814814814815 0.09583333333333334 0.7462962962962963 0.10208333333333333 0.75 0.0890625 0.7574074074074074 0.08802083333333334 0.7648148148148148 0.09010416666666667 0.7768518518518519 0.08802083333333334 0.7805555555555556 0.08489583333333334 0.7805555555555556 0.08177083333333333 0.7694444444444445 0.08072916666666667 0.7509259259259259 0.06979166666666667 0.7305555555555555 0.07083333333333333 0.7277777777777777
1 0.5119791666666667 0.4527777777777778 0.5161458333333333 0.462037037037037 0.5161458333333333 0.47685185185185186 0.5119791666666667 0.5 0.5088541666666667 0.5064814814814815 0.5067708333333333 0.49907407407407406 0.5052083333333334 0.46574074074074073 0.5088541666666667 0.4537037037037037 0.5114583333333333 0.4527777777777778
1 0.39375 0.8083333333333333 0.3984375 0.812962962962963 0.40260416666666665 0.8277777777777777 0.40625 0.8333333333333334 0.40520833333333334 0.8416666666666667 0.39895833333333336 0.850925925925926 0.39739583333333334 0.8583333333333333 0.39375 0.8601851851851852 0.390625 0.8314814814814815 0.390625 0.8138888888888889 0.3932291666666667 0.8092592592592592
1 0.046875 0.38055555555555554 0.051041666666666666 0.38425925925925924 0.057291666666666664 0.4111111111111111 0.057291666666666664 0.41759259259259257 0.053125 0.41759259259259257 0.043229166666666666 0.4009259259259259 0.0421875 0.3824074074074074 0.043229166666666666 0.37962962962962965 0.04635416666666667 0.38055555555555554
1 0.5986979166666667 0.23055555555555557 0.008854166666666666 0.025925925925925925
1 0.13541666666666666 0.2814814814814815 0.14270833333333333 0.3 0.14166666666666666 0.30648148148148147 0.13697916666666668 0.3111111111111111 0.13333333333333333 0.3101851851851852 0.13020833333333334 0.2962962962962963 0.13072916666666667 0.2833333333333333 0.13333333333333333 0.2796296296296296 0.13489583333333333 0.2814814814814815
1 0.36614583333333334 0.8101851851851852 0.37395833333333334 0.8240740740740741 0.37552083333333336 0.8314814814814815 0.37447916666666664 0.8583333333333333 0.3703125 0.8722222222222222 0.3671875 0.8703703703703703 0.3651041666666667 0.837037037037037 0.35885416666666664 0.8231481481481482 0.359375 0.8175925925925925 0.365625 0.8101851851851852
1 0.8270833333333333 0.5824074074074074 0.8307291666666666 0.5953703703703703 0.8302083333333333 0.6018518518518519 0.8244791666666667 0.6111111111111112 0.8171875 0.6342592592592593 0.8140625 0.637962962962963 0.809375 0.6305555555555555 0.8145833333333333 0.6092592592592593 0.8140625 0.5972222222222222 0.821875 0.5833333333333334 0.8265625 0.5824074074074074
1 0.0578125 0.3787037037037037 0.065625 0.4 0.06875 0.4185185185185185 0.0671875 0.4222222222222222 0.06354166666666666 0.4212962962962963 0.058854166666666666 0.412962962962963 0.053125 0.39351851851851855 0.05260416666666667 0.3824074074074074 0.057291666666666664 0.3787037037037037
1 0.2203125 0.1925925925925926 0.22395833333333334 0.19907407407407407 0.22395833333333334 0.21666666666666667 0.2203125 0.20925925925925926 0.2203125 0.1935185185185185
1 0.984375 0.7148148148148148 0.9994791666666667 0.7222222222222222 0.9963541666666667 0.7379629629629629 0.9796875 0.7657407407407407 0.975 0.7657407407407407 0.9703125 0.7592592592592593 0.9677083333333333 0.7537037037037037 0.9677083333333333 0.7481481481481481 0.9723958333333333 0.7407407407407407 0.9796875 0.7175925925925926 0.9838541666666667 0.7157407407407408
1 0.08489583333333334 0.287962962962963 0.0890625 0.2916666666666667 0.096875 0.32407407407407407 0.09114583333333333 0.32407407407407407 0.08333333333333333 0.30648148148148147 0.08177083333333333 0.2962962962962963 0.084375 0.28888888888888886
1 0.6036458333333333 0.23425925925925925 0.6067708333333334 0.24074074074074073 0.6067708333333334 0.2462962962962963 0.603125 0.26851851851851855 0.5989583333333334 0.2712962962962963 0.5973958333333333 0.24074074074074073 0.603125 0.23425925925925925
1 0.70625 0.5861111111111111 0.7083333333333334 0.5472222222222223 0.7151041666666667 0.5333333333333333 0.7177083333333333 0.5351851851851852 0.7213541666666666 0.5481481481481482 0.7208333333333333 0.5574074074074075 0.7177083333333333 0.5666666666666667 0.7177083333333333 0.5833333333333334 0.7166666666666667 0.5861111111111111 0.7067708333333333 0.5861111111111111
1 0.5901041666666667 0.23703703703703705 0.008333333333333333 0.03333333333333333
1 0.7010416666666667 0.4148148148148148 0.7020833333333333 0.42962962962962964 0.6973958333333333 0.45925925925925926 0.6890625 0.4527777777777778 0.6927083333333334 0.44722222222222224 0.6942708333333333 0.43148148148148147 0.6984375 0.41574074074074074 0.7005208333333334 0.4148148148148148
1 0.1640625 0.275 0.16875 0.29259259259259257 0.1765625 0.30185185185185187 0.17447916666666666 0.30462962962962964 0.1671875 0.30092592592592593 0.16510416666666666 0.31296296296296294 0.1609375 0.30092592592592593 0.15885416666666666 0.27685185185185185 0.16041666666666668 0.2722222222222222 0.16354166666666667 0.275