0 0.4296875 0.562037037037037 0.43854166666666666 0.5666666666666667 0.44635416666666666 0.5657407407407408 0.49114583333333334 0.5944444444444444 0.5072916666666667 0.6101851851851852 0.509375 0.6194444444444445 0.5088541666666667 0.6314814814814815 0.5005208333333333 0.6694444444444444 0.49583333333333335 0.6824074074074075 0.4901041666666667 0.6851851851851852 0.47760416666666666 0.6842592592592592 0.46458333333333335 0.6694444444444444 0.4244791666666667 0.6453703703703704 0.41302083333333334 0.6444444444444445 0.40260416666666665 0.6287037037037037 0.4005208333333333 0.6018518518518519 0.40625 0.5787037037037037 0.4161458333333333 0.562962962962963 0.4234375 0.5601851851851852 0.42916666666666664 0.562037037037037
0 0.6171875 0 0.6411458333333333 0 0.6416666666666667 0.002777777777777778 0.6411458333333333 0.016666666666666666 0.6364583333333333 0.04259259259259259 0.6333333333333333 0.04814814814814815 0.6260416666666667 0.04814814814814815 0.6229166666666667 0.040740740740740744 0.6197916666666666 0.046296296296296294 0.6171875 0.04259259259259259 0.6130208333333333 0.01574074074074074 0.6171875 0.000925925925925926
0 0.41875 0.85 0.421875 0.8527777777777777 0.42239583333333336 0.8574074074074074 0.4197916666666667 0.8787037037037037 0.4078125 0.9 0.39947916666666666 0.9277777777777778 0.39375 0.9351851851851852 0.3875 0.9518518518518518 0.384375 0.95 0.3828125 0.9435185185185185 0.38333333333333336 0.9231481481481482 0.3859375 0.9074074074074074 0.3963541666666667 0.8898148148148148 0.4005208333333333 0.8731481481481481 0.40677083333333336 0.8583333333333333 0.4119791666666667 0.8518518518518519 0.41822916666666665 0.85
0 0.5770833333333333 0.27037037037037037 0.5921875 0.2962962962962963 0.6135416666666667 0.34074074074074073 0.6270833333333333 0.3851851851851852 0.6265625 0.4 0.6223958333333334 0.41203703703703703 0.6088541666666667 0.425 0.6 0.42685185185185187 0.5953125 0.42592592592592593 0.5880208333333333 0.41759259259259257 0.584375 0.4111111111111111 0.5833333333333334 0.3990740740740741 0.5703125 0.37037037037037035 0.5604166666666667 0.35185185185185186 0.5536458333333333 0.3453703703703704 0.5515625 0.32407407407407407 0.5494791666666666 0.31851851851851853 0.55 0.29814814814814816 0.5552083333333333 0.2898148148148148 0.55625 0.2824074074074074 0.5640625 0.27314814814814814 0.5765625 0.27037037037037037
0 0.8583333333333333 0.6462962962962963 0.8619791666666666 0.6435185185185185 0.884375 0.6462962962962963 0.9078125 0.6601851851851852 0.9453125 0.6888888888888889 0.9494791666666667 0.6925925925925925 0.9619791666666667 0.7148148148148148 0.9802083333333333 0.7342592592592593 0.9885416666666667 0.75 0.9911458333333333 0.762962962962963 0.9911458333333333 0.7888888888888889 0.9869791666666666 0.8037037037037037 0.9739583333333334 0.812962962962963 0.9515625 0.8148148148148148 0.9416666666666667 0.8101851851851852 0.9333333333333333 0.7953703703703704 0.9307291666666667 0.774074074074074 0.9270833333333334 0.7666666666666667 0.9213541666666667 0.7657407407407407 0.9114583333333334 0.7722222222222223 0.8817708333333333 0.7481481481481481 0.8625 0.7453703703703703 0.8578125 0.7379629629629629 0.8541666666666666 0.7203703703703703 0.8416666666666667 0.6972222222222222 0.8447916666666667 0.6694444444444444 0.8583333333333333 0.6472222222222223
0 0.7619791666666667 0.16203703703703703 0.7796875 0.16111111111111112 0.7916666666666666 0.175 0.8010416666666667 0.20833333333333334 0.8078125 0.24537037037037038 0.8072916666666666 0.25555555555555554 0.8026041666666667 0.2574074074074074 0.7927083333333333 0.24722222222222223 0.7828125 0.24444444444444444 0.8026041666666667 0.2611111111111111 0.803125 0.2657407407407407 0.7963541666666667 0.2712962962962963 0.7890625 0.27037037037037037 0.76875 0.24722222222222223 0.7677083333333333 0.23796296296296296 0.771875 0.23425925925925925 0.7651041666666667 0.22777777777777777 0.7541666666666667 0.20277777777777778 0.7567708333333333 0.175 0.7619791666666667 0.16296296296296298
0 0.8708333333333333 0.49444444444444446 0.884375 0.5009259259259259 0.9088541666666666 0.5222222222222223 0.925 0.549074074074074 0.9359375 0.5611111111111111 0.9411458333333333 0.5805555555555556 0.940625 0.5990740740740741 0.9390625 0.6055555555555555 0.9307291666666667 0.6194444444444445 0.9255208333333333 0.6240740740740741 0.9145833333333333 0.6240740740740741 0.9078125 0.6203703703703703 0.8989583333333333 0.6055555555555555 0.8739583333333333 0.5824074074074074 0.8583333333333333 0.5703703703703704 0.8473958333333333 0.5685185185185185 0.840625 0.5583333333333333 0.8401041666666667 0.5398148148148149 0.8416666666666667 0.5277777777777778 0.846875 0.5111111111111111 0.8567708333333334 0.4935185185185185 0.8703125 0.49444444444444446
0 0.03802083333333333 0.34074074074074073 0.04635416666666667 0.3490740740740741 0.049479166666666664 0.35648148148148145 0.0515625 0.3685185185185185 0.050520833333333334 0.38425925925925924 0.0453125 0.3925925925925926 0.034375 0.3990740740740741 0.009375 0.4351851851851852 0.0026041666666666665 0.44074074074074077 0 0.44074074074074077 0 0.35555555555555557 0.0109375 0.34444444444444444 0.019791666666666666 0.3398148148148148 0.0375 0.34074074074074073
0 0.19635416666666666 0.3175925925925926 0.20885416666666667 0.33055555555555555 0.2375 0.33240740740740743 0.240625 0.3388888888888889 0.24270833333333333 0.3509259259259259 0.24114583333333334 0.3712962962962963 0.23645833333333333 0.3814814814814815 0.22760416666666666 0.38055555555555554 0.21666666666666667 0.37407407407407406 0.20677083333333332 0.3814814814814815 0.1953125 0.37962962962962965 0.17135416666666667 0.41203703703703703 0.16770833333333332 0.41203703703703703 0.1609375 0.40370370370370373 0.153125 0.4009259259259259 0.14270833333333333 0.37407407407407406 0.14166666666666666 0.3574074074074074 0.14635416666666667 0.34444444444444444 0.14739583333333334 0.3351851851851852 0.15052083333333333 0.32407407407407407 0.15572916666666667 0.32037037037037036 0.19583333333333333 0.3175925925925926
0 0.11614583333333334 0.6203703703703703 0.12239583333333333 0.6231481481481481 0.13020833333333334 0.6416666666666667 0.13697916666666668 0.65 0.13697916666666668 0.6638888888888889 0.13229166666666667 0.6722222222222223 0.134375 0.6814814814814815 0.13385416666666666 0.6953703703703704 0.13020833333333334 0.6953703703703704 0.12395833333333334 0.6888888888888889 0.10833333333333334 0.6537037037037037 0.10885416666666667 0.6268518518518519 0.1109375 0.6212962962962963 0.115625 0.6203703703703703
0 0.5015625 0 0.5296875 0 0.5234375 0.02962962962962963 0.5197916666666667 0.032407407407407406 0.5020833333333333 0.028703703703703703 0.49947916666666664 0.022222222222222223 0.5015625 0.000925925925925926
0 0.09583333333333334 0.687962962962963 0.10364583333333334 0.7101851851851851 0.10260416666666666 0.7240740740740741 0.08958333333333333 0.7472222222222222 0.08802083333333334 0.7537037037037037 0.08229166666666667 0.7611111111111111 0.078125 0.7805555555555556 0.07447916666666667 0.7861111111111111 0.06770833333333333 0.7898148148148149 0.06354166666666666 0.787962962962963 0.06041666666666667 0.7805555555555556 0.057291666666666664 0.7583333333333333 0.06197916666666667 0.7268518518518519 0.0671875 0.7222222222222222 0.075 0.7324074074074074 0.08125 0.7314814814814815 0.084375 0.7185185185185186 0.08072916666666667 0.7129629629629629 0.09166666666666666 0.687962962962963 0.0953125 0.687962962962963
0 0.121875 0.15092592592592594 0.13125 0.16018518518518518 0.1359375 0.17222222222222222 0.1296875 0.18518518518518517 0.1171875 0.19722222222222222 0.10885416666666667 0.1935185185185185 0.10572916666666667 0.18888888888888888 0.10572916666666667 0.1824074074074074 0.109375 0.17962962962962964 0.1125 0.16944444444444445 0.11770833333333333 0.1638888888888889 0.11510416666666666 0.15462962962962962 0.11770833333333333 0.15092592592592594 0.12135416666666667 0.15092592592592594
0 0.309375 0.7611111111111111 0.31666666666666665 0.7703703703703704 0.3302083333333333 0.7703703703703704 0.3359375 0.7833333333333333 0.33541666666666664 0.7907407407407407 0.33125 0.7962962962962963 0.328125 0.8064814814814815 0.3229166666666667 0.8074074074074075 0.31666666666666665 0.8037037037037037 0.3140625 0.8092592592592592 0.3067708333333333 0.8055555555555556 0.2864583333333333 0.8046296296296296 0.2828125 0.8018518518518518 0.28125 0.7962962962962963 0.2864583333333333 0.7777777777777778 0.29635416666666664 0.762962962962963 0.30885416666666665 0.7611111111111111
0 0.6401041666666667 0.8703703703703703 0.646875 0.8842592592592593 0.6510416666666666 0.9277777777777778 0.6505208333333333 0.9527777777777777 0.6484375 0.962037037037037 0.6494791666666667 0.9777777777777777 0.6473958333333333 0.9824074074074074 0.6411458333333333 0.9851851851851852 0.6354166666666666 0.975 0.6265625 0.9083333333333333 0.6296875 0.8777777777777778 0.6338541666666667 0.8703703703703703 0.6395833333333333 0.8703703703703703
0 0.06197916666666667 0.8092592592592592 0.075 0.8194444444444444 0.08229166666666667 0.8333333333333334 0.08333333333333333 0.8629629629629629 0.07708333333333334 0.8842592592592593 0.07395833333333333 0.8842592592592593 0.04583333333333333 0.8564814814814815 0.024479166666666666 0.8314814814814815 0.026041666666666668 0.8277777777777777 0.03802083333333333 0.8203703703703704 0.05677083333333333 0.8092592592592592 0.06145833333333333 0.8092592592592592
0 0.3177083333333333 0.05092592592592592 0.32708333333333334 0.05740740740740741 0.3302083333333333 0.08333333333333333 0.32760416666666664 0.10555555555555556 0.32395833333333335 0.11481481481481481 0.31927083333333334 0.11666666666666667 0.3026041666666667 0.11481481481481481 0.2989583333333333 0.09259259259259259 0.3 0.07314814814814814 0.30364583333333334 0.06388888888888888 0.3104166666666667 0.053703703703703705 0.3171875 0.05092592592592592
0 0.5322916666666667 0.06111111111111111 0.5567708333333333 0.06944444444444445 0.5609375 0.075 0.5625 0.08425925925925926 0.5604166666666667 0.11851851851851852 0.5432291666666667 0.13055555555555556 0.5307291666666667 0.11944444444444445 0.5098958333333333 0.11388888888888889 0.5020833333333333 0.11851851851851852 0.4973958333333333 0.1175925925925926 0.4864583333333333 0.10277777777777777 0.4875 0.0824074074074074 0.49166666666666664 0.07407407407407407 0.5203125 0.06018518518518518 0.5317708333333333 0.06111111111111111
0 0.171875 0.06111111111111111 0.18125 0.07962962962962963 0.184375 0.09351851851851851 0.17760416666666667 0.11018518518518519 0.16458333333333333 0.1259259259259259 0.1515625 0.12037037037037036 0.14739583333333334 0.11574074074074074 0.14270833333333333 0.09444444444444444 0.1421875 0.08148148148148149 0.146875 0.0712962962962963 0.15989583333333332 0.058333333333333334 0.16510416666666666 0.05740740740740741 0.17135416666666667 0.06111111111111111
0 0.16822916666666668 0.2037037037037037 0.17864583333333334 0.2064814814814815 0.1859375 0.21388888888888888 0.1890625 0.22314814814814815 0.1875 0.24351851851851852 0.18177083333333333 0.25 0.17395833333333333 0.2518518518518518 0.1578125 0.275 0.14947916666666666 0.2935185185185185 0.1390625 0.2962962962962963 0.13020833333333334 0.2962962962962963 0.11927083333333334 0.28888888888888886 0.1125 0.27685185185185185 0.1109375 0.2638888888888889 0.11510416666666666 0.2574074074074074 0.125 0.22777777777777777 0.13645833333333332 0.21296296296296297 0.15052083333333333 0.21481481481481482 0.16041666666666668 0.20462962962962963 0.16770833333333332 0.2037037037037037
0 0.21770833333333334 0.37592592592592594 0.275 0.4101851851851852 0.34322916666666664 0.4601851851851852 0.3494791666666667 0.4787037037037037 0.35260416666666666 0.5083333333333333 0.35572916666666665 0.5157407407407407 0.3536458333333333 0.5268518518518519 0.35572916666666665 0.5398148148148149 0.3359375 0.587037037037037 0.3255208333333333 0.6037037037037037 0.296875 0.5796296296296296 0.2760416666666667 0.5796296296296296 0.26145833333333335 0.5611111111111111 0.21302083333333333 0.5259259259259259 0.20677083333333332 0.5166666666666667 0.19270833333333334 0.5055555555555555 0.18802083333333333 0.4962962962962963 0.17291666666666666 0.487962962962963 0.16770833333333332 0.487962962962963 0.16458333333333333 0.4824074074074074 0.15989583333333332 0.46574074074074073 0.15989583333333332 0.45555555555555555 0.16197916666666667 0.44907407407407407 0.1609375 0.4361111111111111 0.16354166666666667 0.4287037037037037 0.19114583333333332 0.38425925925925924 0.19427083333333334 0.3814814814814815 0.20729166666666668 0.38333333333333336 0.2171875 0.37592592592592594
0 0.7255208333333333 0.9055555555555556 0.7333333333333333 0.9111111111111111 0.7348958333333333 0.9157407407407407 0.7348958333333333 0.9444444444444444 0.73125 0.9648148148148148 0.7442708333333333 0.9703703703703703 0.7380208333333333 0.9907407407407407 0.7328125 0.9990740740740741 0.7119791666666667 0.9990740740740741 0.7114583333333333 0.9944444444444445 0.7098958333333333 0.9657407407407408 0.7114583333333333 0.9314814814814815 0.7171875 0.9111111111111111 0.7203125 0.9055555555555556 0.725 0.9055555555555556
0 0.7583333333333333 0.3675925925925926 0.7791666666666667 0.3824074074074074 0.7932291666666667 0.40370370370370373 0.79375 0.4305555555555556 0.7895833333333333 0.44537037037037036 0.7895833333333333 0.45555555555555555 0.7875 0.45740740740740743 0.7625 0.44722222222222224 0.7453125 0.43333333333333335 0.7375 0.4324074074074074 0.734375 0.42685185185185187 0.7338541666666667 0.4148148148148148 0.7354166666666667 0.4074074074074074 0.7463541666666667 0.3768518518518518 0.7578125 0.3675925925925926
0 0.1546875 0.15 0.16458333333333333 0.15092592592592594 0.17447916666666666 0.16018518518518518 0.1796875 0.17037037037037037 0.17916666666666667 0.17777777777777778 0.1609375 0.1962962962962963 0.15364583333333334 0.19166666666666668 0.15052083333333333 0.18703703703703703 0.15052083333333333 0.1787037037037037 0.1546875 0.1712962962962963 0.165625 0.1685185185185185 0.1578125 0.1574074074074074 0.15729166666666666 0.1527777777777778 0.15416666666666667 0.15092592592592594
0 0.6927083333333334 0.45092592592592595 0.7375 0.5 0.7479166666666667 0.5148148148148148 0.7557291666666667 0.5342592592592592 0.7677083333333333 0.5537037037037037 0.7692708333333333 0.5694444444444444 0.765625 0.587037037037037 0.7552083333333334 0.6092592592592593 0.75 0.6129629629629629 0.7442708333333333 0.612037037037037 0.7395833333333334 0.6055555555555555 0.7291666666666666 0.5990740740740741 0.7223958333333333 0.587037037037037 0.690625 0.5472222222222223 0.6828125 0.5398148148148149 0.675 0.5398148148148149 0.6708333333333333 0.5333333333333333 0.6614583333333334 0.5046296296296297 0.6614583333333334 0.49444444444444446 0.6755208333333333 0.46296296296296297 0.6875 0.44907407407407407 0.6921875 0.45092592592592595
0 0.3880208333333333 0.6648148148148149 0.4203125 0.6842592592592592 0.4317708333333333 0.7046296296296296 0.4317708333333333 0.7231481481481481 0.4390625 0.7351851851851852 0.4359375 0.7444444444444445 0.42083333333333334 0.75 0.40729166666666666 0.7481481481481481 0.40208333333333335 0.7509259259259259 0.39739583333333334 0.7509259259259259 0.39427083333333335 0.7453703703703703 0.3729166666666667 0.7481481481481481 0.36875 0.7444444444444445 0.3625 0.7314814814814815 0.36354166666666665 0.7064814814814815 0.37083333333333335 0.6675925925925926 0.37552083333333336 0.6611111111111111 0.3875 0.6648148148148149
0 0.071875 0.5361111111111111 0.1 0.5388888888888889 0.11875 0.5601851851851852 0.1234375 0.5768518518518518 0.128125 0.5842592592592593 0.128125 0.5888888888888889 0.1265625 0.5925925925925926 0.12083333333333333 0.5944444444444444 0.10729166666666666 0.6064814814814815 0.096875 0.6055555555555555 0.08072916666666667 0.6101851851851852 0.07135416666666666 0.6185185185185185 0.06354166666666666 0.6166666666666667 0.05364583333333333 0.6055555555555555 0.044270833333333336 0.5814814814814815 0.04479166666666667 0.5712962962962963 0.05260416666666667 0.5453703703703704 0.059895833333333336 0.537962962962963 0.07135416666666666 0.5361111111111111
0 0 0.2935185185185185 0.0067708333333333336 0.2962962962962963 0.021354166666666667 0.3138888888888889 0.01875 0.325 0.011979166666666667 0.337037037037037 0 0.337037037037037 0 0.29444444444444445
0 0.4109375 0.03425925925925926 0.4328125 0.04259259259259259 0.4395833333333333 0.05 0.4427083333333333 0.10185185185185185 0.44114583333333335 0.11944444444444445 0.42291666666666666 0.15833333333333333 0.4192708333333333 0.1712962962962963 0.39947916666666666 0.2 0.39427083333333335 0.21388888888888888 0.3703125 0.2601851851851852 0.3625 0.2824074074074074 0.334375 0.32592592592592595 0.325 0.325 0.296875 0.30648148148148147 0.29270833333333335 0.2962962962962963 0.2838541666666667 0.2518518518518518 0.2786458333333333 0.25092592592592594 0.2760416666666667 0.25555555555555554 0.2755208333333333 0.2675925925925926 0.27395833333333336 0.25092592592592594 0.275 0.24351851851851852 0.28177083333333336 0.23333333333333334 0.2859375 0.21851851851851853 0.2953125 0.20277777777777778 0.3 0.18518518518518517 0.3171875 0.15462962962962962 0.32708333333333334 0.14074074074074075 0.3380208333333333 0.1388888888888889 0.3578125 0.10648148148148148 0.3697916666666667 0.0962962962962963 0.3729166666666667 0.08703703703703704 0.3765625 0.08703703703703704 0.378125 0.08425925925925926 0.378125 0.075 0.390625 0.06111111111111111 0.3958333333333333 0.04537037037037037 0.4036458333333333 0.03518518518518519 0.41041666666666665 0.03425925925925926
0 0.9744791666666667 0.49166666666666664 0.9807291666666667 0.49722222222222223 0.9859375 0.5064814814814815 0.9994791666666667 0.5175925925925926 0.9994791666666667 0.5777777777777777 0.9848958333333333 0.5703703703703704 0.9765625 0.5740740740740741 0.9692708333333333 0.5722222222222222 0.9651041666666667 0.5666666666666667 0.9588541666666667 0.5481481481481482 0.9552083333333333 0.5324074074074074 0.9557291666666666 0.5064814814814815 0.9640625 0.49444444444444446 0.9697916666666667 0.49074074074074076 0.9739583333333334 0.49166666666666664
0 0.4140625 0.35185185185185186 0.421875 0.35185185185185186 0.4390625 0.3611111111111111 0.44635416666666666 0.3611111111111111 0.45208333333333334 0.35555555555555557 0.46458333333333335 0.35833333333333334 0.47239583333333335 0.37407407407407406 0.48802083333333335 0.38333333333333336 0.49635416666666665 0.40370370370370373 0.5109375 0.412962962962963 0.5161458333333333 0.4287037037037037 0.5119791666666667 0.4666666666666667 0.5057291666666667 0.47962962962962963 0.496875 0.48703703703703705 0.4869791666666667 0.4824074074074074 0.478125 0.4675925925925926 0.46145833333333336 0.45925925925925926 0.4453125 0.4462962962962963 0.4354166666666667 0.4425925925925926 0.428125 0.4537037037037037 0.421875 0.4527777777777778 0.4083333333333333 0.42962962962962964 0.4005208333333333 0.4305555555555556 0.39791666666666664 0.4074074074074074 0.3984375 0.3990740740740741 0.40572916666666664 0.38796296296296295 0.4125 0.3685185185185185 0.4140625 0.3527777777777778
0 0.22708333333333333 0.049074074074074076 0.2375 0.06481481481481481 0.23854166666666668 0.07407407407407407 0.23541666666666666 0.08148148148148149 0.22447916666666667 0.09166666666666666 0.21666666666666667 0.08518518518518518 0.21458333333333332 0.07685185185185185 0.21666666666666667 0.06388888888888888 0.2203125 0.06018518518518518 0.21927083333333333 0.05277777777777778 0.22239583333333332 0.04814814814814815 0.2265625 0.049074074074074076
0 0.5296875 0.8712962962962963 0.5328125 0.8768518518518519 0.534375 0.8907407407407407 0.5317708333333333 0.9138888888888889 0.5328125 0.9287037037037037 0.5270833333333333 0.9398148148148148 0.5223958333333333 0.9416666666666667 0.51875 0.937037037037037 0.5177083333333333 0.9231481481481482 0.5125 0.9120370370370371 0.5046875 0.8796296296296297 0.503125 0.8481481481481481 0.5072916666666667 0.8379629629629629 0.515625 0.8379629629629629 0.51875 0.8444444444444444 0.525 0.8712962962962963 0.5291666666666667 0.8712962962962963
0 0.6151041666666667 0.8740740740740741 0.6192708333333333 0.8805555555555555 0.6213541666666667 0.8925925925925926 0.6208333333333333 0.9083333333333333 0.6182291666666667 0.912962962962963 0.6177083333333333 0.9222222222222223 0.6223958333333334 0.95 0.6171875 0.9703703703703703 0.6125 0.9740740740740741 0.6036458333333333 0.9675925925925926 0.5979166666666667 0.9416666666666667 0.6041666666666666 0.8861111111111111 0.6083333333333333 0.8768518518518519 0.6145833333333334 0.8740740740740741
0 0.5546875 0 0.5703125 0 0.5770833333333333 0.010185185185185186 0.5765625 0.030555555555555555 0.5791666666666667 0.037037037037037035 0.5776041666666667 0.05 0.5791666666666667 0.07222222222222222 0.5770833333333333 0.0787037037037037 0.571875 0.08148148148148149 0.5635416666666667 0.08055555555555556 0.5583333333333333 0.06944444444444445 0.5520833333333334 0.06388888888888888 0.5489583333333333 0.03981481481481482 0.5520833333333334 0.006481481481481481 0.5546875 0.000925925925925926
0 0.7114583333333333 0.5814814814814815 0.7375 0.6064814814814815 0.7479166666666667 0.6185185185185185 0.7510416666666667 0.6268518518518519 0.753125 0.6574074074074074 0.75 0.6703703703703704 0.75 0.6805555555555556 0.7447916666666666 0.6916666666666667 0.7348958333333333 0.6833333333333333 0.725 0.6851851851851852 0.7197916666666667 0.6824074074074075 0.7109375 0.6694444444444444 0.6854166666666667 0.6537037037037037 0.6848958333333334 0.6342592592592593 0.6885416666666667 0.6157407407407407 0.6958333333333333 0.6018518518518519 0.7020833333333333 0.5962962962962963 0.7078125 0.5833333333333334 0.7109375 0.5814814814814815
0 0.6953125 0 0.7151041666666667 0 0.7197916666666667 0.004629629629629629 0.7302083333333333 0.03888888888888889 0.7291666666666666 0.05 0.7244791666666667 0.06018518518518518 0.7119791666666667 0.062037037037037036 0.7046875 0.05925925925925926 0.6916666666666667 0.040740740740740744 0.6921875 0.012037037037037037 0.6953125 0.000925925925925926
0 0.7770833333333333 0.3148148148148148 0.78125 0.3175925925925926 0.7828125 0.32314814814814813 0.7895833333333333 0.32407407407407407 0.7927083333333333 0.33425925925925926 0.7942708333333334 0.3592592592592593 0.7932291666666667 0.36666666666666664 0.7901041666666667 0.37037037037037035 0.7885416666666667 0.36944444444444446 0.7869791666666667 0.35833333333333334 0.7760416666666666 0.35833333333333334 0.7661458333333333 0.3351851851851852 0.7661458333333333 0.3212962962962963 0.7713541666666667 0.3138888888888889 0.7765625 0.3148148148148148
1 0.7359375 0.03333333333333333 0.7390625 0.041666666666666664 0.7390625 0.05185185185185185 0.7375 0.06296296296296296 0.73125 0.08055555555555556 0.728125 0.0787037037037037 0.7291666666666666 0.05277777777777778 0.7333333333333333 0.032407407407407406 0.7354166666666667 0.03333333333333333
1 0.66484375 0.12638888888888888 0.011979166666666667 0.049074074074074076
1 0.08125 0.09259259259259259 0.09010416666666667 0.10648148148148148 0.09166666666666666 0.11944444444444445 0.09895833333333333 0.12685185185185185 0.09895833333333333 0.13055555555555556 0.09427083333333333 0.12962962962962962 0.0921875 0.1398148148148148 0.07864583333333333 0.1037037037037037 0.07708333333333334 0.09537037037037037 0.08072916666666667 0.09259259259259259
1 0.5192708333333333 0.19444444444444445 0.5255208333333333 0.2074074074074074 0.5192708333333333 0.24814814814814815 0.5166666666666667 0.24722222222222223 0.515625 0.22685185185185186 0.5130208333333334 0.21851851851851853 0.5135416666666667 0.2064814814814815 0.51875 0.19444444444444445
1 0.8453125 0.06574074074074074 0.8479166666666667 0.06851851851851852 0.8489583333333334 0.075 0.8401041666666667 0.10555555555555556 0.8380208333333333 0.10833333333333334 0.8359375 0.10555555555555556 0.8364583333333333 0.09444444444444444 0.8401041666666667 0.075 0.8447916666666667 0.06666666666666667
1 0.12916666666666668 0.02962962962962963 0.019791666666666666 0.037037037037037035
1 0.790625 0.09722222222222222 0.7947916666666667 0.10277777777777777 0.7947916666666667 0.11203703703703703 0.7864583333333334 0.1388888888888889 0.7828125 0.1425925925925926 0.7802083333333333 0.1398148148148148 0.7817708333333333 0.1259259259259259 0.7854166666666667 0.10740740740740741 0.7901041666666667 0.09722222222222222
1 0.83125 0.26296296296296295 0.8286458333333333 0.2564814814814815 0.8208333333333333 0.2657407407407407 0.8166666666666667 0.262037037037037 0.8213541666666667 0.23796296296296296 0.8328125 0.22407407407407406 0.8364583333333333 0.22592592592592592 0.8364583333333333 0.24722222222222223 0.83125 0.262037037037037
1 0.3640625 0.49722222222222223 0.3723958333333333 0.5148148148148148 0.371875 0.5324074074074074 0.37395833333333334 0.5398148148148149 0.3729166666666667 0.5472222222222223 0.36770833333333336 0.5453703703703704 0.35833333333333334 0.5175925925925926 0.3572916666666667 0.5055555555555555 0.3609375 0.49722222222222223 0.36354166666666665 0.49722222222222223
1 0.0515625 0.14907407407407408 0.0609375 0.1648148148148148 0.059895833333333336 0.1712962962962963 0.0671875 0.1787037037037037 0.0671875 0.18333333333333332 0.0640625 0.1814814814814815 0.06197916666666667 0.18425925925925926 0.06302083333333333 0.18981481481481483 0.06145833333333333 0.1925925925925926 0.059375 0.19166666666666668 0.04739583333333333 0.1638888888888889 0.04635416666666667 0.1537037037037037 0.051041666666666666 0.14907407407407408
1 0.05 0.48518518518518516 0.05520833333333333 0.4888888888888889 0.06041666666666667 0.487962962962963 0.06770833333333333 0.49444444444444446 0.06927083333333334 0.4981481481481482 0.06875 0.5092592592592593 0.07760416666666667 0.5259259259259259 0.07864583333333333 0.5342592592592592 0.07135416666666666 0.5342592592592592 0.05520833333333333 0.5046296296296297 0.04791666666666667 0.4962962962962963 0.04635416666666667 0.49074074074074076 0.049479166666666664 0.4861111111111111
1 0.42604166666666665 0.5324074074074074 0.42864583333333334 0.5370370370370371 0.42916666666666664 0.5462962962962963 0.4244791666666667 0.5583333333333333 0.41822916666666665 0.562037037037037 0.41510416666666666 0.5601851851851852 0.41458333333333336 0.5342592592592592 0.41770833333333335 0.5287037037037037 0.42552083333333335 0.5324074074074074
1 0.6630208333333333 0.1925925925925926 0.6645833333333333 0.1962962962962963 0.6645833333333333 0.21388888888888888 0.6572916666666667 0.24166666666666667 0.6536458333333334 0.24074074074074073 0.6520833333333333 0.2351851851851852 0.6541666666666667 0.20833333333333334 0.6598958333333333 0.19444444444444445 0.6625 0.1925925925925926
1 0.13177083333333334 0.05555555555555555 0.13697916666666668 0.06388888888888888 0.140625 0.07685185185185185 0.140625 0.09259259259259259 0.13645833333333332 0.09259259259259259 0.12916666666666668 0.07777777777777778 0.1265625 0.06018518518518518 0.12864583333333332 0.05462962962962963 0.13125 0.05555555555555555
1 0.030208333333333334 0.13333333333333333 0.036458333333333336 0.1388888888888889 0.0390625 0.14629629629629629 0.04479166666666667 0.1712962962962963 0.04375 0.175 0.03958333333333333 0.17314814814814813 0.03125 0.1537037037037037 0.025 0.15 0.024479166666666666 0.1398148148148148 0.0296875 0.13333333333333333
1 0.8734375 0.4166666666666667 0.875 0.41944444444444445 0.875 0.4351851851851852 0.859375 0.4685185185185185 0.8526041666666667 0.46574074074074073 0.8505208333333333 0.4546296296296296 0.8619791666666666 0.4287037037037037 0.8625 0.4212962962962963 0.8729166666666667 0.4166666666666667
1 0.6369791666666667 0.03611111111111111 0.6401041666666667 0.03425925925925926 0.6416666666666667 0.04351851851851852 0.640625 0.06759259259259259 0.6375 0.07222222222222222 0.6338541666666667 0.0712962962962963 0.6333333333333333 0.053703703703703705 0.6369791666666667 0.037037037037037035
1 0.5088541666666667 0.5763888888888888 0.014583333333333334 0.05277777777777778
1 0.378125 0.5777777777777777 0.37395833333333334 0.5444444444444444 0.37395833333333334 0.5296296296296297 0.3765625 0.5231481481481481 0.3802083333333333 0.5231481481481481 0.3875 0.5425925925925926 0.3875 0.5518518518518518 0.3848958333333333 0.5583333333333333 0.3828125 0.5740740740740741 0.37864583333333335 0.5777777777777777
1 0.521875 0.6851851851851852 0.5286458333333334 0.700925925925926 0.5276041666666667 0.7305555555555555 0.5260416666666666 0.7342592592592593 0.5182291666666666 0.7342592592592593 0.5151041666666667 0.7388888888888889 0.5130208333333334 0.737037037037037 0.5125 0.7277777777777777 0.5072916666666667 0.7231481481481481 0.5161458333333333 0.687962962962963 0.5213541666666667 0.6851851851851852
1 0.21666666666666667 0.9111111111111111 0.22916666666666666 0.9027777777777778 0.234375 0.9037037037037037 0.24010416666666667 0.9148148148148149 0.23854166666666668 0.9222222222222223 0.24322916666666666 0.9333333333333333 0.24635416666666668 0.9342592592592592 0.24791666666666667 0.9277777777777778 0.2526041666666667 0.9351851851851852 0.2515625 0.9435185185185185 0.24114583333333334 0.9407407407407408 0.2375 0.9472222222222222 0.2234375 0.9407407407407408 0.221875 0.925 0.21666666666666667 0.9185185185185185 0.21666666666666667 0.9120370370370371
1 0.20104166666666667 0 0.20989583333333334 0 0.215625 0.012962962962962963 0.21354166666666666 0.016666666666666666 0.20989583333333334 0.013888888888888888 0.20833333333333334 0.018518518518518517 0.2125 0.025925925925925925 0.20677083333333332 0.028703703703703703 0.20625 0.03333333333333333 0.203125 0.03425925925925926 0.20052083333333334 0.022222222222222223 0.20104166666666667 0.000925925925925926
1 0.24791666666666667 0.8277777777777777 0.25364583333333335 0.8342592592592593 0.265625 0.8592592592592593 0.26666666666666666 0.8657407407407407 0.26458333333333334 0.8740740740740741 0.2604166666666667 0.8777777777777778 0.25416666666666665 0.8759259259259259 0.25364583333333335 0.8675925925925926 0.24791666666666667 0.8592592592592593 0.24583333333333332 0.8490740740740741 0.2421875 0.8425925925925926 0.24427083333333333 0.8314814814814815 0.24739583333333334 0.8287037037037037
1 0.53671875 0.2152777777777778 0.009895833333333333 0.05092592592592592
1 0.4005208333333333 0.5259259259259259 0.4041666666666667 0.5333333333333333 0.4015625 0.55 0.39375 0.5555555555555556 0.38958333333333334 0.5527777777777778 0.3880208333333333 0.5342592592592592 0.39166666666666666 0.5277777777777778 0.4 0.5259259259259259
1 0.6692708333333334 0.8333333333333334 0.6713541666666667 0.8490740740740741 0.6682291666666667 0.8629629629629629 0.6713541666666667 0.8740740740740741 0.66875 0.8759259259259259 0.6583333333333333 0.8638888888888889 0.6494791666666667 0.8629629629629629 0.6458333333333334 0.8583333333333333 0.6458333333333334 0.8546296296296296 0.6505208333333333 0.8481481481481481 0.6510416666666666 0.8398148148148148 0.6598958333333333 0.837037037037037 0.6640625 0.8314814814814815 0.66875 0.8333333333333334
1 0.4078125 0.30277777777777776 0.4119791666666667 0.32037037037037036 0.4114583333333333 0.3490740740740741 0.4083333333333333 0.3509259259259259 0.40520833333333334 0.3472222222222222 0.4010416666666667 0.31296296296296294 0.403125 0.30277777777777776 0.40729166666666666 0.30277777777777776
1 0.7088541666666667 0.2537037037037037 0.7125 0.2759259259259259 0.7072916666666667 0.28425925925925927 0.7036458333333333 0.30462962962962964 0.7010416666666667 0.30833333333333335 0.6984375 0.3074074074074074 0.6963541666666667 0.2962962962962963 0.6994791666666667 0.28703703703703703 0.7015625 0.26481481481481484 0.70625 0.25277777777777777 0.7083333333333334 0.2537037037037037
1 0.17135416666666667 0 0.17708333333333334 0.005555555555555556 0.18125 0.022222222222222223 0.18020833333333333 0.03888888888888889 0.17760416666666667 0.040740740740740744 0.17604166666666668 0.03796296296296296 0.16979166666666667 0.012037037037037037 0.16927083333333334 0.003703703703703704 0.17135416666666667 0.000925925925925926
1 0.008854166666666666 0.462037037037037 0.0203125 0.4685185185185185 0.024479166666666666 0.47685185185185186 0.026041666666666668 0.4888888888888889 0.0328125 0.5009259259259259 0.03333333333333333 0.5064814814814815 0.026041666666666668 0.512962962962963 0.019270833333333334 0.5092592592592593 0.015104166666666667 0.5018518518518519 0.013020833333333334 0.4925925925925926 0.0046875 0.47962962962962963 0.005208333333333333 0.4722222222222222 0.003125 0.46296296296296297 0.008333333333333333 0.462037037037037
1 0.9541666666666667 0.5083333333333333 0.9546875 0.5296296296296297 0.94375 0.55 0.9395833333333333 0.5537037037037037 0.9296875 0.5435185185185185 0.9296875 0.5351851851851852 0.9390625 0.5138888888888888 0.9536458333333333 0.5083333333333333
1 0.47708333333333336 0.9435185185185185 0.48072916666666665 0.9481481481481482 0.4822916666666667 0.9583333333333334 0.4822916666666667 0.9842592592592593 0.47760416666666666 0.9925925925925926 0.46770833333333334 0.9879629629629629 0.4635416666666667 0.9777777777777777 0.4635416666666667 0.9703703703703703 0.46822916666666664 0.9657407407407408 0.4713541666666667 0.9490740740740741 0.4765625 0.9435185185185185
1 0.8244791666666667 0.32592592592592595 0.8276041666666667 0.32685185185185184 0.8322916666666667 0.3351851851851852 0.8291666666666667 0.3592592592592593 0.8213541666666667 0.37222222222222223 0.8177083333333334 0.3712962962962963 0.8161458333333333 0.36666666666666664 0.81875 0.3435185185185185 0.8239583333333333 0.32685185185185184
1 0.5333333333333333 0.5824074074074074 0.5364583333333334 0.5861111111111111 0.5390625 0.5953703703703703 0.5369791666666667 0.6277777777777778 0.5286458333333334 0.6231481481481481 0.5260416666666666 0.6166666666666667 0.5260416666666666 0.6037037037037037 0.5286458333333334 0.5888888888888889 0.5328125 0.5824074074074074
1 0.23802083333333332 0.8101851851851852 0.24791666666666667 0.8212962962962963 0.25 0.8314814814814815 0.2453125 0.8342592592592593 0.24114583333333334 0.8444444444444444 0.2375 0.8444444444444444 0.23385416666666667 0.85 0.23125 0.8472222222222222 0.22708333333333333 0.8296296296296296 0.22708333333333333 0.8203703703703704 0.23385416666666667 0.8101851851851852 0.2375 0.8101851851851852
1 0.48072916666666665 0.375 0.4739583333333333 0.3648148148148148 0.46979166666666666 0.3648148148148148 0.46770833333333334 0.33055555555555555 0.4708333333333333 0.3277777777777778 0.4786458333333333 0.3453703703703704 0.4822916666666667 0.3685185185185185 0.48125 0.37407407407407406
1 0.4010416666666667 0.5518518518518518 0.40677083333333336 0.5675925925925925 0.4005208333333333 0.5962962962962963 0.39479166666666665 0.5953703703703703 0.39010416666666664 0.5648148148148148 0.39114583333333336 0.5537037037037037 0.4005208333333333 0.5518518518518518
1 0.1046875 0.04259259259259259 0.11302083333333333 0.05925925925925926 0.11614583333333334 0.08611111111111111 0.1125 0.08611111111111111 0.1109375 0.0787037037037037 0.10052083333333334 0.05740740740740741 0.09947916666666666 0.04722222222222222 0.1015625 0.04259259259259259 0.10416666666666667 0.04259259259259259
1 0.4942708333333333 0.5370370370370371 0.5026041666666666 0.5518518518518518 0.5005208333333333 0.5740740740740741 0.4979166666666667 0.5833333333333334 0.4947916666666667 0.587037037037037 0.48802083333333335 0.5842592592592593 0.48333333333333334 0.562962962962963 0.48541666666666666 0.5462962962962963 0.49114583333333334 0.5370370370370371 0.49375 0.5370370370370371
1 0.6145833333333334 0.018518518518518517 0.6161458333333333 0.040740740740740744 0.6125 0.05555555555555555 0.609375 0.05925925925925926 0.6072916666666667 0.02962962962962963 0.6114583333333333 0.017592592592592594 0.6140625 0.018518518518518517
1 0.7453125 0.13240740740740742 0.7489583333333333 0.13240740740740742 0.7479166666666667 0.15462962962962962 0.7401041666666667 0.17592592592592593 0.7359375 0.17592592592592593 0.7401041666666667 0.14814814814814814 0.7453125 0.13333333333333333
1 0.2630208333333333 0.8805555555555555 0.2682291666666667 0.8870370370370371 0.2734375 0.8870370370370371 0.27239583333333334 0.8962962962962963 0.26927083333333335 0.8935185185185185 0.26875 0.8870370370370371 0.2677083333333333 0.8972222222222223 0.2734375 0.9092592592592592 0.28020833333333334 0.9148148148148149 0.28125 0.9203703703703704 0.2791666666666667 0.925 0.275 0.9259259259259259 0.26510416666666664 0.9185185185185185 0.259375 0.9268518518518518 0.2546875 0.9268518518518518 0.24947916666666667 0.9175925925925926 0.24947916666666667 0.9074074074074074 0.246875 0.9027777777777778 0.24791666666666667 0.8962962962962963 0.25364583333333335 0.8916666666666667 0.2552083333333333 0.8851851851851852 0.2625 0.8805555555555555
1 0.36302083333333335 0.0824074074074074 0.36614583333333334 0.09166666666666666 0.35885416666666664 0.10555555555555556 0.35625 0.10092592592592593 0.35989583333333336 0.08518518518518518 0.3625 0.0824074074074074
1 0.7869791666666667 0.35462962962962963 0.790625 0.35833333333333334 0.790625 0.3685185185185185 0.7828125 0.3851851851851852 0.7786458333333334 0.3824074074074074 0.778125 0.3712962962962963 0.7864583333333334 0.35462962962962963