1 0.5088541666666667 0.2824074074074074 0.5119791666666667 0.2814814814814815 0.5177083333333333 0.2962962962962963 0.5161458333333333 0.3287037037037037 0.5078125 0.325 0.5088541666666667 0.2833333333333333
1 0.2140625 0.21296296296296297 0.21927083333333333 0.21944444444444444 0.22395833333333334 0.23425925925925925 0.22447916666666667 0.24814814814814815 0.2203125 0.24537037037037038 0.2171875 0.2518518518518518 0.21510416666666668 0.25092592592592594 0.21458333333333332 0.23703703703703705 0.2109375 0.22037037037037038 0.21145833333333333 0.21481481481481482 0.21354166666666666 0.21296296296296297
1 0.4161458333333333 0.7518518518518519 0.41822916666666665 0.7592592592592593 0.4234375 0.7620370370370371 0.42552083333333335 0.7796296296296297 0.41458333333333336 0.812037037037037 0.4114583333333333 0.8101851851851852 0.4125 0.7814814814814814 0.409375 0.7759259259259259 0.40729166666666666 0.7759259259259259 0.4046875 0.7814814814814814 0.403125 0.7814814814814814 0.403125 0.7777777777777778 0.40729166666666666 0.7685185185185185 0.4088541666666667 0.7555555555555555 0.4109375 0.7518518518518519 0.415625 0.7518518518518519
1 0.6296875 0.22870370370370371 0.6369791666666667 0.2388888888888889 0.6390625 0.25092592592592594 0.6348958333333333 0.2740740740740741 0.6333333333333333 0.2777777777777778 0.6302083333333334 0.2759259259259259 0.6296875 0.22962962962962963
1 0.6229166666666667 0.22870370370370371 0.6302083333333334 0.23055555555555557 0.628125 0.23981481481481481 0.6291666666666667 0.2564814814814815 0.6260416666666667 0.2657407407407407 0.6223958333333334 0.2611111111111111 0.6182291666666667 0.24444444444444444 0.6229166666666667 0.22962962962962963
1 0.8677083333333333 0.20555555555555555 0.8677083333333333 0.2222222222222222 0.859375 0.24537037037037038 0.8552083333333333 0.24537037037037038 0.853125 0.24166666666666667 0.8572916666666667 0.21296296296296297 0.8671875 0.20555555555555555
1 0.6614583333333334 0.15833333333333333 0.6645833333333333 0.17407407407407408 0.6619791666666667 0.18333333333333332 0.6609375 0.19907407407407407 0.6583333333333333 0.2037037037037037 0.6557291666666667 0.19722222222222222 0.6557291666666667 0.17407407407407408 0.6609375 0.15833333333333333
1 0.19401041666666666 0.19907407407407407 0.0140625 0.03148148148148148
1 0.5932291666666667 0.23425925925925925 0.5979166666666667 0.2518518518518518 0.5927083333333333 0.28055555555555556 0.5895833333333333 0.27870370370370373 0.5890625 0.2611111111111111 0.5901041666666667 0.23703703703703705 0.5927083333333333 0.23425925925925925
1 0.6723958333333333 0.19537037037037036 0.6734375 0.20555555555555555 0.6682291666666667 0.23333333333333334 0.6645833333333333 0.23055555555555557 0.6630208333333333 0.225 0.6677083333333333 0.1962962962962963 0.671875 0.19537037037037036
1 0.8416666666666667 0.2361111111111111 0.84375 0.25092592592592594 0.8395833333333333 0.2675925925925926 0.8317708333333333 0.27685185185185185 0.8302083333333333 0.2712962962962963 0.8338541666666667 0.24537037037037038 0.8385416666666666 0.23703703703703705 0.8411458333333334 0.23703703703703705
1 0.13072916666666667 0.2638888888888889 0.13697916666666668 0.27037037037037037 0.14114583333333333 0.28703703703703703 0.14114583333333333 0.29259259259259257 0.13697916666666668 0.3 0.13385416666666666 0.2972222222222222 0.13177083333333334 0.287962962962963 0.12864583333333332 0.26944444444444443 0.12864583333333332 0.26481481481481484 0.13020833333333334 0.2638888888888889
1 0.23802083333333332 0.20185185185185187 0.2421875 0.2074074074074074 0.24791666666666667 0.23055555555555557 0.2421875 0.23796296296296296 0.2375 0.23425925925925925 0.23385416666666667 0.22037037037037038 0.23229166666666667 0.20555555555555555 0.2375 0.20185185185185187
1 0.10260416666666666 0.33611111111111114 0.1171875 0.3592592592592593 0.11614583333333334 0.3638888888888889 0.11197916666666667 0.3638888888888889 0.10625 0.37407407407407406 0.10416666666666667 0.37222222222222223 0.10052083333333334 0.3537037037037037 0.096875 0.3453703703703704 0.09739583333333333 0.3388888888888889 0.10208333333333333 0.33611111111111114
1 0.15208333333333332 0.2722222222222222 0.16145833333333334 0.27685185185185185 0.16458333333333333 0.28425925925925927 0.1640625 0.29259259259259257 0.1671875 0.3037037037037037 0.16458333333333333 0.31203703703703706 0.15260416666666668 0.28703703703703703 0.15208333333333332 0.27314814814814814
1 0.5213541666666667 0.2574074074074074 0.5255208333333333 0.2712962962962963 0.5239583333333333 0.2814814814814815 0.5255208333333333 0.30092592592592593 0.5239583333333333 0.30185185185185187 0.5197916666666667 0.30092592592592593 0.5171875 0.2916666666666667 0.5166666666666667 0.2638888888888889 0.51875 0.2564814814814815 0.5208333333333334 0.2574074074074074
1 0.8333333333333334 0.4888888888888889 0.834375 0.49444444444444446 0.8322916666666667 0.5037037037037037 0.8322916666666667 0.5222222222222223 0.83125 0.5259259259259259 0.8244791666666667 0.5296296296296297 0.8182291666666667 0.5444444444444444 0.815625 0.5435185185185185 0.8140625 0.537962962962963 0.8208333333333333 0.5018518518518519 0.8286458333333333 0.4888888888888889 0.8328125 0.4888888888888889
1 0.5088541666666667 0.025925925925925925 0.5098958333333333 0.03796296296296296 0.5083333333333333 0.05462962962962963 0.5052083333333334 0.053703703703703705 0.503125 0.03333333333333333 0.5041666666666667 0.027777777777777776 0.5083333333333333 0.025925925925925925
1 0.06197916666666667 0.3685185185185185 0.0671875 0.3768518518518518 0.07291666666666667 0.39444444444444443 0.07291666666666667 0.40185185185185185 0.07083333333333333 0.4064814814814815 0.0671875 0.4064814814814815 0.057291666666666664 0.387037037037037 0.05625 0.36574074074074076 0.06145833333333333 0.3685185185185185
1 0.16822916666666668 0.2101851851851852 0.17239583333333333 0.2212962962962963 0.17447916666666666 0.23703703703703705 0.17395833333333333 0.24537037037037038 0.16822916666666668 0.24722222222222223 0.16197916666666667 0.22407407407407406 0.1625 0.21296296296296297 0.16458333333333333 0.20925925925925926 0.16770833333333332 0.2101851851851852
1 0.8692708333333333 0.4740740740740741 0.8744791666666667 0.4898148148148148 0.8661458333333333 0.5092592592592593 0.8640625 0.524074074074074 0.8609375 0.5259259259259259 0.8588541666666667 0.5138888888888888 0.8520833333333333 0.5287037037037037 0.85 0.5222222222222223 0.8583333333333333 0.49537037037037035 0.859375 0.4842592592592593 0.8645833333333334 0.4740740740740741 0.86875 0.4740740740740741
1 0.3234375 0.8277777777777777 0.328125 0.8268518518518518 0.33489583333333334 0.8305555555555556 0.34270833333333334 0.8425925925925926 0.3489583333333333 0.8444444444444444 0.34739583333333335 0.8537037037037037 0.3359375 0.862037037037037 0.33489583333333334 0.8731481481481481 0.3307291666666667 0.8805555555555555 0.3265625 0.8462962962962963 0.3229166666666667 0.8361111111111111 0.3234375 0.8287037037037037
1 0.6010416666666667 0.2611111111111111 0.6041666666666666 0.275 0.6020833333333333 0.28888888888888886 0.603125 0.3037037037037037 0.5989583333333334 0.30648148148148147 0.5963541666666666 0.3138888888888889 0.5942708333333333 0.31203703703703706 0.5942708333333333 0.27870370370370373 0.5973958333333333 0.262037037037037 0.6005208333333333 0.2611111111111111
1 0.5489583333333333 0.45 0.5520833333333334 0.4601851851851852 0.5515625 0.4787037037037037 0.5432291666666667 0.5 0.5416666666666666 0.4981481481481482 0.5427083333333333 0.4759259259259259 0.540625 0.47129629629629627 0.5364583333333334 0.46944444444444444 0.5364583333333334 0.45925925925925926 0.5427083333333333 0.44351851851851853 0.5463541666666667 0.44351851851851853 0.5484375 0.45
1 0.24895833333333334 0.1925925925925926 0.2552083333333333 0.20555555555555555 0.2552083333333333 0.22870370370370371 0.25052083333333336 0.22592592592592592 0.24635416666666668 0.21203703703703702 0.24479166666666666 0.20277777777777778 0.2484375 0.1925925925925926
1 0.21979166666666666 0.19537037037037036 0.23125 0.22592592592592592 0.23072916666666668 0.23055555555555557 0.22708333333333333 0.23333333333333334 0.21614583333333334 0.2111111111111111 0.21666666666666667 0.19814814814814816 0.21927083333333333 0.19537037037037036
1 0.18385416666666668 0.38333333333333336 0.19166666666666668 0.3851851851851852 0.19739583333333333 0.39351851851851855 0.20052083333333334 0.4212962962962963 0.2 0.4287037037037037 0.19635416666666666 0.4287037037037037 0.19375 0.4148148148148148 0.19010416666666666 0.40925925925925927 0.18541666666666667 0.4074074074074074 0.18385416666666668 0.38425925925925924
1 0.7692708333333333 0.9740740740740741 0.7723958333333333 0.9805555555555555 0.7755208333333333 0.9990740740740741 0.7515625 0.9990740740740741 0.7541666666666667 0.9907407407407407 0.759375 0.9861111111111112 0.7651041666666667 0.9740740740740741 0.76875 0.9740740740740741
1 0.0859375 0.3527777777777778 0.09427083333333333 0.362962962962963 0.0953125 0.3731481481481482 0.1 0.38425925925925924 0.09947916666666666 0.3888888888888889 0.09375 0.39351851851851855 0.09166666666666666 0.39351851851851855 0.09166666666666666 0.3888888888888889 0.08072916666666667 0.3648148148148148 0.08072916666666667 0.35648148148148145 0.08541666666666667 0.3527777777777778
1 0.6614583333333334 0.22685185185185186 0.6645833333333333 0.22870370370370371 0.6666666666666666 0.2361111111111111 0.6645833333333333 0.2564814814814815 0.6583333333333333 0.2518518518518518 0.6583333333333333 0.2361111111111111 0.6609375 0.22777777777777777
1 0.6375 0.13796296296296295 0.6416666666666667 0.15 0.6369791666666667 0.1685185185185185 0.6333333333333333 0.16574074074074074 0.6322916666666667 0.15648148148148147 0.6322916666666667 0.14907407407407408 0.6369791666666667 0.13796296296296295
1 0.19375 0.21944444444444444 0.19895833333333332 0.22870370370370371 0.2015625 0.24444444444444444 0.2 0.2518518518518518 0.19635416666666666 0.2518518518518518 0.1921875 0.24074074074074073 0.19010416666666666 0.22037037037037038 0.19322916666666667 0.21944444444444444
1 0.6229166666666667 0.2064814814814815 0.6265625 0.2175925925925926 0.6270833333333333 0.22777777777777777 0.621875 0.2351851851851852 0.6197916666666666 0.24537037037037038 0.615625 0.24166666666666667 0.615625 0.225 0.6197916666666666 0.2101851851851852 0.6223958333333334 0.2074074074074074
1 0.675 0.26296296296296295 0.6802083333333333 0.26851851851851855 0.6817708333333333 0.2777777777777778 0.675 0.31203703703703706 0.6713541666666667 0.3101851851851852 0.6697916666666667 0.2898148148148148 0.675 0.2638888888888889
1 0.4427083333333333 0.20185185185185187 0.44895833333333335 0.21851851851851853 0.44375 0.25092592592592594 0.44114583333333335 0.24722222222222223 0.43854166666666666 0.2212962962962963 0.4390625 0.2064814814814815 0.4421875 0.20185185185185187
1 0.6552083333333333 0.12129629629629629 0.6588541666666666 0.13333333333333333 0.6546875 0.14444444444444443 0.6536458333333334 0.1574074074074074 0.6510416666666666 0.16111111111111112 0.6494791666666667 0.12962962962962962 0.6510416666666666 0.12314814814814815 0.6546875 0.12129629629629629
1 0.2828125 0.14907407407407408 0.2869791666666667 0.1574074074074074 0.2869791666666667 0.1685185185185185 0.28958333333333336 0.17685185185185184 0.2864583333333333 0.18333333333333332 0.2828125 0.1824074074074074 0.278125 0.1638888888888889 0.2786458333333333 0.15092592592592594 0.28229166666666666 0.14907407407407408
1 0.14739583333333334 0.28425925925925927 0.15104166666666666 0.2851851851851852 0.15885416666666666 0.29814814814814816 0.15885416666666666 0.3101851851851852 0.16145833333333334 0.3175925925925926 0.16145833333333334 0.32314814814814813 0.15885416666666666 0.32407407407407407 0.153125 0.3138888888888889 0.1484375 0.29814814814814816 0.14739583333333334 0.2851851851851852
1 0.9223958333333333 0.6222222222222222 0.9244791666666666 0.6277777777777778 0.9239583333333333 0.637962962962963 0.9171875 0.6611111111111111 0.9114583333333334 0.6731481481481482 0.9078125 0.6712962962962963 0.9098958333333333 0.6574074074074074 0.9078125 0.6509259259259259 0.8979166666666667 0.6555555555555556 0.89375 0.6555555555555556 0.8932291666666666 0.6527777777777778 0.9078125 0.6388888888888888 0.9145833333333333 0.6240740740740741 0.921875 0.6222222222222222
1 0.6166666666666667 0.24722222222222223 0.6192708333333333 0.2638888888888889 0.6125 0.29444444444444445 0.6104166666666667 0.29259259259259257 0.609375 0.2611111111111111 0.6119791666666666 0.25 0.6161458333333333 0.24722222222222223
1 0.11822916666666666 0.30648148148148147 0.12291666666666666 0.3055555555555556 0.13020833333333334 0.31296296296296294 0.13697916666666668 0.3296296296296296 0.13385416666666666 0.3351851851851852 0.1296875 0.3333333333333333 0.1265625 0.3425925925925926 0.11770833333333333 0.3148148148148148 0.11822916666666666 0.3074074074074074
1 0.309375 0.11666666666666667 0.3125 0.13055555555555556 0.3098958333333333 0.15 0.3078125 0.1527777777777778 0.30625 0.15185185185185185 0.30364583333333334 0.11944444444444445 0.3046875 0.11574074074074074 0.30885416666666665 0.11666666666666667
1 0.13229166666666667 0.24074074074074073 0.140625 0.2564814814814815 0.14270833333333333 0.2712962962962963 0.140625 0.27870370370370373 0.13177083333333334 0.262037037037037 0.12864583333333332 0.24537037037037038 0.1296875 0.23981481481481481 0.13177083333333334 0.24074074074074073
1 0.6317708333333333 0.20277777777777778 0.63125 0.17407407407407408 0.6364583333333333 0.1648148148148148 0.6390625 0.1712962962962963 0.6395833333333333 0.17962962962962964 0.6364583333333333 0.2 0.6322916666666667 0.20277777777777778
1 0.6822916666666666 0.42962962962962964 0.6838541666666667 0.4324074074074074 0.684375 0.45 0.6796875 0.4685185185185185 0.6822916666666666 0.48055555555555557 0.678125 0.48055555555555557 0.6765625 0.4685185185185185 0.6708333333333333 0.47129629629629627 0.6682291666666667 0.47685185185185186 0.6635416666666667 0.47314814814814815 0.6645833333333333 0.4675925925925926 0.66875 0.46944444444444444 0.671875 0.4648148148148148 0.678125 0.42962962962962964 0.6817708333333333 0.42962962962962964
1 0.6609375 0.25092592592592594 0.6640625 0.26666666666666666 0.659375 0.27685185185185185 0.6578125 0.28703703703703703 0.6541666666666667 0.28703703703703703 0.653125 0.2638888888888889 0.6567708333333333 0.2537037037037037 0.6604166666666667 0.2518518518518518
1 0.64375 0.19537037037037036 0.6442708333333333 0.17407407407407408 0.6473958333333333 0.1675925925925926 0.6510416666666666 0.1675925925925926 0.653125 0.175 0.6510416666666666 0.20277777777777778 0.6447916666666667 0.20277777777777778 0.6442708333333333 0.1962962962962963
1 0.6528645833333333 0.24166666666666667 0.008854166666666666 0.03888888888888889
1 0.17135416666666667 0.5694444444444444 0.18020833333333333 0.5879629629629629 0.1859375 0.6074074074074074 0.19270833333333334 0.6166666666666667 0.18958333333333333 0.6203703703703703 0.18177083333333333 0.6212962962962963 0.18072916666666666 0.6296296296296297 0.17864583333333334 0.6324074074074074 0.175 0.6296296296296297 0.17447916666666666 0.625 0.178125 0.612037037037037 0.16822916666666668 0.6046296296296296 0.16666666666666666 0.5990740740740741 0.16770833333333332 0.5731481481481482 0.16822916666666668 0.5703703703703704 0.17083333333333334 0.5703703703703704
1 0.6619791666666667 0.27037037037037037 0.665625 0.275 0.6671875 0.28425925925925927 0.6645833333333333 0.30925925925925923 0.6619791666666667 0.31666666666666665 0.6572916666666667 0.30648148148148147 0.6557291666666667 0.2898148148148148 0.65625 0.2759259259259259 0.6614583333333334 0.27037037037037037