1 0.8208333333333333 0.13518518518518519 0.8239583333333333 0.14351851851851852 0.8239583333333333 0.15 0.8104166666666667 0.18333333333333332 0.8083333333333333 0.1814814814814815 0.8135416666666667 0.16203703703703703 0.8140625 0.14629629629629629 0.8166666666666667 0.13703703703703704 0.8203125 0.13518518518518519
1 0.06875 0.12962962962962962 0.07239583333333334 0.1287037037037037 0.08854166666666667 0.1648148148148148 0.08802083333333334 0.1675925925925926 0.08489583333333334 0.1675925925925926 0.08072916666666667 0.16111111111111112 0.07864583333333333 0.1648148148148148 0.07864583333333333 0.175 0.07708333333333334 0.17592592592592593 0.075 0.1574074074074074 0.06770833333333333 0.14351851851851852 0.06875 0.13055555555555556
1 0.34270833333333334 0.8916666666666667 0.3484375 0.9 0.346875 0.9111111111111111 0.35 0.9194444444444444 0.35 0.9287037037037037 0.35208333333333336 0.9342592592592592 0.35 0.9407407407407408 0.3453125 0.9444444444444444 0.3416666666666667 0.9314814814814815 0.3328125 0.9287037037037037 0.3265625 0.9037037037037037 0.32760416666666664 0.8981481481481481 0.33697916666666666 0.8907407407407407 0.3421875 0.8916666666666667
1 0.0421875 0.20185185185185187 0.049479166666666664 0.20925925925925926 0.052083333333333336 0.22407407407407406 0.058854166666666666 0.24074074074074073 0.057291666666666664 0.24537037037037038 0.053125 0.24444444444444444 0.05 0.2518518518518518 0.046875 0.25 0.044270833333333336 0.24351851851851852 0.04375 0.23055555555555557 0.03802083333333333 0.21481481481481482 0.0375 0.20555555555555555 0.0390625 0.20185185185185187 0.041666666666666664 0.20185185185185187
1 0.578125 0.07685185185185185 0.5786458333333333 0.08425925925925926 0.5822916666666667 0.08888888888888889 0.584375 0.09814814814814815 0.5791666666666667 0.13425925925925927 0.5770833333333333 0.1361111111111111 0.5760416666666667 0.13333333333333333 0.575 0.10648148148148148 0.5776041666666667 0.07777777777777778
1 0.008333333333333333 0.22037037037037038 0.016145833333333335 0.23703703703703705 0.016666666666666666 0.2462962962962963 0.021354166666666667 0.25462962962962965 0.01875 0.26851851851851855 0.011979166666666667 0.2537037037037037 0 0.24166666666666667 0 0.22592592592592592 0.0078125 0.22037037037037038
1 0.83125 0.11203703703703703 0.83125 0.12962962962962962 0.828125 0.14166666666666666 0.8244791666666667 0.14629629629629629 0.8197916666666667 0.13333333333333333 0.828125 0.11388888888888889 0.8307291666666666 0.11296296296296296
1 0.18333333333333332 0.03796296296296296 0.18645833333333334 0.04259259259259259 0.1890625 0.058333333333333334 0.1890625 0.06666666666666667 0.18541666666666667 0.07314814814814814 0.18229166666666666 0.07037037037037037 0.17864583333333334 0.05 0.17864583333333334 0.03981481481481482 0.1828125 0.03796296296296296
1 0.578125 0.26851851851851855 0.5817708333333333 0.2611111111111111 0.584375 0.2611111111111111 0.5875 0.2759259259259259 0.5828125 0.30648148148148147 0.58125 0.3111111111111111 0.578125 0.3111111111111111 0.5786458333333333 0.29814814814814816 0.5755208333333334 0.28055555555555556 0.578125 0.26944444444444443
1 0.8171875 0.8972222222222223 0.8276041666666667 0.8981481481481481 0.8328125 0.9046296296296297 0.8333333333333334 0.9175925925925926 0.8229166666666666 0.9287037037037037 0.8265625 0.9425925925925925 0.8197916666666667 0.9416666666666667 0.8140625 0.9268518518518518 0.809375 0.9268518518518518 0.7979166666666667 0.9342592592592592 0.7921875 0.9314814814814815 0.7932291666666667 0.9268518518518518 0.8114583333333333 0.9157407407407407 0.8161458333333333 0.9055555555555556 0.8171875 0.8981481481481481
1 0.19947916666666668 0.026851851851851852 0.20520833333333333 0.03981481481481482 0.20520833333333333 0.05277777777777778 0.20833333333333334 0.06666666666666667 0.203125 0.0712962962962963 0.20052083333333334 0.05555555555555555 0.19583333333333333 0.044444444444444446 0.19583333333333333 0.03796296296296296 0.19895833333333332 0.027777777777777776
1 0.0234375 0.5833333333333334 0.0359375 0.5879629629629629 0.04114583333333333 0.5944444444444444 0.04479166666666667 0.6018518518518519 0.044270833333333336 0.6092592592592593 0.05260416666666667 0.6231481481481481 0.05260416666666667 0.6268518518518519 0.05 0.6296296296296297 0.04114583333333333 0.6259259259259259 0.036458333333333336 0.6212962962962963 0.030729166666666665 0.6092592592592593 0.0234375 0.6064814814814815 0.019270833333333334 0.5879629629629629 0.022916666666666665 0.5833333333333334
1 0.21510416666666668 0.018518518518518517 0.21822916666666667 0.027777777777777776 0.21875 0.04351851851851852 0.22083333333333333 0.05 0.2203125 0.053703703703703705 0.21666666666666667 0.05648148148148148 0.20989583333333334 0.028703703703703703 0.21041666666666667 0.019444444444444445 0.21458333333333332 0.018518518518518517
1 0.20260416666666667 0.2740740740740741 0.21458333333333332 0.29814814814814816 0.21458333333333332 0.32222222222222224 0.21197916666666666 0.32314814814814813 0.20208333333333334 0.30092592592592593 0.2 0.2851851851851852 0.2 0.2777777777777778 0.20208333333333334 0.275
1 0.85625 0.5037037037037037 0.07604166666666666 0.10185185185185185
1 0.5776041666666667 0.20185185185185187 0.5807291666666666 0.20277777777777778 0.584375 0.21388888888888888 0.5796875 0.24444444444444444 0.5765625 0.2462962962962963 0.5744791666666667 0.23425925925925925 0.5744791666666667 0.2101851851851852 0.5776041666666667 0.20277777777777778
1 0.17135416666666667 0.05555555555555555 0.175 0.05740740740740741 0.1796875 0.06759259259259259 0.18385416666666668 0.09166666666666666 0.18333333333333332 0.09722222222222222 0.18125 0.09814814814814815 0.175 0.08796296296296297 0.17083333333333334 0.07222222222222222 0.17135416666666667 0.05648148148148148
1 0.043229166666666666 0.12222222222222222 0.04895833333333333 0.12129629629629629 0.0546875 0.1259259259259259 0.06510416666666667 0.15833333333333333 0.0640625 0.1638888888888889 0.06041666666666667 0.16203703703703703 0.043229166666666666 0.12314814814814815
1 0.915625 0.512962962962963 0.91875 0.5175925925925926 0.9182291666666667 0.5342592592592592 0.9166666666666666 0.5398148148148149 0.90625 0.5518518518518518 0.9005208333333333 0.5666666666666667 0.8979166666666667 0.5648148148148148 0.8984375 0.5537037037037037 0.8942708333333333 0.5592592592592592 0.890625 0.5555555555555556 0.9067708333333333 0.5194444444444445 0.9114583333333334 0.5185185185185185 0.9151041666666667 0.512962962962963
1 0.37083333333333335 0.875 0.37552083333333336 0.8824074074074074 0.371875 0.8944444444444445 0.37447916666666664 0.9 0.37604166666666666 0.9157407407407407 0.37447916666666664 0.9212962962962963 0.3697916666666667 0.925 0.36614583333333334 0.924074074074074 0.3651041666666667 0.9185185185185185 0.35989583333333336 0.9111111111111111 0.35572916666666665 0.8861111111111111 0.3625 0.8666666666666667 0.36614583333333334 0.8657407407407407 0.3703125 0.875
1 0.6333333333333333 0.07407407407407407 0.6359375 0.08425925925925926 0.6359375 0.09444444444444444 0.6302083333333334 0.11018518518518519 0.6296875 0.1175925925925926 0.6260416666666667 0.11574074074074074 0.6255208333333333 0.11203703703703703 0.6265625 0.08888888888888889 0.6328125 0.075
1 0.49375 0.6685185185185185 0.4979166666666667 0.6759259259259259 0.5005208333333333 0.6962962962962963 0.4979166666666667 0.7046296296296296 0.4875 0.7175925925925926 0.48385416666666664 0.6972222222222222 0.4828125 0.6787037037037037 0.48854166666666665 0.6675925925925926 0.49322916666666666 0.6685185185185185
1 0.23020833333333332 0.026851851851851852 0.234375 0.03333333333333333 0.23802083333333332 0.05185185185185185 0.24270833333333333 0.06388888888888888 0.24114583333333334 0.06944444444444445 0.2375 0.06666666666666667 0.23385416666666667 0.07407407407407407 0.23072916666666668 0.07407407407407407 0.23125 0.05 0.22760416666666666 0.037037037037037035 0.23020833333333332 0.027777777777777776
1 0.16145833333333334 0.0787037037037037 0.16875 0.08981481481481482 0.17291666666666666 0.10185185185185185 0.17395833333333333 0.11944444444444445 0.16822916666666668 0.12222222222222222 0.15885416666666666 0.09166666666666666 0.1609375 0.07962962962962963
1 0.3104166666666667 0.9101851851851852 0.3140625 0.9092592592592592 0.3203125 0.9148148148148149 0.3265625 0.9388888888888889 0.325 0.9490740740740741 0.31875 0.9527777777777777 0.315625 0.9416666666666667 0.30416666666666664 0.9277777777777778 0.3020833333333333 0.9231481481481482 0.303125 0.9175925925925926 0.3104166666666667 0.9111111111111111
1 0.590625 0.10925925925925926 0.59375 0.11574074074074074 0.59375 0.12777777777777777 0.5916666666666667 0.1398148148148148 0.5848958333333333 0.1527777777777778 0.5848958333333333 0.12037037037037036 0.5875 0.10925925925925926 0.5901041666666667 0.10925925925925926
1 0.3765625 0.4675925925925926 0.38125 0.4685185185185185 0.3859375 0.47685185185185186 0.3859375 0.5092592592592593 0.3848958333333333 0.5212962962962963 0.3828125 0.525 0.3796875 0.5027777777777778 0.37604166666666666 0.49537037037037035 0.37083333333333335 0.49166666666666664 0.3729166666666667 0.4777777777777778 0.3765625 0.4685185185185185
1 0.4119791666666667 0.6425925925925926 0.41510416666666666 0.6509259259259259 0.41458333333333336 0.675 0.4166666666666667 0.6851851851851852 0.4109375 0.7018518518518518 0.40625 0.6925925925925925 0.40520833333333334 0.674074074074074 0.4010416666666667 0.6675925925925926 0.4005208333333333 0.65 0.40677083333333336 0.6425925925925926 0.4114583333333333 0.6425925925925926
1 0.10208333333333333 0.12129629629629629 0.109375 0.13055555555555556 0.1125 0.14629629629629629 0.11979166666666667 0.1537037037037037 0.11979166666666667 0.1574074074074074 0.11614583333333334 0.15925925925925927 0.1125 0.16666666666666666 0.1109375 0.1648148148148148 0.0984375 0.12685185185185185 0.0984375 0.12222222222222222 0.1015625 0.12222222222222222
1 0 0.5916666666666667 0.013020833333333334 0.5981481481481481 0.0328125 0.6388888888888888 0.03229166666666667 0.6416666666666667 0.028645833333333332 0.6416666666666667 0.023958333333333335 0.6342592592592593 0.008333333333333333 0.6231481481481481 0 0.6101851851851852 0 0.5925925925925926
1 0.38645833333333335 0.4759259259259259 0.39010416666666664 0.475 0.396875 0.48703703703703705 0.4010416666666667 0.5046296296296297 0.39895833333333336 0.5120370370370371 0.3932291666666667 0.5120370370370371 0.39166666666666666 0.5148148148148148 0.3932291666666667 0.5222222222222223 0.390625 0.5277777777777778 0.39010416666666664 0.5148148148148148 0.3859375 0.5046296296296297 0.38645833333333335 0.47685185185185186
1 0 0.2657407407407407 0.01875 0.29074074074074074 0.0140625 0.30277777777777776 0.007291666666666667 0.3037037037037037 0 0.2916666666666667 0 0.26666666666666666
1 0.5916666666666667 0.007407407407407408 0.5963541666666666 0.018518518518518517 0.59375 0.04814814814814815 0.5921875 0.053703703703703705 0.5880208333333333 0.053703703703703705 0.5880208333333333 0.03518518518518519 0.5916666666666667 0.008333333333333333
1 0.057291666666666664 0.1787037037037037 0.06510416666666667 0.18981481481481483 0.0734375 0.21296296296296297 0.0671875 0.22407407407407406 0.06197916666666667 0.22314814814814815 0.051041666666666666 0.18796296296296297 0.0515625 0.18055555555555555 0.05677083333333333 0.1787037037037037
1 0.12708333333333333 0.10185185185185185 0.13333333333333333 0.10925925925925926 0.13541666666666666 0.11574074074074074 0.13697916666666668 0.13055555555555556 0.14114583333333333 0.1425925925925926 0.140625 0.14814814814814814 0.13697916666666668 0.14814814814814814 0.13072916666666667 0.13703703703703704 0.1265625 0.12037037037037036 0.1265625 0.10185185185185185
1 0.6197916666666666 0.10648148148148148 0.6239583333333333 0.11481481481481481 0.6244791666666667 0.12222222222222222 0.6208333333333333 0.13240740740740742 0.6177083333333333 0.15185185185185185 0.6151041666666667 0.15185185185185185 0.615625 0.125 0.6166666666666667 0.11203703703703703 0.6192708333333333 0.10740740740740741
1 0.7041666666666667 0.26481481481481484 0.7078125 0.26481481481481484 0.7119791666666667 0.287962962962963 0.7067708333333333 0.2962962962962963 0.703125 0.31574074074074077 0.6953125 0.3138888888888889 0.6989583333333333 0.30462962962962964 0.7005208333333334 0.27870370370370373 0.7041666666666667 0.2657407407407407
1 0.6515625 0.01574074074074074 0.653125 0.025925925925925925 0.6473958333333333 0.05092592592592592 0.64375 0.05 0.64375 0.026851851851851852 0.6473958333333333 0.01574074074074074 0.6510416666666666 0.01574074074074074
1 0.56875 0.06759259259259259 0.5708333333333333 0.06944444444444445 0.5729166666666666 0.0787037037037037 0.5708333333333333 0.09351851851851851 0.5645833333333333 0.08796296296296297 0.5645833333333333 0.0787037037037037 0.5682291666666667 0.06759259259259259
1 0.01875 0.21944444444444444 0.023958333333333335 0.2222222222222222 0.03333333333333333 0.23796296296296296 0.034375 0.2490740740740741 0.0421875 0.26481481481481484 0.04114583333333333 0.26944444444444443 0.0375 0.26851851851851855 0.024479166666666666 0.25092592592592594 0.018229166666666668 0.23703703703703705 0.01875 0.22037037037037038
1 0.24322916666666666 0.9481481481481482 0.2557291666666667 0.9712962962962963 0.2578125 0.9787037037037037 0.2557291666666667 0.9861111111111112 0.24895833333333334 0.9842592592592593 0.24166666666666667 0.9722222222222222 0.23958333333333334 0.9768518518518519 0.24270833333333333 0.9805555555555555 0.2390625 0.9824074074074074 0.23177083333333334 0.975 0.22916666666666666 0.9638888888888889 0.23020833333333332 0.9527777777777777 0.23645833333333333 0.9453703703703704 0.24270833333333333 0.9481481481481482
1 0.13333333333333333 0.06018518518518518 0.13802083333333334 0.06759259259259259 0.14427083333333332 0.08703703703703704 0.14375 0.09259259259259259 0.140625 0.09166666666666666 0.13697916666666668 0.09814814814814815 0.12916666666666668 0.06944444444444445 0.12916666666666668 0.062037037037037036 0.1328125 0.06018518518518518
1 0.9598958333333333 0.5518518518518518 0.9619791666666667 0.575 0.9494791666666667 0.5962962962962963 0.9395833333333333 0.5916666666666667 0.9375 0.5833333333333334 0.9416666666666667 0.5768518518518518 0.9463541666666667 0.5601851851851852 0.953125 0.5527777777777778 0.959375 0.5518518518518518
1 0.47708333333333336 0.812037037037037 0.48333333333333334 0.8212962962962963 0.484375 0.8277777777777777 0.48333333333333334 0.8490740740740741 0.4796875 0.8564814814814815 0.4739583333333333 0.8555555555555555 0.471875 0.85 0.4640625 0.8453703703703703 0.4640625 0.8416666666666667 0.46875 0.8351851851851851 0.4703125 0.825925925925926 0.46927083333333336 0.812037037037037 0.4713541666666667 0.8092592592592592 0.4765625 0.812037037037037
1 0.8072916666666666 0.3416666666666667 0.8088541666666667 0.3527777777777778 0.8015625 0.37592592592592594 0.8 0.3888888888888889 0.796875 0.39537037037037037 0.7984375 0.37592592592592594 0.7963541666666667 0.3731481481481482 0.7895833333333333 0.38333333333333336 0.7880208333333333 0.37962962962962965 0.790625 0.36944444444444446 0.7953125 0.3648148148148148 0.7973958333333333 0.35462962962962963 0.803125 0.3472222222222222 0.8041666666666667 0.3416666666666667 0.8067708333333333 0.3416666666666667
1 0.5536458333333333 0.4166666666666667 0.5520833333333334 0.4148148148148148 0.5536458333333333 0.39814814814814814 0.5510416666666667 0.3768518518518518 0.5541666666666667 0.3675925925925926 0.5578125 0.36666666666666664 0.5625 0.38981481481481484 0.5541666666666667 0.41574074074074074
1 0.8557291666666667 0.21296296296296297 0.859375 0.21481481481481482 0.8635416666666667 0.22685185185185186 0.8619791666666666 0.23703703703703705 0.8546875 0.25 0.853125 0.2601851851851852 0.8505208333333333 0.25833333333333336 0.8489583333333334 0.25 0.8505208333333333 0.2361111111111111 0.8541666666666666 0.22407407407407406 0.8536458333333333 0.21574074074074073 0.8552083333333333 0.21388888888888888
1 0.5260416666666666 0.8101851851851852 0.5307291666666667 0.8083333333333333 0.534375 0.8018518518518518 0.5364583333333334 0.7935185185185185 0.5364583333333334 0.7824074074074074 0.5385416666666667 0.7787037037037037 0.54375 0.7796296296296297 0.5484375 0.7953703703703704 0.5447916666666667 0.8018518518518518 0.5432291666666667 0.8111111111111111 0.5333333333333333 0.8185185185185185 0.5270833333333333 0.8166666666666667 0.5260416666666666 0.8111111111111111
1 0.5505208333333333 0.799074074074074 0.5572916666666666 0.8111111111111111 0.5583333333333333 0.8268518518518518 0.55 0.8453703703703703 0.546875 0.8435185185185186 0.5453125 0.8351851851851851 0.5416666666666666 0.8296296296296296 0.5432291666666667 0.8074074074074075 0.5463541666666667 0.799074074074074 0.55 0.799074074074074
1 0.5682291666666667 0.08796296296296297 0.5697916666666667 0.09166666666666666 0.56875 0.11481481481481481 0.5640625 0.13240740740740742 0.5609375 0.13240740740740742 0.5604166666666667 0.11203703703703703 0.5640625 0.09166666666666666 0.5677083333333334 0.08796296296296297
1 0.14895833333333333 0.06296296296296296 0.153125 0.06574074074074074 0.1546875 0.08425925925925926 0.15677083333333333 0.08796296296296297 0.15729166666666666 0.09537037037037037 0.15416666666666667 0.10092592592592593 0.15104166666666666 0.09814814814814815 0.15 0.08888888888888889 0.14375 0.07685185185185185 0.14375 0.06666666666666667 0.1484375 0.06296296296296296
1 0.09583333333333334 0.07962962962962963 0.10208333333333333 0.08981481481481482 0.11041666666666666 0.11574074074074074 0.109375 0.11944444444444445 0.10572916666666667 0.12037037037037036 0.09166666666666666 0.09537037037037037 0.09166666666666666 0.08425925925925926 0.0953125 0.07962962962962963
1 0.5427083333333333 0.8314814814814815 0.55 0.8490740740740741 0.55 0.8564814814814815 0.5463541666666667 0.8629629629629629 0.546875 0.8731481481481481 0.5447916666666667 0.875 0.5416666666666666 0.875 0.5369791666666667 0.8675925925925926 0.5270833333333333 0.8601851851851852 0.5354166666666667 0.8416666666666667 0.5364583333333334 0.8324074074074074 0.5395833333333333 0.8296296296296296 0.5421875 0.8314814814814815
1 0.6927083333333334 0.3527777777777778 0.6958333333333333 0.35555555555555557 0.696875 0.3611111111111111 0.696875 0.3731481481481482 0.6932291666666667 0.3972222222222222 0.6885416666666667 0.39814814814814814 0.6854166666666667 0.4027777777777778 0.6817708333333333 0.4009259259259259 0.6869791666666667 0.36666666666666664 0.6921875 0.3537037037037037
1 0.5989583333333334 0.08796296296296297 0.6015625 0.09166666666666666 0.6020833333333333 0.1 0.5984375 0.12962962962962962 0.59375 0.12962962962962962 0.5942708333333333 0.09907407407407408 0.5984375 0.08888888888888889
1 0.2703125 0.9472222222222222 0.27239583333333334 0.9490740740740741 0.2734375 0.9583333333333334 0.27760416666666665 0.9629629629629629 0.28177083333333336 0.9740740740740741 0.28020833333333334 0.9805555555555555 0.275 0.9805555555555555 0.26666666666666666 0.975 0.26666666666666666 0.9490740740740741 0.2677083333333333 0.9462962962962963 0.26979166666666665 0.9472222222222222
1 0.7916666666666666 0.13148148148148148 0.7932291666666667 0.13425925925925927 0.7932291666666667 0.14814814814814814 0.7890625 0.1638888888888889 0.7833333333333333 0.17592592592592593 0.7802083333333333 0.17314814814814813 0.7822916666666667 0.14814814814814814 0.7859375 0.13518518518518519 0.7890625 0.13055555555555556 0.7911458333333333 0.13148148148148148
1 0.6473958333333333 0.23703703703703705 0.6510416666666666 0.23796296296296296 0.6536458333333334 0.25092592592592594 0.653125 0.25833333333333336 0.6484375 0.2722222222222222 0.6473958333333333 0.2861111111111111 0.6442708333333333 0.28888888888888886 0.6416666666666667 0.2861111111111111 0.6432291666666666 0.2759259259259259 0.6427083333333333 0.2518518518518518 0.6473958333333333 0.23796296296296296
1 0.7604166666666666 0.11666666666666667 0.7619791666666667 0.1175925925925926 0.7630208333333334 0.1259259259259259 0.7546875 0.15833333333333333 0.7520833333333333 0.16111111111111112 0.7494791666666667 0.1574074074074074 0.7515625 0.13333333333333333 0.7567708333333333 0.11851851851851852 0.7598958333333333 0.11666666666666667
1 0.8973958333333333 0.5027777777777778 0.8994791666666667 0.5092592592592593 0.8963541666666667 0.5212962962962963 0.8802083333333334 0.5472222222222223 0.8765625 0.5444444444444444 0.8770833333333333 0.5296296296296297 0.8869791666666667 0.5092592592592593 0.896875 0.5027777777777778
1 0.7848958333333333 0.35555555555555557 0.7880208333333333 0.35185185185185186 0.7911458333333333 0.35555555555555557 0.7911458333333333 0.3787037037037037 0.7895833333333333 0.3824074074074074 0.7833333333333333 0.38333333333333336 0.7791666666666667 0.39814814814814814 0.7770833333333333 0.3972222222222222 0.7755208333333333 0.38055555555555554 0.7765625 0.37407407407407406 0.78125 0.3675925925925926 0.7848958333333333 0.35648148148148145
1 0.2875 0.912962962962963 0.3026041666666667 0.9287037037037037 0.30572916666666666 0.9527777777777777 0.30052083333333335 0.9629629629629629 0.296875 0.9611111111111111 0.29583333333333334 0.9527777777777777 0.29270833333333335 0.9472222222222222 0.2838541666666667 0.9388888888888889 0.2838541666666667 0.9277777777777778 0.2796875 0.9212962962962963 0.2796875 0.9175925925925926 0.28229166666666666 0.912962962962963 0.2869791666666667 0.912962962962963