0 0.415625 0.8861111111111111 0.4197916666666667 0.8907407407407407 0.41822916666666665 0.9120370370370371 0.40520833333333334 0.937037037037037 0.3963541666666667 0.9657407407407408 0.38333333333333336 0.9916666666666667 0.3796875 0.9851851851851852 0.3802083333333333 0.962037037037037 0.38333333333333336 0.9444444444444444 0.3927083333333333 0.9296296296296296 0.4036458333333333 0.8953703703703704 0.4078125 0.8888888888888888 0.41510416666666666 0.8861111111111111
0 0.5541666666666667 0 0.5885416666666666 0 0.5880208333333333 0.007407407407407408 0.5817708333333333 0.016666666666666666 0.5557291666666667 0.008333333333333333 0.5541666666666667 0.000925925925925926
0 0.7520833333333333 0.5462962962962963 0.775 0.5601851851851852 0.7822916666666667 0.5712962962962963 0.784375 0.5833333333333334 0.7859375 0.6222222222222222 0.7833333333333333 0.6277777777777778 0.7796875 0.6296296296296297 0.7635416666666667 0.6277777777777778 0.7380208333333333 0.6185185185185185 0.7270833333333333 0.6194444444444445 0.7203125 0.6129629629629629 0.7182291666666667 0.5916666666666667 0.7229166666666667 0.5638888888888889 0.7354166666666667 0.5444444444444444 0.7515625 0.5462962962962963
0 0.8317708333333333 0.22407407407407406 0.8333333333333334 0.24166666666666667 0.8369791666666667 0.2537037037037037 0.8359375 0.25833333333333336 0.8385416666666666 0.26666666666666666 0.8385416666666666 0.27685185185185185 0.8348958333333333 0.28425925925925927 0.83125 0.2851851851851852 0.8270833333333333 0.2814814814814815 0.8203125 0.287962962962963 0.8171875 0.287962962962963 0.8109375 0.2777777777777778 0.80625 0.27870370370370373 0.8036458333333333 0.2759259259259259 0.7989583333333333 0.2611111111111111 0.8 0.24722222222222223 0.8041666666666667 0.23981481481481481 0.83125 0.22407407407407406
0 0 0.4685185185185185 0.011458333333333333 0.47685185185185186 0.017708333333333333 0.487962962962963 0.015625 0.5092592592592593 0.009375 0.5138888888888888 0 0.5111111111111111 0 0.46944444444444444
0 0.2515625 0.11388888888888889 0.25833333333333336 0.1175925925925926 0.265625 0.13425925925925927 0.26927083333333335 0.15 0.26666666666666666 0.16018518518518518 0.2520833333333333 0.1824074074074074 0.2375 0.17962962962962964 0.23385416666666667 0.17407407407407408 0.23020833333333332 0.15925925925925927 0.23072916666666668 0.13333333333333333 0.24010416666666667 0.12037037037037036 0.25104166666666666 0.11481481481481481
0 0.9614583333333333 0.5185185185185185 0.9692708333333333 0.5305555555555556 0.9994791666666667 0.5583333333333333 0.9994791666666667 0.6027777777777777 0.98125 0.5935185185185186 0.9703125 0.5981481481481481 0.9609375 0.5916666666666667 0.9583333333333334 0.5787037037037037 0.9526041666666667 0.5703703703703704 0.953125 0.562962962962963 0.9494791666666667 0.5398148148148149 0.9526041666666667 0.524074074074074 0.9609375 0.5185185185185185
0 0.5296875 0.9101851851851852 0.5328125 0.9194444444444444 0.5307291666666667 0.9675925925925926 0.5223958333333333 0.9824074074074074 0.5182291666666666 0.9768518518518519 0.5161458333333333 0.9555555555555556 0.5114583333333333 0.9481481481481482 0.5046875 0.9277777777777778 0.5010416666666667 0.9009259259259259 0.5015625 0.8787037037037037 0.50625 0.8731481481481481 0.5151041666666667 0.8731481481481481 0.5192708333333333 0.8851851851851852 0.5239583333333333 0.9101851851851852 0.5291666666666667 0.9101851851851852
0 0.3104166666666667 0.1 0.3177083333333333 0.1037037037037037 0.32708333333333334 0.12962962962962962 0.3265625 0.14351851851851852 0.32135416666666666 0.16111111111111112 0.3203125 0.17314814814814813 0.3171875 0.17777777777777778 0.31145833333333334 0.17962962962962964 0.2921875 0.1787037037037037 0.2864583333333333 0.16296296296296298 0.28072916666666664 0.13055555555555556 0.2875 0.11018518518518519 0.29375 0.10185185185185185 0.3098958333333333 0.1
0 0.22291666666666668 0.01574074074074074 0.23177083333333334 0.024074074074074074 0.2359375 0.04537037037037037 0.24427083333333333 0.06759259259259259 0.24635416666666668 0.07777777777777778 0.24583333333333332 0.08703703703703704 0.23541666666666666 0.10462962962962963 0.23020833333333332 0.10740740740740741 0.19375 0.14814814814814814 0.1828125 0.17037037037037037 0.17135416666666667 0.175 0.15989583333333332 0.18888888888888888 0.14739583333333334 0.19814814814814816 0.1296875 0.19537037037037036 0.11354166666666667 0.18518518518518517 0.1078125 0.16296296296296298 0.0984375 0.1398148148148148 0.09739583333333333 0.1287037037037037 0.09322916666666667 0.11944444444444445 0.09375 0.11296296296296296 0.19166666666666668 0.019444444444444445 0.20885416666666667 0.011111111111111112 0.215625 0.011111111111111112 0.22239583333333332 0.01574074074074074
0 0.1703125 0.6435185185185185 0.18229166666666666 0.6537037037037037 0.19166666666666668 0.6814814814814815 0.19375 0.6953703703703704 0.1859375 0.725925925925926 0.178125 0.7361111111111112 0.16197916666666667 0.7425925925925926 0.15104166666666666 0.7527777777777778 0.11979166666666667 0.7916666666666666 0.10885416666666667 0.8185185185185185 0.0953125 0.8305555555555556 0.06614583333333333 0.8277777777777777 0.05416666666666667 0.8222222222222222 0.042708333333333334 0.7870370370370371 0.042708333333333334 0.7648148148148148 0.0453125 0.7564814814814815 0.06666666666666667 0.725925925925926 0.11927083333333334 0.6685185185185185 0.13072916666666667 0.6666666666666666 0.15572916666666667 0.6462962962962963 0.16979166666666667 0.6435185185185185
0 0.6598958333333333 0.11388888888888889 0.665625 0.12129629629629629 0.66875 0.13518518518518519 0.6651041666666667 0.15185185185185185 0.65625 0.14444444444444443 0.6432291666666666 0.1425925925925926 0.6395833333333333 0.13333333333333333 0.6401041666666667 0.1259259259259259 0.6453125 0.11851851851851852 0.6541666666666667 0.11296296296296296 0.659375 0.11388888888888889
0 0.7692708333333333 0.21666666666666667 0.7869791666666667 0.23055555555555557 0.7869791666666667 0.25 0.7791666666666667 0.2712962962962963 0.7703125 0.2722222222222222 0.765625 0.28055555555555556 0.7619791666666667 0.2814814814814815 0.7515625 0.27314814814814814 0.7479166666666667 0.27314814814814814 0.746875 0.275 0.753125 0.2851851851851852 0.7536458333333333 0.29074074074074074 0.7473958333333334 0.30648148148148147 0.74375 0.3101851851851852 0.7328125 0.3074074074074074 0.7177083333333333 0.29259259259259257 0.7171875 0.2722222222222222 0.7552083333333334 0.2222222222222222 0.76875 0.21666666666666667
0 0 0.3138888888888889 0.0125 0.3175925925925926 0.022395833333333334 0.32592592592592595 0.0265625 0.32592592592592595 0.0390625 0.31574074074074077 0.050520833333333334 0.31666666666666665 0.06510416666666667 0.32592592592592595 0.06927083333333334 0.3435185185185185 0.06927083333333334 0.3527777777777778 0.06614583333333333 0.36018518518518516 0.06041666666666667 0.3638888888888889 0.05364583333333333 0.362962962962963 0.0453125 0.37037037037037035 0.019791666666666666 0.4046296296296296 0.016145833333333335 0.412962962962963 0.015625 0.4212962962962963 0.011458333333333333 0.42962962962962964 0 0.43333333333333335 0 0.3148148148148148
0 0.6234375 0.03981481481481482 0.6302083333333334 0.04351851851851852 0.6286458333333333 0.06574074074074074 0.6239583333333333 0.08611111111111111 0.615625 0.1 0.5973958333333333 0.09537037037037037 0.5947916666666667 0.08981481481481482 0.5953125 0.08148148148148149 0.6067708333333334 0.04259259259259259 0.6151041666666667 0.03611111111111111 0.6229166666666667 0.03981481481481482
0 0.7244791666666667 0.1259259259259259 0.73125 0.12962962962962962 0.7348958333333333 0.1361111111111111 0.7385416666666667 0.1712962962962963 0.7375 0.20277777777777778 0.7338541666666667 0.2101851851851852 0.7276041666666667 0.2111111111111111 0.7098958333333333 0.20833333333333334 0.70625 0.19722222222222222 0.70625 0.1425925925925926 0.7104166666666667 0.12962962962962962 0.7161458333333334 0.1259259259259259 0.7239583333333334 0.1259259259259259
0 0.7114583333333333 0.05092592592592592 0.7239583333333334 0.07314814814814814 0.7302083333333333 0.11296296296296296 0.7276041666666667 0.12407407407407407 0.7130208333333333 0.1259259259259259 0.70625 0.13796296296296295 0.7020833333333333 0.13703703703703704 0.6953125 0.11851851851851852 0.6911458333333333 0.09907407407407408 0.6911458333333333 0.07592592592592592 0.6984375 0.05277777777777778 0.7083333333333334 0.049074074074074076 0.7109375 0.05092592592592592
1 0.08854166666666667 0.1638888888888889 0.01875 0.053703703703703705
1 0.35260416666666666 0.8935185185185185 0.35989583333333336 0.9018518518518519 0.35885416666666664 0.9120370370370371 0.3625 0.9333333333333333 0.3614583333333333 0.9407407407407408 0.35572916666666665 0.9453703703703704 0.3546875 0.937037037037037 0.34791666666666665 0.9324074074074075 0.346875 0.925 0.340625 0.9111111111111111 0.3416666666666667 0.9037037037037037 0.3463541666666667 0.8935185185185185 0.35208333333333336 0.8935185185185185
1 0.6333333333333333 0.09537037037037037 0.6369791666666667 0.10833333333333334 0.6369791666666667 0.11851851851851852 0.6333333333333333 0.1287037037037037 0.6317708333333333 0.1425925925925926 0.6302083333333334 0.14537037037037037 0.6276041666666666 0.14351851851851852 0.6286458333333333 0.12962962962962962 0.6265625 0.11944444444444445 0.6270833333333333 0.10925925925925926 0.6333333333333333 0.0962962962962963
1 0.044270833333333336 0.1814814814814815 0.050520833333333334 0.18888888888888888 0.053125 0.19907407407407407 0.05364583333333333 0.20925925925925926 0.05677083333333333 0.21851851851851853 0.05677083333333333 0.22407407407407406 0.05416666666666667 0.22685185185185186 0.044270833333333336 0.21666666666666667 0.03854166666666667 0.2 0.036458333333333336 0.18703703703703703 0.041666666666666664 0.18055555555555555 0.04375 0.1814814814814815
1 0.5776041666666667 0.08611111111111111 0.58125 0.08703703703703704 0.5838541666666667 0.0962962962962963 0.5802083333333333 0.12037037037037036 0.5765625 0.12407407407407407 0.575 0.09814814814814815 0.5776041666666667 0.08703703703703704
1 0.8494791666666667 0.125 0.8520833333333333 0.13055555555555556 0.8520833333333333 0.1361111111111111 0.8427083333333333 0.16574074074074074 0.8385416666666666 0.17222222222222222 0.8369791666666667 0.16666666666666666 0.8421875 0.14166666666666666 0.8489583333333334 0.125
1 0.546875 0.23703703703703705 0.5494791666666666 0.2388888888888889 0.5520833333333334 0.24722222222222223 0.5510416666666667 0.2796296296296296 0.5494791666666666 0.28055555555555556 0.5463541666666667 0.275 0.5447916666666667 0.2824074074074074 0.5432291666666667 0.2851851851851852 0.5416666666666666 0.2833333333333333 0.5411458333333333 0.25 0.5463541666666667 0.23796296296296296
1 0.8114583333333333 0.9648148148148148 0.8145833333333333 0.9685185185185186 0.8171875 0.9824074074074074 0.8145833333333333 0.9990740740740741 0.7859375 0.9990740740740741 0.7869791666666667 0.9944444444444445 0.8036458333333333 0.975 0.8072916666666666 0.9648148148148148 0.8109375 0.9648148148148148
1 0.7661458333333333 0.1712962962962963 0.7708333333333334 0.1712962962962963 0.7734375 0.1824074074074074 0.7677083333333333 0.21296296296296297 0.7614583333333333 0.2175925925925926 0.7609375 0.20925925925925926 0.7661458333333333 0.17222222222222222
1 0.7375 0.1675925925925926 0.7390625 0.1388888888888889 0.7411458333333333 0.1287037037037037 0.7447916666666666 0.12314814814814815 0.7484375 0.1259259259259259 0.7489583333333333 0.1388888888888889 0.7453125 0.15833333333333333 0.7411458333333333 0.1675925925925926 0.7380208333333333 0.1675925925925926
1 0.043229166666666666 0.21574074074074073 0.05520833333333333 0.225 0.0609375 0.23425925925925925 0.06041666666666667 0.23796296296296296 0.0578125 0.2388888888888889 0.052083333333333336 0.2351851851851852 0.050520833333333334 0.24814814814814815 0.0484375 0.24722222222222223 0.043229166666666666 0.21666666666666667
1 0.19479166666666667 0.35462962962962963 0.20416666666666666 0.36666666666666664 0.20625 0.37222222222222223 0.20625 0.3814814814814815 0.21145833333333333 0.39351851851851855 0.20989583333333334 0.4 0.20364583333333333 0.40185185185185185 0.196875 0.3888888888888889 0.19322916666666667 0.362962962962963 0.19114583333333332 0.35833333333333334 0.1921875 0.3537037037037037 0.19427083333333334 0.35462962962962963
1 0.06510416666666667 0.45740740740740743 0.07760416666666667 0.4685185185185185 0.08125 0.4861111111111111 0.08958333333333333 0.5074074074074074 0.090625 0.5148148148148148 0.0890625 0.5166666666666667 0.07447916666666667 0.4981481481481482 0.0640625 0.47962962962962963 0.059375 0.45925925925925926 0.06458333333333334 0.45740740740740743
1 0.290625 0.07037037037037037 0.3 0.08611111111111111 0.30052083333333335 0.09814814814814815 0.29375 0.10092592592592593 0.2890625 0.1 0.2864583333333333 0.08888888888888889 0.2864583333333333 0.08055555555555556 0.29010416666666666 0.07037037037037037
1 0.3458333333333333 0.8092592592592592 0.3489583333333333 0.812962962962963 0.3572916666666667 0.8148148148148148 0.36041666666666666 0.8351851851851851 0.37083333333333335 0.862037037037037 0.3697916666666667 0.8666666666666667 0.36666666666666664 0.8657407407407407 0.359375 0.8555555555555555 0.3515625 0.8546296296296296 0.3453125 0.8481481481481481 0.34479166666666666 0.8240740740740741 0.3411458333333333 0.8157407407407408 0.3421875 0.8101851851851852 0.3453125 0.8092592592592592
1 0.4666666666666667 0.3490740740740741 0.46979166666666666 0.3490740740740741 0.47552083333333334 0.3638888888888889 0.4734375 0.4027777777777778 0.46822916666666664 0.40185185185185185 0.46458333333333335 0.37407407407407406 0.46458333333333335 0.36018518518518516 0.4666666666666667 0.35
1 0.8140625 0.4074074074074074 0.8197916666666667 0.41203703703703703 0.8208333333333333 0.4222222222222222 0.8140625 0.44351851851851853 0.8114583333333333 0.45925925925925926 0.8072916666666666 0.4601851851851852 0.8036458333333333 0.45185185185185184 0.7963541666666667 0.4546296296296296 0.7932291666666667 0.4462962962962963 0.8026041666666667 0.44074074074074077 0.8083333333333333 0.4305555555555556 0.8130208333333333 0.4185185185185185 0.8135416666666667 0.4083333333333333
1 0.05520833333333333 0.13518518518518519 0.06041666666666667 0.14074074074074075 0.06770833333333333 0.17222222222222222 0.06041666666666667 0.1675925925925926 0.051041666666666666 0.15092592592592594 0.04895833333333333 0.1361111111111111 0.05 0.13333333333333333 0.0546875 0.13518518518518519
1 0.019270833333333334 0.5111111111111111 0.0296875 0.5231481481481481 0.0296875 0.5361111111111111 0.040625 0.55 0.0421875 0.5527777777777778 0.04114583333333333 0.5564814814814815 0.033854166666666664 0.5537037037037037 0.0234375 0.5425925925925926 0.01875 0.5435185185185185 0.015625 0.5388888888888889 0.011458333333333333 0.5287037037037037 0.009895833333333333 0.5185185185185185 0.013020833333333334 0.5111111111111111 0.01875 0.5111111111111111
1 0.06145833333333333 0.1685185185185185 0.0671875 0.17037037037037037 0.07083333333333333 0.17777777777777778 0.07447916666666667 0.1935185185185185 0.07447916666666667 0.2111111111111111 0.06666666666666667 0.2 0.058333333333333334 0.17777777777777778 0.058333333333333334 0.1712962962962963 0.0609375 0.1685185185185185
1 0.8348958333333333 0.562962962962963 0.8348958333333333 0.5527777777777778 0.8416666666666667 0.5259259259259259 0.8458333333333333 0.5185185185185185 0.8546875 0.5120370370370371 0.8578125 0.5148148148148148 0.8583333333333333 0.5231481481481481 0.8526041666666667 0.5472222222222223 0.8494791666666667 0.5509259259259259 0.8421875 0.5509259259259259 0.8380208333333333 0.562962962962963 0.8354166666666667 0.562962962962963
1 0.3 0.9175925925925926 0.30364583333333334 0.9212962962962963 0.3078125 0.9185185185185185 0.31614583333333335 0.9277777777777778 0.3182291666666667 0.9388888888888889 0.3177083333333333 0.9527777777777777 0.3151041666666667 0.9592592592592593 0.3098958333333333 0.9611111111111111 0.3078125 0.9518518518518518 0.29739583333333336 0.9314814814814815 0.29322916666666665 0.9277777777777778 0.2947916666666667 0.9203703703703704 0.2994791666666667 0.9185185185185185
1 0.825 0.36574074074074076 0.83125 0.375 0.83125 0.37962962962962965 0.821875 0.4111111111111111 0.81875 0.4083333333333333 0.8177083333333334 0.4009259259259259 0.8151041666666666 0.4074074074074074 0.8119791666666667 0.40370370370370373 0.8244791666666667 0.36574074074074076
1 0.5239583333333333 0.8101851851851852 0.5260416666666666 0.8138888888888889 0.5255208333333333 0.8277777777777777 0.5197916666666667 0.8379629629629629 0.51875 0.8481481481481481 0.5109375 0.8481481481481481 0.5083333333333333 0.8453703703703703 0.5130208333333334 0.8138888888888889 0.5234375 0.8101851851851852
1 0.3796875 0.09444444444444444 0.38385416666666666 0.09722222222222222 0.38697916666666665 0.11203703703703703 0.3880208333333333 0.12962962962962962 0.38645833333333335 0.13518518518518519 0.37864583333333335 0.1259259259259259 0.3770833333333333 0.11203703703703703 0.3796875 0.09537037037037037
1 0.3734375 0.5685185185185185 0.3802083333333333 0.575 0.38125 0.5842592592592593 0.37916666666666665 0.6083333333333333 0.3770833333333333 0.612037037037037 0.375 0.6111111111111112 0.3703125 0.5935185185185186 0.3651041666666667 0.5851851851851851 0.36614583333333334 0.5657407407407408 0.3703125 0.562962962962963 0.3729166666666667 0.5685185185185185
1 0.359375 0.6759259259259259 0.3614583333333333 0.6777777777777778 0.3645833333333333 0.6898148148148148 0.37135416666666665 0.6916666666666667 0.371875 0.7046296296296296 0.3697916666666667 0.7129629629629629 0.359375 0.7231481481481481 0.35572916666666665 0.7046296296296296 0.3515625 0.6990740740740741 0.3536458333333333 0.6787037037037037 0.35885416666666664 0.6759259259259259
1 0.11822916666666666 0.2962962962962963 0.13125 0.3074074074074074 0.12708333333333333 0.3138888888888889 0.13541666666666666 0.34444444444444444 0.13333333333333333 0.34444444444444444 0.12083333333333333 0.325 0.1140625 0.31851851851851853 0.11302083333333333 0.30648148148148147 0.11458333333333333 0.2972222222222222 0.11770833333333333 0.2962962962962963
1 0.6083333333333333 0 0.6140625 0.001851851851851852 0.6125 0.020370370370370372 0.6088541666666667 0.022222222222222223 0.6072916666666667 0.018518518518518517 0.6083333333333333 0.000925925925925926
1 0.3177083333333333 0.9101851851851852 0.3296875 0.9111111111111111 0.334375 0.9212962962962963 0.3380208333333333 0.9453703703703704 0.3307291666666667 0.9527777777777777 0.325 0.9398148148148148 0.31979166666666664 0.9388888888888889 0.3145833333333333 0.9222222222222223 0.3145833333333333 0.9157407407407407 0.3171875 0.9111111111111111
1 0.640625 0.021296296296296296 0.64375 0.024074074074074074 0.64375 0.03518518518518519 0.640625 0.05277777777777778 0.6369791666666667 0.05462962962962963 0.6354166666666666 0.04722222222222222 0.6401041666666667 0.022222222222222223
1 0.2421875 0.9537037037037037 0.24583333333333332 0.9555555555555556 0.25 0.9629629629629629 0.25 0.9777777777777777 0.2526041666666667 0.9879629629629629 0.25104166666666666 0.9953703703703703 0.24479166666666666 0.9990740740740741 0.24010416666666667 0.9990740740740741 0.23333333333333334 0.9925925925925926 0.2296875 0.9833333333333333 0.22760416666666666 0.9675925925925926 0.23020833333333332 0.9564814814814815 0.24166666666666667 0.9537037037037037
1 0.8354166666666667 0.9527777777777777 0.8416666666666667 0.9574074074074074 0.8458333333333333 0.9685185185185186 0.846875 0.9814814814814815 0.8375 0.9907407407407407 0.8317708333333333 0.9925925925925926 0.8197916666666667 0.9898148148148148 0.8171875 0.9796296296296296 0.8239583333333333 0.9712962962962963 0.8276041666666667 0.9537037037037037 0.8348958333333333 0.9527777777777777
1 0.8453125 0.20092592592592592 0.8479166666666667 0.2175925925925926 0.8390625 0.23796296296296296 0.8354166666666667 0.25462962962962965 0.83125 0.2518518518518518 0.8307291666666666 0.24074074074074073 0.8385416666666666 0.21296296296296297 0.8447916666666667 0.20185185185185187
1 0.49114583333333334 0.287962962962963 0.4979166666666667 0.30462962962962964 0.4979166666666667 0.3314814814814815 0.4942708333333333 0.3314814814814815 0.49114583333333334 0.3416666666666667 0.48802083333333335 0.34444444444444444 0.4875 0.29074074074074074 0.490625 0.287962962962963
1 0.036458333333333336 0.12962962962962962 0.04895833333333333 0.13703703703703704 0.05 0.14722222222222223 0.05625 0.1685185185185185 0.053125 0.17314814814814813 0.04895833333333333 0.1712962962962963 0.03854166666666667 0.15 0.034895833333333334 0.1361111111111111 0.0359375 0.13055555555555556
1 0.5239583333333333 0.4046296296296296 0.5291666666666667 0.41759259259259257 0.5291666666666667 0.42314814814814816 0.5270833333333333 0.43796296296296294 0.5197916666666667 0.45925925925925926 0.5166666666666667 0.45925925925925926 0.5161458333333333 0.45555555555555555 0.5203125 0.4324074074074074 0.5140625 0.4166666666666667 0.5234375 0.4046296296296296
1 0.5265625 0.8314814814814815 0.5322916666666667 0.8351851851851851 0.5328125 0.8574074074074074 0.5307291666666667 0.8666666666666667 0.5375 0.8731481481481481 0.5364583333333334 0.8796296296296297 0.5182291666666666 0.8694444444444445 0.5203125 0.8388888888888889 0.5229166666666667 0.8324074074074074 0.5260416666666666 0.8314814814814815
1 0.6020833333333333 0.014814814814814815 0.6057291666666667 0.013888888888888888 0.6072916666666667 0.016666666666666666 0.6088541666666667 0.027777777777777776 0.6026041666666667 0.05555555555555555 0.5994791666666667 0.05648148148148148 0.5984375 0.027777777777777776 0.6020833333333333 0.01574074074074074
1 0.6963541666666667 0.30925925925925923 0.6984375 0.31296296296296294 0.7015625 0.3333333333333333 0.6953125 0.34444444444444444 0.6921875 0.362962962962963 0.6890625 0.36944444444444446 0.6859375 0.3685185185185185 0.6854166666666667 0.3648148148148148 0.6890625 0.34629629629629627 0.690625 0.3175925925925926 0.6958333333333333 0.30925925925925923
1 0.6330729166666667 0.06157407407407407 0.009895833333333333 0.041666666666666664
1 0.2604166666666667 0.9314814814814815 0.2625 0.937962962962963 0.26875 0.9425925925925925 0.26927083333333335 0.9564814814814815 0.275 0.9666666666666667 0.2755208333333333 0.9740740740740741 0.26458333333333334 0.9703703703703703 0.26197916666666665 0.9601851851851851 0.25885416666666666 0.9685185185185186 0.2552083333333333 0.9694444444444444 0.2515625 0.9648148148148148 0.25 0.9574074074074074 0.2515625 0.937037037037037 0.2557291666666667 0.9305555555555556 0.2598958333333333 0.9314814814814815
1 0.4635416666666667 0.9601851851851851 0.46510416666666665 0.9675925925925926 0.4739583333333333 0.9796296296296296 0.4739583333333333 0.9851851851851852 0.46822916666666664 0.9990740740740741 0.45729166666666665 0.9990740740740741 0.45208333333333334 0.9879629629629629 0.45208333333333334 0.9805555555555555 0.45729166666666665 0.9638888888888889 0.459375 0.9601851851851851 0.4630208333333333 0.9601851851851851
1 0.28125 0.9314814814814815 0.2890625 0.9472222222222222 0.29322916666666665 0.95 0.2916666666666667 0.9611111111111111 0.2942708333333333 0.9712962962962963 0.28802083333333334 0.975 0.284375 0.9666666666666667 0.2791666666666667 0.9657407407407408 0.2755208333333333 0.9777777777777777 0.271875 0.975925925925926 0.271875 0.9629629629629629 0.26614583333333336 0.9527777777777777 0.2703125 0.9490740740740741 0.27395833333333336 0.9324074074074075 0.28072916666666664 0.9314814814814815