0 0.7359375 0.14444444444444443 0.7447916666666666 0.1574074074074074 0.7484375 0.17222222222222222 0.7338541666666667 0.19166666666666668 0.7317708333333334 0.20462962962962963 0.728125 0.20277777777777778 0.7161458333333334 0.1824074074074074 0.7104166666666667 0.16111111111111112 0.7119791666666667 0.15092592592592594 0.7166666666666667 0.14629629629629629 0.7286458333333333 0.1425925925925926 0.7354166666666667 0.14444444444444443
0 0.04375 0.38333333333333336 0.051041666666666666 0.38796296296296295 0.05677083333333333 0.3972222222222222 0.0578125 0.40925925925925927 0.05572916666666667 0.4203703703703704 0.015104166666666667 0.4564814814814815 0 0.44074074074074077 0 0.4101851851851852 0.024479166666666666 0.38981481481481484 0.043229166666666666 0.38333333333333336
0 0.415625 0.13055555555555556 0.4197916666666667 0.13796296296296295 0.4192708333333333 0.1537037037037037 0.4088541666666667 0.1712962962962963 0.39479166666666665 0.17592592592592593 0.38333333333333336 0.17314814814814813 0.3802083333333333 0.16666666666666666 0.37916666666666665 0.15648148148148147 0.38333333333333336 0.1425925925925926 0.3875 0.13425925925925927 0.39427083333333335 0.13055555555555556 0.41510416666666666 0.13055555555555556
0 0.8192708333333333 0.337037037037037 0.8260416666666667 0.3416666666666667 0.8291666666666667 0.35 0.8302083333333333 0.3638888888888889 0.8286458333333333 0.3675925925925926 0.8244791666666667 0.3685185185185185 0.8234375 0.3731481481481482 0.8364583333333333 0.39166666666666666 0.8369791666666667 0.40925925925925927 0.8401041666666667 0.42314814814814816 0.8401041666666667 0.44074074074074077 0.8286458333333333 0.4527777777777778 0.8104166666666667 0.44907407407407407 0.8010416666666667 0.4425925925925926 0.796875 0.4351851851851852 0.7979166666666667 0.4101851851851852 0.7958333333333333 0.3888888888888889 0.7927083333333333 0.3768518518518518 0.7932291666666667 0.3675925925925926 0.7958333333333333 0.36018518518518516 0.80625 0.3592592592592593 0.8 0.35462962962962963 0.7979166666666667 0.3453703703703704 0.803125 0.337037037037037 0.81875 0.337037037037037
0 0.7578125 0.17777777777777778 0.7625 0.18425925925925926 0.7682291666666666 0.2 0.7760416666666666 0.23796296296296296 0.7760416666666666 0.25092592592592594 0.7729166666666667 0.262037037037037 0.7692708333333333 0.26666666666666666 0.7473958333333334 0.26481481481481484 0.7447916666666666 0.2611111111111111 0.7411458333333333 0.24351851851851852 0.7338541666666667 0.22407407407407406 0.7338541666666667 0.19166666666666668 0.7447916666666666 0.17685185185185184 0.7494791666666667 0.175 0.7572916666666667 0.17777777777777778
0 0.4822916666666667 0.012037037037037037 0.48489583333333336 0.01574074074074074 0.4859375 0.030555555555555555 0.490625 0.03981481481481482 0.49114583333333334 0.05462962962962963 0.48802083333333335 0.06296296296296296 0.4744791666666667 0.07407407407407407 0.46822916666666664 0.07407407407407407 0.45989583333333334 0.06759259259259259 0.45989583333333334 0.05185185185185185 0.4546875 0.03611111111111111 0.4546875 0.02962962962962963 0.4557291666666667 0.022222222222222223 0.4583333333333333 0.018518518518518517 0.46979166666666666 0.010185185185185186 0.4817708333333333 0.012037037037037037
0 0.6067708333333334 0.08333333333333333 0.6104166666666667 0.08796296296296297 0.6114583333333333 0.10092592592592593 0.6078125 0.11944444444444445 0.6026041666666667 0.13240740740740742 0.5989583333333334 0.1361111111111111 0.5848958333333333 0.13333333333333333 0.5828125 0.12962962962962962 0.5833333333333334 0.11666666666666667 0.5880208333333333 0.09814814814814815 0.5942708333333333 0.08425925925925926 0.60625 0.08333333333333333
0 0.6177083333333333 0.025925925925925925 0.6192708333333333 0.028703703703703703 0.6177083333333333 0.044444444444444446 0.6145833333333334 0.06574074074074074 0.6125 0.06851851851851852 0.5989583333333334 0.06666666666666667 0.5973958333333333 0.05925925925925926 0.5994791666666667 0.046296296296296294 0.6078125 0.027777777777777776 0.6125 0.024074074074074074 0.6171875 0.025925925925925925
0 0.2828125 0.23148148148148148 0.3020833333333333 0.2361111111111111 0.31145833333333334 0.24814814814814815 0.32135416666666666 0.25277777777777777 0.32447916666666665 0.2601851851851852 0.3234375 0.2712962962962963 0.3125 0.2898148148148148 0.29739583333333336 0.3055555555555556 0.2916666666666667 0.3212962962962963 0.28541666666666665 0.32314814814814813 0.2786458333333333 0.33055555555555555 0.26197916666666665 0.3175925925925926 0.2515625 0.2824074074074074 0.2484375 0.26481481481481484 0.271875 0.23796296296296296 0.28229166666666666 0.2324074074074074
1 0.1734375 0.2564814814814815 0.17552083333333332 0.25925925925925924 0.17760416666666667 0.2814814814814815 0.17552083333333332 0.29259259259259257 0.1734375 0.29074074074074074 0.171875 0.27685185185185185 0.165625 0.26851851851851855 0.16822916666666668 0.25462962962962965 0.17291666666666666 0.2564814814814815
1 0.10572916666666667 0.3527777777777778 0.11875 0.3768518518518518 0.11875 0.37962962962962965 0.11354166666666667 0.3851851851851852 0.1125 0.39444444444444443 0.109375 0.39351851851851855 0.1015625 0.36944444444444446 0.10052083333333334 0.35555555555555557 0.10520833333333333 0.3527777777777778
1 0.6307291666666667 0.18055555555555555 0.6338541666666667 0.1824074074074074 0.6354166666666666 0.20185185185185187 0.6296875 0.22314814814814815 0.6276041666666666 0.21851851851851853 0.6270833333333333 0.18981481481481483 0.6302083333333334 0.18055555555555555
1 0.48541666666666666 0.4888888888888889 0.4864583333333333 0.4962962962962963 0.49114583333333334 0.5046296296296297 0.4890625 0.5074074074074074 0.4890625 0.5222222222222223 0.49635416666666665 0.5407407407407407 0.4942708333333333 0.5444444444444444 0.49114583333333334 0.5444444444444444 0.484375 0.5314814814814814 0.48072916666666665 0.5416666666666666 0.47604166666666664 0.5416666666666666 0.4796875 0.5259259259259259 0.4765625 0.512962962962963 0.47708333333333336 0.5064814814814815 0.4822916666666667 0.4898148148148148 0.48489583333333336 0.4888888888888889
1 0.5703125 0.23703703703703705 0.5739583333333333 0.23796296296296296 0.5744791666666667 0.26481481481481484 0.5723958333333333 0.27685185185185185 0.5697916666666667 0.2824074074074074 0.5666666666666667 0.2824074074074074 0.5671875 0.2657407407407407 0.5651041666666666 0.25833333333333336 0.565625 0.25 0.5703125 0.23796296296296296
1 0.659375 0.13240740740740742 0.6619791666666667 0.14351851851851852 0.6567708333333333 0.1675925925925926 0.6541666666666667 0.1712962962962963 0.6510416666666666 0.16944444444444445 0.6536458333333334 0.15555555555555556 0.6536458333333334 0.1388888888888889 0.6567708333333333 0.13148148148148148 0.6588541666666666 0.13240740740740742
1 0.5776041666666667 0.2962962962962963 0.58125 0.3 0.5822916666666667 0.3101851851851852 0.5791666666666667 0.3333333333333333 0.5796875 0.34814814814814815 0.5755208333333334 0.34814814814814815 0.5723958333333333 0.3148148148148148 0.5729166666666666 0.30648148148148147 0.5776041666666667 0.2972222222222222
1 0.9604166666666667 0.6398148148148148 0.9609375 0.6648148148148149 0.946875 0.687037037037037 0.94375 0.6990740740740741 0.9302083333333333 0.7092592592592593 0.9260416666666667 0.7064814814814815 0.9265625 0.6990740740740741 0.9354166666666667 0.6888888888888889 0.94375 0.6638888888888889 0.9458333333333333 0.6509259259259259 0.9557291666666666 0.6370370370370371 0.9598958333333333 0.6398148148148148
1 0.6020833333333333 0.41388888888888886 0.6088541666666667 0.4287037037037037 0.6088541666666667 0.43425925925925923 0.603125 0.4527777777777778 0.6020833333333333 0.46574074074074073 0.5989583333333334 0.4666666666666667 0.5984375 0.45 0.5927083333333333 0.4324074074074074 0.5953125 0.4222222222222222 0.6015625 0.4148148148148148
1 0.42916666666666664 0.9592592592592593 0.43697916666666664 0.9666666666666667 0.4390625 0.9740740740740741 0.43854166666666666 0.987037037037037 0.44114583333333335 0.9944444444444445 0.440625 0.9990740740740741 0.4239583333333333 0.9990740740740741 0.42135416666666664 0.9657407407407408 0.4234375 0.9592592592592593 0.42864583333333334 0.9592592592592593
1 0.640625 0.22592592592592592 0.6385416666666667 0.19444444444444445 0.6427083333333333 0.18611111111111112 0.6473958333333333 0.18796296296296297 0.6484375 0.2 0.6453125 0.2222222222222222 0.64375 0.22592592592592592 0.6411458333333333 0.22592592592592592
1 0.109375 0.3148148148148148 0.11666666666666667 0.3277777777777778 0.11614583333333334 0.3351851851851852 0.12135416666666667 0.34814814814814815 0.11979166666666667 0.3509259259259259 0.115625 0.35 0.10625 0.33796296296296297 0.10729166666666666 0.33425925925925926 0.1046875 0.32037037037037036 0.10572916666666667 0.31666666666666665 0.10885416666666667 0.31574074074074077
1 0.10260416666666666 0.3351851851851852 0.11666666666666667 0.35185185185185186 0.11666666666666667 0.3611111111111111 0.12135416666666667 0.37222222222222223 0.11927083333333334 0.37777777777777777 0.10677083333333333 0.35648148148148145 0.09947916666666666 0.35185185185185186 0.09947916666666666 0.33796296296296297 0.10208333333333333 0.3351851851851852
1 0.1734375 0.25833333333333336 0.178125 0.25833333333333336 0.18489583333333334 0.26944444444444443 0.18541666666666667 0.28055555555555556 0.1890625 0.287962962962963 0.18541666666666667 0.2898148148148148 0.18177083333333333 0.2972222222222222 0.18020833333333333 0.28888888888888886 0.1765625 0.2824074074074074 0.17395833333333333 0.25925925925925924
1 0.846875 0.4685185185185185 0.8526041666666667 0.4759259259259259 0.8526041666666667 0.47962962962962963 0.846875 0.4962962962962963 0.8442708333333333 0.5148148148148148 0.8421875 0.5166666666666667 0.8401041666666667 0.5148148148148148 0.840625 0.5046296296296297 0.8390625 0.5018518518518519 0.8348958333333333 0.5111111111111111 0.83125 0.5074074074074074 0.8395833333333333 0.4740740740740741 0.8442708333333333 0.4675925925925926 0.8463541666666666 0.4685185185185185
1 0.6247395833333333 0.2740740740740741 0.011979166666666667 0.04259259259259259
1 0.23489583333333333 0.1574074074074074 0.23854166666666668 0.1638888888888889 0.24427083333333333 0.18796296296296297 0.24114583333333334 0.1962962962962963 0.23854166666666668 0.19722222222222222 0.2296875 0.1712962962962963 0.23020833333333332 0.16111111111111112 0.234375 0.1574074074074074
1 0 0.44351851851851853 0.0046875 0.44351851851851853 0.013541666666666667 0.462037037037037 0.024479166666666666 0.4703703703703704 0.022395833333333334 0.47685185185185186 0.018229166666666668 0.47129629629629627 0.011458333333333333 0.4703703703703704 0.009895833333333333 0.47314814814814815 0.011458333333333333 0.48518518518518516 0.0067708333333333336 0.487962962962963 0.00625 0.4777777777777778 0 0.4703703703703704 0.0015625 0.4666666666666667 0 0.46574074074074073 0 0.4444444444444444
1 0.5427083333333333 0.375 0.5494791666666666 0.3907407407407407 0.54375 0.4148148148148148 0.540625 0.41944444444444445 0.5380208333333333 0.4185185185185185 0.5401041666666667 0.4009259259259259 0.5348958333333333 0.39351851851851855 0.5395833333333333 0.37777777777777777 0.5421875 0.37592592592592594
1 0.42239583333333336 0.7953703703703704 0.4270833333333333 0.8018518518518518 0.4317708333333333 0.825925925925926 0.4317708333333333 0.8351851851851851 0.42552083333333335 0.8398148148148148 0.42135416666666664 0.8398148148148148 0.41458333333333336 0.8185185185185185 0.4114583333333333 0.8148148148148148 0.41458333333333336 0.7907407407407407 0.41822916666666665 0.7888888888888889 0.421875 0.7953703703703704
1 0.665625 0.1398148148148148 0.6713541666666667 0.14629629629629629 0.6682291666666667 0.17777777777777778 0.6604166666666667 0.1638888888888889 0.6609375 0.14814814814814814 0.6651041666666667 0.1398148148148148
1 0.5776041666666667 0.40925925925925927 0.5796875 0.4351851851851852 0.5776041666666667 0.4398148148148148 0.5744791666666667 0.43425925925925923 0.5708333333333333 0.44907407407407407 0.56875 0.44722222222222224 0.5692708333333333 0.4111111111111111 0.571875 0.4064814814814815 0.5770833333333333 0.40925925925925927
1 0.0890625 0.34074074074074073 0.09739583333333333 0.3527777777777778 0.10260416666666666 0.37592592592592594 0.10052083333333334 0.38055555555555554 0.0953125 0.3787037037037037 0.09166666666666666 0.37037037037037035 0.0859375 0.3435185185185185 0.08854166666666667 0.34074074074074073
1 0.12447916666666667 0.24722222222222223 0.12708333333333333 0.2518518518518518 0.128125 0.26666666666666666 0.13385416666666666 0.27870370370370373 0.13020833333333334 0.2833333333333333 0.11822916666666666 0.2638888888888889 0.11875 0.24814814814814815 0.12395833333333334 0.24722222222222223
1 0.4942708333333333 0.3962962962962963 0.4973958333333333 0.3972222222222222 0.5015625 0.4074074074074074 0.5010416666666667 0.425 0.5026041666666666 0.43425925925925923 0.5010416666666667 0.44166666666666665 0.4979166666666667 0.4305555555555556 0.4942708333333333 0.44537037037037036 0.490625 0.4462962962962963 0.49166666666666664 0.42777777777777776 0.4895833333333333 0.41388888888888886 0.4942708333333333 0.3972222222222222
1 0.07291666666666667 0.36574074074074076 0.07864583333333333 0.37222222222222223 0.08020833333333334 0.387037037037037 0.08541666666666667 0.3907407407407407 0.07916666666666666 0.3990740740740741 0.07604166666666666 0.3972222222222222 0.06614583333333333 0.36574074074074076 0.06666666666666667 0.36203703703703705 0.07239583333333334 0.36574074074074076
1 0.6296875 0.15 0.6322916666666667 0.16666666666666666 0.6302083333333334 0.175 0.6307291666666667 0.1814814814814815 0.6265625 0.18888888888888888 0.6244791666666667 0.18611111111111112 0.6244791666666667 0.17592592592592593 0.621875 0.1638888888888889 0.6265625 0.15092592592592594 0.6291666666666667 0.15
1 0.19947916666666668 0.2175925925925926 0.20260416666666667 0.21851851851851853 0.20833333333333334 0.23148148148148148 0.20885416666666667 0.2490740740740741 0.20625 0.25555555555555554 0.20260416666666667 0.25833333333333336 0.19895833333333332 0.21851851851851853
1 0.6692708333333334 0.19722222222222222 0.671875 0.2 0.671875 0.2101851851851852 0.6682291666666667 0.2361111111111111 0.665625 0.2388888888888889 0.6640625 0.23796296296296296 0.6630208333333333 0.21203703703703702 0.665625 0.19907407407407407 0.66875 0.19722222222222222
1 0.6369791666666667 0.2833333333333333 0.6395833333333333 0.2916666666666667 0.6390625 0.30277777777777776 0.6359375 0.32685185185185184 0.6338541666666667 0.3296296296296296 0.6296875 0.3194444444444444 0.628125 0.2916666666666667 0.63125 0.28425925925925927 0.6364583333333333 0.2833333333333333
1 0.4354166666666667 0.2518518518518518 0.4296875 0.22407407407407406 0.43020833333333336 0.21203703703703702 0.434375 0.20555555555555555 0.43645833333333334 0.2064814814814815 0.44114583333333335 0.22037037037037038 0.4390625 0.2518518518518518 0.4359375 0.2518518518518518
1 0.9973958333333334 0.6592592592592592 0.9994791666666667 0.6601851851851852 0.9994791666666667 0.687037037037037 0.9786458333333333 0.7074074074074074 0.9755208333333333 0.7055555555555556 0.9739583333333334 0.6981481481481482 0.9692708333333333 0.6953703703703704 0.9786458333333333 0.6685185185185185 0.9901041666666667 0.6574074074074074 0.996875 0.6592592592592592
1 0.6510416666666666 0.13240740740740742 0.653125 0.13425925925925927 0.6557291666666667 0.14629629629629629 0.6515625 0.1685185185185185 0.6473958333333333 0.17037037037037037 0.646875 0.1425925925925926 0.6505208333333333 0.13333333333333333
1 0.2791666666666667 0.14444444444444443 0.2838541666666667 0.14444444444444443 0.2864583333333333 0.1537037037037037 0.2859375 0.1648148148148148 0.28854166666666664 0.1712962962962963 0.2859375 0.17592592592592593 0.2828125 0.175 0.2786458333333333 0.1574074074074074 0.2791666666666667 0.14537037037037037
1 0.503125 0.4462962962962963 0.5067708333333333 0.4462962962962963 0.5119791666666667 0.4564814814814815 0.5130208333333334 0.46296296296296297 0.5088541666666667 0.47685185185185186 0.5072916666666667 0.4935185185185185 0.5046875 0.4962962962962963 0.5005208333333333 0.4666666666666667 0.503125 0.44722222222222224
1 0.20989583333333334 0.21944444444444444 0.21927083333333333 0.2324074074074074 0.22135416666666666 0.2462962962962963 0.2203125 0.25092592592592594 0.21666666666666667 0.25555555555555554 0.21302083333333333 0.25462962962962965 0.20833333333333334 0.23055555555555557 0.209375 0.22037037037037038
1 0.021354166666666667 0.762962962962963 0.0296875 0.7685185185185185 0.030208333333333334 0.7759259259259259 0.043229166666666666 0.7925925925925926 0.043229166666666666 0.7962962962962963 0.03958333333333333 0.8027777777777778 0.0359375 0.8037037037037037 0.0296875 0.8175925925925925 0.026041666666666668 0.8166666666666667 0.025520833333333333 0.812037037037037 0.018229166666666668 0.8009259259259259 0.016666666666666666 0.7898148148148149 0.0020833333333333333 0.7694444444444445 0.0036458333333333334 0.7648148148148148 0.0125 0.7666666666666667 0.020833333333333332 0.762962962962963
1 0.21458333333333332 0.1648148148148148 0.2203125 0.16203703703703703 0.225 0.17314814814814813 0.2234375 0.18611111111111112 0.2203125 0.18981481481481483 0.21458333333333332 0.16574074074074074
1 0.6020833333333333 0.38981481481481484 0.6 0.38796296296296295 0.6020833333333333 0.3731481481481482 0.6020833333333333 0.34814814814814815 0.6057291666666667 0.34629629629629627 0.6072916666666667 0.3490740740740741 0.6130208333333333 0.36944444444444446 0.6125 0.37222222222222223 0.6083333333333333 0.3731481481481482 0.6026041666666667 0.3888888888888889
1 0.6161458333333333 0.29907407407407405 0.6203125 0.30833333333333335 0.6203125 0.3148148148148148 0.6125 0.3472222222222222 0.6109375 0.3435185185185185 0.6109375 0.32222222222222224 0.6072916666666667 0.31296296296296294 0.6130208333333333 0.29907407407407405 0.615625 0.29907407407407405
1 0.9994791666666667 0.5972222222222222 0.9994791666666667 0.6296296296296297 0.9932291666666667 0.6342592592592593 0.9885416666666667 0.6425925925925926 0.98125 0.637962962962963 0.9807291666666667 0.6314814814814815 0.9869791666666666 0.6212962962962963 0.9890625 0.6092592592592593 0.9989583333333333 0.5972222222222222
1 0.6317708333333333 0.4412037037037037 0.011458333333333333 0.041666666666666664
1 0.6229166666666667 0.4101851851851852 0.6276041666666666 0.425 0.6260416666666667 0.4398148148148148 0.6229166666666667 0.4444444444444444 0.6197916666666666 0.44351851851851853 0.6140625 0.43148148148148147 0.6145833333333334 0.425 0.6203125 0.4111111111111111 0.6223958333333334 0.4111111111111111
1 0.3177083333333333 0.11203703703703703 0.321875 0.12407407407407407 0.3229166666666667 0.14814814814814814 0.32083333333333336 0.15092592592592594 0.3182291666666667 0.14907407407407408 0.31354166666666666 0.12314814814814815 0.3140625 0.11296296296296296 0.3171875 0.11203703703703703
1 0.55 0.3925925925925926 0.5541666666666667 0.3962962962962963 0.5552083333333333 0.4027777777777778 0.5536458333333333 0.4324074074074074 0.5473958333333333 0.4398148148148148 0.5453125 0.4388888888888889 0.5458333333333333 0.4203703703703704 0.54375 0.40370370370370373 0.5494791666666666 0.39351851851851855
1 0.5604166666666667 0.42685185185185187 0.559375 0.3907407407407407 0.5609375 0.38333333333333336 0.5666666666666667 0.37592592592592594 0.5708333333333333 0.3851851851851852 0.5708333333333333 0.40370370370370373 0.5651041666666666 0.41388888888888886 0.5635416666666667 0.425 0.5609375 0.42685185185185187
1 0.6244791666666667 0.4444444444444444 0.6270833333333333 0.4666666666666667 0.6234375 0.47314814814814815 0.6192708333333333 0.4935185185185185 0.6177083333333333 0.49166666666666664 0.6177083333333333 0.4759259259259259 0.6145833333333334 0.4601851851851852 0.6192708333333333 0.4425925925925926 0.6239583333333333 0.4444444444444444
1 0.6135416666666667 0.1824074074074074 0.6177083333333333 0.18703703703703703 0.6192708333333333 0.2 0.6130208333333333 0.22037037037037038 0.6109375 0.2175925925925926 0.6109375 0.2064814814814815 0.6083333333333333 0.19907407407407407 0.609375 0.19074074074074074 0.6130208333333333 0.1824074074074074
1 0.6296875 0.29074074074074074 0.628125 0.28703703703703703 0.628125 0.27314814814814814 0.63125 0.25833333333333336 0.6338541666666667 0.25555555555555554 0.6364583333333333 0.2601851851851852 0.6369791666666667 0.2740740740740741 0.6354166666666666 0.2824074074074074 0.6302083333333334 0.2898148148148148
1 0.540625 0.9768518518518519 0.5385416666666667 0.9416666666666667 0.5432291666666667 0.9324074074074075 0.546875 0.9324074074074075 0.5505208333333333 0.9407407407407408 0.5541666666666667 0.9722222222222222 0.5567708333333333 0.9777777777777777 0.5536458333333333 0.9861111111111112 0.55 0.9879629629629629 0.5411458333333333 0.9768518518518519
1 0.33489583333333334 0.09351851851851851 0.33697916666666666 0.09907407407407408 0.3375 0.1111111111111111 0.33645833333333336 0.1259259259259259 0.33489583333333334 0.12777777777777777 0.3328125 0.1259259259259259 0.3296875 0.10648148148148148 0.3302083333333333 0.09722222222222222 0.334375 0.09351851851851851
1 0.6427083333333333 0.30648148148148147 0.646875 0.32037037037037036 0.6427083333333333 0.3509259259259259 0.640625 0.35462962962962963 0.6364583333333333 0.3527777777777778 0.6348958333333333 0.32314814814814813 0.6390625 0.3074074074074074 0.6421875 0.30648148148148147