1 0.25625 0.912962962962963 0.2677083333333333 0.9212962962962963 0.26875 0.9481481481481482 0.26666666666666666 0.9527777777777777 0.2515625 0.9518518518518518 0.24322916666666666 0.9314814814814815 0.24427083333333333 0.9222222222222223 0.24791666666666667 0.9157407407407407 0.2515625 0.9120370370370371 0.2557291666666667 0.912962962962963
1 0.09635416666666667 0.10833333333333334 0.10416666666666667 0.12962962962962962 0.103125 0.13333333333333333 0.1078125 0.14907407407407408 0.10572916666666667 0.1527777777777778 0.090625 0.12407407407407407 0.09166666666666666 0.11018518518518519 0.09583333333333334 0.10833333333333334
1 0.34791666666666665 0.6888888888888889 0.3536458333333333 0.6898148148148148 0.3625 0.7046296296296296 0.3619791666666667 0.7166666666666667 0.3651041666666667 0.7231481481481481 0.36302083333333335 0.7305555555555555 0.359375 0.7324074074074074 0.35625 0.7305555555555555 0.35572916666666665 0.725925925925926 0.35260416666666666 0.7222222222222222 0.3458333333333333 0.7277777777777777 0.34322916666666664 0.7268518518518519 0.3458333333333333 0.7129629629629629 0.34479166666666666 0.7027777777777777 0.34791666666666665 0.6898148148148148
1 0.059375 0.15092592592592594 0.0640625 0.16018518518518518 0.06614583333333333 0.17685185185185184 0.0703125 0.18888888888888888 0.0671875 0.1962962962962963 0.0640625 0.19537037037037036 0.052083333333333336 0.16296296296296298 0.05260416666666667 0.15092592592592594 0.058854166666666666 0.15092592592592594
1 0.5541666666666667 0.30185185185185187 0.5583333333333333 0.31851851851851853 0.5583333333333333 0.3277777777777778 0.5546875 0.3388888888888889 0.5536458333333333 0.3537037037037037 0.55 0.3537037037037037 0.5489583333333333 0.3490740740740741 0.5479166666666667 0.31851851851851853 0.5489583333333333 0.3101851851851852 0.5536458333333333 0.30185185185185187
1 0.5921875 0.05555555555555555 0.5947916666666667 0.06018518518518518 0.5953125 0.0787037037037037 0.5916666666666667 0.09259259259259259 0.5880208333333333 0.09166666666666666 0.5864583333333333 0.0787037037037037 0.5869791666666667 0.06666666666666667 0.5916666666666667 0.05555555555555555
1 0.04010416666666667 0.1388888888888889 0.05 0.15092592592592594 0.051041666666666666 0.16296296296296298 0.05520833333333333 0.17407407407407408 0.05520833333333333 0.1787037037037037 0.05364583333333333 0.17962962962962964 0.05 0.1787037037037037 0.036458333333333336 0.1537037037037037 0.036458333333333336 0.14351851851851852 0.03958333333333333 0.1388888888888889
1 0.8489583333333334 0.16018518518518518 0.8520833333333333 0.16018518518518518 0.8541666666666666 0.1648148148148148 0.8546875 0.17777777777777778 0.8463541666666666 0.1962962962962963 0.8447916666666667 0.2064814814814815 0.840625 0.20092592592592592 0.8489583333333334 0.16111111111111112
1 0.7609375 0.04351851851851852 0.7630208333333334 0.04722222222222222 0.7609375 0.06759259259259259 0.7619791666666667 0.08425925925925926 0.759375 0.08981481481481482 0.7583333333333333 0.10092592592592593 0.7536458333333333 0.09814814814814815 0.7505208333333333 0.08611111111111111 0.753125 0.07592592592592592 0.753125 0.05740740740740741 0.7557291666666667 0.04722222222222222 0.7583333333333333 0.04259259259259259 0.7604166666666666 0.04351851851851852
1 0.14322916666666666 0.04259259259259259 0.1453125 0.04722222222222222 0.14479166666666668 0.05277777777777778 0.13802083333333334 0.053703703703703705 0.12708333333333333 0.026851851851851852 0.13020833333333334 0.019444444444444445 0.13385416666666666 0.019444444444444445 0.13697916666666668 0.025 0.14270833333333333 0.04259259259259259
1 0.8140625 0.3398148148148148 0.8140625 0.34444444444444444 0.8109375 0.35 0.8067708333333333 0.3675925925925926 0.8015625 0.37777777777777777 0.8005208333333333 0.3851851851851852 0.790625 0.37962962962962965 0.7895833333333333 0.375 0.7963541666666667 0.3731481481481482 0.7984375 0.36944444444444446 0.7958333333333333 0.35555555555555557 0.8 0.34814814814814815 0.8072916666666666 0.34444444444444444 0.8104166666666667 0.3388888888888889 0.8135416666666667 0.3398148148148148
1 0.5744791666666667 0.3351851851851852 0.58125 0.34629629629629627 0.58125 0.35833333333333334 0.5776041666666667 0.36574074074074076 0.5744791666666667 0.3851851851851852 0.5713541666666667 0.3925925925925926 0.5697916666666667 0.3907407407407407 0.5708333333333333 0.37592592592592594 0.5666666666666667 0.3592592592592593 0.5692708333333333 0.34074074074074073 0.5739583333333333 0.3351851851851852
1 0.33541666666666664 0.675 0.34322916666666664 0.6824074074074075 0.3458333333333333 0.6962962962962963 0.33958333333333335 0.7231481481481481 0.33489583333333334 0.7305555555555555 0.33489583333333334 0.7111111111111111 0.3234375 0.6888888888888889 0.325 0.6805555555555556 0.33489583333333334 0.675
1 0.8848958333333333 0.4888888888888889 0.8869791666666667 0.5027777777777778 0.8859375 0.5083333333333333 0.8791666666666667 0.5212962962962963 0.8734375 0.524074074074074 0.8692708333333333 0.537962962962963 0.8661458333333333 0.5407407407407407 0.8635416666666667 0.5388888888888889 0.8671875 0.5324074074074074 0.8671875 0.5277777777777778 0.865625 0.5259259259259259 0.8583333333333333 0.5342592592592592 0.8588541666666667 0.5268518518518519 0.8729166666666667 0.5009259259259259 0.8807291666666667 0.4898148148148148 0.884375 0.4888888888888889
1 0.16041666666666668 0 0.16927083333333334 0 0.17395833333333333 0.020370370370370372 0.171875 0.025925925925925925 0.1671875 0.025 0.16041666666666668 0.000925925925925926
1 0.7796875 0.16805555555555557 0.017708333333333333 0.049074074074074076
1 0.8520833333333333 0.3925925925925926 0.853125 0.3972222222222222 0.8411458333333334 0.4222222222222222 0.8380208333333333 0.43333333333333335 0.8348958333333333 0.43333333333333335 0.834375 0.4203703703703704 0.8255208333333334 0.425 0.8229166666666666 0.425 0.8213541666666667 0.4212962962962963 0.8307291666666666 0.412962962962963 0.8359375 0.4 0.8515625 0.3925925925925926
1 0.3302083333333333 0.5907407407407408 0.33645833333333336 0.5990740740740741 0.334375 0.6314814814814815 0.32864583333333336 0.6444444444444445 0.3260416666666667 0.6435185185185185 0.3265625 0.6222222222222222 0.32083333333333336 0.6046296296296296 0.32083333333333336 0.5981481481481481 0.32395833333333335 0.5907407407407408 0.3296875 0.5907407407407408
1 0.7130208333333333 0.2064814814814815 0.7145833333333333 0.22037037037037038 0.7098958333333333 0.2490740740740741 0.70625 0.25555555555555554 0.7052083333333333 0.24722222222222223 0.7010416666666667 0.24444444444444444 0.7010416666666667 0.24074074074074073 0.7036458333333333 0.22592592592592592 0.709375 0.21296296296296297 0.7098958333333333 0.2074074074074074 0.7125 0.2064814814814815
1 0.33229166666666665 0.48333333333333334 0.3453125 0.5083333333333333 0.3375 0.5212962962962963 0.3380208333333333 0.5398148148148149 0.33541666666666664 0.5444444444444444 0.33177083333333335 0.5425925925925926 0.3333333333333333 0.5361111111111111 0.33229166666666665 0.5222222222222223 0.325 0.5018518518518519 0.3265625 0.4842592592592593 0.33177083333333335 0.48333333333333334
1 0.0328125 0.21388888888888888 0.03802083333333333 0.2222222222222222 0.04114583333333333 0.23796296296296296 0.04895833333333333 0.24444444444444444 0.049479166666666664 0.24814814814814815 0.04635416666666667 0.2564814814814815 0.043229166666666666 0.25555555555555554 0.040625 0.24814814814814815 0.025520833333333333 0.22685185185185186 0.025520833333333333 0.21481481481481482 0.028645833333333332 0.21203703703703702 0.03229166666666667 0.21388888888888888
1 0.1078125 0.06574074074074074 0.11302083333333333 0.0787037037037037 0.11458333333333333 0.09444444444444444 0.1171875 0.10185185185185185 0.11614583333333334 0.1037037037037037 0.11197916666666667 0.1037037037037037 0.10885416666666667 0.09814814814814815 0.10729166666666666 0.08888888888888889 0.10208333333333333 0.08055555555555556 0.10052083333333334 0.06759259259259259 0.10364583333333334 0.06388888888888888 0.10729166666666666 0.06574074074074074
1 0.9510416666666667 0.5259259259259259 0.9640625 0.512962962962963 0.9682291666666667 0.5166666666666667 0.9697916666666667 0.5305555555555556 0.9567708333333333 0.5583333333333333 0.9526041666666667 0.5592592592592592 0.94375 0.55 0.9463541666666667 0.5351851851851852 0.9510416666666667 0.5268518518518519
1 0.29322916666666665 0.887962962962963 0.29791666666666666 0.8907407407407407 0.30416666666666664 0.9046296296296297 0.3078125 0.9074074074074074 0.30572916666666666 0.9175925925925926 0.30833333333333335 0.9212962962962963 0.30885416666666665 0.9277777777777778 0.303125 0.9314814814814815 0.3 0.924074074074074 0.29583333333333334 0.9222222222222223 0.28958333333333336 0.9351851851851852 0.2864583333333333 0.9333333333333333 0.28854166666666664 0.9194444444444444 0.2859375 0.8972222222222223 0.28854166666666664 0.8898148148148148 0.29270833333333335 0.8888888888888888
1 0.8 0.09351851851851851 0.8041666666666667 0.09907407407407408 0.8052083333333333 0.11296296296296296 0.7963541666666667 0.1388888888888889 0.7932291666666667 0.14444444444444443 0.790625 0.14351851851851852 0.7958333333333333 0.10185185185185185 0.8 0.09444444444444444
1 0.8770833333333333 0.4722222222222222 0.8796875 0.4740740740740741 0.8802083333333334 0.4888888888888889 0.8729166666666667 0.49722222222222223 0.8661458333333333 0.5101851851851852 0.8619791666666666 0.5092592592592593 0.8635416666666667 0.4935185185185185 0.8614583333333333 0.48703703703703705 0.8703125 0.4740740740740741 0.8765625 0.4722222222222222
1 0.475 0.4861111111111111 0.48072916666666665 0.49444444444444446 0.4859375 0.5203703703703704 0.48385416666666664 0.5259259259259259 0.48072916666666665 0.5166666666666667 0.4765625 0.5166666666666667 0.471875 0.5287037037037037 0.4713541666666667 0.5361111111111111 0.4666666666666667 0.5388888888888889 0.46458333333333335 0.5361111111111111 0.46822916666666664 0.5296296296296297 0.4703125 0.5157407407407407 0.46927083333333336 0.49444444444444446 0.471875 0.48703703703703705 0.4744791666666667 0.4861111111111111
1 0.37552083333333336 0.7888888888888889 0.3859375 0.7935185185185185 0.384375 0.8027777777777778 0.3854166666666667 0.8222222222222222 0.390625 0.8351851851851851 0.39010416666666664 0.8407407407407408 0.3880208333333333 0.8425925925925926 0.375 0.8314814814814815 0.3703125 0.7981481481481482 0.37083333333333335 0.7898148148148149 0.375 0.7888888888888889
1 0.42552083333333335 0.6796296296296296 0.428125 0.6814814814814815 0.4328125 0.7083333333333334 0.4322916666666667 0.7231481481481481 0.42864583333333334 0.7324074074074074 0.42552083333333335 0.7342592592592593 0.425 0.725 0.42083333333333334 0.7203703703703703 0.41822916666666665 0.7111111111111111 0.41822916666666665 0.6898148148148148 0.421875 0.6814814814814815 0.425 0.6796296296296296
1 0.20989583333333334 0.9444444444444444 0.21458333333333332 0.9481481481481482 0.21666666666666667 0.9537037037037037 0.22447916666666667 0.9527777777777777 0.21875 0.9592592592592593 0.221875 0.9703703703703703 0.22760416666666666 0.9787037037037037 0.23020833333333332 0.987037037037037 0.228125 0.9953703703703703 0.22447916666666667 0.9990740740740741 0.2140625 0.9990740740740741 0.20833333333333334 0.9851851851851852 0.20208333333333334 0.9611111111111111 0.19583333333333333 0.9537037037037037 0.19947916666666668 0.9472222222222222 0.209375 0.9444444444444444
1 0.4041666666666667 0.5342592592592592 0.415625 0.55 0.41354166666666664 0.5638888888888889 0.41458333333333336 0.5805555555555556 0.41302083333333334 0.5842592592592593 0.40729166666666666 0.5898148148148148 0.40729166666666666 0.5722222222222222 0.4010416666666667 0.5601851851851852 0.4005208333333333 0.5388888888888889 0.4036458333333333 0.5351851851851852
1 0.353125 0.612037037037037 0.35885416666666664 0.6175925925925926 0.3645833333333333 0.6296296296296297 0.3645833333333333 0.6407407407407407 0.36822916666666666 0.65 0.36822916666666666 0.6555555555555556 0.3640625 0.6638888888888889 0.35572916666666665 0.6546296296296297 0.3541666666666667 0.6444444444444445 0.34739583333333335 0.6268518518518519 0.34739583333333335 0.6148148148148148 0.35260416666666666 0.612037037037037
1 0.11041666666666666 0.11203703703703703 0.1171875 0.12129629629629629 0.11927083333333334 0.13055555555555556 0.12708333333333333 0.14351851851851852 0.1265625 0.14629629629629629 0.12291666666666666 0.14629629629629629 0.11927083333333334 0.14166666666666666 0.11822916666666666 0.1527777777777778 0.11614583333333334 0.15555555555555556 0.11197916666666667 0.1361111111111111 0.10520833333333333 0.1259259259259259 0.10625 0.11481481481481481 0.10989583333333333 0.11203703703703703
1 0.3067708333333333 0.5990740740740741 0.3177083333333333 0.6148148148148148 0.31927083333333334 0.6240740740740741 0.3223958333333333 0.6296296296296297 0.3182291666666667 0.6481481481481481 0.3140625 0.6527777777777778 0.3072916666666667 0.6324074074074074 0.303125 0.6287037037037037 0.3026041666666667 0.600925925925926 0.30625 0.5990740740740741
1 0.41822916666666665 0.4 0.421875 0.4 0.428125 0.4148148148148148 0.42552083333333335 0.45185185185185184 0.421875 0.4527777777777778 0.42239583333333336 0.44537037037037036 0.4192708333333333 0.4351851851851852 0.4166666666666667 0.4083333333333333 0.41822916666666665 0.4009259259259259
1 0.034375 0.16944444444444445 0.0515625 0.19907407407407407 0.052083333333333336 0.2037037037037037 0.05 0.20555555555555555 0.046875 0.2 0.0453125 0.20092592592592592 0.0453125 0.20925925925925926 0.043229166666666666 0.21388888888888888 0.03958333333333333 0.2064814814814815 0.0390625 0.19907407407407407 0.025520833333333333 0.175 0.028645833333333332 0.1685185185185185 0.033854166666666664 0.16944444444444445
1 0.5994791666666667 0.04259259259259259 0.603125 0.05 0.6036458333333333 0.05740740740740741 0.5989583333333334 0.08518518518518518 0.5953125 0.08425925925925926 0.59375 0.05740740740740741 0.5989583333333334 0.04259259259259259
1 0.28177083333333336 0.600462962962963 0.022916666666666665 0.05462962962962963
1 0.7114583333333333 0.26944444444444443 0.7151041666666667 0.2814814814814815 0.7151041666666667 0.29074074074074074 0.7036458333333333 0.325 0.6994791666666667 0.3175925925925926 0.6958333333333333 0.31851851851851853 0.6958333333333333 0.31203703703703706 0.7015625 0.3 0.7041666666666667 0.28055555555555556 0.7109375 0.26944444444444443
1 0.321875 0.8666666666666667 0.33177083333333335 0.8777777777777778 0.33489583333333334 0.8888888888888888 0.3359375 0.9111111111111111 0.328125 0.9212962962962963 0.3265625 0.9092592592592592 0.3104166666666667 0.8740740740740741 0.31197916666666664 0.8685185185185185 0.32135416666666666 0.8666666666666667
1 0.8598958333333333 0.48703703703703705 0.8625 0.49074074074074076 0.8625 0.5092592592592593 0.859375 0.5157407407407407 0.8557291666666667 0.5138888888888888 0.8494791666666667 0.5009259259259259 0.8494791666666667 0.4981481481481482 0.859375 0.48703703703703705
1 0.18020833333333333 0.012037037037037037 0.18697916666666667 0.03333333333333333 0.18697916666666667 0.04259259259259259 0.18541666666666667 0.044444444444444446 0.18229166666666666 0.040740740740740744 0.17604166666666668 0.023148148148148147 0.17604166666666668 0.012037037037037037 0.1796875 0.012037037037037037
1 0.07083333333333333 0.12962962962962962 0.07604166666666666 0.1388888888888889 0.078125 0.15092592592592594 0.08489583333333334 0.16111111111111112 0.084375 0.16574074074074074 0.07760416666666667 0.16944444444444445 0.07395833333333333 0.1685185185185185 0.0703125 0.16296296296296298 0.06197916666666667 0.13425925925925927 0.06510416666666667 0.1287037037037037 0.0703125 0.12962962962962962
1 0.013020833333333334 0.19907407407407407 0.0234375 0.21388888888888888 0.027083333333333334 0.2388888888888889 0.030208333333333334 0.2462962962962963 0.029166666666666667 0.25555555555555554 0.005208333333333333 0.21481481481481482 0.0046875 0.20555555555555555 0.0125 0.19907407407407407
1 0.48020833333333335 0.46296296296296297 0.48541666666666666 0.48055555555555557 0.48385416666666664 0.4925925925925926 0.48072916666666665 0.49444444444444446 0.47291666666666665 0.4842592592592593 0.4739583333333333 0.46944444444444444 0.4765625 0.462037037037037 0.4796875 0.46296296296296297
1 0.8291666666666667 0.27685185185185185 0.8359375 0.2861111111111111 0.8338541666666667 0.29814814814814816 0.8239583333333333 0.29444444444444445 0.8197916666666667 0.28888888888888886 0.8239583333333333 0.27685185185185185 0.8286458333333333 0.27685185185185185
1 0.19010416666666666 0.9657407407407408 0.203125 0.9731481481481481 0.20625 0.9777777777777777 0.2078125 0.9879629629629629 0.2 0.9990740740740741 0.17916666666666667 0.9731481481481481 0.17916666666666667 0.9675925925925926 0.18958333333333333 0.9657407407407408
1 0.4140625 0.07037037037037037 0.41458333333333336 0.0787037037037037 0.41041666666666665 0.0787037037037037 0.4078125 0.07222222222222222 0.40520833333333334 0.08333333333333333 0.4015625 0.08425925925925926 0.403125 0.06388888888888888 0.4005208333333333 0.046296296296296294 0.4036458333333333 0.037037037037037035 0.40989583333333335 0.046296296296296294 0.41354166666666664 0.07037037037037037
1 0.8442708333333333 0.4287037037037037 0.8447916666666667 0.4462962962962963 0.8380208333333333 0.4648148148148148 0.828125 0.4787037037037037 0.8239583333333333 0.47685185185185186 0.8265625 0.4648148148148148 0.8265625 0.4537037037037037 0.8369791666666667 0.43333333333333335 0.8416666666666667 0.42777777777777776 0.84375 0.4287037037037037
1 0.09166666666666666 0.09166666666666666 0.0953125 0.09259259259259259 0.10833333333333334 0.11203703703703703 0.10625 0.11851851851851852 0.10625 0.12962962962962962 0.10208333333333333 0.12777777777777777 0.09739583333333333 0.11203703703703703 0.09322916666666667 0.10555555555555556 0.09166666666666666 0.09259259259259259
1 0.1171875 0.06759259259259259 0.12604166666666666 0.0787037037037037 0.12552083333333333 0.09166666666666666 0.13229166666666667 0.10185185185185185 0.1265625 0.1175925925925926 0.12291666666666666 0.10277777777777777 0.1140625 0.08796296296296297 0.11197916666666667 0.07314814814814814 0.11666666666666667 0.06759259259259259
1 0.07552083333333333 0.075 0.0859375 0.11203703703703703 0.08489583333333334 0.11851851851851852 0.08177083333333333 0.11666666666666667 0.071875 0.09537037037037037 0.06979166666666667 0.0787037037037037 0.075 0.075
1 0.5463541666666667 0.387037037037037 0.5473958333333333 0.39537037037037037 0.5505208333333333 0.40185185185185185 0.5505208333333333 0.4083333333333333 0.546875 0.4222222222222222 0.5453125 0.43796296296296294 0.5432291666666667 0.44166666666666665 0.540625 0.4398148148148148 0.5364583333333334 0.40370370370370373 0.5416666666666666 0.38981481481481484 0.5458333333333333 0.387037037037037
1 0.6822916666666666 0.7824074074074074 0.6848958333333334 0.8009259259259259 0.6833333333333333 0.8092592592592592 0.6614583333333334 0.8296296296296296 0.6588541666666666 0.825 0.665625 0.8101851851851852 0.6682291666666667 0.7870370370370371 0.6713541666666667 0.7805555555555556 0.675 0.7787037037037037 0.6817708333333333 0.7824074074074074
1 0.8171875 0.38981481481481484 0.81875 0.3972222222222222 0.8166666666666667 0.41574074074074074 0.8104166666666667 0.4305555555555556 0.8052083333333333 0.43703703703703706 0.8 0.4361111111111111 0.7984375 0.43148148148148147 0.8072916666666666 0.40185185185185185 0.8145833333333333 0.3907407407407407 0.8166666666666667 0.3907407407407407
1 0.5708333333333333 0.10555555555555556 0.5744791666666667 0.10555555555555556 0.5776041666666667 0.11574074074074074 0.5765625 0.13518518518518519 0.5661458333333333 0.1398148148148148 0.5666666666666667 0.11666666666666667 0.5708333333333333 0.10648148148148148
1 0.2125 0.9074074074074074 0.215625 0.9111111111111111 0.21197916666666666 0.9259259259259259 0.2125 0.9324074074074075 0.2046875 0.937962962962963 0.19895833333333332 0.9361111111111111 0.19583333333333333 0.9314814814814815 0.19166666666666668 0.9212962962962963 0.19114583333333332 0.9111111111111111 0.20364583333333333 0.9083333333333333 0.20572916666666666 0.9046296296296297 0.21197916666666666 0.9074074074074074
1 0.2828125 0.5296296296296297 0.29270833333333335 0.5351851851851852 0.29635416666666664 0.5407407407407407 0.2984375 0.5472222222222223 0.29791666666666666 0.5583333333333333 0.3020833333333333 0.5740740740740741 0.2984375 0.575 0.29010416666666666 0.5638888888888889 0.2833333333333333 0.562037037037037 0.2796875 0.5342592592592592 0.28229166666666666 0.5305555555555556
1 0.37552083333333336 0.03148148148148148 0.378125 0.041666666666666664 0.378125 0.06388888888888888 0.3765625 0.06666666666666667 0.3734375 0.06388888888888888 0.36875 0.03981481481481482 0.3703125 0.03148148148148148 0.375 0.03148148148148148
1 0.278125 0.8953703703703704 0.2838541666666667 0.8972222222222223 0.2864583333333333 0.9046296296296297 0.28541666666666665 0.9277777777777778 0.28072916666666664 0.9314814814814815 0.2760416666666667 0.9314814814814815 0.26458333333333334 0.9046296296296297 0.26510416666666664 0.8972222222222223 0.271875 0.887962962962963 0.2755208333333333 0.887962962962963 0.27760416666666665 0.8953703703703704
1 0.8244791666666667 0.375 0.8213541666666667 0.35833333333333334 0.8177083333333334 0.3638888888888889 0.8140625 0.3638888888888889 0.8130208333333333 0.3611111111111111 0.8234375 0.3453703703703704 0.8255208333333334 0.33240740740740743 0.83125 0.3212962962962963 0.8354166666666667 0.32037037037037036 0.8364583333333333 0.325 0.834375 0.34074074074074073 0.8276041666666667 0.36018518518518516 0.8276041666666667 0.3731481481481482 0.825 0.37407407407407406