1 0.8276041666666667 0.1398148148148148 0.8296875 0.1574074074074074 0.81875 0.18333333333333332 0.8130208333333333 0.18611111111111112 0.8140625 0.17685185185185184 0.8203125 0.1537037037037037 0.8270833333333333 0.14074074074074075
1 0.0921875 0.15 0.0984375 0.16111111111111112 0.103125 0.17685185185185184 0.10416666666666667 0.1935185185185185 0.10260416666666666 0.1962962962962963 0.0859375 0.1574074074074074 0.09166666666666666 0.15
1 0.31666666666666665 0.9203703703703704 0.3223958333333333 0.9277777777777778 0.3255208333333333 0.9453703703703704 0.3255208333333333 0.9546296296296296 0.32083333333333336 0.9611111111111111 0.3182291666666667 0.9601851851851851 0.31666666666666665 0.9518518518518518 0.3020833333333333 0.9305555555555556 0.30364583333333334 0.9222222222222223 0.3104166666666667 0.9166666666666666 0.3140625 0.9166666666666666 0.31614583333333335 0.9203703703703704
1 0.04635416666666667 0.12777777777777777 0.0546875 0.13425925925925927 0.06458333333333334 0.16111111111111112 0.06041666666666667 0.16574074074074074 0.05364583333333333 0.1574074074074074 0.043229166666666666 0.13333333333333333 0.043229166666666666 0.1287037037037037 0.04583333333333333 0.1287037037037037
1 0.578125 0.15833333333333333 0.5817708333333333 0.15833333333333333 0.5859375 0.17407407407407408 0.5859375 0.1787037037037037 0.58125 0.18796296296296297 0.5802083333333333 0.2 0.5776041666666667 0.2037037037037037 0.5739583333333333 0.17314814814814813 0.578125 0.15925925925925927
1 0.8630208333333333 0.5472222222222223 0.8640625 0.5537037037037037 0.8625 0.5574074074074075 0.8619791666666666 0.5740740740740741 0.846875 0.5925925925925926 0.8359375 0.6 0.8328125 0.5972222222222222 0.8453125 0.5777777777777777 0.8463541666666666 0.5592592592592592 0.8515625 0.5527777777777778 0.8625 0.5472222222222223
1 0.5885416666666666 0.12037037037037036 0.5916666666666667 0.12222222222222222 0.5942708333333333 0.13148148148148148 0.590625 0.16203703703703703 0.5880208333333333 0.1648148148148148 0.5864583333333333 0.16111111111111112 0.584375 0.13796296296296295 0.5880208333333333 0.12129629629629629
1 0.09322916666666667 0.10555555555555556 0.10104166666666667 0.10833333333333334 0.10572916666666667 0.11574074074074074 0.10520833333333333 0.12037037037037036 0.10885416666666667 0.12777777777777777 0.1109375 0.14074074074074075 0.1109375 0.14722222222222223 0.10520833333333333 0.14351851851851852 0.09479166666666666 0.11851851851851852 0.09322916666666667 0.10648148148148148
1 0.853125 0.125 0.8546875 0.12685185185185185 0.8546875 0.1361111111111111 0.8473958333333333 0.1638888888888889 0.84375 0.16666666666666666 0.8380208333333333 0.16574074074074074 0.8375 0.16111111111111112 0.8442708333333333 0.14074074074074075 0.8526041666666667 0.125
1 0.5708333333333333 0.19166666666666668 0.5755208333333334 0.19537037037037036 0.5770833333333333 0.20462962962962963 0.5729166666666666 0.23703703703703705 0.5671875 0.24351851851851852 0.5682291666666667 0.20925925925925926 0.5708333333333333 0.1925925925925926
1 0.16822916666666668 0.05 0.175 0.06666666666666667 0.1765625 0.08796296296296297 0.17291666666666666 0.08518518518518518 0.16666666666666666 0.06759259259259259 0.16614583333333333 0.053703703703703705 0.16770833333333332 0.05092592592592592
1 0.6697916666666667 0.2574074074074074 0.6713541666666667 0.2601851851851852 0.671875 0.2759259259259259 0.6645833333333333 0.3055555555555556 0.6614583333333334 0.30277777777777776 0.6604166666666667 0.2962962962962963 0.6661458333333333 0.25833333333333336 0.6692708333333334 0.2574074074074074
1 0.05364583333333333 0.18518518518518517 0.058333333333333334 0.19166666666666668 0.06041666666666667 0.2074074074074074 0.06354166666666666 0.21296296296296297 0.0609375 0.21388888888888888 0.0625 0.22685185185185186 0.0609375 0.23055555555555557 0.058333333333333334 0.22962962962962963 0.04375 0.2 0.04635416666666667 0.18611111111111112 0.053125 0.18518518518518517
1 0.30104166666666665 0.7305555555555555 0.31145833333333334 0.7379629629629629 0.315625 0.7453703703703703 0.31614583333333335 0.7555555555555555 0.3145833333333333 0.7620370370370371 0.32083333333333336 0.775 0.32083333333333336 0.7787037037037037 0.3182291666666667 0.7805555555555556 0.30104166666666665 0.7611111111111111 0.2994791666666667 0.7407407407407407 0.29583333333333334 0.7361111111111112 0.29739583333333336 0.7314814814814815 0.30052083333333335 0.7305555555555555
1 0.07395833333333333 0.17777777777777778 0.078125 0.18425925925925926 0.078125 0.18888888888888888 0.07083333333333333 0.18796296296296297 0.06614583333333333 0.1814814814814815 0.06197916666666667 0.17222222222222222 0.0640625 0.16296296296296298 0.0671875 0.1638888888888889 0.0734375 0.17777777777777778
1 0.5994791666666667 0.23055555555555557 0.6041666666666666 0.24814814814814815 0.5994791666666667 0.2638888888888889 0.5984375 0.2777777777777778 0.5953125 0.28055555555555556 0.5916666666666667 0.2601851851851852 0.5916666666666667 0.24537037037037038 0.596875 0.23148148148148148 0.5989583333333334 0.23055555555555557
1 0.36354166666666665 0.03611111111111111 0.36666666666666664 0.04722222222222222 0.36875 0.07037037037037037 0.36666666666666664 0.08055555555555556 0.35885416666666664 0.05462962962962963 0.36041666666666666 0.03888888888888889 0.36302083333333335 0.03611111111111111
1 0.1359375 0.05092592592592592 0.14479166666666668 0.08055555555555556 0.140625 0.08611111111111111 0.13697916666666668 0.08518518518518518 0.13645833333333332 0.0787037037037037 0.12916666666666668 0.05740740740740741 0.13125 0.05185185185185185 0.13541666666666666 0.05092592592592592
1 0.8578125 0.5277777777777778 0.8552083333333333 0.5435185185185185 0.8416666666666667 0.5712962962962963 0.8385416666666666 0.5712962962962963 0.8369791666666667 0.5638888888888889 0.8322916666666667 0.5583333333333333 0.8322916666666667 0.5481481481481482 0.8520833333333333 0.5268518518518519 0.8572916666666667 0.5277777777777778
1 0.07083333333333333 0.11851851851851852 0.0859375 0.1527777777777778 0.08489583333333334 0.1574074074074074 0.08020833333333334 0.1537037037037037 0.075 0.16203703703703703 0.0734375 0.15925925925925927 0.0734375 0.14351851851851852 0.06770833333333333 0.13425925925925927 0.0671875 0.11944444444444445 0.0703125 0.11851851851851852
1 0.9494791666666667 0.7898148148148149 0.9463541666666667 0.7870370370370371 0.9463541666666667 0.7833333333333333 0.9692708333333333 0.7490740740740741 0.9734375 0.737037037037037 0.9911458333333333 0.737037037037037 0.9911458333333333 0.7583333333333333 0.98125 0.7685185185185185 0.9682291666666667 0.774074074074074 0.9630208333333333 0.7824074074074074 0.95625 0.7814814814814814 0.95 0.7888888888888889
1 0.6703125 0.8398148148148148 0.6760416666666667 0.8546296296296296 0.6760416666666667 0.8694444444444445 0.671875 0.8740740740740741 0.6671875 0.8731481481481481 0.6651041666666667 0.8833333333333333 0.6609375 0.8824074074074074 0.65625 0.8722222222222222 0.6609375 0.8583333333333333 0.6630208333333333 0.8425925925925926 0.6645833333333333 0.8398148148148148 0.6697916666666667 0.8398148148148148
1 0.12291666666666666 0.8981481481481481 0.128125 0.9055555555555556 0.13697916666666668 0.9037037037037037 0.14114583333333333 0.9064814814814814 0.14947916666666666 0.9259259259259259 0.15885416666666666 0.9388888888888889 0.15885416666666666 0.9462962962962963 0.15052083333333333 0.9425925925925925 0.1484375 0.9453703703703704 0.14895833333333333 0.9527777777777777 0.146875 0.9564814814814815 0.1390625 0.9490740740740741 0.12708333333333333 0.9435185185185185 0.11822916666666666 0.9277777777777778 0.11979166666666667 0.9175925925925926 0.11770833333333333 0.9055555555555556 0.11979166666666667 0.9 0.12239583333333333 0.899074074074074
1 0.1921875 0.04814814814814815 0.203125 0.08148148148148149 0.19895833333333332 0.08055555555555556 0.19583333333333333 0.08888888888888889 0.19375 0.08796296296296297 0.19270833333333334 0.07314814814814814 0.18802083333333333 0.05462962962962963 0.18854166666666666 0.05 0.19166666666666668 0.049074074074074076
1 0.1234375 0.1037037037037037 0.128125 0.10925925925925926 0.13229166666666667 0.12962962962962962 0.1296875 0.13425925925925927 0.13020833333333334 0.1398148148148148 0.12708333333333333 0.14166666666666666 0.125 0.1398148148148148 0.11770833333333333 0.10925925925925926 0.11927083333333334 0.1037037037037037 0.12291666666666666 0.1037037037037037
1 0.42135416666666664 0.4537037037037037 0.42864583333333334 0.46296296296296297 0.4317708333333333 0.4759259259259259 0.4317708333333333 0.49074074074074076 0.4270833333333333 0.4962962962962963 0.425 0.5083333333333333 0.421875 0.5092592592592593 0.4166666666666667 0.4722222222222222 0.41822916666666665 0.4546296296296296 0.42083333333333334 0.4546296296296296
1 0.5947916666666667 0 0.6041666666666666 0 0.6020833333333333 0.025 0.5989583333333334 0.032407407407407406 0.5958333333333333 0.028703703703703703 0.5947916666666667 0.000925925925925926
1 0.11041666666666666 0.11851851851851852 0.11614583333333334 0.12129629629629629 0.12135416666666667 0.13055555555555556 0.12395833333333334 0.1425925925925926 0.12291666666666666 0.15555555555555556 0.11197916666666667 0.15092592592592594 0.11197916666666667 0.13796296296296295 0.1078125 0.11944444444444445 0.10989583333333333 0.11851851851851852
1 0.2375 0.8314814814814815 0.2453125 0.8342592592592593 0.24583333333333332 0.85 0.2526041666666667 0.8592592592592593 0.2515625 0.8657407407407407 0.24427083333333333 0.8777777777777778 0.23958333333333334 0.8768518518518519 0.23697916666666666 0.8675925925925926 0.23072916666666668 0.8583333333333333 0.2234375 0.8574074074074074 0.22239583333333332 0.8546296296296296 0.2234375 0.8444444444444444 0.2203125 0.8379629629629629 0.22239583333333332 0.8305555555555556 0.228125 0.8287037037037037 0.23697916666666666 0.8314814814814815
1 0.7546875 0.9 0.7604166666666666 0.9074074074074074 0.7619791666666667 0.9148148148148149 0.7526041666666666 0.9351851851851852 0.7536458333333333 0.9453703703703704 0.7515625 0.9472222222222222 0.7354166666666667 0.9388888888888889 0.7302083333333333 0.9342592592592592 0.7291666666666666 0.9296296296296296 0.7369791666666666 0.9277777777777778 0.7479166666666667 0.9009259259259259 0.7541666666666667 0.9
1 0.81875 0.5111111111111111 0.8213541666666667 0.4962962962962963 0.8270833333333333 0.4842592592592593 0.8333333333333334 0.4740740740740741 0.840625 0.46944444444444444 0.8453125 0.4722222222222222 0.8453125 0.4898148148148148 0.84375 0.49444444444444446 0.8375 0.5 0.8286458333333333 0.5194444444444445 0.8192708333333333 0.5111111111111111
1 0.6088541666666667 0.023148148148148147 0.6104166666666667 0.037037037037037035 0.6057291666666667 0.06111111111111111 0.6015625 0.03518518518518519 0.6041666666666666 0.025 0.6083333333333333 0.023148148148148147
1 0.16302083333333334 0.08703703703703704 0.16770833333333332 0.0962962962962963 0.16822916666666668 0.10555555555555556 0.17135416666666667 0.11481481481481481 0.17135416666666667 0.125 0.16822916666666668 0.12407407407407407 0.1578125 0.0962962962962963 0.15885416666666666 0.08796296296296297 0.1609375 0.08518518518518518 0.1625 0.08703703703703704
1 0.24479166666666666 0.7953703703703704 0.25833333333333336 0.8037037037037037 0.2546875 0.8055555555555556 0.2526041666666667 0.8138888888888889 0.265625 0.825 0.2671875 0.8277777777777777 0.2640625 0.8324074074074074 0.2520833333333333 0.8287037037037037 0.24583333333333332 0.8324074074074074 0.2375 0.8305555555555556 0.2375 0.8231481481481482 0.23958333333333334 0.8185185185185185 0.23958333333333334 0.8 0.240625 0.7962962962962963 0.24427083333333333 0.7953703703703704
1 0.696875 0.2962962962962963 0.7026041666666667 0.2935185185185185 0.7046875 0.31574074074074077 0.6984375 0.3277777777777778 0.6979166666666666 0.33611111111111114 0.6932291666666667 0.34629629629629627 0.6890625 0.35 0.6880208333333333 0.3472222222222222 0.6916666666666667 0.33240740740740743 0.6921875 0.31574074074074077 0.696875 0.2972222222222222
1 0.28802083333333334 0.9203703703703704 0.3015625 0.937037037037037 0.3020833333333333 0.9481481481481482 0.30520833333333336 0.9601851851851851 0.3 0.9703703703703703 0.296875 0.9694444444444444 0.2953125 0.962037037037037 0.28489583333333335 0.9481481481481482 0.2828125 0.9351851851851852 0.2791666666666667 0.9277777777777778 0.2796875 0.9203703703703704 0.2875 0.9203703703703704
1 0.9609375 0.7064814814814815 0.9635416666666666 0.712037037037037 0.9609375 0.7296296296296296 0.9453125 0.7416666666666667 0.9328125 0.7638888888888888 0.9302083333333333 0.762962962962963 0.9291666666666667 0.7583333333333333 0.9333333333333333 0.7444444444444445 0.9307291666666667 0.737037037037037 0.9317708333333333 0.7305555555555555 0.9463541666666667 0.7111111111111111 0.9604166666666667 0.7064814814814815
1 0.1296875 0.10648148148148148 0.13802083333333334 0.11296296296296296 0.14010416666666667 0.12685185185185185 0.14479166666666668 0.13703703703703704 0.14010416666666667 0.14537037037037037 0.13645833333333332 0.14629629629629629 0.12916666666666668 0.11851851851851852 0.12916666666666668 0.10740740740740741
1 0.07291666666666667 0.22870370370370371 0.06145833333333333 0.19814814814814816 0.06354166666666666 0.1814814814814815 0.0671875 0.1814814814814815 0.07135416666666666 0.18888888888888888 0.0796875 0.22314814814814815 0.07916666666666666 0.22777777777777777 0.0734375 0.22870370370370371
1 0.0953125 0.08518518518518518 0.1015625 0.09537037037037037 0.1046875 0.10833333333333334 0.10208333333333333 0.10925925925925926 0.09166666666666666 0.10185185185185185 0.09114583333333333 0.09166666666666666 0.09479166666666666 0.08611111111111111
1 0.9994791666666667 0.7972222222222223 0.9994791666666667 0.8138888888888889 0.9953125 0.8212962962962963 0.9901041666666667 0.825925925925926 0.9838541666666667 0.8222222222222222 0.9703125 0.8351851851851851 0.9677083333333333 0.8314814814814815 0.9682291666666667 0.8277777777777777 0.9854166666666667 0.8009259259259259 0.9901041666666667 0.787962962962963 0.9953125 0.7861111111111111 0.9989583333333333 0.7972222222222223
1 0.9635416666666666 0.5583333333333333 0.9645833333333333 0.5657407407407408 0.9619791666666667 0.5805555555555556 0.9536458333333333 0.5990740740740741 0.9505208333333334 0.6018518518518519 0.9458333333333333 0.6018518518518519 0.9385416666666667 0.5953703703703703 0.9348958333333334 0.587037037037037 0.9427083333333334 0.575925925925926 0.9473958333333333 0.562962962962963 0.9630208333333333 0.5583333333333333
1 0.5526041666666667 0.8231481481481482 0.5604166666666667 0.8351851851851851 0.5604166666666667 0.8425925925925926 0.5541666666666667 0.850925925925926 0.5505208333333333 0.8666666666666667 0.5427083333333333 0.8629629629629629 0.5395833333333333 0.8583333333333333 0.5421875 0.8518518518518519 0.5401041666666667 0.8407407407407408 0.5432291666666667 0.8333333333333334 0.5442708333333334 0.8203703703703704 0.5489583333333333 0.8194444444444444 0.5520833333333334 0.8231481481481482
1 0.19895833333333332 0.03425925925925926 0.203125 0.03981481481481482 0.20625 0.058333333333333334 0.20625 0.07037037037037037 0.2015625 0.06944444444444445 0.19739583333333333 0.06018518518518518 0.19427083333333334 0.04259259259259259 0.19895833333333332 0.03518518518518519
1 0.3421875 0.8972222222222223 0.3484375 0.9083333333333333 0.34739583333333335 0.9212962962962963 0.35104166666666664 0.9416666666666667 0.35 0.9472222222222222 0.3458333333333333 0.95 0.3416666666666667 0.9398148148148148 0.3333333333333333 0.9351851851851852 0.3265625 0.9148148148148149 0.33125 0.9037037037037037 0.33697916666666666 0.8972222222222223 0.3416666666666667 0.8972222222222223
1 0.7286458333333333 0.3787037037037037 0.73125 0.3851851851851852 0.7307291666666667 0.3972222222222222 0.7203125 0.4305555555555556 0.7166666666666667 0.42962962962962964 0.7166666666666667 0.4148148148148148 0.7203125 0.4046296296296296 0.7239583333333334 0.38333333333333336 0.728125 0.3787037037037037
1 0.8244791666666667 0.3592592592592593 0.8317708333333333 0.3638888888888889 0.8369791666666667 0.37222222222222223 0.8348958333333333 0.3824074074074074 0.8244791666666667 0.40370370370370373 0.8213541666666667 0.4083333333333333 0.8192708333333333 0.4074074074074074 0.8166666666666667 0.4 0.8213541666666667 0.3824074074074074 0.821875 0.3685185185185185 0.8244791666666667 0.36018518518518516
1 0.63125 0.006481481481481481 0.6333333333333333 0.008333333333333333 0.6338541666666667 0.01574074074074074 0.6322916666666667 0.027777777777777776 0.6291666666666667 0.03425925925925926 0.6265625 0.03425925925925926 0.628125 0.025 0.6265625 0.011111111111111112 0.6307291666666667 0.006481481481481481
1 0.25104166666666666 0.9444444444444444 0.26197916666666665 0.9564814814814815 0.26458333333333334 0.9555555555555556 0.26614583333333336 0.9481481481481482 0.26875 0.9462962962962963 0.271875 0.9481481481481482 0.27708333333333335 0.9611111111111111 0.2828125 0.9629629629629629 0.2833333333333333 0.9675925925925926 0.28072916666666664 0.9740740740740741 0.2833333333333333 0.9842592592592593 0.2796875 0.9888888888888889 0.2760416666666667 0.9879629629629629 0.2734375 0.9814814814814815 0.2625 0.9722222222222222 0.259375 0.9814814814814815 0.2515625 0.9851851851851852 0.24791666666666667 0.9824074074074074 0.24427083333333333 0.9722222222222222 0.23802083333333332 0.9685185185185186 0.2375 0.9555555555555556 0.24010416666666667 0.9490740740740741 0.24427083333333333 0.9435185185185185 0.25052083333333336 0.9444444444444444