0 0.2375 0.9342592592592592 0.25052083333333336 0.9388888888888889 0.25677083333333334 0.9490740740740741 0.253125 0.9592592592592593 0.253125 0.9703703703703703 0.24479166666666666 0.9814814814814815 0.22760416666666666 0.9851851851851852 0.2234375 0.9824074074074074 0.22135416666666666 0.975 0.22239583333333332 0.9435185185185185 0.22708333333333333 0.937037037037037 0.23697916666666666 0.9342592592592592
0 0.8244791666666667 0.18981481481481483 0.8255208333333334 0.225 0.8244791666666667 0.23055555555555557 0.8208333333333333 0.23425925925925925 0.8171875 0.2324074074074074 0.8109375 0.22037037037037038 0.8057291666666667 0.2212962962962963 0.7994791666666666 0.21481481481481482 0.7963541666666667 0.20925925925925926 0.7947916666666667 0.19444444444444445 0.8 0.18333333333333332 0.8067708333333333 0.18055555555555555 0.8072916666666666 0.18796296296296297 0.8140625 0.19814814814814816 0.8192708333333333 0.18981481481481483 0.8239583333333333 0.18981481481481483
0 0.42552083333333335 0.8481481481481481 0.4265625 0.8583333333333333 0.425 0.8694444444444445 0.4125 0.8944444444444445 0.4114583333333333 0.9037037037037037 0.40677083333333336 0.9092592592592592 0.4036458333333333 0.924074074074074 0.39114583333333336 0.9472222222222222 0.3890625 0.9462962962962963 0.38697916666666665 0.9361111111111111 0.39010416666666664 0.9037037037037037 0.40208333333333335 0.8824074074074074 0.41354166666666664 0.850925925925926 0.4197916666666667 0.8472222222222222 0.425 0.8481481481481481
0 0.6265625 0.24444444444444444 0.6317708333333333 0.24722222222222223 0.6369791666666667 0.25555555555555554 0.6473958333333333 0.2824074074074074 0.6442708333333333 0.3138888888888889 0.6369791666666667 0.32685185185185184 0.6229166666666667 0.32222222222222224 0.6026041666666667 0.29074074074074074 0.6057291666666667 0.26944444444444443 0.6109375 0.2518518518518518 0.6260416666666667 0.24444444444444444
0 0.47708333333333336 0.0787037037037037 0.4875 0.08148148148148149 0.4901041666666667 0.08703703703703704 0.4901041666666667 0.11481481481481481 0.48541666666666666 0.13333333333333333 0.47760416666666666 0.14351851851851852 0.47552083333333334 0.1398148148148148 0.47604166666666664 0.12962962962962962 0.4734375 0.12222222222222222 0.47239583333333335 0.09907407407407408 0.4739583333333333 0.08333333333333333 0.4765625 0.07962962962962963
0 0.8244791666666667 0 0.8578125 0 0.8635416666666667 0.007407407407407408 0.8526041666666667 0.025 0.8421875 0.026851851851851852 0.8177083333333334 0.018518518518518517 0.8177083333333334 0.004629629629629629 0.8244791666666667 0.000925925925925926
0 0.7255208333333333 0 0.7411458333333333 0 0.7432291666666667 0.004629629629629629 0.7427083333333333 0.01574074074074074 0.7447916666666666 0.018518518518518517 0.7359375 0.020370370370370372 0.7276041666666667 0.014814814814814815 0.7255208333333333 0.011111111111111112 0.7255208333333333 0.000925925925925926
0 0.2520833333333333 0 0.2864583333333333 0 0.2760416666666667 0.014814814814814815 0.2598958333333333 0.012962962962962963 0.253125 0.005555555555555556 0.2520833333333333 0.000925925925925926
0 0.7932291666666667 0.5851851851851851 0.83125 0.6111111111111112 0.8505208333333333 0.6083333333333333 0.8630208333333333 0.6157407407407407 0.86875 0.6231481481481481 0.8692708333333333 0.6333333333333333 0.8713541666666667 0.637962962962963 0.890625 0.6527777777777778 0.8942708333333333 0.6601851851851852 0.8958333333333334 0.6759259259259259 0.9114583333333334 0.6907407407407408 0.9166666666666666 0.7027777777777777 0.9171875 0.7351851851851852 0.9119791666666667 0.7685185185185185 0.9083333333333333 0.7731481481481481 0.9 0.7731481481481481 0.8796875 0.7620370370370371 0.8614583333333333 0.7435185185185185 0.8494791666666667 0.7351851851851852 0.8322916666666667 0.7157407407407408 0.8145833333333333 0.7037037037037037 0.8052083333333333 0.7083333333333334 0.7932291666666667 0.7064814814814815 0.7864583333333334 0.6990740740740741 0.7828125 0.6824074074074075 0.7692708333333333 0.6759259259259259 0.76875 0.6592592592592592 0.7760416666666666 0.6175925925925926 0.7895833333333333 0.5888888888888889 0.7927083333333333 0.5861111111111111
0 0.5432291666666667 0.15555555555555556 0.5447916666666667 0.15648148148148147 0.5463541666666667 0.16666666666666666 0.55 0.16666666666666666 0.5541666666666667 0.16018518518518518 0.5572916666666666 0.16018518518518518 0.5604166666666667 0.16944444444444445 0.5604166666666667 0.20185185185185187 0.5567708333333333 0.20462962962962963 0.5432291666666667 0.18333333333333332 0.540625 0.17314814814814813 0.5411458333333333 0.16203703703703703 0.5432291666666667 0.15648148148148147
0 0.8791666666666667 0.7675925925925926 0.9067708333333333 0.7833333333333333 0.9166666666666666 0.7916666666666666 0.9229166666666667 0.8027777777777778 0.9322916666666666 0.8037037037037037 0.9369791666666667 0.8101851851851852 0.940625 0.8277777777777777 0.94375 0.8333333333333334 0.9635416666666666 0.8481481481481481 0.9708333333333333 0.8583333333333333 0.9744791666666667 0.8768518518518519 0.9760416666666667 0.9277777777777778 0.9739583333333334 0.9490740740740741 0.9708333333333333 0.9537037037037037 0.9598958333333333 0.9462962962962963 0.9510416666666667 0.9518518518518518 0.9390625 0.95 0.9229166666666667 0.9296296296296296 0.8973958333333333 0.9092592592592592 0.8958333333333334 0.8981481481481481 0.9010416666666666 0.8898148148148148 0.9052083333333333 0.8768518518518519 0.9046875 0.8574074074074074 0.8984375 0.8833333333333333 0.8927083333333333 0.9 0.8895833333333333 0.9027777777777778 0.8864583333333333 0.9027777777777778 0.8765625 0.8925925925925926 0.85625 0.8870370370370371 0.8484375 0.8768518518518519 0.8411458333333334 0.8546296296296296 0.8401041666666667 0.8277777777777777 0.8380208333333333 0.8185185185185185 0.8427083333333333 0.7824074074074074 0.8526041666666667 0.7685185185185185 0.8786458333333333 0.7675925925925926
0 0.859375 0.5148148148148148 0.9041666666666667 0.5462962962962963 0.9390625 0.5925925925925926 0.9453125 0.6185185185185185 0.9432291666666667 0.6453703703703704 0.9385416666666667 0.6546296296296297 0.9291666666666667 0.6611111111111111 0.9114583333333334 0.6583333333333333 0.9026041666666667 0.6425925925925926 0.8692708333333333 0.6148148148148148 0.853125 0.6046296296296296 0.8427083333333333 0.6055555555555555 0.8369791666666667 0.600925925925926 0.8265625 0.5740740740740741 0.83125 0.5351851851851852 0.8359375 0.524074074074074 0.8416666666666667 0.5185185185185185 0.8526041666666667 0.5138888888888888 0.8588541666666667 0.5148148148148148
0 0.38333333333333336 0.30925925925925923 0.38697916666666665 0.3111111111111111 0.390625 0.31851851851851853 0.39114583333333336 0.3277777777777778 0.38697916666666665 0.3490740740740741 0.3828125 0.35555555555555557 0.3776041666666667 0.35648148148148145 0.3729166666666667 0.36944444444444446 0.3692708333333333 0.37037037037037035 0.36666666666666664 0.36574074074074076 0.36666666666666664 0.3314814814814815 0.3692708333333333 0.32222222222222224 0.3723958333333333 0.32222222222222224 0.37604166666666666 0.3287037037037037 0.37864583333333335 0.3277777777777778 0.3828125 0.32037037037037036 0.3828125 0.3101851851851852
0 0.12291666666666666 0.26481481481481484 0.13333333333333333 0.2722222222222222 0.13697916666666668 0.28055555555555556 0.14739583333333334 0.33425925925925926 0.14739583333333334 0.3416666666666667 0.11822916666666666 0.3638888888888889 0.1125 0.362962962962963 0.10520833333333333 0.34814814814814815 0.10104166666666667 0.31574074074074077 0.09427083333333333 0.2962962962962963 0.1015625 0.27870370370370373 0.1140625 0.26851851851851855 0.12239583333333333 0.2657407407407407
0 0.18333333333333332 0.6574074074074074 0.18697916666666667 0.6601851851851852 0.18645833333333334 0.6675925925925926 0.18958333333333333 0.6712962962962963 0.18802083333333333 0.6851851851851852 0.17291666666666666 0.7074074074074074 0.16041666666666668 0.7194444444444444 0.15416666666666667 0.7333333333333333 0.14375 0.7416666666666667 0.14010416666666667 0.7416666666666667 0.1390625 0.7388888888888889 0.13645833333333332 0.7148148148148148 0.13958333333333334 0.6990740740740741 0.13958333333333334 0.6833333333333333 0.14375 0.6657407407407407 0.16145833333333334 0.6601851851851852 0.171875 0.662962962962963 0.17604166666666668 0.6574074074074074 0.1828125 0.6574074074074074
0 0.32916666666666666 0 0.3380208333333333 0 0.3484375 0.011111111111111112 0.35625 0.025 0.35989583333333336 0.03981481481481482 0.35989583333333336 0.04814814814814815 0.35572916666666665 0.05555555555555555 0.33697916666666666 0.06481481481481481 0.33489583333333334 0.06481481481481481 0.3260416666666667 0.05185185185185185 0.31354166666666666 0.04351851851851852 0.3078125 0.02962962962962963 0.30833333333333335 0.01574074074074074 0.31354166666666666 0.009259259259259259 0.32916666666666666 0.000925925925925926
0 0.4713541666666667 0.5990740740740741 0.4817708333333333 0.6148148148148148 0.4875 0.6398148148148148 0.48802083333333335 0.6555555555555556 0.48385416666666664 0.6722222222222223 0.46979166666666666 0.6861111111111111 0.45364583333333336 0.6888888888888889 0.42552083333333335 0.700925925925926 0.4078125 0.7092592592592593 0.3958333333333333 0.7194444444444444 0.3729166666666667 0.7166666666666667 0.36875 0.7092592592592593 0.3625 0.6731481481481482 0.3619791666666667 0.6537037037037037 0.36614583333333334 0.6398148148148148 0.3927083333333333 0.6222222222222222 0.4234375 0.6083333333333333 0.4453125 0.6018518518518519 0.4708333333333333 0.5990740740740741
0 0.49583333333333335 0.017592592592592594 0.503125 0.03148148148148148 0.5036458333333333 0.037037037037037035 0.5020833333333333 0.04537037037037037 0.4979166666666667 0.04722222222222222 0.49270833333333336 0.05740740740740741 0.490625 0.05648148148148148 0.4890625 0.03611111111111111 0.49114583333333334 0.025 0.4953125 0.017592592592592594
0 0.7864583333333334 0.40925925925925927 0.8057291666666667 0.4203703703703704 0.8286458333333333 0.44351851851851853 0.8291666666666667 0.47314814814814815 0.8244791666666667 0.5009259259259259 0.8197916666666667 0.5027777777777778 0.8005208333333333 0.4981481481481482 0.7807291666666667 0.48055555555555557 0.7729166666666667 0.48148148148148145 0.7671875 0.4759259259259259 0.7661458333333333 0.4648148148148148 0.76875 0.44907407407407407 0.7822916666666667 0.4148148148148148 0.7859375 0.4101851851851852
0 0.39739583333333334 0.19166666666666668 0.4005208333333333 0.1962962962962963 0.4078125 0.19907407407407407 0.40729166666666666 0.21388888888888888 0.40260416666666665 0.22314814814814815 0.4005208333333333 0.2361111111111111 0.39791666666666664 0.2388888888888889 0.3963541666666667 0.23703703703703705 0.39375 0.21851851851851853 0.3932291666666667 0.19907407407407407 0.396875 0.1925925925925926
0 0.30364583333333334 0.13148148148148148 0.30625 0.13425925925925927 0.30572916666666666 0.14351851851851852 0.3078125 0.14907407407407408 0.3104166666666667 0.14907407407407408 0.3182291666666667 0.13796296296296295 0.32447916666666665 0.13796296296296295 0.3265625 0.14444444444444443 0.32447916666666665 0.15833333333333333 0.30364583333333334 0.1675925925925926 0.3 0.16666666666666666 0.296875 0.16111111111111112 0.296875 0.15555555555555556 0.2994791666666667 0.13518518518518519 0.303125 0.13240740740740742
0 0.08854166666666667 0.1638888888888889 0.103125 0.17407407407407408 0.1046875 0.1824074074074074 0.09895833333333333 0.19722222222222222 0.08541666666666667 0.21388888888888888 0.07864583333333333 0.2101851851851852 0.06614583333333333 0.19074074074074074 0.0640625 0.1824074074074074 0.06510416666666667 0.17592592592592593 0.07395833333333333 0.1648148148148148 0.08802083333333334 0.1638888888888889
0 0.9953125 0.6953703703703704 0.9994791666666667 0.6972222222222222 0.9994791666666667 0.8074074074074075 0.990625 0.8009259259259259 0.9864583333333333 0.7888888888888889 0.9770833333333333 0.775 0.9723958333333333 0.762962962962963 0.9708333333333333 0.7481481481481481 0.9708333333333333 0.7305555555555555 0.9734375 0.7129629629629629 0.9854166666666667 0.6981481481481482 0.9947916666666666 0.6953703703703704
0 0.7046875 0 0.7203125 0 0.7213541666666666 0.009259259259259259 0.7208333333333333 0.01574074074074074 0.7140625 0.016666666666666666 0.7078125 0.025925925925925925 0.7015625 0.027777777777777776 0.6989583333333333 0.022222222222222223 0.6979166666666666 0.011111111111111112 0.7010416666666667 0.003703703703703704 0.7046875 0.000925925925925926
0 0.6213541666666667 0.8712962962962963 0.6255208333333333 0.8888888888888888 0.6260416666666667 0.9037037037037037 0.6223958333333334 0.9120370370370371 0.6265625 0.9435185185185185 0.6229166666666667 0.9629629629629629 0.6171875 0.9694444444444444 0.6088541666666667 0.9666666666666667 0.6015625 0.9351851851851852 0.6046875 0.9268518518518518 0.6072916666666667 0.9092592592592592 0.6067708333333334 0.8907407407407407 0.609375 0.8768518518518519 0.6140625 0.8712962962962963 0.6208333333333333 0.8712962962962963
0 0.6442708333333333 0.8666666666666667 0.6510416666666666 0.8796296296296297 0.6515625 0.8916666666666667 0.6541666666666667 0.9009259259259259 0.6526041666666667 0.9138888888888889 0.6552083333333333 0.9212962962962963 0.653125 0.9583333333333334 0.6541666666666667 0.9768518518518519 0.6484375 0.9805555555555555 0.6442708333333333 0.9805555555555555 0.6401041666666667 0.975925925925926 0.6348958333333333 0.924074074074074 0.63125 0.9055555555555556 0.6348958333333333 0.8703703703703703 0.6395833333333333 0.8657407407407407 0.64375 0.8666666666666667
0 0.4296875 0.1 0.43854166666666666 0.11203703703703703 0.43854166666666666 0.11666666666666667 0.4354166666666667 0.1287037037037037 0.42864583333333334 0.14074074074074075 0.425 0.13425925925925927 0.4244791666666667 0.11574074074074074 0.425 0.10092592592592593 0.42916666666666664 0.1
0 0.2953125 0.6842592592592592 0.30416666666666664 0.6925925925925925 0.3145833333333333 0.7231481481481481 0.3177083333333333 0.7527777777777778 0.31302083333333336 0.7685185185185185 0.30364583333333334 0.7805555555555556 0.28802083333333334 0.787962962962963 0.26875 0.8046296296296296 0.24427083333333333 0.8305555555555556 0.23177083333333334 0.8518518518518519 0.22552083333333334 0.8564814814814815 0.21458333333333332 0.8583333333333333 0.19895833333333332 0.8574074074074074 0.1921875 0.8481481481481481 0.18645833333333334 0.8277777777777777 0.18177083333333333 0.7981481481481482 0.18385416666666668 0.7796296296296297 0.1984375 0.7546296296296297 0.22239583333333332 0.7333333333333333 0.28020833333333334 0.687962962962963 0.28854166666666664 0.6833333333333333 0.2947916666666667 0.6842592592592592
0 0.19375 0.053703703703703705 0.20260416666666667 0.05740740740740741 0.20989583333333334 0.07777777777777778 0.21354166666666666 0.1037037037037037 0.21354166666666666 0.12407407407407407 0.19479166666666667 0.1638888888888889 0.19166666666666668 0.17685185185185184 0.19166666666666668 0.1925925925925926 0.18854166666666666 0.2 0.17916666666666667 0.20462962962962963 0.17291666666666666 0.2212962962962963 0.1671875 0.22870370370370371 0.14947916666666666 0.23148148148148148 0.13385416666666666 0.23055555555555557 0.12708333333333333 0.22407407407407406 0.11510416666666666 0.1925925925925926 0.1078125 0.17962962962962964 0.10364583333333334 0.1648148148148148 0.10364583333333334 0.1574074074074074 0.11145833333333334 0.1361111111111111 0.12135416666666667 0.1175925925925926 0.12239583333333333 0.10925925925925926 0.13333333333333333 0.09907407407407408 0.1359375 0.08796296296296297 0.15052083333333333 0.06018518518518518 0.16302083333333334 0.05277777777777778 0.19322916666666667 0.053703703703703705
0 0.7895833333333333 0.2777777777777778 0.79375 0.2777777777777778 0.7989583333333333 0.2861111111111111 0.79375 0.325 0.7796875 0.33611111111111114 0.7765625 0.33055555555555555 0.778125 0.3037037037037037 0.7895833333333333 0.27870370370370373
0 0.553125 0 0.5776041666666667 0 0.58125 0.018518518518518517 0.5802083333333333 0.02962962962962963 0.5828125 0.04351851851851852 0.5770833333333333 0.05740740740740741 0.5666666666666667 0.05925925925925926 0.5552083333333333 0.05648148148148148 0.5510416666666667 0.044444444444444446 0.553125 0.000925925925925926
0 0.7296875 0.9009259259259259 0.7395833333333334 0.9111111111111111 0.7390625 0.9416666666666667 0.7354166666666667 0.9601851851851851 0.746875 0.9666666666666667 0.7421875 0.9842592592592593 0.7322916666666667 0.9990740740740741 0.7161458333333334 0.9990740740740741 0.715625 0.9962962962962963 0.715625 0.9277777777777778 0.7223958333333333 0.9055555555555556 0.7260416666666667 0.9 0.7291666666666666 0.9009259259259259
0 0.31927083333333334 0.4222222222222222 0.328125 0.42685185185185187 0.3307291666666667 0.4351851851851852 0.3307291666666667 0.45 0.325 0.4666666666666667 0.3046875 0.4981481481481482 0.30052083333333335 0.4925925925925926 0.30364583333333334 0.44537037037037036 0.3104166666666667 0.42777777777777776 0.3140625 0.42314814814814816 0.31875 0.4222222222222222
0 0.665625 0.07407407407407407 0.6723958333333333 0.07777777777777778 0.6786458333333333 0.08981481481481482 0.6786458333333333 0.10462962962962963 0.6755208333333333 0.11203703703703703 0.671875 0.1111111111111111 0.6682291666666667 0.10555555555555556 0.6546875 0.1037037037037037 0.6510416666666666 0.09907407407407408 0.65 0.08611111111111111 0.6520833333333333 0.08055555555555556 0.65625 0.07592592592592592 0.6651041666666667 0.07407407407407407
0 0.6296875 0.3435185185185185 0.6447916666666667 0.35462962962962963 0.6614583333333334 0.37592592592592594 0.6854166666666667 0.42314814814814816 0.6880208333333333 0.43796296296296294 0.6854166666666667 0.4537037037037037 0.675 0.4703703703703704 0.6677083333333333 0.4740740740740741 0.6510416666666666 0.4666666666666667 0.6447916666666667 0.45 0.6203125 0.41574074074074074 0.6125 0.4111111111111111 0.60625 0.3972222222222222 0.6036458333333333 0.37962962962962965 0.609375 0.35833333333333334 0.6197916666666666 0.34444444444444444 0.6291666666666667 0.3435185185185185
0 0.44583333333333336 0.13333333333333333 0.45625 0.1361111111111111 0.4583333333333333 0.14444444444444443 0.45625 0.15925925925925927 0.44895833333333335 0.17592592592592593 0.44583333333333336 0.1787037037037037 0.4421875 0.15648148148148147 0.4421875 0.14351851851851852 0.44583333333333336 0.13425925925925927
0 0.16302083333333334 0.912962962962963 0.16822916666666668 0.9203703703703704 0.16822916666666668 0.925 0.16510416666666666 0.9351851851851852 0.15520833333333334 0.9537037037037037 0.15052083333333333 0.9527777777777777 0.14010416666666667 0.9435185185185185 0.12552083333333333 0.9287037037037037 0.11979166666666667 0.9185185185185185 0.12864583333333332 0.9138888888888889 0.14791666666666667 0.9175925925925926 0.15260416666666668 0.9138888888888889 0.1625 0.912962962962963
0 0.8041666666666667 0.06851851851851852 0.8104166666666667 0.07037037037037037 0.8114583333333333 0.09537037037037037 0.8104166666666667 0.1037037037037037 0.8046875 0.1111111111111111 0.8036458333333333 0.11944444444444445 0.8010416666666667 0.12222222222222222 0.7984375 0.11851851851851852 0.7984375 0.10092592592592593 0.7932291666666667 0.09259259259259259 0.7932291666666667 0.08888888888888889 0.8 0.07037037037037037 0.8036458333333333 0.06851851851851852
0 0.6369791666666667 0.9101851851851852 0.6385416666666667 0.9175925925925926 0.6369791666666667 0.9231481481481482 0.6348958333333333 0.9157407407407407 0.6364583333333333 0.9111111111111111
0 0.6734375 0.6907407407407408 0.696875 0.7055555555555556 0.6994791666666667 0.7092592592592593 0.7041666666666667 0.7314814814814815 0.7046875 0.7666666666666667 0.7005208333333334 0.7722222222222223 0.6880208333333333 0.7759259259259259 0.6791666666666667 0.7722222222222223 0.6609375 0.7722222222222223 0.6489583333333333 0.7666666666666667 0.6369791666666667 0.7694444444444445 0.6333333333333333 0.7648148148148148 0.6296875 0.7527777777777778 0.6296875 0.7361111111111112 0.6333333333333333 0.7092592592592593 0.64375 0.687962962962963 0.6526041666666667 0.6842592592592592 0.6729166666666667 0.6907407407407408
0 0.9807291666666667 0.4861111111111111 0.9994791666666667 0.5055555555555555 0.9994791666666667 0.5648148148148148 0.9848958333333333 0.5685185185185185 0.9734375 0.5657407407407408 0.9609375 0.5259259259259259 0.9604166666666667 0.5101851851851852 0.9630208333333333 0.49722222222222223 0.9739583333333334 0.48518518518518516 0.9802083333333333 0.4861111111111111
0 0.51875 0.8342592592592593 0.5255208333333333 0.8518518518518519 0.528125 0.8759259259259259 0.5296875 0.8777777777777778 0.5359375 0.8703703703703703 0.5375 0.8731481481481481 0.5385416666666667 0.8935185185185185 0.5354166666666667 0.9138888888888889 0.5364583333333334 0.9287037037037037 0.5296875 0.9388888888888889 0.5229166666666667 0.9314814814814815 0.5223958333333333 0.9203703703703704 0.515625 0.9064814814814814 0.5083333333333333 0.8740740740740741 0.5067708333333333 0.8564814814814815 0.5078125 0.8407407407407408 0.5109375 0.8351851851851851 0.5182291666666666 0.8342592592592593
0 0.6182291666666667 0 0.6390625 0 0.640625 0.003703703703703704 0.6401041666666667 0.019444444444444445 0.6333333333333333 0.05462962962962963 0.6317708333333333 0.05092592592592592 0.6286458333333333 0.05092592592592592 0.6229166666666667 0.058333333333333334 0.6119791666666666 0.058333333333333334 0.60625 0.053703703703703705 0.6067708333333334 0.03425925925925926 0.6135416666666667 0.004629629629629629 0.6182291666666667 0.000925925925925926
0 0.7557291666666667 0.23703703703703705 0.7723958333333333 0.25555555555555554 0.7760416666666666 0.26944444444444443 0.7598958333333333 0.3453703703703704 0.7578125 0.3509259259259259 0.7515625 0.35648148148148145 0.7447916666666666 0.35555555555555557 0.7270833333333333 0.3453703703703704 0.7234375 0.34074074074074073 0.7223958333333333 0.3287037037037037 0.7322916666666667 0.2898148148148148 0.7322916666666667 0.2814814814814815 0.7354166666666667 0.2759259259259259 0.7411458333333333 0.25277777777777777 0.7510416666666667 0.23425925925925925 0.7552083333333334 0.23703703703703705
0 0.728125 0.053703703703703705 0.7348958333333333 0.05555555555555555 0.740625 0.06111111111111111 0.7447916666666666 0.07314814814814814 0.7484375 0.09444444444444444 0.75 0.10833333333333334 0.7489583333333333 0.12777777777777777 0.7463541666666667 0.13425925925925927 0.7395833333333334 0.1361111111111111 0.7270833333333333 0.13518518518518519 0.7208333333333333 0.13055555555555556 0.7119791666666667 0.09074074074074075 0.7119791666666667 0.07777777777777778 0.715625 0.06018518518518518 0.7197916666666667 0.05555555555555555 0.7276041666666667 0.053703703703703705
0 0.8260416666666667 0.26944444444444443 0.8302083333333333 0.27314814814814814 0.8333333333333334 0.28888888888888886 0.8286458333333333 0.3 0.8213541666666667 0.2972222222222222 0.8192708333333333 0.29907407407407405 0.81875 0.3037037037037037 0.8234375 0.3138888888888889 0.8140625 0.3314814814814815 0.8078125 0.31296296296296294 0.8119791666666667 0.2962962962962963 0.815625 0.29259259259259257 0.8145833333333333 0.2861111111111111 0.8171875 0.2777777777777778 0.8203125 0.2722222222222222 0.8255208333333334 0.26944444444444443
0 0.31875 0.1824074074074074 0.34322916666666664 0.19166666666666668 0.353125 0.20092592592592592 0.36302083333333335 0.25925925925925924 0.3625 0.275 0.353125 0.29907407407407405 0.33645833333333336 0.33240740740740743 0.3307291666666667 0.35555555555555557 0.3234375 0.3611111111111111 0.31666666666666665 0.3712962962962963 0.30052083333333335 0.4074074074074074 0.2942708333333333 0.4166666666666667 0.28802083333333334 0.4351851851851852 0.2755208333333333 0.4527777777777778 0.2760416666666667 0.46296296296296297 0.2635416666666667 0.48333333333333334 0.24791666666666667 0.5259259259259259 0.23697916666666666 0.537962962962963 0.2140625 0.5842592592592593 0.20625 0.5953703703703703 0.19322916666666667 0.5925925925925926 0.1640625 0.5675925925925925 0.15 0.5453703703703704 0.14583333333333334 0.5287037037037037 0.13333333333333333 0.5037037037037037 0.1296875 0.5055555555555555 0.125 0.5166666666666667 0.12395833333333334 0.5277777777777778 0.12135416666666667 0.525 0.12083333333333333 0.512962962962963 0.1296875 0.49722222222222223 0.1328125 0.4842592592592593 0.14427083333333332 0.4638888888888889 0.15208333333333332 0.4546296296296296 0.15364583333333334 0.43333333333333335 0.159375 0.41759259259259257 0.16822916666666668 0.4064814814814815 0.18020833333333333 0.3824074074074074 0.19583333333333333 0.3592592592592593 0.20625 0.35648148148148145 0.2171875 0.3425925925925926 0.3078125 0.18888888888888888 0.31354166666666666 0.1824074074074074 0.3182291666666667 0.1824074074074074
0 0.825 0.37962962962962965 0.825 0.3972222222222222 0.8213541666666667 0.4166666666666667 0.8140625 0.42962962962962964 0.80625 0.425 0.8015625 0.4185185185185185 0.8015625 0.4148148148148148 0.809375 0.39444444444444443 0.8208333333333333 0.38055555555555554 0.8244791666666667 0.37962962962962965
1 0.7947916666666667 0.09351851851851851 0.7979166666666667 0.09814814814814815 0.7984375 0.10648148148148148 0.7895833333333333 0.1361111111111111 0.7864583333333334 0.1361111111111111 0.784375 0.12962962962962962 0.7890625 0.1037037037037037 0.7927083333333333 0.09351851851851851 0.7942708333333334 0.09351851851851851
1 0.5203125 0.4388888888888889 0.5260416666666666 0.45740740740740743 0.5260416666666666 0.4638888888888889 0.5192708333333333 0.49074074074074076 0.5140625 0.487962962962963 0.5104166666666666 0.47314814814814815 0.5151041666666667 0.4388888888888889 0.5197916666666667 0.4388888888888889
1 0.06875 0.13148148148148148 0.07760416666666667 0.16111111111111112 0.06875 0.16666666666666666 0.06354166666666666 0.15833333333333333 0.0625 0.1398148148148148 0.0640625 0.13240740740740742 0.06822916666666666 0.13148148148148148
1 0.16822916666666668 0.7870370370370371 0.17604166666666668 0.7935185185185185 0.178125 0.8138888888888889 0.18125 0.825 0.17916666666666667 0.8314814814814815 0.17239583333333333 0.825 0.16875 0.8277777777777777 0.15416666666666667 0.8277777777777777 0.1453125 0.7981481481481482 0.140625 0.7935185185185185 0.14635416666666667 0.787962962962963 0.15416666666666667 0.7907407407407407 0.16770833333333332 0.7870370370370371
1 0.7442708333333333 0.06759259259259259 0.7411458333333333 0.05555555555555555 0.7416666666666667 0.04351851851851852 0.7447916666666666 0.032407407407407406 0.7484375 0.027777777777777776 0.7515625 0.037037037037037035 0.7447916666666666 0.06666666666666667
1 0.2864583333333333 0.875 0.29010416666666666 0.8796296296296297 0.29322916666666665 0.8898148148148148 0.30364583333333334 0.8907407407407407 0.3072916666666667 0.9055555555555556 0.31666666666666665 0.9148148148148149 0.3151041666666667 0.9185185185185185 0.309375 0.9185185185185185 0.3072916666666667 0.9314814814814815 0.3026041666666667 0.9314814814814815 0.2953125 0.9222222222222223 0.2760416666666667 0.9111111111111111 0.2791666666666667 0.8962962962962963 0.2786458333333333 0.8907407407407407 0.2755208333333333 0.8870370370370371 0.2755208333333333 0.8805555555555555 0.2786458333333333 0.8759259259259259 0.2859375 0.875
1 0.584375 0.05185185185185185 0.5875 0.06666666666666667 0.58125 0.09907407407407408 0.5791666666666667 0.09537037037037037 0.5770833333333333 0.06388888888888888 0.5802083333333333 0.053703703703703705 0.5838541666666667 0.05185185185185185
1 0.6942708333333333 0.018518518518518517 0.7 0.018518518518518517 0.6994791666666667 0.03518518518518519 0.6958333333333333 0.05277777777777778 0.6932291666666667 0.05555555555555555 0.6911458333333333 0.05185185185185185 0.6942708333333333 0.019444444444444445
1 0.5885416666666666 0.06481481481481481 0.5932291666666667 0.06296296296296296 0.5953125 0.06666666666666667 0.5958333333333333 0.07592592592592592 0.5927083333333333 0.09907407407407408 0.5916666666666667 0.10185185185185185 0.5885416666666666 0.10092592592592593 0.5864583333333333 0.07777777777777778 0.5885416666666666 0.06574074074074074
1 0.9463541666666667 0.9796296296296296 0.9557291666666666 0.9805555555555555 0.965625 0.987037037037037 0.9682291666666667 0.9935185185185185 0.9666666666666667 0.9990740740740741 0.9411458333333333 0.9990740740740741 0.9416666666666667 0.9879629629629629 0.9395833333333333 0.9805555555555555 0.9458333333333333 0.9796296296296296
1 0.14375 0.04537037037037037 0.1515625 0.05555555555555555 0.14739583333333334 0.06574074074074074 0.14375 0.06574074074074074 0.14114583333333333 0.05555555555555555 0.140625 0.04722222222222222 0.14322916666666666 0.04537037037037037
1 0.1578125 0.027777777777777776 0.16145833333333334 0.030555555555555555 0.16145833333333334 0.05277777777777778 0.1578125 0.05462962962962963 0.15416666666666667 0.049074074074074076 0.15416666666666667 0.02962962962962963 0.15729166666666666 0.028703703703703703
1 0.38333333333333336 0.5148148148148148 0.38697916666666665 0.5148148148148148 0.39375 0.525 0.3963541666666667 0.5333333333333333 0.3953125 0.562037037037037 0.39375 0.5648148148148148 0.38697916666666665 0.562962962962963 0.38229166666666664 0.5333333333333333 0.38177083333333334 0.5203703703703704 0.38333333333333336 0.5157407407407407
1 0.8072916666666666 0.3611111111111111 0.8072916666666666 0.37592592592592594 0.8010416666666667 0.39351851851851855 0.790625 0.40925925925925927 0.7864583333333334 0.4074074074074074 0.7854166666666667 0.4009259259259259 0.7921875 0.38425925925925924 0.7932291666666667 0.375 0.7979166666666667 0.36574074074074076 0.8067708333333333 0.3611111111111111
1 0.6104166666666667 0.1398148148148148 0.6125 0.16111111111111112 0.6088541666666667 0.1824074074074074 0.6020833333333333 0.1935185185185185 0.6 0.18888888888888888 0.603125 0.175 0.603125 0.1527777777777778 0.60625 0.14074074074074075 0.6098958333333333 0.1398148148148148
1 0.5927083333333333 0.037037037037037035 0.5953125 0.04351851851851852 0.5947916666666667 0.05740740740740741 0.5927083333333333 0.06388888888888888 0.5885416666666666 0.06666666666666667 0.5859375 0.05 0.5921875 0.037037037037037035
1 0.14739583333333334 0.787962962962963 0.15104166666666666 0.7898148148148149 0.15208333333333332 0.7935185185185185 0.14895833333333333 0.8074074074074075 0.1546875 0.8194444444444444 0.15520833333333334 0.8277777777777777 0.15052083333333333 0.8277777777777777 0.13333333333333333 0.8138888888888889 0.13229166666666667 0.8101851851851852 0.13229166666666667 0.7953703703703704 0.146875 0.787962962962963
1 0.1265625 0.06759259259259259 0.13177083333333334 0.07777777777777778 0.13385416666666666 0.08796296296296297 0.13333333333333333 0.09444444444444444 0.1296875 0.10185185185185185 0.1265625 0.09907407407407408 0.121875 0.075 0.12239583333333333 0.06759259259259259 0.12604166666666666 0.06759259259259259
1 0.058854166666666666 0.09444444444444444 0.06666666666666667 0.10833333333333334 0.065625 0.11574074074074074 0.06875 0.1259259259259259 0.06770833333333333 0.13055555555555556 0.06354166666666666 0.12685185185185185 0.06041666666666667 0.11666666666666667 0.053125 0.11666666666666667 0.05 0.10925925925925926 0.05 0.09814814814814815 0.052083333333333336 0.09259259259259259 0.05677083333333333 0.09074074074074075 0.058333333333333334 0.09444444444444444
1 0.8765625 0.40925925925925927 0.8796875 0.4185185185185185 0.8796875 0.43148148148148147 0.871875 0.4444444444444444 0.8661458333333333 0.462037037037037 0.8583333333333333 0.4601851851851852 0.8557291666666667 0.45555555555555555 0.8552083333333333 0.44907407407407407 0.8640625 0.43148148148148147 0.8661458333333333 0.4203703703703704 0.8760416666666667 0.4101851851851852
1 0.30052083333333335 0.825925925925926 0.30364583333333334 0.8314814814814815 0.3109375 0.8351851851851851 0.3109375 0.8398148148148148 0.3078125 0.8462962962962963 0.3203125 0.8592592592592593 0.3203125 0.8629629629629629 0.3177083333333333 0.8648148148148148 0.30416666666666664 0.8592592592592593 0.29739583333333336 0.8638888888888889 0.290625 0.8629629629629629 0.29270833333333335 0.8592592592592593 0.29270833333333335 0.8462962962962963 0.2921875 0.8416666666666667 0.28802083333333334 0.8379629629629629 0.2875 0.8342592592592593 0.2947916666666667 0.825 0.3 0.825925925925926
1 0.17864583333333334 0.011111111111111112 0.1859375 0.024074074074074074 0.18958333333333333 0.04722222222222222 0.18541666666666667 0.05 0.17916666666666667 0.03148148148148148 0.1765625 0.019444444444444445 0.178125 0.012037037037037037
1 0.5536458333333333 0.075 0.5578125 0.08425925925925926 0.5546875 0.11944444444444445 0.5505208333333333 0.11944444444444445 0.5489583333333333 0.10185185185185185 0.5494791666666666 0.08425925925925926 0.553125 0.07592592592592592
1 0.421875 0.45185185185185184 0.4244791666666667 0.4527777777777778 0.4322916666666667 0.46944444444444444 0.43072916666666666 0.48333333333333334 0.4317708333333333 0.49166666666666664 0.42604166666666665 0.5157407407407407 0.42239583333333336 0.5148148148148148 0.4239583333333333 0.5064814814814815 0.42291666666666666 0.48703703703703705 0.42135416666666664 0.4842592592592593 0.41458333333333336 0.48703703703703705 0.4166666666666667 0.4675925925925926 0.42135416666666664 0.4527777777777778
1 0.10260416666666666 0.09722222222222222 0.10833333333333334 0.10925925925925926 0.11354166666666667 0.12962962962962962 0.1109375 0.13518518518518519 0.1078125 0.13333333333333333 0.09895833333333333 0.11296296296296296 0.09895833333333333 0.09814814814814815 0.10208333333333333 0.09722222222222222
1 0.16145833333333334 0.387037037037037 0.16822916666666668 0.4 0.1671875 0.4064814814814815 0.16197916666666667 0.412962962962963 0.15729166666666666 0.40185185185185185 0.15729166666666666 0.3907407407407407 0.1609375 0.387037037037037
1 0.23125 0.6592592592592592 0.24114583333333334 0.6685185185185185 0.25 0.6833333333333333 0.2546875 0.6851851851851852 0.25416666666666665 0.6935185185185185 0.24322916666666666 0.700925925925926 0.240625 0.700925925925926 0.23385416666666667 0.6925925925925925 0.22552083333333334 0.6694444444444444 0.225 0.6620370370370371 0.23072916666666668 0.6592592592592592
1 0.5989583333333334 0.03518518518518519 0.6026041666666667 0.037037037037037035 0.6046875 0.04351851851851852 0.5989583333333334 0.08055555555555556 0.5963541666666666 0.07777777777777778 0.5942708333333333 0.06018518518518518 0.5947916666666667 0.04351851851851852 0.5984375 0.03611111111111111
1 0.7010416666666667 0.2351851851851852 0.7046875 0.262037037037037 0.6979166666666666 0.27037037037037037 0.696875 0.287962962962963 0.6947916666666667 0.2916666666666667 0.6885416666666667 0.2851851851851852 0.6911458333333333 0.27870370370370373 0.69375 0.25277777777777777 0.6927083333333334 0.24444444444444444 0.6963541666666667 0.24259259259259258 0.6973958333333333 0.2351851851851852 0.7005208333333334 0.2351851851851852
1 0.03125 0.18611111111111112 0.046875 0.21203703703703702 0.04635416666666667 0.21481481481481482 0.042708333333333334 0.21574074074074073 0.03958333333333333 0.20925925925925926 0.03802083333333333 0.2101851851851852 0.036458333333333336 0.21296296296296297 0.03802083333333333 0.21944444444444444 0.03697916666666667 0.22777777777777777 0.034895833333333334 0.22592592592592592 0.030208333333333334 0.20833333333333334 0.021354166666666667 0.1925925925925926 0.023958333333333335 0.1787037037037037 0.0265625 0.1787037037037037 0.030729166666666665 0.18611111111111112
1 0.00625 0.20833333333333334 0.01875 0.21574074074074073 0.021354166666666667 0.22685185185185186 0.030729166666666665 0.24074074074074073 0.029166666666666667 0.24444444444444444 0.022395833333333334 0.24166666666666667 0.0203125 0.2564814814814815 0.017708333333333333 0.25462962962962965 0.015104166666666667 0.23333333333333334 0.0036458333333333334 0.21388888888888888 0.003125 0.20925925925925926 0.005729166666666666 0.20833333333333334
1 0.5916666666666667 0.13703703703703704 0.5953125 0.14537037037037037 0.5953125 0.16296296296296298 0.5921875 0.1787037037037037 0.5880208333333333 0.18888888888888888 0.5848958333333333 0.18888888888888888 0.5848958333333333 0.14907407407407408 0.5911458333333334 0.13703703703703704
1 0.703125 0.08703703703703704 0.7067708333333333 0.07962962962962963 0.7104166666666667 0.08055555555555556 0.7098958333333333 0.09351851851851851 0.7026041666666667 0.12222222222222222 0.6994791666666667 0.12314814814814815 0.6989583333333333 0.11851851851851852 0.7015625 0.10833333333333334 0.7015625 0.09259259259259259 0.703125 0.08796296296296297
1 0.8447916666666667 0.13333333333333333 0.8526041666666667 0.12314814814814815 0.8546875 0.13703703703703704 0.8447916666666667 0.16666666666666666 0.8416666666666667 0.17037037037037037 0.8348958333333333 0.1675925925925926 0.8447916666666667 0.13425925925925927
1 0.671875 0.8324074074074074 0.6765625 0.8379629629629629 0.6770833333333334 0.8453703703703703 0.6713541666666667 0.8546296296296296 0.6713541666666667 0.8666666666666667 0.6619791666666667 0.8731481481481481 0.6567708333333333 0.8685185185185185 0.6598958333333333 0.8435185185185186 0.6645833333333333 0.8333333333333334 0.6713541666666667 0.8324074074074074
1 0.5973958333333333 0 0.603125 0 0.6020833333333333 0.022222222222222223 0.6 0.025 0.596875 0.022222222222222223 0.5973958333333333 0.000925925925925926
1 0.7083333333333334 0.36018518518518516 0.015625 0.05
1 0.5614583333333333 0.08055555555555556 0.565625 0.09537037037037037 0.5640625 0.11944444444444445 0.5604166666666667 0.12129629629629629 0.5572916666666666 0.12962962962962962 0.5557291666666667 0.12314814814814815 0.5567708333333333 0.09166666666666666 0.5588541666666667 0.08148148148148149 0.5609375 0.08055555555555556
1 0.09739583333333333 0.05462962962962963 0.10208333333333333 0.06111111111111111 0.10416666666666667 0.07037037037037037 0.10416666666666667 0.07685185185185185 0.09895833333333333 0.08333333333333333 0.09322916666666667 0.07592592592592592 0.090625 0.06759259259259259 0.09166666666666666 0.06018518518518518 0.096875 0.05462962962962963
1 0.6255208333333333 0.04814814814814815 0.6296875 0.04814814814814815 0.63125 0.05185185185185185 0.628125 0.0824074074074074 0.6255208333333333 0.08703703703703704 0.6239583333333333 0.08518518518518518 0.6223958333333334 0.062037037037037036 0.6255208333333333 0.049074074074074076
1 0.63125 0.7777777777777778 0.6348958333333333 0.7824074074074074 0.6369791666666667 0.7907407407407407 0.6375 0.8046296296296296 0.6395833333333333 0.812037037037037 0.6395833333333333 0.8166666666666667 0.6380208333333334 0.8175925925925925 0.6286458333333333 0.8175925925925925 0.6265625 0.8083333333333333 0.6166666666666667 0.8175925925925925 0.6114583333333333 0.8148148148148148 0.6119791666666666 0.8092592592592592 0.6239583333333333 0.7972222222222223 0.6260416666666667 0.7796296296296297 0.6307291666666667 0.7777777777777778
1 0.1875 0.962037037037037 0.2015625 0.975925925925926 0.20208333333333334 0.987037037037037 0.2 0.9935185185185185 0.19635416666666666 0.9962962962962963 0.18854166666666666 0.9935185185185185 0.17395833333333333 0.9740740740740741 0.17395833333333333 0.9666666666666667 0.18177083333333333 0.9574074074074074 0.18697916666666667 0.962037037037037
1 0.7583333333333333 0.06018518518518518 0.7604166666666666 0.06481481481481481 0.7604166666666666 0.075 0.753125 0.10277777777777777 0.7510416666666667 0.10555555555555556 0.7494791666666667 0.10185185185185185 0.7515625 0.07685185185185185 0.7546875 0.06481481481481481 0.7578125 0.06111111111111111
1 0.5223958333333333 0.9305555555555556 0.5291666666666667 0.9416666666666667 0.5234375 0.9657407407407408 0.5276041666666667 0.9731481481481481 0.5276041666666667 0.9805555555555555 0.5223958333333333 0.9814814814814815 0.5119791666666667 0.975 0.5083333333333333 0.9675925925925926 0.5109375 0.9611111111111111 0.5104166666666666 0.9462962962962963 0.515625 0.9361111111111111 0.521875 0.9314814814814815
1 0.20416666666666666 0.8907407407407407 0.20989583333333334 0.8953703703703704 0.21979166666666666 0.8935185185185185 0.2234375 0.9083333333333333 0.23177083333333334 0.9111111111111111 0.23020833333333332 0.9194444444444444 0.22395833333333334 0.924074074074074 0.21927083333333333 0.9231481481481482 0.21302083333333333 0.9351851851851852 0.20989583333333334 0.937037037037037 0.20520833333333333 0.9305555555555556 0.1984375 0.9314814814814815 0.2015625 0.9175925925925926 0.19583333333333333 0.8962962962962963 0.2 0.8907407407407407 0.20364583333333333 0.8907407407407407
1 0.7734375 0.20277777777777778 0.7796875 0.1935185185185185 0.7838541666666666 0.19444444444444445 0.7765625 0.22592592592592592 0.7770833333333333 0.24074074074074073 0.7744791666666667 0.23981481481481481 0.7723958333333333 0.22962962962962963 0.765625 0.2361111111111111 0.765625 0.22870370370370371 0.7697916666666667 0.2212962962962963 0.7708333333333334 0.2101851851851852 0.7734375 0.2037037037037037