0 0.6260416666666667 0.18796296296296297 0.6333333333333333 0.19814814814814816 0.6411458333333333 0.21666666666666667 0.640625 0.24351851851851852 0.6333333333333333 0.26481481481481484 0.6296875 0.2601851851851852 0.6197916666666666 0.2574074074074074 0.6015625 0.23148148148148148 0.6015625 0.21666666666666667 0.6057291666666667 0.19444444444444445 0.6177083333333333 0.18425925925925926 0.6223958333333334 0.18425925925925926 0.6255208333333333 0.18796296296296297
0 0.12239583333333333 0.14444444444444443 0.128125 0.14722222222222223 0.13385416666666666 0.15462962962962962 0.13697916666666668 0.1685185185185185 0.13541666666666666 0.17962962962962964 0.13072916666666667 0.18703703703703703 0.12291666666666666 0.1925925925925926 0.11614583333333334 0.20555555555555555 0.10520833333333333 0.21574074074074073 0.09739583333333333 0.23055555555555557 0.09270833333333334 0.23333333333333334 0.07447916666666667 0.23055555555555557 0.0640625 0.22407407407407406 0.05677083333333333 0.2074074074074074 0.05625 0.19444444444444445 0.058333333333333334 0.18425925925925926 0.06666666666666667 0.1712962962962963 0.08177083333333333 0.15648148148148147 0.10052083333333334 0.15185185185185185 0.11041666666666666 0.14537037037037037 0.121875 0.14444444444444443
0 0.6890625 0.4981481481481482 0.70625 0.5074074074074074 0.7458333333333333 0.5407407407407407 0.7572916666666667 0.562037037037037 0.7692708333333333 0.5740740740740741 0.7760416666666666 0.5861111111111111 0.7786458333333334 0.6018518518518519 0.7723958333333333 0.6351851851851852 0.7682291666666666 0.6407407407407407 0.7484375 0.6509259259259259 0.7375 0.6472222222222223 0.725 0.6259259259259259 0.6880208333333333 0.5916666666666667 0.678125 0.5935185185185186 0.6703125 0.5879629629629629 0.6609375 0.5666666666666667 0.6572916666666667 0.5462962962962963 0.6677083333333333 0.5138888888888888 0.6765625 0.5009259259259259 0.6885416666666667 0.4981481481481482
0 0.8973958333333333 0.6796296296296296 0.903125 0.6851851851851852 0.9151041666666667 0.6888888888888889 0.9348958333333334 0.7018518518518518 0.9604166666666667 0.725 0.971875 0.7518518518518519 0.9895833333333334 0.774074074074074 0.9942708333333333 0.787962962962963 0.9947916666666666 0.8185185185185185 0.990625 0.8351851851851851 0.9854166666666667 0.8416666666666667 0.9723958333333333 0.8444444444444444 0.9630208333333333 0.8425925925925926 0.95625 0.837037037037037 0.9473958333333333 0.8212962962962963 0.928125 0.8018518518518518 0.9296875 0.7759259259259259 0.9255208333333333 0.7675925925925926 0.91875 0.7666666666666667 0.9078125 0.7787037037037037 0.9041666666666667 0.7787037037037037 0.896875 0.7722222222222223 0.8864583333333333 0.7685185185185185 0.8807291666666667 0.7620370370370371 0.8755208333333333 0.7407407407407407 0.8755208333333333 0.7287037037037037 0.8786458333333333 0.7092592592592593 0.8833333333333333 0.6981481481481482 0.896875 0.6805555555555556
0 0.225 0 0.23072916666666668 0.001851851851851852 0.23697916666666666 0.020370370370370372 0.234375 0.028703703703703703 0.22395833333333334 0.03888888888888889 0.221875 0.03796296296296296 0.21770833333333334 0.02962962962962963 0.21770833333333334 0.017592592592592594 0.225 0.000925925925925926
0 0.8786458333333333 0.5009259259259259 0.9041666666666667 0.5185185185185185 0.91875 0.5324074074074074 0.9213541666666667 0.5388888888888889 0.9182291666666667 0.5814814814814815 0.915625 0.5925925925925926 0.9125 0.5962962962962963 0.8875 0.5916666666666667 0.8666666666666667 0.5731481481481482 0.85625 0.5740740740740741 0.8489583333333334 0.5657407407407408 0.8473958333333333 0.5425925925925926 0.8557291666666667 0.5222222222222223 0.86875 0.5018518518518519 0.878125 0.5009259259259259
0 0.66875 0.2037037037037037 0.678125 0.2074074074074074 0.684375 0.20462962962962963 0.6885416666666667 0.20925925925925926 0.6880208333333333 0.225 0.6901041666666666 0.23148148148148148 0.6901041666666666 0.24166666666666667 0.6875 0.24537037037037038 0.6723958333333333 0.2351851851851852 0.6640625 0.225 0.6635416666666667 0.20833333333333334 0.6682291666666667 0.2037037037037037
0 0.24791666666666667 0.05 0.2578125 0.06018518518518518 0.259375 0.07037037037037037 0.2557291666666667 0.08148148148148149 0.24427083333333333 0.09166666666666666 0.240625 0.09074074074074075 0.2359375 0.06666666666666667 0.23802083333333332 0.06296296296296296 0.24166666666666667 0.06481481481481481 0.24427083333333333 0.05185185185185185 0.24739583333333334 0.05
0 0.5088541666666667 0.2675925925925926 0.5125 0.2722222222222222 0.5197916666666667 0.29907407407407405 0.5192708333333333 0.3296296296296296 0.515625 0.35185185185185186 0.5119791666666667 0.3574074074074074 0.5057291666666667 0.3472222222222222 0.4984375 0.3416666666666667 0.4947916666666667 0.32685185185185184 0.484375 0.3138888888888889 0.4828125 0.2935185185185185 0.484375 0.27314814814814814 0.4869791666666667 0.26481481481481484 0.5046875 0.2601851851851852 0.5083333333333333 0.2675925925925926
0 0.5942708333333333 0.30648148148148147 0.609375 0.3314814814814815 0.63125 0.37592592592592594 0.6354166666666666 0.39537037037037037 0.6416666666666667 0.4111111111111111 0.6421875 0.42777777777777776 0.6395833333333333 0.4388888888888889 0.6364583333333333 0.4444444444444444 0.6213541666666667 0.4564814814814815 0.6125 0.45555555555555555 0.603125 0.44722222222222224 0.5942708333333333 0.41944444444444445 0.5765625 0.38425925925925924 0.5666666666666667 0.37407407407407406 0.5640625 0.3638888888888889 0.5614583333333333 0.3416666666666667 0.5666666666666667 0.32407407407407407 0.578125 0.30648148148148147 0.5848958333333333 0.30277777777777776 0.590625 0.30277777777777776 0.59375 0.30648148148148147
0 0.26875 0.21666666666666667 0.27239583333333334 0.21666666666666667 0.2734375 0.21944444444444444 0.28177083333333336 0.21666666666666667 0.2838541666666667 0.21944444444444444 0.2828125 0.25555555555555554 0.2755208333333333 0.26851851851851855 0.26875 0.26944444444444443 0.2635416666666667 0.25277777777777777 0.26510416666666664 0.23055555555555557 0.26875 0.22314814814814815 0.26875 0.2175925925925926
0 0.9515625 0.6027777777777777 0.9604166666666667 0.6046296296296296 0.9994791666666667 0.6277777777777778 0.9994791666666667 0.6824074074074075 0.9911458333333333 0.6916666666666667 0.9739583333333334 0.6916666666666667 0.9671875 0.6851851851851852 0.9536458333333333 0.6842592592592592 0.9458333333333333 0.6768518518518518 0.928125 0.6787037037037037 0.9239583333333333 0.675 0.9197916666666667 0.6546296296296297 0.9192708333333334 0.6268518518518519 0.9317708333333333 0.6101851851851852 0.9432291666666667 0.6027777777777777 0.9510416666666667 0.6027777777777777
0 0.41822916666666665 0.85 0.42083333333333334 0.8546296296296296 0.41822916666666665 0.8777777777777778 0.4078125 0.8981481481481481 0.40625 0.9074074074074074 0.4010416666666667 0.9148148148148149 0.3984375 0.9268518518518518 0.39114583333333336 0.9361111111111111 0.3854166666666667 0.950925925925926 0.38229166666666664 0.9490740740740741 0.3807291666666667 0.9398148148148148 0.384375 0.9074074074074074 0.3953125 0.8888888888888888 0.4046875 0.8583333333333333 0.409375 0.8518518518518519 0.41770833333333335 0.85
0 0.6375 0.8694444444444445 0.6447916666666667 0.8842592592592593 0.6484375 0.9046296296296297 0.6489583333333333 0.9212962962962963 0.6479166666666667 0.9777777777777777 0.640625 0.9851851851851852 0.6333333333333333 0.975925925925926 0.625 0.9074074074074074 0.628125 0.8768518518518519 0.6333333333333333 0.8694444444444445 0.6369791666666667 0.8694444444444445
0 0.5333333333333333 0.14351851851851852 0.5369791666666667 0.14629629629629629 0.5401041666666667 0.15555555555555556 0.5489583333333333 0.20555555555555555 0.553125 0.24166666666666667 0.5505208333333333 0.2611111111111111 0.54375 0.26851851851851855 0.5364583333333334 0.26851851851851855 0.5302083333333333 0.2537037037037037 0.528125 0.25462962962962965 0.5260416666666666 0.26296296296296295 0.5223958333333333 0.2638888888888889 0.51875 0.2601851851851852 0.5109375 0.20277777777777778 0.5114583333333333 0.16296296296296298 0.5151041666666667 0.15 0.5229166666666667 0.14351851851851852 0.5328125 0.14351851851851852
0 0.3458333333333333 0.32592592592592595 0.3484375 0.32685185185185184 0.35208333333333336 0.33611111111111114 0.3703125 0.337037037037037 0.3828125 0.3509259259259259 0.4010416666666667 0.35833333333333334 0.40520833333333334 0.3731481481481482 0.4046875 0.40925925925925927 0.4010416666666667 0.4185185185185185 0.39166666666666666 0.42962962962962964 0.3828125 0.42685185185185187 0.37447916666666664 0.4185185185185185 0.35572916666666665 0.4185185185185185 0.3411458333333333 0.41388888888888886 0.33177083333333335 0.4166666666666667 0.3255208333333333 0.4287037037037037 0.32135416666666666 0.43148148148148147 0.31354166666666666 0.4305555555555556 0.30416666666666664 0.4203703703703704 0.29583333333333334 0.4222222222222222 0.2921875 0.4185185185185185 0.28802083333333334 0.39814814814814814 0.28802083333333334 0.38981481481481484 0.2921875 0.38333333333333336 0.29635416666666664 0.36666666666666664 0.2953125 0.3416666666666667 0.296875 0.3388888888888889 0.3255208333333333 0.33796296296296297 0.3328125 0.3277777777777778 0.3453125 0.32592592592592595
0 0.8057291666666667 0.14074074074074075 0.8067708333333333 0.14722222222222223 0.8135416666666667 0.14074074074074075 0.8161458333333333 0.14722222222222223 0.8119791666666667 0.17777777777777778 0.8088541666666667 0.18611111111111112 0.8067708333333333 0.18611111111111112 0.7973958333333333 0.17222222222222222 0.7994791666666666 0.14629629629629629 0.8052083333333333 0.14074074074074075
0 0.2635416666666667 0.4046296296296296 0.30416666666666664 0.4305555555555556 0.38645833333333335 0.49444444444444446 0.3927083333333333 0.5018518518518519 0.4015625 0.55 0.4005208333333333 0.5777777777777777 0.3770833333333333 0.6361111111111111 0.3697916666666667 0.6462962962962963 0.3380208333333333 0.6175925925925926 0.3171875 0.6166666666666667 0.30104166666666665 0.5962962962962963 0.234375 0.5388888888888889 0.21354166666666666 0.5111111111111111 0.20885416666666667 0.5092592592592593 0.20625 0.5120370370370371 0.20625 0.5074074074074074 0.19947916666666668 0.49074074074074076 0.19895833333333332 0.4824074074074074 0.20208333333333334 0.45925925925925926 0.209375 0.4425925925925926 0.2140625 0.43796296296296294 0.22239583333333332 0.4212962962962963 0.23541666666666666 0.4101851851851852 0.24427083333333333 0.40925925925925927 0.25625 0.4027777777777778 0.2630208333333333 0.4046296296296296
0 0.725 0.9055555555555556 0.7307291666666667 0.9101851851851852 0.7333333333333333 0.9175925925925926 0.7338541666666667 0.9351851851851852 0.7286458333333333 0.9629629629629629 0.7307291666666667 0.9657407407407408 0.7380208333333333 0.9657407407407408 0.7411458333333333 0.9703703703703703 0.7354166666666667 0.9907407407407407 0.7296875 0.9990740740740741 0.7114583333333333 0.9990740740740741 0.7088541666666667 0.9796296296296296 0.709375 0.9296296296296296 0.7177083333333333 0.9055555555555556 0.7244791666666667 0.9055555555555556
0 0.20052083333333334 0.2601851851851852 0.21197916666666666 0.26481481481481484 0.21666666666666667 0.27037037037037037 0.22135416666666666 0.2777777777777778 0.22395833333333334 0.28888888888888886 0.22447916666666667 0.3 0.22239583333333332 0.3138888888888889 0.2140625 0.3277777777777778 0.21041666666666667 0.3453703703703704 0.20677083333333332 0.3490740740740741 0.19583333333333333 0.3490740740740741 0.18177083333333333 0.3416666666666667 0.17447916666666666 0.31203703703703706 0.175 0.30092592592592593 0.17864583333333334 0.2898148148148148 0.19270833333333334 0.26481481481481484 0.2 0.2601851851851852
0 0.24010416666666667 0.33055555555555555 0.2359375 0.34629629629629627 0.24166666666666667 0.35648148148148145 0.24322916666666666 0.3453703703703704 0.24791666666666667 0.3425925925925926 0.2546875 0.3527777777777778 0.2552083333333333 0.3611111111111111 0.25104166666666666 0.37407407407407406 0.24114583333333334 0.3851851851851852 0.24010416666666667 0.3962962962962963 0.23541666666666666 0.40370370370370373 0.23020833333333332 0.4009259259259259 0.2296875 0.3861111111111111 0.22708333333333333 0.37592592592592594 0.23385416666666667 0.33425925925925926 0.2375 0.3296296296296296 0.23958333333333334 0.33055555555555555
0 0.6239583333333333 0 0.6484375 0 0.6463541666666667 0.011111111111111112 0.6401041666666667 0.018518518518518517 0.6239583333333333 0.014814814814814815 0.6223958333333334 0.011111111111111112 0.6239583333333333 0.000925925925925926
0 0.17552083333333332 0.17407407407407408 0.18072916666666666 0.17777777777777778 0.18385416666666668 0.18611111111111112 0.18385416666666668 0.20925925925925926 0.1671875 0.2222222222222222 0.15260416666666668 0.24259259259259258 0.14947916666666666 0.25462962962962965 0.14427083333333332 0.25833333333333336 0.1265625 0.2564814814814815 0.115625 0.2490740740740741 0.1125 0.24444444444444444 0.10989583333333333 0.22685185185185186 0.11927083333333334 0.20277777777777778 0.1328125 0.18425925925925926 0.13802083333333334 0.18055555555555555 0.14739583333333334 0.1814814814814815 0.16197916666666667 0.17222222222222222 0.175 0.17407407407407408
0 0.115625 0.35833333333333334 0.1234375 0.36574074074074076 0.12552083333333333 0.38055555555555554 0.12864583333333332 0.3888888888888889 0.128125 0.3972222222222222 0.13125 0.40370370370370373 0.13125 0.41388888888888886 0.12552083333333333 0.4212962962962963 0.11302083333333333 0.42407407407407405 0.10364583333333334 0.43148148148148147 0.09583333333333334 0.44166666666666665 0.08333333333333333 0.45185185185185184 0.0765625 0.4703703703703704 0.06770833333333333 0.47685185185185186 0.04635416666666667 0.475 0.03697916666666667 0.46111111111111114 0.03229166666666667 0.45925925925925926 0.023958333333333335 0.44537037037037036 0.017708333333333333 0.4212962962962963 0.01875 0.4148148148148148 0.0296875 0.40555555555555556 0.03802083333333333 0.387037037037037 0.0640625 0.3675925925925926 0.07083333333333333 0.36574074074074076 0.08489583333333334 0.3712962962962963 0.10885416666666667 0.3574074074074074 0.11510416666666666 0.35833333333333334
0 0.778125 0.16018518518518518 0.7828125 0.1638888888888889 0.7932291666666667 0.18611111111111112 0.8005208333333333 0.21203703703703702 0.8010416666666667 0.22407407407407406 0.8067708333333333 0.2490740740740741 0.8041666666666667 0.25833333333333336 0.79375 0.26944444444444443 0.7848958333333333 0.26851851851851855 0.76875 0.25277777777777777 0.7671875 0.24259259259259258 0.7703125 0.23425925925925925 0.7604166666666666 0.22314814814814815 0.7520833333333333 0.2 0.7552083333333334 0.175 0.7609375 0.1574074074074074 0.7776041666666667 0.16018518518518518
0 0.415625 0.03611111111111111 0.4348958333333333 0.044444444444444446 0.43854166666666666 0.05092592592592592 0.440625 0.06759259259259259 0.4401041666666667 0.11944444444444445 0.42239583333333336 0.1574074074074074 0.4192708333333333 0.16944444444444445 0.3984375 0.19907407407407407 0.3848958333333333 0.23055555555555557 0.36770833333333336 0.26296296296296295 0.3619791666666667 0.2824074074074074 0.34270833333333334 0.3055555555555556 0.33645833333333336 0.3212962962962963 0.33229166666666665 0.325 0.3109375 0.3175925925925926 0.296875 0.30833333333333335 0.29322916666666665 0.30277777777777776 0.2869791666666667 0.27685185185185185 0.284375 0.25462962962962965 0.2838541666666667 0.22962962962962963 0.2859375 0.21574074074074073 0.29375 0.2064814814814815 0.296875 0.19074074074074074 0.3026041666666667 0.17685185185185184 0.32447916666666665 0.1425925925925926 0.33541666666666664 0.1388888888888889 0.33958333333333335 0.13333333333333333 0.40208333333333335 0.03611111111111111 0.41510416666666666 0.03611111111111111
0 0.9682291666666667 0.4935185185185185 0.9807291666666667 0.5037037037037037 0.99375 0.5212962962962963 0.9994791666666667 0.525 0.9994791666666667 0.5777777777777777 0.9901041666666667 0.575 0.984375 0.5694444444444444 0.9692708333333333 0.5740740740740741 0.9625 0.5675925925925925 0.9536458333333333 0.5398148148148149 0.9536458333333333 0.5092592592592593 0.959375 0.49722222222222223 0.9677083333333333 0.4935185185185185
0 0.6130208333333333 0.7842592592592592 0.6255208333333333 0.7898148148148149 0.6276041666666666 0.8 0.6390625 0.8138888888888889 0.6380208333333334 0.8231481481481482 0.6265625 0.8398148148148148 0.6208333333333333 0.8324074074074074 0.6140625 0.8314814814814815 0.5854166666666667 0.8148148148148148 0.5817708333333333 0.8092592592592592 0.584375 0.8009259259259259 0.59375 0.7888888888888889 0.6125 0.7842592592592592
0 0.20364583333333333 0.4074074074074074 0.20677083333333332 0.4101851851851852 0.21041666666666667 0.4287037037037037 0.20989583333333334 0.4361111111111111 0.2 0.4546296296296296 0.18333333333333332 0.46574074074074073 0.18072916666666666 0.4638888888888889 0.178125 0.4546296296296296 0.17916666666666667 0.4361111111111111 0.18333333333333332 0.42777777777777776 0.1890625 0.4305555555555556 0.19322916666666667 0.4287037037037037 0.19479166666666667 0.425 0.19427083333333334 0.4185185185185185 0.203125 0.4074074074074074
0 0.3015625 0 0.30885416666666665 0 0.31197916666666664 0.004629629629629629 0.31875 0.03148148148148148 0.3177083333333333 0.044444444444444446 0.3072916666666667 0.062037037037037036 0.303125 0.06481481481481481 0.28958333333333336 0.058333333333333334 0.2864583333333333 0.05092592592592592 0.2859375 0.021296296296296296 0.29270833333333335 0.008333333333333333 0.3015625 0.000925925925925926
0 0.5151041666666667 0.8398148148148148 0.5229166666666667 0.8703703703703703 0.5317708333333333 0.8787037037037037 0.5328125 0.8925925925925926 0.5302083333333333 0.9120370370370371 0.5302083333333333 0.9305555555555556 0.5260416666666666 0.9398148148148148 0.5223958333333333 0.9425925925925925 0.5182291666666666 0.9398148148148148 0.5151041666666667 0.9194444444444444 0.5083333333333333 0.9046296296296297 0.5015625 0.8703703703703703 0.5015625 0.8462962962962963 0.503125 0.8416666666666667 0.5083333333333333 0.837037037037037 0.5145833333333333 0.8398148148148148
0 0.47604166666666664 0.5833333333333334 0.5057291666666667 0.600925925925926 0.5520833333333334 0.6453703703703704 0.553125 0.6574074074074074 0.5505208333333333 0.6759259259259259 0.5427083333333333 0.7055555555555556 0.5354166666666667 0.7185185185185186 0.515625 0.7148148148148148 0.5067708333333333 0.7 0.4666666666666667 0.6675925925925926 0.4557291666666667 0.6657407407407407 0.44947916666666665 0.6574074074074074 0.4432291666666667 0.6287037037037037 0.44583333333333336 0.6092592592592593 0.453125 0.5907407407407408 0.4588541666666667 0.5833333333333334 0.4666666666666667 0.5796296296296296 0.47552083333333334 0.5833333333333334
0 0.6197916666666666 0.08518518518518518 0.6411458333333333 0.09074074074074075 0.6526041666666667 0.09907407407407408 0.6541666666666667 0.10925925925925926 0.6510416666666666 0.14722222222222223 0.634375 0.15833333333333333 0.6296875 0.15555555555555556 0.6260416666666667 0.14814814814814814 0.6166666666666667 0.14444444444444443 0.6 0.1398148148148148 0.5875 0.14351851851851852 0.5755208333333334 0.12962962962962962 0.5760416666666667 0.10555555555555556 0.5807291666666666 0.09537037037037037 0.6057291666666667 0.08611111111111111 0.6192708333333333 0.08518518518518518
0 0.6765625 0.29907407407407405 0.6890625 0.3111111111111111 0.7020833333333333 0.3296296296296296 0.7104166666666667 0.34444444444444444 0.7130208333333333 0.35555555555555557 0.7213541666666666 0.37222222222222223 0.7223958333333333 0.3861111111111111 0.7203125 0.3972222222222222 0.7140625 0.4083333333333333 0.7010416666666667 0.41759259259259257 0.6885416666666667 0.4111111111111111 0.68125 0.39166666666666666 0.6625 0.3638888888888889 0.6505208333333333 0.35185185185185186 0.6494791666666667 0.3314814814814815 0.6526041666666667 0.32037037037037036 0.6640625 0.3037037037037037 0.6703125 0.29907407407407405 0.6760416666666667 0.29907407407407405
0 0.16458333333333333 0.5166666666666667 0.19322916666666667 0.5425925925925926 0.20104166666666667 0.5574074074074075 0.20989583333333334 0.5814814814814815 0.21197916666666666 0.5990740740740741 0.21041666666666667 0.6083333333333333 0.203125 0.6046296296296296 0.1875 0.6064814814814815 0.16822916666666668 0.5962962962962963 0.16197916666666667 0.5972222222222222 0.14739583333333334 0.575 0.14114583333333333 0.5564814814814815 0.14166666666666666 0.55 0.15833333333333333 0.5185185185185185 0.1640625 0.5166666666666667
0 0.6135416666666667 0.8740740740740741 0.6161458333333333 0.8768518518518519 0.6197916666666666 0.8907407407407407 0.6192708333333333 0.9055555555555556 0.6161458333333333 0.912962962962963 0.615625 0.9222222222222223 0.6203125 0.9490740740740741 0.6161458333333333 0.9694444444444444 0.6125 0.9731481481481481 0.6057291666666667 0.9722222222222222 0.6015625 0.9666666666666667 0.5963541666666666 0.9435185185185185 0.5963541666666666 0.9361111111111111 0.6015625 0.912962962962963 0.6020833333333333 0.887962962962963 0.6046875 0.8796296296296297 0.6130208333333333 0.8740740740740741
0 0.7130208333333333 0 0.7192708333333333 0.004629629629629629 0.721875 0.011111111111111112 0.7223958333333333 0.019444444444444445 0.7276041666666667 0.03796296296296296 0.7255208333333333 0.05 0.7203125 0.05740740740740741 0.7046875 0.058333333333333334 0.6958333333333333 0.046296296296296294 0.6953125 0.040740740740740744 0.6958333333333333 0.026851851851851852 0.7005208333333334 0.007407407407407408 0.7130208333333333 0.000925925925925926
0 0.24114583333333334 0.27037037037037037 0.25885416666666666 0.2824074074074074 0.2604166666666667 0.28703703703703703 0.259375 0.29444444444444445 0.24010416666666667 0.32407407407407407 0.23645833333333333 0.325 0.22916666666666666 0.3194444444444444 0.2265625 0.3138888888888889 0.2265625 0.30462962962962964 0.23072916666666668 0.2962962962962963 0.234375 0.2916666666666667 0.24166666666666667 0.29814814814814816 0.24427083333333333 0.2935185185185185 0.24322916666666666 0.2833333333333333 0.24010416666666667 0.2759259259259259 0.240625 0.2712962962962963
0 0.4583333333333333 0 0.46822916666666664 0 0.4671875 0.012037037037037037 0.46041666666666664 0.022222222222222223 0.45677083333333335 0.01574074074074074 0.4583333333333333 0.000925925925925926
1 0.4583333333333333 0.42592592592592593 0.4630208333333333 0.4324074074074074 0.46458333333333335 0.44166666666666665 0.45989583333333334 0.48518518518518516 0.45677083333333335 0.48333333333333334 0.45677083333333335 0.4685185185185185 0.4515625 0.4537037037037037 0.4505208333333333 0.44351851851851853 0.45208333333333334 0.43148148148148147 0.4557291666666667 0.42314814814814816 0.4578125 0.42592592592592593
1 0.35260416666666666 0.7851851851851852 0.35572916666666665 0.7888888888888889 0.3536458333333333 0.8037037037037037 0.35885416666666664 0.8148148148148148 0.359375 0.8212962962962963 0.35208333333333336 0.8379629629629629 0.3453125 0.8277777777777777 0.34479166666666666 0.8166666666666667 0.3375 0.7972222222222223 0.3380208333333333 0.7916666666666666 0.34270833333333334 0.7851851851851852 0.35208333333333336 0.7851851851851852
1 0.6619791666666667 0.12685185185185185 0.6614583333333334 0.15185185185185185 0.6567708333333333 0.1712962962962963 0.6520833333333333 0.17592592592592593 0.6505208333333333 0.17592592592592593 0.6505208333333333 0.17222222222222222 0.6526041666666667 0.1638888888888889 0.6526041666666667 0.14074074074074075 0.6614583333333334 0.12685185185185185
1 0.09479166666666666 0.05740740740740741 0.09895833333333333 0.06666666666666667 0.10572916666666667 0.09351851851851851 0.103125 0.0962962962962963 0.096875 0.09537037037037037 0.09427083333333333 0.07962962962962963 0.08802083333333334 0.07037037037037037 0.08802083333333334 0.05925925925925926 0.090625 0.05555555555555555 0.09427083333333333 0.05740740740740741
1 0.825 0.021296296296296296 0.8270833333333333 0.025 0.8270833333333333 0.03148148148148148 0.8208333333333333 0.05925925925925926 0.8177083333333334 0.06481481481481481 0.8119791666666667 0.05648148148148148 0.8166666666666667 0.04351851851851852 0.81875 0.02962962962962963 0.8244791666666667 0.021296296296296296
1 0.11197916666666667 0.028703703703703703 0.11979166666666667 0.05740740740740741 0.109375 0.06481481481481481 0.109375 0.05555555555555555 0.1046875 0.032407407407407406 0.10885416666666667 0.026851851851851852 0.11145833333333334 0.028703703703703703
1 0.53125 0.2518518518518518 0.5369791666666667 0.26481481481481484 0.5395833333333333 0.29444444444444445 0.5364583333333334 0.2972222222222222 0.5328125 0.287962962962963 0.5302083333333333 0.28888888888888886 0.5265625 0.30277777777777776 0.5239583333333333 0.3 0.5265625 0.27870370370370373 0.5260416666666666 0.26666666666666666 0.5276041666666667 0.25277777777777777 0.5307291666666667 0.2518518518518518
1 0.7911458333333333 0.9148148148148149 0.8015625 0.9101851851851852 0.8041666666666667 0.9111111111111111 0.8067708333333333 0.9175925925925926 0.80625 0.9351851851851852 0.7973958333333333 0.9462962962962963 0.8 0.9555555555555556 0.7984375 0.9592592592592593 0.7958333333333333 0.9592592592592593 0.7880208333333333 0.9435185185185185 0.7723958333333333 0.9324074074074075 0.7723958333333333 0.9287037037037037 0.778125 0.925 0.7817708333333333 0.9157407407407407 0.790625 0.9148148148148149
1 0.1234375 0.011111111111111112 0.1265625 0.014814814814814815 0.13385416666666666 0.03796296296296296 0.13385416666666666 0.04259259259259259 0.13020833333333334 0.04722222222222222 0.11927083333333334 0.022222222222222223 0.11927083333333334 0.014814814814814815 0.12291666666666666 0.011111111111111112
1 0.790625 0.0962962962962963 0.7942708333333334 0.10092592592592593 0.7942708333333334 0.11018518518518519 0.7833333333333333 0.1425925925925926 0.7796875 0.1425925925925926 0.7786458333333334 0.13518518518518519 0.784375 0.10740740740740741 0.7901041666666667 0.0962962962962963
1 0 0.19074074074074074 0.0125 0.19166666666666668 0.026041666666666668 0.22870370370370371 0.026041666666666668 0.23425925925925925 0.023958333333333335 0.23703703703703705 0.018229166666666668 0.23425925925925925 0.004166666666666667 0.2064814814814815 0.0020833333333333333 0.19722222222222222 0 0.1962962962962963 0 0.19166666666666668
1 0.490625 0.4351851851851852 0.4942708333333333 0.4527777777777778 0.4875 0.47685185185185186 0.484375 0.47685185185185186 0.48072916666666665 0.4537037037037037 0.48072916666666665 0.44166666666666665 0.484375 0.42685185185185187 0.4875 0.42592592592592593 0.4901041666666667 0.4351851851851852
1 0.8161458333333333 0.38333333333333336 0.8166666666666667 0.3962962962962963 0.8140625 0.4074074074074074 0.8078125 0.42407407407407405 0.8005208333333333 0.4361111111111111 0.7973958333333333 0.4361111111111111 0.7958333333333333 0.4305555555555556 0.7973958333333333 0.4111111111111111 0.8114583333333333 0.38333333333333336 0.815625 0.38333333333333336
1 0.4328125 0.40370370370370373 0.440625 0.4185185185185185 0.4401041666666667 0.44351851851851853 0.43645833333333334 0.44907407407407407 0.4354166666666667 0.4583333333333333 0.4322916666666667 0.45740740740740743 0.43072916666666666 0.44074074074074077 0.4265625 0.4324074074074074 0.4276041666666667 0.4148148148148148 0.4322916666666667 0.40370370370370373
1 0.029166666666666667 0.13148148148148148 0.034375 0.1361111111111111 0.040625 0.15092592592592594 0.04375 0.17222222222222222 0.03958333333333333 0.17314814814814813 0.03177083333333333 0.15925925925925927 0.025520833333333333 0.1537037037037037 0.023958333333333335 0.1361111111111111 0.028645833333333332 0.13240740740740742
1 0.8697916666666666 0.4148148148148148 0.8734375 0.4203703703703704 0.8729166666666667 0.4351851851851852 0.8588541666666667 0.4685185185185185 0.85 0.4648148148148148 0.8484375 0.4546296296296296 0.8572916666666667 0.43703703703703706 0.8588541666666667 0.425 0.8692708333333333 0.4148148148148148
1 0.30625 0.8240740740740741 0.309375 0.8277777777777777 0.31354166666666666 0.8462962962962963 0.32135416666666666 0.8481481481481481 0.32083333333333336 0.8537037037037037 0.3109375 0.8583333333333333 0.3078125 0.875 0.3046875 0.8740740740740741 0.29635416666666664 0.8555555555555555 0.29322916666666665 0.8342592592592593 0.29739583333333336 0.8268518518518518 0.30572916666666666 0.8240740740740741
1 0.5145833333333333 0.5638888888888889 0.51875 0.5879629629629629 0.51875 0.5962962962962963 0.5161458333333333 0.6 0.5151041666666667 0.6074074074074074 0.5119791666666667 0.6074074074074074 0.5036458333333333 0.5925925925925926 0.5036458333333333 0.5777777777777777 0.5088541666666667 0.5611111111111111 0.5119791666666667 0.5601851851851852 0.5140625 0.5638888888888889
1 0.4270833333333333 0.9462962962962963 0.4328125 0.9564814814814815 0.4317708333333333 0.9805555555555555 0.43802083333333336 0.987037037037037 0.4375 0.9907407407407407 0.4270833333333333 0.9953703703703703 0.4197916666666667 0.9944444444444445 0.415625 0.9861111111111112 0.4203125 0.9564814814814815 0.42291666666666666 0.9490740740740741 0.4265625 0.9462962962962963
1 0.11770833333333333 0.7481481481481481 0.12760416666666666 0.7675925925925926 0.140625 0.7861111111111111 0.13697916666666668 0.7925925925925926 0.12760416666666666 0.7833333333333333 0.11822916666666666 0.7870370370370371 0.10885416666666667 0.7787037037037037 0.10572916666666667 0.7694444444444445 0.10520833333333333 0.7537037037037037 0.1125 0.7453703703703703 0.11614583333333334 0.7453703703703703 0.1171875 0.7481481481481481
1 0.5432291666666667 0.1398148148148148 0.55 0.14907407407407408 0.5510416666666667 0.15462962962962962 0.546875 0.175 0.546875 0.18333333333333332 0.5432291666666667 0.1814814814814815 0.5401041666666667 0.16018518518518518 0.5401041666666667 0.15 0.5427083333333333 0.14074074074074075
1 0.01875 0.3768518518518518 0.0359375 0.38333333333333336 0.0375 0.3888888888888889 0.03333333333333333 0.40185185185185185 0.0234375 0.412962962962963 0.019270833333333334 0.412962962962963 0.015625 0.40185185185185185 0.015104166666666667 0.3851851851851852 0.015625 0.3787037037037037 0.018229166666666668 0.37777777777777777
1 0.3567708333333333 0.7194444444444444 0.3640625 0.737037037037037 0.3723958333333333 0.7407407407407407 0.3734375 0.7462962962962963 0.36822916666666666 0.7490740740740741 0.36302083333333335 0.7583333333333333 0.36041666666666666 0.7712962962962963 0.35625 0.7768518518518519 0.3546875 0.7759259259259259 0.3572916666666667 0.7648148148148148 0.3567708333333333 0.7574074074074074 0.35 0.7379629629629629 0.35 0.7231481481481481 0.35208333333333336 0.7194444444444444 0.35625 0.7194444444444444
1 0.26510416666666664 0.812037037037037 0.2671875 0.8194444444444444 0.26458333333333334 0.8398148148148148 0.2578125 0.8481481481481481 0.2546875 0.8481481481481481 0.25416666666666665 0.8379629629629629 0.24583333333333332 0.8157407407407408 0.2515625 0.8101851851851852 0.26458333333333334 0.812037037037037
1 0 0.5722222222222222 0.016145833333333335 0.5879629629629629 0.015625 0.5916666666666667 0.011979166666666667 0.5944444444444444 0.005729166666666666 0.5944444444444444 0 0.6037037037037037 0 0.5731481481481482
1 0.69296875 0.031018518518518518 0.008854166666666666 0.041666666666666664
1 0.1203125 0.10092592592592593 0.11927083333333334 0.0962962962962963 0.11927083333333334 0.10185185185185185 0.115625 0.10462962962962963 0.10885416666666667 0.0787037037037037 0.109375 0.06296296296296296 0.11302083333333333 0.06296296296296296 0.11770833333333333 0.07222222222222222 0.12447916666666667 0.09722222222222222 0.1234375 0.10092592592592593 0.12083333333333333 0.10092592592592593
1 0.70625 0.25555555555555554 0.7104166666666667 0.25833333333333336 0.7130208333333333 0.2824074074074074 0.7067708333333333 0.28888888888888886 0.7005208333333334 0.30925925925925923 0.6973958333333333 0.30925925925925923 0.6953125 0.3 0.6989583333333333 0.287962962962963 0.7015625 0.2675925925925926 0.70625 0.2564814814814815
1 0.4479166666666667 0.4101851851851852 0.45625 0.4203703703703704 0.45625 0.425 0.4510416666666667 0.43425925925925923 0.45364583333333336 0.46111111111111114 0.44947916666666665 0.4703703703703704 0.44895833333333335 0.44722222222222224 0.4432291666666667 0.4287037037037037 0.4453125 0.4111111111111111 0.4473958333333333 0.4101851851851852
1 0.32083333333333336 0.8768518518518519 0.32447916666666665 0.8814814814814815 0.32447916666666665 0.8962962962962963 0.3223958333333333 0.9111111111111111 0.3177083333333333 0.9203703703703704 0.31354166666666666 0.9092592592592592 0.3026041666666667 0.9055555555555556 0.3015625 0.8888888888888888 0.3026041666666667 0.8824074074074074 0.3067708333333333 0.8768518518518519 0.3203125 0.8768518518518519
1 0.13697916666666668 0.025925925925925925 0.14479166666666668 0.032407407407407406 0.14635416666666667 0.03888888888888889 0.1453125 0.046296296296296294 0.14895833333333333 0.05648148148148148 0.14895833333333333 0.06296296296296296 0.14322916666666666 0.06574074074074074 0.140625 0.062037037037037036 0.13802083333333334 0.04537037037037037 0.134375 0.03611111111111111 0.13645833333333332 0.026851851851851852
1 0.1296875 0.36666666666666664 0.13333333333333333 0.3712962962962963 0.140625 0.3731481481481482 0.14375 0.3787037037037037 0.14479166666666668 0.3861111111111111 0.15416666666666667 0.39814814814814814 0.14739583333333334 0.4185185185185185 0.14427083333333332 0.4185185185185185 0.13489583333333333 0.3972222222222222 0.12604166666666666 0.38333333333333336 0.12447916666666667 0.3685185185185185 0.12604166666666666 0.36574074074074076 0.12916666666666668 0.36666666666666664
1 0.0234375 0.5342592592592592 0.026041666666666668 0.5388888888888889 0.0328125 0.5398148148148149 0.03854166666666667 0.5472222222222223 0.046875 0.5685185185185185 0.0484375 0.5768518518518518 0.046875 0.5833333333333334 0.043229166666666666 0.5814814814814815 0.0375 0.5712962962962963 0.027083333333333334 0.5648148148148148 0.019791666666666666 0.5546296296296296 0.0171875 0.5361111111111111 0.022916666666666665 0.5342592592592592
1 0.9479166666666666 0.5120370370370371 0.9520833333333333 0.5175925925925926 0.953125 0.5305555555555556 0.9453125 0.549074074074074 0.9395833333333333 0.5546296296296296 0.9286458333333333 0.5462962962962963 0.9270833333333334 0.5398148148148149 0.9354166666666667 0.5185185185185185 0.9473958333333333 0.5120370370370371
1 0.7447916666666666 0.12962962962962962 0.7421875 0.14537037037037037 0.7427083333333333 0.1574074074074074 0.7375 0.16574074074074074 0.7338541666666667 0.17777777777777778 0.7307291666666667 0.17777777777777778 0.7307291666666667 0.1712962962962963 0.7375 0.1398148148148148 0.7416666666666667 0.12962962962962962 0.7442708333333333 0.12962962962962962
1 0.5078125 0.4203703703703704 0.5130208333333334 0.43333333333333335 0.5140625 0.4462962962962963 0.5052083333333334 0.4824074074074074 0.5026041666666666 0.48148148148148145 0.503125 0.4564814814814815 0.49895833333333334 0.44907407407407407 0.4984375 0.44166666666666665 0.5020833333333333 0.4222222222222222 0.5072916666666667 0.4203703703703704
1 0.83125 0.2601851851851852 0.8276041666666667 0.25462962962962965 0.8234375 0.25462962962962965 0.8182291666666667 0.26481481481481484 0.8140625 0.2638888888888889 0.8140625 0.25833333333333336 0.8203125 0.23796296296296296 0.825 0.22962962962962963 0.8307291666666666 0.225 0.8348958333333333 0.22592592592592592 0.8348958333333333 0.2490740740740741 0.83125 0.25925925925925924
1 0.8244791666666667 0.3277777777777778 0.83125 0.3333333333333333 0.8333333333333334 0.3425925925925926 0.8223958333333333 0.3731481481481482 0.8177083333333334 0.3768518518518518 0.8161458333333333 0.3712962962962963 0.8119791666666667 0.36944444444444446 0.8119791666666667 0.36574074074074076 0.8239583333333333 0.3287037037037037
1 0.5192708333333333 0.43333333333333335 0.5234375 0.44351851851851853 0.5244791666666667 0.4675925925925926 0.5223958333333333 0.47314814814814815 0.5177083333333333 0.47314814814814815 0.5151041666666667 0.49166666666666664 0.5125 0.4898148148148148 0.5125 0.45555555555555555 0.5145833333333333 0.43703703703703706 0.51875 0.43333333333333335
1 0.14791666666666667 0.025 0.15416666666666667 0.030555555555555555 0.1578125 0.03888888888888889 0.1578125 0.05092592592592592 0.15989583333333332 0.058333333333333334 0.15989583333333332 0.06574074074074074 0.1578125 0.06851851851851852 0.15520833333333334 0.06574074074074074 0.1515625 0.04722222222222222 0.14479166666666668 0.032407407407407406 0.14739583333333334 0.025
1 0.6369791666666667 0.032407407407407406 0.6411458333333333 0.03333333333333333 0.6421875 0.046296296296296294 0.6395833333333333 0.06759259259259259 0.6369791666666667 0.07222222222222222 0.6333333333333333 0.07222222222222222 0.6307291666666667 0.053703703703703705 0.6359375 0.041666666666666664 0.6369791666666667 0.03333333333333333
1 0.6114583333333333 0 0.6229166666666667 0 0.6208333333333333 0.017592592592592594 0.615625 0.03518518518518519 0.6125 0.03333333333333333 0.6114583333333333 0.000925925925925926
1 0.2484375 0.8805555555555555 0.26197916666666665 0.8935185185185185 0.26979166666666665 0.8935185185185185 0.26875 0.9 0.2640625 0.9027777777777778 0.2625 0.9203703703703704 0.259375 0.925 0.2484375 0.9101851851851852 0.2390625 0.9037037037037037 0.23541666666666666 0.8944444444444445 0.23541666666666666 0.8861111111111111 0.24791666666666667 0.8805555555555555
1 0.5708333333333333 0.10092592592592593 0.5755208333333334 0.11296296296296296 0.5708333333333333 0.15462962962962962 0.5677083333333334 0.1537037037037037 0.5661458333333333 0.12037037037037036 0.5666666666666667 0.11203703703703703 0.5703125 0.10185185185185185
1 0.7348958333333333 0.03425925925925926 0.7375 0.03796296296296296 0.7380208333333333 0.05277777777777778 0.7307291666666667 0.08055555555555556 0.7260416666666667 0.07685185185185185 0.7296875 0.049074074074074076 0.734375 0.03425925925925926
1 0.5947916666666667 0.7092592592592593 0.6052083333333333 0.7101851851851851 0.6072916666666667 0.725925925925926 0.6046875 0.7509259259259259 0.6020833333333333 0.7537037037037037 0.590625 0.7361111111111112 0.5947916666666667 0.7203703703703703 0.5947916666666667 0.7101851851851851