1 0.27239583333333334 0.9490740740740741 0.2828125 0.9638888888888889 0.2833333333333333 0.9805555555555555 0.28020833333333334 0.9833333333333333 0.2703125 0.9777777777777777 0.2640625 0.9787037037037037 0.25833333333333336 0.9731481481481481 0.2609375 0.9555555555555556 0.26510416666666664 0.9555555555555556 0.26875 0.9481481481481482 0.271875 0.9490740740740741
1 0.8119791666666667 0.1537037037037037 0.8072916666666666 0.18796296296296297 0.796875 0.19907407407407407 0.7953125 0.19444444444444445 0.803125 0.1638888888888889 0.8078125 0.15462962962962962 0.8114583333333333 0.1537037037037037
1 0.134375 0.08796296296296297 0.1390625 0.09444444444444444 0.14166666666666666 0.1111111111111111 0.1484375 0.11944444444444445 0.146875 0.12407407407407407 0.14114583333333333 0.125 0.13697916666666668 0.125 0.134375 0.11574074074074074 0.13020833333333334 0.09444444444444444 0.13072916666666667 0.08981481481481482 0.13385416666666666 0.08796296296296297
1 0.34270833333333334 0.8925925925925926 0.3489583333333333 0.9046296296296297 0.34791666666666665 0.912962962962963 0.35208333333333336 0.9333333333333333 0.35208333333333336 0.9388888888888889 0.3453125 0.9453703703703704 0.3453125 0.9388888888888889 0.34270833333333334 0.9333333333333333 0.3333333333333333 0.9314814814814815 0.33229166666666665 0.9212962962962963 0.32708333333333334 0.9055555555555556 0.32864583333333336 0.899074074074074 0.3380208333333333 0.8916666666666667 0.3421875 0.8925925925925926
1 0.043229166666666666 0.12314814814814815 0.049479166666666664 0.12314814814814815 0.0546875 0.1287037037037037 0.06510416666666667 0.16018518518518518 0.0640625 0.16574074074074074 0.06145833333333333 0.1648148148148148 0.04895833333333333 0.14074074074074075 0.043229166666666666 0.12407407407407407
1 0.5958333333333333 0.07407407407407407 0.5989583333333334 0.07685185185185185 0.6 0.08518518518518518 0.5953125 0.11203703703703703 0.5921875 0.11203703703703703 0.590625 0.0962962962962963 0.5911458333333334 0.07962962962962963 0.5953125 0.07407407407407407
1 0.8385416666666666 0.10925925925925926 0.840625 0.11481481481481481 0.8401041666666667 0.12129629629629629 0.83125 0.15092592592592594 0.8276041666666667 0.15 0.8291666666666667 0.12962962962962962 0.8380208333333333 0.11018518518518519
1 0.7614583333333333 0.1175925925925926 0.7640625 0.12777777777777777 0.7546875 0.16018518518518518 0.7505208333333333 0.15925925925925927 0.75 0.1537037037037037 0.7546875 0.125 0.7583333333333333 0.1175925925925926 0.7609375 0.1175925925925926
1 0.9197916666666667 0.9675925925925926 0.9286458333333333 0.9666666666666667 0.934375 0.9740740740740741 0.9338541666666667 0.9907407407407407 0.9286458333333333 0.9990740740740741 0.9 0.9990740740740741 0.8963541666666667 0.9907407407407407 0.8989583333333333 0.9805555555555555 0.9083333333333333 0.9796296296296296 0.9151041666666667 0.9685185185185186 0.9192708333333334 0.9675925925925926
1 0.18541666666666667 0.02962962962962963 0.19114583333333332 0.03425925925925926 0.19322916666666667 0.046296296296296294 0.1921875 0.06759259259259259 0.18385416666666668 0.04351851851851852 0.18541666666666667 0.030555555555555555
1 0.28958333333333336 0.9157407407407407 0.30052083333333335 0.9259259259259259 0.30364583333333334 0.9324074074074075 0.30572916666666666 0.9555555555555556 0.30104166666666665 0.9638888888888889 0.29739583333333336 0.9638888888888889 0.29583333333333334 0.9537037037037037 0.2838541666666667 0.9388888888888889 0.2838541666666667 0.9314814814814815 0.28020833333333334 0.9231481481481482 0.28020833333333334 0.9185185185185185 0.28541666666666665 0.9138888888888889 0.2890625 0.9157407407407407
1 0.005208333333333333 0.22314814814814815 0.0140625 0.24074074074074073 0.016145833333333335 0.2537037037037037 0.021354166666666667 0.2611111111111111 0.01875 0.27314814814814814 0.010416666666666666 0.25462962962962965 0.005208333333333333 0.25092592592592594 0 0.24166666666666667 0 0.22407407407407406 0.0046875 0.22314814814814815
1 0.08958333333333333 0.6148148148148148 0.10208333333333333 0.6194444444444445 0.10885416666666667 0.6296296296296297 0.11614583333333334 0.6555555555555556 0.115625 0.6620370370370371 0.1046875 0.6574074074074074 0.09166666666666666 0.6425925925925926 0.09010416666666667 0.6277777777777778 0.08489583333333334 0.6203703703703703 0.0890625 0.6148148148148148
1 0.05520833333333333 0.19907407407407407 0.058854166666666666 0.2037037037037037 0.06197916666666667 0.22407407407407406 0.0671875 0.2351851851851852 0.0671875 0.24074074074074073 0.06354166666666666 0.2388888888888889 0.04479166666666667 0.21296296296296297 0.04635416666666667 0.20185185185185187 0.0546875 0.19907407407407407
1 0.14583333333333334 0.12407407407407407 0.15677083333333333 0.16203703703703703 0.1546875 0.1675925925925926 0.14635416666666667 0.1648148148148148 0.14791666666666667 0.1527777777777778 0.1390625 0.13425925925925927 0.140625 0.12407407407407407 0.1453125 0.12407407407407407
1 0.8416666666666667 0.4601851851851852 0.8416666666666667 0.48055555555555557 0.828125 0.5166666666666667 0.8203125 0.5055555555555555 0.8234375 0.4925925925925926 0.8229166666666666 0.47962962962962963 0.828125 0.4666666666666667 0.8369791666666667 0.45925925925925926 0.8411458333333334 0.4601851851851852
1 0.7856770833333333 0.1537037037037037 0.013020833333333334 0.044444444444444446
1 0.023958333333333335 0.7611111111111111 0.025520833333333333 0.7648148148148148 0.036458333333333336 0.762962962962963 0.052083333333333336 0.7759259259259259 0.04635416666666667 0.7759259259259259 0.04479166666666667 0.7833333333333333 0.05677083333333333 0.8027777777777778 0.05677083333333333 0.8138888888888889 0.059375 0.8194444444444444 0.057291666666666664 0.8268518518518518 0.046875 0.8166666666666667 0.040625 0.8064814814814815 0.0265625 0.8009259259259259 0.01875 0.7907407407407407 0.0171875 0.7842592592592592 0.01875 0.7722222222222223 0.015104166666666667 0.7666666666666667 0.014583333333333334 0.7611111111111111 0.0171875 0.7583333333333333 0.0234375 0.7611111111111111
1 0.09583333333333334 0.08055555555555556 0.09947916666666666 0.08333333333333333 0.10260416666666666 0.09074074074074075 0.10885416666666667 0.1111111111111111 0.109375 0.12037037037037036 0.1046875 0.11944444444444445 0.09166666666666666 0.09537037037037037 0.09114583333333333 0.08796296296296297 0.0953125 0.08055555555555556
1 0.9182291666666667 0.5166666666666667 0.9203125 0.5194444444444445 0.9203125 0.5370370370370371 0.9182291666666667 0.5435185185185185 0.9072916666666667 0.5537037037037037 0.9005208333333333 0.5675925925925925 0.8973958333333333 0.5675925925925925 0.9 0.5564814814814815 0.8989583333333333 0.5546296296296296 0.8947916666666667 0.5592592592592592 0.8901041666666667 0.5574074074074075 0.903125 0.537962962962963 0.9088541666666666 0.5259259259259259 0.9078125 0.5203703703703704 0.9130208333333333 0.5212962962962963 0.9177083333333333 0.5175925925925926
1 0.8286458333333333 0.11944444444444445 0.8322916666666667 0.11944444444444445 0.8291666666666667 0.1398148148148148 0.8244791666666667 0.15 0.8223958333333333 0.14722222222222223 0.8286458333333333 0.12037037037037036
1 0.45989583333333334 0.5287037037037037 0.46770833333333334 0.5425925925925926 0.4640625 0.5555555555555556 0.4630208333333333 0.5824074074074074 0.45989583333333334 0.5814814814814815 0.45989583333333334 0.5731481481481482 0.453125 0.5444444444444444 0.4546875 0.5305555555555556 0.45625 0.5277777777777778 0.459375 0.5287037037037037
1 0.3140625 0.9092592592592592 0.32135416666666666 0.9166666666666666 0.32708333333333334 0.9425925925925925 0.3255208333333333 0.9490740740740741 0.32083333333333336 0.9546296296296296 0.3171875 0.9527777777777777 0.3171875 0.9453703703703704 0.3026041666666667 0.9222222222222223 0.30416666666666664 0.9166666666666666 0.31354166666666666 0.9092592592592592
1 0.6359375 0.7981481481481482 0.6385416666666667 0.8027777777777778 0.6385416666666667 0.8185185185185185 0.6359375 0.8277777777777777 0.6307291666666667 0.8361111111111111 0.6265625 0.8287037037037037 0.6161458333333333 0.8342592592592593 0.6125 0.8333333333333334 0.6104166666666667 0.8305555555555556 0.6104166666666667 0.825925925925926 0.6161458333333333 0.825 0.621875 0.8194444444444444 0.63125 0.799074074074074 0.6354166666666666 0.7981481481481482
1 0.08177083333333333 0.637962962962963 0.09791666666666667 0.6472222222222223 0.1015625 0.6546296296296297 0.09947916666666666 0.6685185185185185 0.10416666666666667 0.6759259259259259 0.1125 0.6805555555555556 0.115625 0.6861111111111111 0.11354166666666667 0.6907407407407408 0.08802083333333334 0.6694444444444444 0.08125 0.6685185185185185 0.07864583333333333 0.6611111111111111 0.0796875 0.6509259259259259 0.07552083333333333 0.6444444444444445 0.0765625 0.6398148148148148 0.08125 0.637962962962963
1 0.578125 0.05740740740740741 0.58125 0.06111111111111111 0.5817708333333333 0.07222222222222222 0.5770833333333333 0.09722222222222222 0.5734375 0.09814814814814815 0.5713541666666667 0.07685185185185185 0.5739583333333333 0.062037037037037036 0.5776041666666667 0.058333333333333334
1 0.228125 0.8768518518518519 0.23072916666666668 0.8796296296296297 0.2375 0.8787037037037037 0.2421875 0.8898148148148148 0.25052083333333336 0.8935185185185185 0.24791666666666667 0.9 0.23177083333333334 0.9175925925925926 0.23020833333333332 0.9175925925925926 0.21614583333333334 0.8842592592592593 0.21614583333333334 0.8796296296296297 0.21927083333333333 0.8759259259259259 0.22760416666666666 0.8768518518518519
1 0.5916666666666667 0.14722222222222223 0.5953125 0.15462962962962962 0.5958333333333333 0.16296296296296298 0.5890625 0.1925925925925926 0.5864583333333333 0.19166666666666668 0.5859375 0.15925925925925927 0.5911458333333334 0.14814814814814814
1 0.1515625 0.037037037037037035 0.15833333333333333 0.046296296296296294 0.16302083333333334 0.07407407407407407 0.16145833333333334 0.07777777777777778 0.15052083333333333 0.05277777777777778 0.14895833333333333 0.04259259259259259 0.15104166666666666 0.037037037037037035
1 0.5916666666666667 0.009259259259259259 0.5942708333333333 0.01574074074074074 0.5916666666666667 0.04814814814814815 0.5875 0.05 0.5854166666666667 0.04722222222222222 0.584375 0.025925925925925925 0.5848958333333333 0.018518518518518517 0.5916666666666667 0.010185185185185186
1 0.64375 0.8583333333333333 0.65 0.8833333333333333 0.6479166666666667 0.8898148148148148 0.640625 0.8925925925925926 0.6317708333333333 0.887962962962963 0.6223958333333334 0.8898148148148148 0.6192708333333333 0.887962962962963 0.6182291666666667 0.8833333333333333 0.6291666666666667 0.875 0.6348958333333333 0.8629629629629629 0.6432291666666666 0.8583333333333333
1 0.45260416666666664 0.41388888888888886 0.4546875 0.4222222222222222 0.4546875 0.4398148148148148 0.45260416666666664 0.45185185185185184 0.45 0.4546296296296296 0.4432291666666667 0.425 0.4432291666666667 0.4148148148148148 0.44583333333333336 0.40370370370370373 0.44895833333333335 0.4046296296296296 0.45208333333333334 0.41388888888888886
1 0.7447916666666666 0.27685185185185185 0.7453125 0.30092592592592593 0.734375 0.32222222222222224 0.7317708333333334 0.3175925925925926 0.734375 0.2962962962962963 0.7411458333333333 0.2796296296296296 0.7442708333333333 0.27685185185185185
1 0.08177083333333333 0.13425925925925927 0.09166666666666666 0.14814814814814814 0.09427083333333333 0.1574074074074074 0.09375 0.1638888888888889 0.0984375 0.1712962962962963 0.0921875 0.1824074074074074 0.090625 0.1814814814814815 0.08697916666666666 0.1638888888888889 0.078125 0.14629629629629629 0.078125 0.1361111111111111 0.08125 0.13425925925925927
1 0.16458333333333333 0.08425925925925926 0.16822916666666668 0.09259259259259259 0.17395833333333333 0.1175925925925926 0.171875 0.12407407407407407 0.16822916666666668 0.12314814814814815 0.16041666666666668 0.10185185185185185 0.159375 0.08796296296296297 0.1640625 0.08425925925925926
1 0.6317708333333333 0.07037037037037037 0.634375 0.07407407407407407 0.6348958333333333 0.08148148148148149 0.6296875 0.11296296296296296 0.6270833333333333 0.11574074074074074 0.6255208333333333 0.07685185185185185 0.6270833333333333 0.07037037037037037 0.63125 0.07037037037037037
1 0.7130208333333333 0.2851851851851852 0.7166666666666667 0.3037037037037037 0.7166666666666667 0.31296296296296294 0.7109375 0.3194444444444444 0.7072916666666667 0.33796296296296297 0.7026041666666667 0.3435185185185185 0.6994791666666667 0.34074074074074073 0.7026041666666667 0.3333333333333333 0.7020833333333333 0.32407407407407407 0.7057291666666666 0.30277777777777776 0.7052083333333333 0.29259259259259257 0.7078125 0.2916666666666667 0.7098958333333333 0.2851851851851852 0.7125 0.2851851851851852
1 0.94921875 0.5740740740740741 0.0265625 0.046296296296296294
1 0.15208333333333332 0.08055555555555556 0.1578125 0.08796296296296297 0.16145833333333334 0.1037037037037037 0.16197916666666667 0.11018518518518519 0.15833333333333333 0.125 0.15625 0.12314814814814815 0.15572916666666667 0.11388888888888889 0.1515625 0.09907407407407408 0.1515625 0.08055555555555556
1 0.05520833333333333 0.22314814814814815 0.0671875 0.24074074074074073 0.06875 0.24722222222222223 0.06770833333333333 0.2518518518518518 0.0609375 0.2601851851851852 0.0578125 0.25833333333333336 0.05677083333333333 0.24722222222222223 0.05 0.23703703703703705 0.049479166666666664 0.2222222222222222 0.0546875 0.22314814814814815
1 0.5921875 0.2 0.5947916666666667 0.2074074074074074 0.5953125 0.21666666666666667 0.5885416666666666 0.25092592592592594 0.5864583333333333 0.24814814814814815 0.5869791666666667 0.22777777777777777 0.5848958333333333 0.2222222222222222 0.5848958333333333 0.21203703703703702 0.5916666666666667 0.2
1 0.6427083333333333 0.2824074074074074 0.6427083333333333 0.2601851851851852 0.6463541666666667 0.24537037037037038 0.6463541666666667 0.23703703703703705 0.6510416666666666 0.2351851851851852 0.6536458333333334 0.24814814814814815 0.6536458333333334 0.26296296296296295 0.6505208333333333 0.2851851851851852 0.6432291666666666 0.2833333333333333
1 0.20208333333333334 0.037037037037037035 0.21041666666666667 0.062037037037037036 0.21041666666666667 0.06666666666666667 0.20364583333333333 0.075 0.20104166666666667 0.05925925925925926 0.19635416666666666 0.04537037037037037 0.19791666666666666 0.03796296296296296 0.2015625 0.037037037037037035
1 0.8549479166666667 0.23287037037037037 0.016145833333333335 0.05092592592592592
1 0.64375 0.8194444444444444 0.6520833333333333 0.8314814814814815 0.6526041666666667 0.8444444444444444 0.64375 0.8601851851851852 0.6375 0.8611111111111112 0.634375 0.8592592592592593 0.6307291666666667 0.837037037037037 0.6354166666666666 0.8305555555555556 0.6385416666666667 0.8203703703703704 0.6432291666666666 0.8194444444444444
1 0.5302083333333333 0.562037037037037 0.5359375 0.575 0.5359375 0.5879629629629629 0.528125 0.6037037037037037 0.5244791666666667 0.6166666666666667 0.5223958333333333 0.6166666666666667 0.5229166666666667 0.6037037037037037 0.5197916666666667 0.5740740740740741 0.5260416666666666 0.562037037037037 0.5296875 0.562037037037037
1 0.4270833333333333 0.40185185185185185 0.4328125 0.4111111111111111 0.4322916666666667 0.4287037037037037 0.4354166666666667 0.43333333333333335 0.4359375 0.4398148148148148 0.43385416666666665 0.44166666666666665 0.42864583333333334 0.43703703703703706 0.42604166666666665 0.4527777777777778 0.421875 0.44907407407407407 0.4197916666666667 0.412962962962963 0.4239583333333333 0.4 0.4265625 0.40185185185185185
1 0.1671875 0.03888888888888889 0.17135416666666667 0.046296296296296294 0.17447916666666666 0.06666666666666667 0.17447916666666666 0.07222222222222222 0.17239583333333333 0.07592592592592592 0.16927083333333334 0.07407407407407407 0.1625 0.05185185185185185 0.16302083333333334 0.03981481481481482 0.16666666666666666 0.03888888888888889
1 0.3546875 0.8768518518518519 0.37135416666666665 0.8787037037037037 0.3765625 0.9148148148148149 0.37395833333333334 0.9231481481481482 0.3692708333333333 0.9259259259259259 0.36666666666666664 0.924074074074074 0.3651041666666667 0.9111111111111111 0.35572916666666665 0.9064814814814814 0.35208333333333336 0.8944444444444445 0.3546875 0.8777777777777778
1 0.1375 0.03888888888888889 0.14375 0.05740740740740741 0.15208333333333332 0.07407407407407407 0.15052083333333333 0.07592592592592592 0.14635416666666667 0.0712962962962963 0.14375 0.08148148148148149 0.140625 0.08055555555555556 0.14010416666666667 0.06851851851851852 0.13385416666666666 0.05 0.134375 0.04259259259259259 0.13697916666666668 0.03888888888888889
1 0.5223958333333333 0.4351851851851852 0.5260416666666666 0.4537037037037037 0.5291666666666667 0.4601851851851852 0.5223958333333333 0.4842592592592593 0.51875 0.4842592592592593 0.5182291666666666 0.48148148148148145 0.5166666666666667 0.44722222222222224 0.5192708333333333 0.4361111111111111 0.521875 0.4351851851851852
1 0.6651041666666667 0.10740740740740741 0.6682291666666667 0.11296296296296296 0.66875 0.12129629629629629 0.6640625 0.14722222222222223 0.6609375 0.15092592592592594 0.6578125 0.14814814814814814 0.6578125 0.12222222222222222 0.6604166666666667 0.11203703703703703 0.6645833333333333 0.10740740740740741
1 0.565625 0.837037037037037 0.5697916666666667 0.8518518518518519 0.56875 0.8675925925925926 0.5703125 0.8759259259259259 0.56875 0.8796296296296297 0.5645833333333333 0.8796296296296297 0.5578125 0.8703703703703703 0.55 0.875 0.5421875 0.8657407407407407 0.5421875 0.862037037037037 0.546875 0.862037037037037 0.5536458333333333 0.8527777777777777 0.5588541666666667 0.8342592592592593 0.5651041666666666 0.837037037037037
1 0.7098958333333333 0.34629629629629627 0.7130208333333333 0.34814814814814815 0.7135416666666666 0.36203703703703705 0.7052083333333333 0.3962962962962963 0.7005208333333334 0.3972222222222222 0.6963541666666667 0.387037037037037 0.6963541666666667 0.3814814814814815 0.703125 0.3675925925925926 0.709375 0.3472222222222222
1 0.24322916666666666 0.21666666666666667 0.24635416666666668 0.21666666666666667 0.2546875 0.23425925925925925 0.25416666666666665 0.24537037037037038 0.25833333333333336 0.2574074074074074 0.2520833333333333 0.2675925925925926 0.25 0.26481481481481484 0.24791666666666667 0.25 0.24270833333333333 0.23425925925925925 0.24322916666666666 0.2175925925925926
1 0.5989583333333334 0.046296296296296294 0.6020833333333333 0.04814814814814815 0.6041666666666666 0.05648148148148148 0.6005208333333333 0.07685185185185185 0.596875 0.07685185185185185 0.5953125 0.07407407407407407 0.5953125 0.06296296296296296 0.5989583333333334 0.04722222222222222
1 0.24166666666666667 0.9472222222222222 0.2484375 0.9555555555555556 0.25052083333333336 0.9657407407407408 0.25833333333333336 0.975 0.259375 0.9851851851851852 0.2552083333333333 0.9898148148148148 0.23541666666666666 0.9824074074074074 0.23385416666666667 0.9787037037037037 0.23125 0.9564814814814815 0.23489583333333333 0.9490740740740741 0.24114583333333334 0.9472222222222222
1 0.8979166666666667 0.5037037037037037 0.8994791666666667 0.5092592592592593 0.8963541666666667 0.5212962962962963 0.8807291666666667 0.5472222222222223 0.8760416666666667 0.5425925925925926 0.8765625 0.5314814814814814 0.8796875 0.5222222222222223 0.8869791666666667 0.5101851851851852 0.89375 0.5037037037037037 0.8973958333333333 0.5037037037037037
1 0.840625 0.4027777777777778 0.8411458333333334 0.41574074074074074 0.8380208333333333 0.42592592592592593 0.8317708333333333 0.43425925925925923 0.8307291666666666 0.4425925925925926 0.8239583333333333 0.44814814814814813 0.8213541666666667 0.44814814814814813 0.8197916666666667 0.44351851851851853 0.828125 0.42592592592592593 0.8270833333333333 0.41574074074074074 0.8322916666666667 0.412962962962963 0.8369791666666667 0.40185185185185185 0.8401041666666667 0.4027777777777778