1 0.8260416666666667 0.14351851851851852 0.8276041666666667 0.15925925925925927 0.8177083333333334 0.18981481481481483 0.8125 0.18888888888888888 0.8171875 0.15462962962962962 0.8234375 0.14351851851851852 0.8255208333333334 0.14351851851851852
1 0.34479166666666666 0.7379629629629629 0.3578125 0.7518518518518519 0.3578125 0.7703703703703704 0.36302083333333335 0.7787037037037037 0.3640625 0.7824074074074074 0.3625 0.7851851851851852 0.35885416666666664 0.7851851851851852 0.3484375 0.774074074074074 0.3411458333333333 0.7722222222222223 0.3421875 0.7509259259259259 0.33958333333333335 0.7398148148148148 0.3411458333333333 0.737037037037037 0.34427083333333336 0.7379629629629629
1 0.13020833333333334 0.10277777777777777 0.1375 0.11666666666666667 0.140625 0.13333333333333333 0.14010416666666667 0.14166666666666666 0.1375 0.14074074074074075 0.1328125 0.13148148148148148 0.12604166666666666 0.11203703703703703 0.1265625 0.10555555555555556 0.1296875 0.10277777777777777
1 0.11822916666666666 0.10277777777777777 0.128125 0.1361111111111111 0.128125 0.1398148148148148 0.12291666666666666 0.13796296296296295 0.12083333333333333 0.14351851851851852 0.11770833333333333 0.14351851851851852 0.11614583333333334 0.1259259259259259 0.1125 0.11296296296296296 0.1125 0.10648148148148148 0.115625 0.10185185185185185 0.11770833333333333 0.10277777777777777
1 0.6416666666666667 0.016666666666666666 0.6442708333333333 0.019444444444444445 0.6447916666666667 0.025 0.6401041666666667 0.04537037037037037 0.6375 0.046296296296296294 0.6359375 0.023148148148148147 0.6411458333333333 0.016666666666666666
1 0.3421875 0.8981481481481481 0.3489583333333333 0.9111111111111111 0.346875 0.9212962962962963 0.3494791666666667 0.9277777777777778 0.35104166666666664 0.9453703703703704 0.3458333333333333 0.95 0.3411458333333333 0.9398148148148148 0.334375 0.937037037037037 0.3265625 0.9157407407407407 0.3302083333333333 0.9037037037037037 0.3375 0.8972222222222223 0.3416666666666667 0.8981481481481481
1 0.053125 0.18518518518518517 0.0578125 0.1962962962962963 0.058333333333333334 0.20925925925925926 0.0625 0.22314814814814815 0.06145833333333333 0.23055555555555557 0.057291666666666664 0.23055555555555557 0.044270833333333336 0.20092592592592592 0.04583333333333333 0.18796296296296297 0.05 0.18333333333333332 0.05260416666666667 0.18518518518518517
1 0.8567708333333334 0.1287037037037037 0.8588541666666667 0.13240740740740742 0.8578125 0.14074074074074075 0.8515625 0.1648148148148148 0.8463541666666666 0.17592592592592593 0.8442708333333333 0.17592592592592593 0.84375 0.17222222222222222 0.8484375 0.15648148148148147 0.85 0.14351851851851852 0.85625 0.1287037037037037
1 0.7447916666666666 0.0962962962962963 0.7484375 0.1 0.7505208333333333 0.10740740740740741 0.7453125 0.13703703703703704 0.7411458333333333 0.13703703703703704 0.7416666666666667 0.12129629629629629 0.7401041666666667 0.11203703703703703 0.7442708333333333 0.09722222222222222
1 0.18020833333333333 0.040740740740740744 0.18541666666666667 0.05277777777777778 0.18541666666666667 0.07314814814814814 0.18229166666666666 0.07222222222222222 0.17604166666666668 0.06018518518518518 0.1765625 0.04537037037037037 0.1796875 0.040740740740740744
1 0.5848958333333333 0.17407407407407408 0.5880208333333333 0.1814814814814815 0.5885416666666666 0.1935185185185185 0.584375 0.2064814814814815 0.5838541666666667 0.22037037037037038 0.58125 0.22592592592592592 0.5796875 0.225 0.5796875 0.19074074074074074 0.5848958333333333 0.175
1 0.8265625 0.4842592592592593 0.8348958333333333 0.4703703703703704 0.840625 0.4666666666666667 0.8453125 0.4666666666666667 0.8463541666666666 0.4703703703703704 0.8453125 0.4888888888888889 0.8333333333333334 0.5074074074074074 0.828125 0.5212962962962963 0.825 0.5175925925925926 0.8239583333333333 0.5009259259259259 0.821875 0.49722222222222223 0.8265625 0.48518518518518516
1 0.13333333333333333 0.9046296296296297 0.14322916666666666 0.9111111111111111 0.14895833333333333 0.925 0.15833333333333333 0.9388888888888889 0.15833333333333333 0.9472222222222222 0.15052083333333333 0.9472222222222222 0.14791666666666667 0.95 0.140625 0.9462962962962963 0.13020833333333334 0.95 0.1265625 0.9481481481481482 0.1171875 0.925 0.11875 0.9175925925925926 0.11770833333333333 0.9064814814814814 0.12291666666666666 0.8981481481481481 0.12864583333333332 0.9064814814814814 0.1328125 0.9055555555555556
1 0.8020833333333334 0.6157407407407407 0.8119791666666667 0.5972222222222222 0.8135416666666667 0.575 0.8166666666666667 0.5703703703703704 0.83125 0.562962962962963 0.8322916666666667 0.5675925925925925 0.8286458333333333 0.5740740740740741 0.8286458333333333 0.5916666666666667 0.8067708333333333 0.6175925925925926 0.803125 0.6194444444444445 0.8026041666666667 0.6166666666666667
1 0.6020833333333333 0.20555555555555555 0.6052083333333333 0.2222222222222222 0.5984375 0.25462962962962965 0.5963541666666666 0.2518518518518518 0.5958333333333333 0.24259259259259258 0.5921875 0.22962962962962963 0.5953125 0.21296296296296297 0.5989583333333334 0.20555555555555555 0.6015625 0.20555555555555555
1 0.3703125 0.025925925925925925 0.3729166666666667 0.03148148148148148 0.37604166666666666 0.062037037037037036 0.37447916666666664 0.06759259259259259 0.37083333333333335 0.06944444444444445 0.3692708333333333 0.06851851851851852 0.3651041666666667 0.040740740740740744 0.36614583333333334 0.028703703703703703 0.3697916666666667 0.025925925925925925
1 0.078125 0.14907407407407408 0.07604166666666666 0.13703703703703704 0.078125 0.12685185185185185 0.08072916666666667 0.125 0.09322916666666667 0.16666666666666666 0.0875 0.1712962962962963 0.0859375 0.1574074074074074 0.07864583333333333 0.14907407407407408
1 0.8208333333333333 0.5351851851851852 0.8239583333333333 0.537962962962963 0.8239583333333333 0.5416666666666666 0.8125 0.5777777777777777 0.8088541666666667 0.5796296296296296 0.796875 0.5768518518518518 0.8036458333333333 0.5583333333333333 0.8109375 0.5453703703703704 0.8203125 0.5361111111111111
1 0.1609375 0.08425925925925926 0.16614583333333333 0.09444444444444444 0.16770833333333332 0.10555555555555556 0.171875 0.11666666666666667 0.17135416666666667 0.12222222222222222 0.16927083333333334 0.12314814814814815 0.16510416666666666 0.11851851851851852 0.15572916666666667 0.09444444444444444 0.1578125 0.08518518518518518 0.16041666666666668 0.08425925925925926
1 0.9994791666666667 0.6990740740740741 0.9994791666666667 0.725925925925926 0.9786458333333333 0.7435185185185185 0.9723958333333333 0.7388888888888889 0.9677083333333333 0.7444444444444445 0.965625 0.7444444444444445 0.9640625 0.7398148148148148 0.9880208333333333 0.7064814814814815 0.9911458333333333 0.6981481481481482 0.9989583333333333 0.6990740740740741
1 0.2890625 0.9194444444444444 0.3015625 0.9361111111111111 0.3046875 0.962037037037037 0.3 0.9712962962962963 0.296875 0.9712962962962963 0.29270833333333335 0.9592592592592593 0.2859375 0.9555555555555556 0.28229166666666666 0.9453703703703704 0.28229166666666666 0.9342592592592592 0.2786458333333333 0.9277777777777778 0.27760416666666665 0.9203703703703704 0.28177083333333336 0.9157407407407407 0.28854166666666664 0.9194444444444444
1 0.14583333333333334 0.08981481481481482 0.15208333333333332 0.09537037037037037 0.15208333333333332 0.10648148148148148 0.15625 0.11944444444444445 0.15104166666666666 0.12777777777777777 0.14270833333333333 0.09907407407407408 0.14270833333333333 0.09166666666666666 0.1453125 0.08981481481481482
1 0.5885416666666666 0.13425925925925927 0.5932291666666667 0.15555555555555556 0.5885416666666666 0.1685185185185185 0.5880208333333333 0.1787037037037037 0.584375 0.17685185185185184 0.5817708333333333 0.15833333333333333 0.5822916666666667 0.15 0.5880208333333333 0.13518518518518519
1 0.14010416666666667 0.08611111111111111 0.14322916666666666 0.09166666666666666 0.14322916666666666 0.09907407407407408 0.14895833333333333 0.12129629629629629 0.14635416666666667 0.12314814814814815 0.14375 0.12037037037037036 0.14114583333333333 0.12407407407407407 0.13854166666666667 0.12037037037037036 0.1375 0.10555555555555556 0.13333333333333333 0.09444444444444444 0.1359375 0.08518518518518518 0.13958333333333334 0.08611111111111111
1 0.20104166666666667 0.837037037037037 0.2171875 0.837037037037037 0.21197916666666666 0.8453703703703703 0.2140625 0.8546296296296296 0.22864583333333333 0.862037037037037 0.22291666666666668 0.8694444444444445 0.215625 0.8712962962962963 0.203125 0.8861111111111111 0.19635416666666666 0.8731481481481481 0.19895833333333332 0.8611111111111112 0.196875 0.8416666666666667 0.20052083333333334 0.837037037037037
1 0.8067708333333333 0.9222222222222223 0.8119791666666667 0.9287037037037037 0.8140625 0.9407407407407408 0.8036458333333333 0.9592592592592593 0.8046875 0.9685185185185186 0.8026041666666667 0.9712962962962963 0.7984375 0.9703703703703703 0.7916666666666666 0.9601851851851851 0.7786458333333334 0.9537037037037037 0.7760416666666666 0.9481481481481482 0.7776041666666667 0.9453703703703704 0.7833333333333333 0.9462962962962963 0.7916666666666666 0.937962962962963 0.7994791666666666 0.9222222222222223 0.80625 0.9222222222222223
1 0 0.26666666666666666 0.0046875 0.2722222222222222 0.007291666666666667 0.2851851851851852 0.0125 0.28888888888888886 0.019791666666666666 0.30185185185185187 0.01875 0.3055555555555556 0.009895833333333333 0.30833333333333335 0.008333333333333333 0.31851851851851853 0.005208333333333333 0.3194444444444444 0.003125 0.3055555555555556 0 0.30092592592592593 0 0.2675925925925926
1 0.6125 0.007407407407407408 0.615625 0.012962962962962963 0.6125 0.046296296296296294 0.6088541666666667 0.04259259259259259 0.6078125 0.03333333333333333 0.6083333333333333 0.017592592592592594 0.6125 0.008333333333333333
1 0.09791666666666667 0.13240740740740742 0.1015625 0.13240740740740742 0.10885416666666667 0.14537037037037037 0.11354166666666667 0.1648148148148148 0.1125 0.17222222222222222 0.109375 0.17222222222222222 0.1015625 0.15185185185185185 0.09791666666666667 0.13333333333333333
1 0.25104166666666666 0.8138888888888889 0.259375 0.8175925925925925 0.26197916666666665 0.8240740740740741 0.26197916666666665 0.8333333333333334 0.2703125 0.8379629629629629 0.265625 0.85 0.2625 0.8425925925925926 0.25729166666666664 0.8453703703703703 0.2635416666666667 0.8564814814814815 0.26197916666666665 0.862037037037037 0.2578125 0.862037037037037 0.25104166666666666 0.85 0.24427083333333333 0.8472222222222222 0.2390625 0.8314814814814815 0.23854166666666668 0.8231481481481482 0.24114583333333334 0.8175925925925925 0.25052083333333336 0.8138888888888889
1 0.5979166666666667 0 0.6026041666666667 0.003703703703703704 0.6010416666666667 0.025 0.5989583333333334 0.02962962962962963 0.5958333333333333 0.02962962962962963 0.5958333333333333 0.004629629629629629 0.5979166666666667 0.000925925925925926
1 0.6817708333333333 0.3425925925925926 0.68125 0.33796296296296297 0.6890625 0.32592592592592595 0.6921875 0.3037037037037037 0.6979166666666666 0.2962962962962963 0.6994791666666667 0.2962962962962963 0.7026041666666667 0.3194444444444444 0.696875 0.3287037037037037 0.6916666666666667 0.3490740740740741 0.6890625 0.35 0.6822916666666666 0.3425925925925926
1 0.9822916666666667 0.6694444444444444 0.9838541666666667 0.6759259259259259 0.98125 0.6805555555555556 0.9796875 0.6935185185185185 0.9619791666666667 0.7046296296296296 0.95 0.7212962962962963 0.9463541666666667 0.7175925925925926 0.95 0.7101851851851851 0.9494791666666667 0.7027777777777777 0.965625 0.674074074074074 0.9776041666666667 0.6685185185185185 0.9817708333333334 0.6694444444444444
1 0.17864583333333334 0.058333333333333334 0.1828125 0.06574074074074074 0.190625 0.09537037037037037 0.18802083333333333 0.0962962962962963 0.18541666666666667 0.08981481481481482 0.18385416666666668 0.10092592592592593 0.18229166666666666 0.1037037037037037 0.18072916666666666 0.10185185185185185 0.18072916666666666 0.08981481481481482 0.17604166666666668 0.06759259259259259 0.178125 0.05925925925925926
1 0.3151041666666667 0.9185185185185185 0.32083333333333336 0.924074074074074 0.3255208333333333 0.9462962962962963 0.3255208333333333 0.9537037037037037 0.32135416666666666 0.9611111111111111 0.3171875 0.9601851851851851 0.31666666666666665 0.9527777777777777 0.3020833333333333 0.9324074074074075 0.30364583333333334 0.9231481481481482 0.3104166666666667 0.9175925925925926 0.3145833333333333 0.9185185185185185
1 0.0671875 0.17407407407407408 0.07447916666666667 0.1824074074074074 0.078125 0.1925925925925926 0.07916666666666666 0.20462962962962963 0.08541666666666667 0.21574074074074073 0.08541666666666667 0.22037037037037038 0.08020833333333334 0.2222222222222222 0.0640625 0.1925925925925926 0.06354166666666666 0.18055555555555555 0.06666666666666667 0.175
1 0.146875 0.950925925925926 0.15416666666666667 0.9574074074074074 0.15625 0.9666666666666667 0.15416666666666667 0.9731481481481481 0.1609375 0.975925925925926 0.1640625 0.9833333333333333 0.15625 0.9879629629629629 0.14895833333333333 0.9879629629629629 0.14375 0.9944444444444445 0.13385416666666666 0.9824074074074074 0.1296875 0.9722222222222222 0.1296875 0.9601851851851851 0.140625 0.9518518518518518 0.14635416666666667 0.9518518518518518
1 0.09635416666666667 0.08796296296296297 0.10625 0.11018518518518519 0.109375 0.12777777777777777 0.10364583333333334 0.12685185185185185 0.09791666666666667 0.1111111111111111 0.09166666666666666 0.10277777777777777 0.09166666666666666 0.09074074074074075 0.09583333333333334 0.08796296296296297
1 0.9994791666666667 0.7611111111111111 0.9994791666666667 0.7796296296296297 0.9859375 0.7935185185185185 0.9833333333333333 0.7925925925925926 0.9838541666666667 0.7861111111111111 0.9989583333333333 0.7611111111111111
1 0.6703125 0.25833333333333336 0.6729166666666667 0.2777777777777778 0.6697916666666667 0.2833333333333333 0.6651041666666667 0.3055555555555556 0.6614583333333334 0.30462962962962964 0.659375 0.29907407407407405 0.6619791666666667 0.2916666666666667 0.6635416666666667 0.2675925925925926 0.6677083333333333 0.2574074074074074 0.6697916666666667 0.25833333333333336
1 0.8296875 0.32407407407407407 0.8348958333333333 0.32407407407407407 0.8369791666666667 0.3277777777777778 0.8359375 0.3490740740740741 0.834375 0.35 0.8234375 0.3388888888888889 0.8239583333333333 0.33425925925925926 0.8296875 0.325
1 0.21328125 0.04259259259259259 0.0140625 0.03518518518518519
1 0.9505208333333334 0.5791666666666667 0.030208333333333334 0.041666666666666664
1 0.60625 0.8361111111111111 0.6161458333333333 0.8481481481481481 0.6171875 0.8611111111111112 0.615625 0.8657407407407407 0.6114583333333333 0.8675925925925926 0.6072916666666667 0.875 0.6057291666666667 0.8851851851851852 0.6026041666666667 0.8870370370370371 0.596875 0.8796296296296297 0.5979166666666667 0.8685185185185185 0.5958333333333333 0.8583333333333333 0.6005208333333333 0.8490740740740741 0.6010416666666667 0.8388888888888889 0.6057291666666667 0.8361111111111111
1 0.4427083333333333 0.4212962962962963 0.44947916666666665 0.4324074074074074 0.45260416666666664 0.4425925925925926 0.44947916666666665 0.4564814814814815 0.45 0.4685185185185185 0.44635416666666666 0.4740740740740741 0.4427083333333333 0.4740740740740741 0.4421875 0.46111111111111114 0.4375 0.44537037037037036 0.4390625 0.425 0.4421875 0.4212962962962963
1 0.7130208333333333 0.862037037037037 0.7208333333333333 0.8638888888888889 0.7255208333333333 0.8796296296296297 0.7244791666666667 0.8925925925925926 0.7203125 0.899074074074074 0.7197916666666667 0.9046296296296297 0.7166666666666667 0.9064814814814814 0.7104166666666667 0.8962962962962963 0.696875 0.8944444444444445 0.6994791666666667 0.8870370370370371 0.709375 0.875 0.7130208333333333 0.8629629629629629
1 0.7296875 0.37962962962962965 0.7302083333333333 0.4 0.7203125 0.42962962962962964 0.7161458333333334 0.42777777777777776 0.7166666666666667 0.41203703703703703 0.7239583333333334 0.38425925925925924 0.7265625 0.37962962962962965 0.7291666666666666 0.37962962962962965
1 0.5885416666666666 0.09907407407407408 0.5921875 0.09814814814814815 0.5953125 0.10925925925925926 0.5880208333333333 0.13796296296296295 0.5859375 0.10833333333333334 0.5885416666666666 0.1
1 0.7515625 0.12962962962962962 0.7552083333333334 0.13333333333333333 0.75625 0.14166666666666666 0.7484375 0.17222222222222222 0.7458333333333333 0.1712962962962963 0.7453125 0.16666666666666666 0.7510416666666667 0.13055555555555556
1 0.25052083333333336 0.9453703703703704 0.2598958333333333 0.9527777777777777 0.26197916666666665 0.9583333333333334 0.26666666666666666 0.9481481481481482 0.26927083333333335 0.9472222222222222 0.27395833333333336 0.9527777777777777 0.27708333333333335 0.962037037037037 0.2828125 0.9638888888888889 0.2833333333333333 0.9703703703703703 0.28072916666666664 0.9768518518518519 0.2833333333333333 0.9851851851851852 0.2796875 0.9898148148148148 0.2765625 0.9888888888888889 0.2703125 0.9796296296296296 0.26197916666666665 0.9768518518518519 0.259375 0.9824074074074074 0.2515625 0.9861111111111112 0.23802083333333332 0.975925925925926 0.2359375 0.9694444444444444 0.23854166666666668 0.95 0.24427083333333333 0.9435185185185185 0.25 0.9453703703703704
1 0.8286458333333333 0.36203703703703705 0.83125 0.3675925925925926 0.83125 0.38425925925925924 0.8239583333333333 0.4064814814814815 0.8208333333333333 0.4101851851851852 0.8182291666666667 0.4074074074074074 0.8140625 0.4083333333333333 0.8130208333333333 0.4046296296296296 0.81875 0.3861111111111111 0.8203125 0.36944444444444446 0.8244791666666667 0.36203703703703705 0.828125 0.36203703703703705