1 0.49921875 0.46064814814814814 0.011979166666666667 0.06388888888888888
1 0.06875 0.2324074074074074 0.0734375 0.23796296296296296 0.07447916666666667 0.24722222222222223 0.08072916666666667 0.26481481481481484 0.08072916666666667 0.26851851851851855 0.07760416666666667 0.27037037037037037 0.0671875 0.25555555555555554 0.06302083333333333 0.24351851851851852 0.0625 0.23703703703703705 0.06822916666666666 0.2324074074074074
1 0.5223958333333333 0.1925925925925926 0.5265625 0.19537037037037036 0.5286458333333334 0.20833333333333334 0.5260416666666666 0.2361111111111111 0.5223958333333333 0.23981481481481481 0.5192708333333333 0.2111111111111111 0.5223958333333333 0.1935185185185185
1 0.18697916666666667 0.16111111111111112 0.19322916666666667 0.17407407407407408 0.1921875 0.19074074074074074 0.1890625 0.18981481481481483 0.1828125 0.17222222222222222 0.18333333333333332 0.16203703703703703 0.18645833333333334 0.16111111111111112
1 0.5260416666666666 0.2861111111111111 0.528125 0.3074074074074074 0.5255208333333333 0.33425925925925926 0.5234375 0.3351851851851852 0.51875 0.30833333333333335 0.51875 0.29814814814814816 0.521875 0.2861111111111111 0.5255208333333333 0.2861111111111111
1 0.8598958333333333 0.55 0.8567708333333334 0.5407407407407407 0.8520833333333333 0.5462962962962963 0.8479166666666667 0.5462962962962963 0.846875 0.5425925925925926 0.8546875 0.5277777777777778 0.8614583333333333 0.5055555555555555 0.8661458333333333 0.5074074074074074 0.86875 0.5259259259259259 0.8645833333333334 0.537962962962963 0.8635416666666667 0.55 0.8604166666666667 0.55
1 0.25729166666666664 0.09907407407407408 0.2604166666666667 0.10555555555555556 0.2625 0.11944444444444445 0.26197916666666665 0.13055555555555556 0.25885416666666666 0.13425925925925927 0.25833333333333336 0.1259259259259259 0.2515625 0.10740740740740741 0.2515625 0.10092592592592593 0.25364583333333335 0.09722222222222222 0.25677083333333334 0.09907407407407408
1 0.8010416666666667 0.21574074074074073 0.008333333333333333 0.037037037037037035
1 0.4484375 0.9194444444444444 0.45729166666666665 0.925 0.45989583333333334 0.9314814814814815 0.45989583333333334 0.937962962962963 0.45677083333333335 0.9481481481481482 0.45625 0.9583333333333334 0.44635416666666666 0.9657407407407408 0.4421875 0.9592592592592593 0.4427083333333333 0.9490740740740741 0.440625 0.9425925925925925 0.4395833333333333 0.925 0.4427083333333333 0.9185185185185185 0.4479166666666667 0.9194444444444444
1 0.06041666666666667 0.23981481481481481 0.06510416666666667 0.24814814814814815 0.06927083333333334 0.2759259259259259 0.06458333333333334 0.2777777777777778 0.0625 0.275 0.05572916666666667 0.24814814814814815 0.053125 0.24444444444444444 0.059895833333333336 0.24074074074074073
1 0.4546875 0.5120370370370371 0.4583333333333333 0.5111111111111111 0.46822916666666664 0.5231481481481481 0.4671875 0.5370370370370371 0.4713541666666667 0.5462962962962963 0.46979166666666666 0.5518518518518518 0.4630208333333333 0.5435185185185185 0.46041666666666664 0.5564814814814815 0.4578125 0.5564814814814815 0.45625 0.5287037037037037 0.453125 0.5185185185185185 0.4546875 0.512962962962963
1 0.8 0.15925925925925927 0.803125 0.15925925925925927 0.8057291666666667 0.1685185185185185 0.8020833333333334 0.18888888888888888 0.7916666666666666 0.18518518518518517 0.7932291666666667 0.175 0.8 0.16018518518518518
1 0.1765625 0.1712962962962963 0.18229166666666666 0.18333333333333332 0.18229166666666666 0.19166666666666668 0.18645833333333334 0.2 0.17864583333333334 0.19814814814814816 0.17708333333333334 0.18981481481481483 0.171875 0.1824074074074074 0.1734375 0.17222222222222222 0.17604166666666668 0.1712962962962963
1 0.5057291666666667 0.28888888888888886 0.5098958333333333 0.2916666666666667 0.5135416666666667 0.30277777777777776 0.5119791666666667 0.3277777777777778 0.5083333333333333 0.3398148148148148 0.5052083333333334 0.33796296296296297 0.5078125 0.3287037037037037 0.5067708333333333 0.31666666666666665 0.5015625 0.3101851851851852 0.503125 0.2935185185185185 0.5052083333333334 0.28888888888888886
1 0.0953125 0.2101851851851852 0.10520833333333333 0.22777777777777777 0.10885416666666667 0.2518518518518518 0.1046875 0.25462962962962965 0.10104166666666667 0.24074074074074073 0.09479166666666666 0.23148148148148148 0.09479166666666666 0.21944444444444444 0.09270833333333334 0.21388888888888888 0.09479166666666666 0.2111111111111111
1 0.1453125 0.1712962962962963 0.1546875 0.19444444444444445 0.15520833333333334 0.2 0.1515625 0.2037037037037037 0.146875 0.19907407407407407 0.140625 0.17777777777777778 0.1421875 0.1712962962962963 0.14479166666666668 0.1712962962962963
1 0.47708333333333336 0.6685185185185185 0.48385416666666664 0.6759259259259259 0.4864583333333333 0.6842592592592592 0.4869791666666667 0.6898148148148148 0.484375 0.6990740740740741 0.4864583333333333 0.7194444444444444 0.47708333333333336 0.7268518518518519 0.47604166666666664 0.7240740740740741 0.4708333333333333 0.6851851851851852 0.4734375 0.6703703703703704 0.4765625 0.6694444444444444
1 0.15625 0.8740740740740741 0.16041666666666668 0.8777777777777778 0.16822916666666668 0.8759259259259259 0.16614583333333333 0.8861111111111111 0.17395833333333333 0.899074074074074 0.16354166666666667 0.9148148148148149 0.1578125 0.9120370370370371 0.15416666666666667 0.9055555555555556 0.14739583333333334 0.9055555555555556 0.14270833333333333 0.8907407407407407 0.14166666666666666 0.8759259259259259 0.15052083333333333 0.8712962962962963 0.15572916666666667 0.8740740740740741
1 0.3572916666666667 0.15648148148148147 0.3619791666666667 0.1712962962962963 0.3625 0.19722222222222222 0.359375 0.19537037037037036 0.35833333333333334 0.19074074074074074 0.3546875 0.16111111111111112 0.3546875 0.1574074074074074 0.3567708333333333 0.15648148148148147
1 0.2713541666666667 0.11388888888888889 0.27447916666666666 0.1259259259259259 0.2755208333333333 0.14074074074074075 0.2734375 0.14444444444444443 0.26666666666666666 0.12685185185185185 0.2671875 0.11481481481481481 0.2708333333333333 0.11388888888888889
1 0.5364583333333334 0.20277777777777778 0.5380208333333333 0.21296296296296297 0.5328125 0.24351851851851852 0.528125 0.2175925925925926 0.528125 0.20462962962962963 0.5322916666666667 0.19537037037037036 0.5359375 0.20277777777777778
1 0.14739583333333334 0.20092592592592592 0.1515625 0.20462962962962963 0.15729166666666666 0.23425925925925925 0.1515625 0.2361111111111111 0.14375 0.21666666666666667 0.14322916666666666 0.2064814814814815 0.146875 0.20185185185185187
1 0.4817708333333333 0.44074074074074077 0.48802083333333335 0.45 0.4895833333333333 0.45740740740740743 0.48854166666666665 0.47685185185185186 0.484375 0.49537037037037035 0.47760416666666666 0.4601851851851852 0.478125 0.44814814814814813 0.48125 0.44074074074074077
1 0.828125 0.16111111111111112 0.834375 0.14537037037037037 0.8375 0.1537037037037037 0.8296875 0.18888888888888888 0.8270833333333333 0.18888888888888888 0.8291666666666667 0.17962962962962964 0.8260416666666667 0.1712962962962963 0.828125 0.16203703703703703
1 0.16354166666666667 0.1925925925925926 0.171875 0.22314814814814815 0.16927083333333334 0.22592592592592592 0.1609375 0.21481481481481482 0.1578125 0.20277777777777778 0.1578125 0.1925925925925926 0.16041666666666668 0.18888888888888888 0.16302083333333334 0.1925925925925926
1 0.2947916666666667 0.850925925925926 0.30364583333333334 0.8564814814814815 0.30520833333333336 0.8657407407407407 0.3098958333333333 0.8759259259259259 0.3078125 0.8787037037037037 0.303125 0.8768518518518519 0.30052083333333335 0.8805555555555555 0.3 0.899074074074074 0.296875 0.9046296296296297 0.29375 0.8842592592592593 0.28802083333333334 0.8731481481481481 0.2838541666666667 0.8574074074074074 0.2859375 0.8481481481481481 0.29010416666666666 0.8472222222222222 0.2942708333333333 0.850925925925926
1 0.4041666666666667 0.26296296296296295 0.4083333333333333 0.2777777777777778 0.4083333333333333 0.2824074074074074 0.4041666666666667 0.29259259259259257 0.4010416666666667 0.287962962962963 0.39895833333333336 0.2722222222222222 0.4005208333333333 0.2638888888888889 0.4036458333333333 0.26296296296296295
1 0.6333333333333333 0.225 0.6369791666666667 0.2361111111111111 0.6369791666666667 0.24259259259259258 0.6333333333333333 0.26851851851851855 0.6302083333333334 0.27314814814814814 0.6270833333333333 0.26666666666666666 0.6270833333333333 0.23703703703703705 0.6302083333333334 0.22592592592592592 0.6328125 0.225
1 0.55 0.20925925925925926 0.5458333333333333 0.18981481481481483 0.546875 0.18333333333333332 0.553125 0.17407407407407408 0.55625 0.18703703703703703 0.5536458333333333 0.20555555555555555 0.5505208333333333 0.20925925925925926
1 0.5395833333333333 0.24444444444444444 0.540625 0.20925925925925926 0.5432291666666667 0.19814814814814816 0.5463541666666667 0.19444444444444445 0.55 0.2037037037037037 0.5505208333333333 0.2111111111111111 0.5479166666666667 0.23148148148148148 0.5427083333333333 0.24444444444444444 0.5401041666666667 0.24444444444444444
1 0.5130208333333334 0.24814814814814815 0.5171875 0.2611111111111111 0.5177083333333333 0.27314814814814814 0.5119791666666667 0.2953703703703704 0.5104166666666666 0.29259259259259257 0.5098958333333333 0.2796296296296296 0.5052083333333334 0.2722222222222222 0.5052083333333334 0.26296296296296295 0.509375 0.2490740740740741 0.5125 0.24814814814814815
1 0.4119791666666667 0.8111111111111111 0.421875 0.8222222222222222 0.4265625 0.8398148148148148 0.4265625 0.8462962962962963 0.425 0.8527777777777777 0.421875 0.8546296296296296 0.4192708333333333 0.8537037037037037 0.41822916666666665 0.8481481481481481 0.4171875 0.85 0.4166666666666667 0.8629629629629629 0.4114583333333333 0.8759259259259259 0.409375 0.8740740740740741 0.4114583333333333 0.8601851851851852 0.40729166666666666 0.8212962962962963 0.4078125 0.812962962962963 0.4114583333333333 0.8111111111111111
1 0.6333333333333333 0.11481481481481481 0.6364583333333333 0.1259259259259259 0.6364583333333333 0.13333333333333333 0.6328125 0.1537037037037037 0.6302083333333334 0.15648148148148147 0.628125 0.15185185185185185 0.6276041666666666 0.13240740740740742 0.6307291666666667 0.11574074074074074 0.6328125 0.11481481481481481
1 0.17708333333333334 0.18611111111111112 0.1859375 0.21296296296296297 0.1859375 0.21666666666666667 0.1796875 0.21666666666666667 0.18020833333333333 0.22314814814814815 0.17864583333333334 0.22685185185185186 0.17083333333333334 0.1962962962962963 0.17083333333333334 0.18796296296296297 0.1765625 0.18611111111111112
1 0.07447916666666667 0.2861111111111111 0.078125 0.2861111111111111 0.08697916666666666 0.2962962962962963 0.08958333333333333 0.30833333333333335 0.09583333333333334 0.31666666666666665 0.0953125 0.32037037037037036 0.0890625 0.31851851851851853 0.08802083333333334 0.32685185185185184 0.07916666666666666 0.3277777777777778 0.0765625 0.30925925925925923 0.06979166666666667 0.2972222222222222 0.07447916666666667 0.28703703703703703
1 0.5328125 0.2814814814814815 0.5375 0.2935185185185185 0.5359375 0.3277777777777778 0.5322916666666667 0.3277777777777778 0.5286458333333334 0.31574074074074077 0.5276041666666667 0.29259259259259257 0.5291666666666667 0.2851851851851852 0.5322916666666667 0.2824074074074074
1 0.7921875 0.18796296296296297 0.7958333333333333 0.1925925925925926 0.7947916666666667 0.20555555555555555 0.7864583333333334 0.2324074074074074 0.7828125 0.22870370370370371 0.7822916666666667 0.20833333333333334 0.7859375 0.1925925925925926 0.7916666666666666 0.18796296296296297
1 0.6453125 0.16111111111111112 0.6479166666666667 0.1648148148148148 0.6484375 0.17777777777777778 0.64375 0.1962962962962963 0.6411458333333333 0.19907407407407407 0.6390625 0.1962962962962963 0.6395833333333333 0.17037037037037037 0.6447916666666667 0.16111111111111112
1 0 0.7675925925925926 0.0026041666666666665 0.7694444444444445 0.00625 0.7814814814814814 0.014583333333333334 0.7898148148148149 0.019791666666666666 0.8101851851851852 0.011458333333333333 0.8148148148148148 0 0.8037037037037037 0 0.7685185185185185
1 0.5364583333333334 0.36574074074074076 0.5395833333333333 0.36574074074074076 0.540625 0.3712962962962963 0.5453125 0.37592592592592594 0.5463541666666667 0.387037037037037 0.5453125 0.39444444444444443 0.5411458333333333 0.4 0.5395833333333333 0.41574074074074074 0.5364583333333334 0.4166666666666667 0.5322916666666667 0.38796296296296295 0.5322916666666667 0.37962962962962965 0.5364583333333334 0.36666666666666664
1 0.48125 0.537962962962963 0.48802083333333335 0.55 0.48854166666666665 0.5722222222222222 0.4875 0.5740740740740741 0.48385416666666664 0.5685185185185185 0.48072916666666665 0.575 0.478125 0.5907407407407408 0.47552083333333334 0.587037037037037 0.47552083333333334 0.5648148148148148 0.47291666666666665 0.5527777777777778 0.47760416666666666 0.5398148148148149 0.48072916666666665 0.537962962962963
1 0.515625 0.4 0.5197916666666667 0.4 0.5255208333333333 0.4101851851851852 0.528125 0.43703703703703706 0.5255208333333333 0.4462962962962963 0.5213541666666667 0.45185185185185184 0.5182291666666666 0.45185185185185184 0.5177083333333333 0.4398148148148148 0.5130208333333334 0.4185185185185185 0.515625 0.4009259259259259
1 0.6052083333333333 0.18333333333333332 0.6083333333333333 0.19444444444444445 0.6083333333333333 0.20277777777777778 0.6057291666666667 0.22037037037037038 0.6020833333333333 0.22777777777777777 0.6 0.22314814814814815 0.5984375 0.19814814814814816 0.6015625 0.18425925925925926 0.6046875 0.18333333333333332
1 0.5536458333333333 0.3592592592592593 0.5588541666666667 0.3787037037037037 0.5557291666666667 0.38796296296296295 0.5552083333333333 0.4027777777777778 0.55 0.41574074074074074 0.546875 0.41203703703703703 0.5484375 0.4 0.5453125 0.3731481481481482 0.553125 0.3592592592592593
1 0.3015625 0.9324074074074075 0.30520833333333336 0.9351851851851852 0.31145833333333334 0.9537037037037037 0.3203125 0.9703703703703703 0.31666666666666665 0.9768518518518519 0.3078125 0.9796296296296296 0.303125 0.9768518518518519 0.29375 0.9537037037037037 0.29322916666666665 0.937962962962963 0.29739583333333336 0.9324074074074075 0.30104166666666665 0.9324074074074075
1 0.6203125 0.18703703703703703 0.6239583333333333 0.19722222222222222 0.6239583333333333 0.2074074074074074 0.6197916666666666 0.22870370370370371 0.6161458333333333 0.22592592592592592 0.6140625 0.21296296296296297 0.6151041666666667 0.19722222222222222 0.6197916666666666 0.18703703703703703
1 0.49114583333333334 0.5398148148148149 0.4979166666666667 0.5537037037037037 0.4984375 0.575 0.5067708333333333 0.5814814814814815 0.5052083333333334 0.5925925925925926 0.5026041666666666 0.5861111111111111 0.49947916666666664 0.5842592592592593 0.4973958333333333 0.5842592592592593 0.4953125 0.5916666666666667 0.490625 0.5916666666666667 0.48802083333333335 0.5564814814814815 0.48854166666666665 0.5444444444444444 0.490625 0.5407407407407407
1 0.39895833333333336 0.26851851851851855 0.4005208333333333 0.2712962962962963 0.40208333333333335 0.2935185185185185 0.39739583333333334 0.3138888888888889 0.39479166666666665 0.3101851851851852 0.3932291666666667 0.27870370370370373 0.3963541666666667 0.26944444444444443 0.3984375 0.26851851851851855
1 0.34270833333333334 0.025 0.3458333333333333 0.032407407407407406 0.34479166666666666 0.04722222222222222 0.34270833333333334 0.05 0.33645833333333336 0.03425925925925926 0.3385416666666667 0.025 0.3421875 0.025
1 0.30625 0.987037037037037 0.3104166666666667 0.9990740740740741 0.28802083333333334 0.9990740740740741 0.28802083333333334 0.9916666666666667 0.2947916666666667 0.9842592592592593 0.30364583333333334 0.9824074074074074 0.30572916666666666 0.987037037037037
1 0.7375 0.21203703703703702 0.7390625 0.22407407407407406 0.734375 0.2564814814814815 0.7307291666666667 0.2564814814814815 0.728125 0.2462962962962963 0.7333333333333333 0.21666666666666667 0.7369791666666666 0.21296296296296297
1 0.45260416666666664 0.5185185185185185 0.45625 0.5203703703703704 0.45677083333333335 0.524074074074074 0.4578125 0.5611111111111111 0.4510416666666667 0.5611111111111111 0.4479166666666667 0.5555555555555556 0.44583333333333336 0.5425925925925926 0.44635416666666666 0.5296296296296297 0.45260416666666664 0.5194444444444445