1 0.8208333333333333 0.2064814814814815 0.8208333333333333 0.2175925925925926 0.8119791666666667 0.2361111111111111 0.8104166666666667 0.2462962962962963 0.8057291666666667 0.24259259259259258 0.8072916666666666 0.23055555555555557 0.8130208333333333 0.21296296296296297 0.8166666666666667 0.2074074074074074 0.8203125 0.2064814814814815
1 0.4984375 0.5018518518518519 0.5020833333333333 0.5046296296296297 0.5088541666666667 0.5212962962962963 0.5088541666666667 0.5259259259259259 0.5041666666666667 0.5324074074074074 0.5026041666666666 0.5509259259259259 0.49895833333333334 0.5509259259259259 0.49583333333333335 0.5194444444444445 0.4979166666666667 0.5027777777777778
1 0.5598958333333334 0.46944444444444444 0.5640625 0.4777777777777778 0.5645833333333333 0.48333333333333334 0.5598958333333334 0.5194444444444445 0.5505208333333333 0.5157407407407407 0.553125 0.4981481481481482 0.5536458333333333 0.47685185185185186 0.5567708333333333 0.46944444444444444 0.559375 0.46944444444444444
1 0.3625 0.5962962962962963 0.3703125 0.6055555555555555 0.371875 0.6194444444444445 0.37604166666666666 0.6324074074074074 0.3729166666666667 0.6407407407407407 0.3697916666666667 0.6324074074074074 0.36666666666666664 0.6342592592592593 0.3625 0.6527777777777778 0.35989583333333336 0.6509259259259259 0.3609375 0.6240740740740741 0.3578125 0.6074074074074074 0.35833333333333334 0.5981481481481481 0.3619791666666667 0.5962962962962963
1 0.5848958333333333 0.27314814814814814 0.5875 0.2935185185185185 0.584375 0.31296296296296294 0.58125 0.31851851851851853 0.5807291666666666 0.31666666666666665 0.578125 0.2898148148148148 0.5807291666666666 0.27870370370370373 0.584375 0.2740740740740741
1 0.4901041666666667 0.26851851851851855 0.490625 0.23981481481481481 0.49166666666666664 0.23425925925925925 0.4953125 0.23055555555555557 0.4973958333333333 0.24444444444444444 0.49635416666666665 0.2722222222222222 0.49270833333333336 0.27314814814814814 0.490625 0.26944444444444443
1 0.8322916666666667 0.23287037037037037 0.011458333333333333 0.049074074074074076
1 0.6200520833333333 0.16712962962962963 0.0078125 0.030555555555555555
1 0.5776041666666667 0.3509259259259259 0.5817708333333333 0.35555555555555557 0.5796875 0.38425925925925924 0.578125 0.387037037037037 0.5744791666666667 0.3861111111111111 0.575 0.37962962962962965 0.5729166666666666 0.37407407407407406 0.5739583333333333 0.35833333333333334 0.5776041666666667 0.35185185185185186
1 0.24895833333333334 0.12314814814814815 0.2520833333333333 0.12685185185185185 0.25416666666666665 0.1361111111111111 0.2520833333333333 0.15185185185185185 0.2484375 0.14722222222222223 0.2453125 0.13333333333333333 0.2484375 0.12314814814814815
1 0.5463541666666667 0.6138888888888889 0.5494791666666666 0.6203703703703703 0.5505208333333333 0.6333333333333333 0.5505208333333333 0.6518518518518519 0.546875 0.6583333333333333 0.5421875 0.6564814814814814 0.5390625 0.6481481481481481 0.5411458333333333 0.6175925925925926 0.5458333333333333 0.6138888888888889
1 0.43125 0.5537037037037037 0.43697916666666664 0.562962962962963 0.4375 0.5768518518518518 0.43125 0.5879629629629629 0.43125 0.5981481481481481 0.42916666666666664 0.6055555555555555 0.4265625 0.6027777777777777 0.4276041666666667 0.5796296296296296 0.425 0.5666666666666667 0.4270833333333333 0.5537037037037037 0.43072916666666666 0.5537037037037037
1 0.6411458333333333 0.20555555555555555 0.6427083333333333 0.22314814814814815 0.6395833333333333 0.24444444444444444 0.6359375 0.24259259259259258 0.634375 0.22314814814814815 0.6369791666666667 0.2111111111111111 0.640625 0.20555555555555555
1 0.08489583333333334 0.33240740740740743 0.09947916666666666 0.36018518518518516 0.09010416666666667 0.3611111111111111 0.08854166666666667 0.37222222222222223 0.084375 0.36944444444444446 0.0796875 0.35648148148148145 0.07916666666666666 0.34814814814814815 0.0796875 0.33796296296296297 0.084375 0.3333333333333333
1 0.259375 0.14166666666666666 0.2630208333333333 0.14907407407407408 0.2630208333333333 0.16574074074074074 0.259375 0.17685185185185184 0.25416666666666665 0.15092592592592594 0.2552083333333333 0.14444444444444443 0.25885416666666666 0.14166666666666666
1 0.16510416666666666 0.22314814814814815 0.1703125 0.22592592592592592 0.17239583333333333 0.23055555555555557 0.17552083333333332 0.25462962962962965 0.17291666666666666 0.2611111111111111 0.16875 0.262037037037037 0.16822916666666668 0.24814814814814815 0.16354166666666667 0.23055555555555557 0.16458333333333333 0.22407407407407406
1 0.18229166666666666 0.21666666666666667 0.18541666666666667 0.21666666666666667 0.19270833333333334 0.22870370370370371 0.19270833333333334 0.2388888888888889 0.19583333333333333 0.24814814814814815 0.19583333333333333 0.2518518518518518 0.1890625 0.25833333333333336 0.1875 0.24259259259259258 0.18125 0.23055555555555557 0.18229166666666666 0.2175925925925926
1 0.8177083333333334 0.4685185185185185 0.8213541666666667 0.4740740740740741 0.8208333333333333 0.4824074074074074 0.8140625 0.5120370370370371 0.8114583333333333 0.5157407407407407 0.809375 0.5148148148148148 0.8104166666666667 0.5055555555555555 0.8088541666666667 0.5037037037037037 0.8067708333333333 0.5037037037037037 0.8036458333333333 0.5111111111111111 0.8010416666666667 0.5074074074074074 0.8072916666666666 0.49074074074074076 0.8088541666666667 0.47685185185185186 0.8171875 0.4685185185185185
1 0.5953125 0.2638888888888889 0.5984375 0.2675925925925926 0.6 0.275 0.5963541666666666 0.30648148148148147 0.5932291666666667 0.30648148148148147 0.5927083333333333 0.287962962962963 0.590625 0.2814814814814815 0.5916666666666667 0.2712962962962963 0.5947916666666667 0.26481481481481484
1 0.5807291666666666 0.35555555555555557 0.5848958333333333 0.35648148148148145 0.5880208333333333 0.36203703703703705 0.5848958333333333 0.39444444444444443 0.5791666666666667 0.38425925925925924 0.5807291666666666 0.35648148148148145
1 0.48125 0.47962962962962963 0.4875 0.487962962962963 0.4890625 0.5 0.48854166666666665 0.5120370370370371 0.48333333333333334 0.5175925925925926 0.48072916666666665 0.5287037037037037 0.478125 0.5287037037037037 0.478125 0.5074074074074074 0.4734375 0.5018518518518519 0.4739583333333333 0.4925925925925926 0.47760416666666666 0.48055555555555557 0.48072916666666665 0.47962962962962963
1 0.22708333333333333 0.18611111111111112 0.23072916666666668 0.18611111111111112 0.2328125 0.18981481481481483 0.23697916666666666 0.21481481481481482 0.23489583333333333 0.21944444444444444 0.23020833333333332 0.22037037037037038 0.22708333333333333 0.18703703703703703
1 0.2635416666666667 0.15092592592592594 0.26614583333333336 0.15 0.26927083333333335 0.1537037037037037 0.27239583333333334 0.17314814814814813 0.27239583333333334 0.17777777777777778 0.2677083333333333 0.1814814814814815 0.2630208333333333 0.1648148148148148 0.2635416666666667 0.15185185185185185
1 0.08125 0.25555555555555554 0.0890625 0.26851851851851855 0.09270833333333334 0.2833333333333333 0.09635416666666667 0.2898148148148148 0.09270833333333334 0.2962962962962963 0.08958333333333333 0.2962962962962963 0.08697916666666666 0.2861111111111111 0.078125 0.2712962962962963 0.07708333333333334 0.25833333333333336 0.08072916666666667 0.25555555555555554
1 0.9494791666666667 0.5796296296296296 0.9536458333333333 0.5842592592592593 0.9541666666666667 0.6 0.9520833333333333 0.6129629629629629 0.9421875 0.6268518518518519 0.9411458333333333 0.612037037037037 0.9364583333333333 0.6018518518518519 0.9390625 0.5944444444444444 0.9489583333333333 0.5805555555555556
1 0.43697916666666664 0.5814814814814815 0.4421875 0.5888888888888889 0.44583333333333336 0.6064814814814815 0.44427083333333334 0.6240740740740741 0.4395833333333333 0.6351851851851852 0.4317708333333333 0.6092592592592593 0.4322916666666667 0.5861111111111111 0.43645833333333334 0.5814814814814815
1 0.5114583333333333 0.6018518518518519 0.5135416666666667 0.6175925925925926 0.5135416666666667 0.637962962962963 0.5119791666666667 0.6435185185185185 0.5078125 0.6407407407407407 0.5020833333333333 0.6574074074074074 0.5 0.6555555555555556 0.5005208333333333 0.6259259259259259 0.4979166666666667 0.6148148148148148 0.503125 0.600925925925926 0.5109375 0.6018518518518519
1 0.5338541666666666 0.5953703703703703 0.5395833333333333 0.6074074074074074 0.5401041666666667 0.6185185185185185 0.5364583333333334 0.6398148148148148 0.5291666666666667 0.6462962962962963 0.5260416666666666 0.6111111111111112 0.5291666666666667 0.600925925925926 0.5333333333333333 0.5953703703703703
1 0.3736979166666667 0.2064814814814815 0.008854166666666666 0.03888888888888889
1 0.41354166666666664 0.6018518518518519 0.41822916666666665 0.6101851851851852 0.4192708333333333 0.6175925925925926 0.4171875 0.6481481481481481 0.41458333333333336 0.6518518518518519 0.4078125 0.6212962962962963 0.4088541666666667 0.6046296296296296 0.4109375 0.600925925925926 0.41302083333333334 0.6018518518518519
1 0.45755208333333336 0.25462962962962965 0.011979166666666667 0.04259259259259259
1 0.8385416666666666 0.24305555555555555 0.011458333333333333 0.03425925925925926
1 0.6484375 0.28888888888888886 0.65 0.31203703703703706 0.6473958333333333 0.3351851851851852 0.640625 0.3351851851851852 0.6395833333333333 0.33055555555555555 0.6416666666666667 0.30185185185185187 0.6447916666666667 0.29074074074074074 0.6479166666666667 0.28888888888888886
1 0.07447916666666667 0.33240740740740743 0.07864583333333333 0.33796296296296297 0.07916666666666666 0.3527777777777778 0.0828125 0.36574074074074076 0.08177083333333333 0.37037037037037035 0.07864583333333333 0.36944444444444446 0.07708333333333334 0.3611111111111111 0.06822916666666666 0.3453703703703704 0.06822916666666666 0.33425925925925926 0.07395833333333333 0.33240740740740743
1 0.6114583333333333 0.16296296296296298 0.6151041666666667 0.16296296296296298 0.6171875 0.17314814814814813 0.6140625 0.19907407407407407 0.6125 0.20277777777777778 0.6104166666666667 0.20092592592592592 0.609375 0.17222222222222222 0.6114583333333333 0.1638888888888889
1 0.19895833333333332 0.21296296296296297 0.013541666666666667 0.04259259259259259
1 0.6057291666666667 0.32037037037037036 0.6088541666666667 0.32037037037037036 0.609375 0.32685185185185184 0.6135416666666667 0.33425925925925926 0.6088541666666667 0.3490740740740741 0.6088541666666667 0.37222222222222223 0.6057291666666667 0.37407407407407406 0.6036458333333333 0.3611111111111111 0.5989583333333334 0.362962962962963 0.6020833333333333 0.3509259259259259 0.6015625 0.3333333333333333 0.6057291666666667 0.3212962962962963
1 0.453125 0.6509259259259259 0.45364583333333336 0.6333333333333333 0.44947916666666665 0.6185185185185185 0.44895833333333335 0.6083333333333333 0.4546875 0.6037037037037037 0.459375 0.6055555555555555 0.4630208333333333 0.6157407407407407 0.45677083333333335 0.65 0.45364583333333336 0.6509259259259259
1 0.04479166666666667 0.3768518518518518 0.052083333333333336 0.387037037037037 0.05520833333333333 0.3972222222222222 0.0609375 0.4009259259259259 0.0609375 0.4046296296296296 0.058854166666666666 0.40555555555555556 0.053125 0.40370370370370373 0.050520833333333334 0.41388888888888886 0.043229166666666666 0.40555555555555556 0.040625 0.41203703703703703 0.0390625 0.4111111111111111 0.04114583333333333 0.4009259259259259 0.03697916666666667 0.3888888888888889 0.0375 0.37962962962962965 0.0359375 0.37592592592592594 0.044270833333333336 0.3768518518518518
1 0.20625 0.17222222222222222 0.2109375 0.17222222222222222 0.215625 0.19814814814814816 0.20989583333333334 0.20833333333333334 0.20833333333333334 0.20555555555555555 0.2046875 0.18518518518518517 0.20625 0.17314814814814813
1 0.9729166666666667 0.637962962962963 0.9765625 0.6537037037037037 0.975 0.662962962962963 0.95 0.6944444444444444 0.9473958333333333 0.6935185185185185 0.946875 0.6888888888888889 0.9526041666666667 0.675 0.95625 0.6555555555555556 0.9671875 0.6370370370370371 0.9723958333333333 0.637962962962963
1 0.33177083333333335 0.09814814814814815 0.33177083333333335 0.08425925925925926 0.334375 0.075 0.33958333333333335 0.07777777777777778 0.3416666666666667 0.1 0.3380208333333333 0.10185185185185185 0.33489583333333334 0.09722222222222222 0.33229166666666665 0.09814814814814815
1 0.5791666666666667 0.3861111111111111 0.5833333333333334 0.3907407407407407 0.5838541666666667 0.39537037037037037 0.5802083333333333 0.4324074074074074 0.5786458333333333 0.4351851851851852 0.5744791666666667 0.43148148148148147 0.575 0.41759259259259257 0.571875 0.3972222222222222 0.5734375 0.3888888888888889 0.5786458333333333 0.3861111111111111
1 0.5708333333333333 0.48518518518518516 0.5755208333333334 0.49537037037037035 0.5770833333333333 0.5064814814814815 0.5677083333333334 0.5425925925925926 0.5640625 0.5453703703703704 0.5671875 0.5222222222222223 0.5640625 0.5009259259259259 0.5671875 0.487962962962963 0.5703125 0.48518518518518516
1 0.5463541666666667 0.6574074074074074 0.5515625 0.6675925925925926 0.5520833333333334 0.6824074074074075 0.546875 0.6953703703703704 0.5432291666666667 0.7212962962962963 0.5401041666666667 0.7203703703703703 0.5427083333333333 0.6944444444444444 0.5401041666666667 0.687962962962963 0.5364583333333334 0.687962962962963 0.5364583333333334 0.6759259259259259 0.540625 0.6611111111111111 0.5458333333333333 0.6574074074074074
1 0.55859375 0.3731481481481482 0.013020833333333334 0.025925925925925925
1 0.32135416666666666 0.12314814814814815 0.31875 0.11574074074074074 0.31875 0.09444444444444444 0.32083333333333336 0.09259259259259259 0.325 0.10462962962962963 0.3255208333333333 0.11851851851851852 0.32447916666666665 0.12222222222222222 0.321875 0.12222222222222222
1 0.17291666666666666 0.20555555555555555 0.17552083333333332 0.20925925925925926 0.17760416666666667 0.22592592592592592 0.175 0.23148148148148148 0.17135416666666667 0.22685185185185186 0.165625 0.2101851851851852 0.1671875 0.19907407407407407 0.17239583333333333 0.20555555555555555
1 0.6057291666666667 0.20462962962962963 0.6083333333333333 0.21666666666666667 0.60625 0.24074074074074073 0.6046875 0.24259259259259258 0.6020833333333333 0.24259259259259258 0.6020833333333333 0.22962962962962963 0.5984375 0.2101851851851852 0.6020833333333333 0.2037037037037037 0.6052083333333333 0.20462962962962963
1 0.3572916666666667 0.6981481481481482 0.3625 0.7027777777777777 0.36614583333333334 0.7129629629629629 0.36614583333333334 0.7342592592592593 0.36302083333333335 0.75 0.36041666666666666 0.7472222222222222 0.353125 0.7037037037037037 0.3541666666666667 0.6990740740740741 0.3567708333333333 0.6981481481481482
1 0.6161458333333333 0.20833333333333334 0.6203125 0.2111111111111111 0.6203125 0.22314814814814815 0.6161458333333333 0.24814814814814815 0.6130208333333333 0.24444444444444444 0.6130208333333333 0.2212962962962963 0.615625 0.20925925925925926
1 0.6125 0.20277777777777778 0.6166666666666667 0.21388888888888888 0.6130208333333333 0.22777777777777777 0.6119791666666666 0.24259259259259258 0.6083333333333333 0.24444444444444444 0.6072916666666667 0.24166666666666667 0.6072916666666667 0.2111111111111111 0.6083333333333333 0.2064814814814815 0.6119791666666666 0.2037037037037037
1 0.4427083333333333 0.24351851851851852 0.44583333333333336 0.24351851851851852 0.44947916666666665 0.25555555555555554 0.4484375 0.27314814814814814 0.45 0.2824074074074074 0.44947916666666665 0.2861111111111111 0.4432291666666667 0.27870370370370373 0.440625 0.25925925925925924 0.4427083333333333 0.24444444444444444
1 0.35572916666666665 0.06296296296296296 0.359375 0.06388888888888888 0.3619791666666667 0.07037037037037037 0.36041666666666666 0.08796296296296297 0.35885416666666664 0.08888888888888889 0.3546875 0.07314814814814814 0.35572916666666665 0.06388888888888888