0 0.14166666666666666 0.3685185185185185 0.15833333333333333 0.36944444444444446 0.16302083333333334 0.375 0.15833333333333333 0.4083333333333333 0.15416666666666667 0.41574074074074074 0.14166666666666666 0.42592592592592593 0.13333333333333333 0.4212962962962963 0.12916666666666668 0.4148148148148148 0.13177083333333334 0.4027777777777778 0.13333333333333333 0.3731481481481482 0.13489583333333333 0.36944444444444446 0.14114583333333333 0.3685185185185185
0 0.6833333333333333 0 0.715625 0 0.721875 0.011111111111111112 0.7255208333333333 0.032407407407407406 0.725 0.04814814814814815 0.7208333333333333 0.05555555555555555 0.7026041666666667 0.05648148148148148 0.6984375 0.05 0.6984375 0.032407407407407406 0.7 0.027777777777777776 0.6958333333333333 0.027777777777777776 0.6932291666666667 0.03796296296296296 0.6890625 0.03518518518518519 0.684375 0.014814814814814815 0.6833333333333333 0.000925925925925926
0 0.06145833333333333 0.1537037037037037 0.0796875 0.1675925925925926 0.0890625 0.1712962962962963 0.10677083333333333 0.19537037037037036 0.1015625 0.2037037037037037 0.096875 0.22037037037037038 0.08541666666666667 0.23333333333333334 0.08177083333333333 0.2462962962962963 0.07447916666666667 0.25 0.06770833333333333 0.2462962962962963 0.0640625 0.2490740740740741 0.057291666666666664 0.24259259259259258 0.050520833333333334 0.24074074074074073 0.023958333333333335 0.18703703703703703 0.027604166666666666 0.17777777777777778 0.04479166666666667 0.16018518518518518 0.053125 0.1537037037037037 0.0609375 0.1537037037037037
0 0.5619791666666667 0.020370370370370372 0.5708333333333333 0.025925925925925925 0.571875 0.041666666666666664 0.5713541666666667 0.05925925925925926 0.5682291666666667 0.07592592592592592 0.5604166666666667 0.08796296296296297 0.5572916666666666 0.08703703703703704 0.553125 0.07962962962962963 0.5515625 0.05925925925925926 0.5536458333333333 0.028703703703703703 0.55625 0.022222222222222223 0.5614583333333333 0.020370370370370372
0 0.8276041666666667 0 0.834375 0.004629629629629629 0.8520833333333333 0.004629629629629629 0.8510416666666667 0.012037037037037037 0.853125 0.018518518518518517 0.8411458333333334 0.03611111111111111 0.8125 0.027777777777777776 0.809375 0.023148148148148147 0.8114583333333333 0.013888888888888888 0.8140625 0.010185185185185186 0.8213541666666667 0.009259259259259259 0.8276041666666667 0.000925925925925926
0 0.17291666666666666 0.12777777777777777 0.18697916666666667 0.13333333333333333 0.19114583333333332 0.13703703703703704 0.19322916666666667 0.14351851851851852 0.18333333333333332 0.14537037037037037 0.16875 0.16111111111111112 0.16458333333333333 0.15833333333333333 0.16458333333333333 0.13333333333333333 0.16666666666666666 0.12962962962962962 0.17239583333333333 0.12777777777777777
0 0.9671875 0.7074074074074074 0.971875 0.7111111111111111 0.9838541666666667 0.712037037037037 0.9994791666666667 0.7231481481481481 0.9994791666666667 0.8351851851851851 0.9942708333333333 0.8342592592592593 0.9932291666666667 0.8314814814814815 0.9921875 0.812962962962963 0.9885416666666667 0.8055555555555556 0.9677083333333333 0.7833333333333333 0.9520833333333333 0.7731481481481481 0.9453125 0.7620370370370371 0.9463541666666667 0.7453703703703703 0.95 0.7277777777777777 0.9588541666666667 0.7129629629629629 0.9666666666666667 0.7074074074074074
0 0.6755208333333333 0.18518518518518517 0.6822916666666666 0.2037037037037037 0.6828125 0.22037037037037038 0.6854166666666667 0.22777777777777777 0.6848958333333334 0.2361111111111111 0.6802083333333333 0.24074074074074073 0.6729166666666667 0.23333333333333334 0.6682291666666667 0.2324074074074074 0.665625 0.2212962962962963 0.6572916666666667 0.20277777777777778 0.6578125 0.19907407407407407 0.6677083333333333 0.19444444444444445 0.675 0.18518518518518517
0 0.024479166666666666 0.18888888888888888 0.04479166666666667 0.22777777777777777 0.04583333333333333 0.23796296296296296 0.035416666666666666 0.2490740740740741 0.026041666666666668 0.26481481481481484 0.011979166666666667 0.26944444444444443 0 0.2675925925925926 0 0.20462962962962963 0.0171875 0.18888888888888888 0.023958333333333335 0.18888888888888888
0 0.20625 0.002777777777777778 0.23177083333333334 0.011111111111111112 0.23645833333333333 0.021296296296296296 0.23645833333333333 0.032407407407407406 0.234375 0.037037037037037035 0.20677083333333332 0.06296296296296296 0.1921875 0.058333333333333334 0.1875 0.05 0.184375 0.03333333333333333 0.18489583333333334 0.022222222222222223 0.19479166666666667 0.004629629629629629 0.20572916666666666 0.002777777777777778
0 0.259375 0.4064814814814815 0.2635416666666667 0.4101851851851852 0.2755208333333333 0.4064814814814815 0.2869791666666667 0.41388888888888886 0.35625 0.46944444444444444 0.4078125 0.5166666666666667 0.41510416666666666 0.5611111111111111 0.4140625 0.5898148148148148 0.3880208333333333 0.6546296296296297 0.38333333333333336 0.6611111111111111 0.3625 0.6425925925925926 0.3567708333333333 0.6342592592592593 0.3453125 0.6287037037037037 0.3416666666666667 0.6231481481481481 0.334375 0.6268518518518519 0.32447916666666665 0.6203703703703703 0.3151041666666667 0.6064814814814815 0.26927083333333335 0.5638888888888889 0.2578125 0.5472222222222223 0.24114583333333334 0.5342592592592592 0.22760416666666666 0.5148148148148148 0.2203125 0.5138888888888888 0.21666666666666667 0.5083333333333333 0.21302083333333333 0.49166666666666664 0.215625 0.46296296296296297 0.22239583333333332 0.44907407407407407 0.23125 0.4398148148148148 0.24635416666666668 0.41388888888888886 0.253125 0.4064814814814815 0.25885416666666666 0.4064814814814815
0 0.4317708333333333 0.35555555555555557 0.43645833333333334 0.3648148148148148 0.440625 0.4064814814814815 0.4390625 0.4166666666666667 0.43645833333333334 0.4212962962962963 0.4322916666666667 0.4203703703703704 0.42135416666666664 0.39444444444444443 0.41875 0.37407407407407406 0.41875 0.3685185185185185 0.421875 0.3611111111111111 0.4276041666666667 0.35555555555555557 0.43125 0.35555555555555557
0 0.9317708333333333 0.5398148148148149 0.9322916666666666 0.5537037037037037 0.9421875 0.5648148148148148 0.9458333333333333 0.5657407407407408 0.9494791666666667 0.5611111111111111 0.9526041666666667 0.549074074074074 0.9536458333333333 0.5564814814814815 0.9640625 0.5824074074074074 0.9635416666666666 0.5898148148148148 0.9609375 0.5925925925925926 0.9442708333333333 0.5916666666666667 0.91875 0.5722222222222222 0.9161458333333333 0.5638888888888889 0.9177083333333333 0.5509259259259259 0.925 0.5407407407407407 0.9317708333333333 0.5407407407407407
0 0.6088541666666667 0.8703703703703703 0.6140625 0.8861111111111111 0.6140625 0.9074074074074074 0.6114583333333333 0.9120370370370371 0.6109375 0.9185185185185185 0.6145833333333334 0.9425925925925925 0.6109375 0.962037037037037 0.6067708333333334 0.9675925925925926 0.6005208333333333 0.9675925925925926 0.5973958333333333 0.9638888888888889 0.5901041666666667 0.9324074074074075 0.5932291666666667 0.925 0.5958333333333333 0.9037037037037037 0.5953125 0.887962962962963 0.5979166666666667 0.8777777777777778 0.6026041666666667 0.8712962962962963 0.6083333333333333 0.8703703703703703
0 0.6333333333333333 0.8657407407407407 0.6385416666666667 0.8759259259259259 0.6427083333333333 0.9 0.640625 0.9111111111111111 0.64375 0.9203703703703704 0.640625 0.9583333333333334 0.6411458333333333 0.9731481481481481 0.6369791666666667 0.9787037037037037 0.6302083333333334 0.9777777777777777 0.6270833333333333 0.9694444444444444 0.621875 0.9148148148148149 0.6182291666666667 0.9009259259259259 0.6223958333333334 0.8722222222222222 0.6260416666666667 0.8657407407407407 0.6328125 0.8657407407407407
0 0.09010416666666667 0.47962962962962963 0.11458333333333333 0.49444444444444446 0.1171875 0.4981481481481482 0.11770833333333333 0.5111111111111111 0.09947916666666666 0.5537037037037037 0.09947916666666666 0.5666666666666667 0.09583333333333334 0.5777777777777777 0.08854166666666667 0.5861111111111111 0.08020833333333334 0.5879629629629629 0.07291666666666667 0.5879629629629629 0.05677083333333333 0.575 0.04114583333333333 0.5462962962962963 0.04114583333333333 0.5324074074074074 0.06979166666666667 0.4842592592592593 0.07708333333333334 0.4787037037037037 0.08958333333333333 0.47962962962962963
0 0.209375 0.14444444444444443 0.21770833333333334 0.14722222222222223 0.22291666666666668 0.1537037037037037 0.22552083333333334 0.17962962962962964 0.22395833333333334 0.18333333333333332 0.20885416666666667 0.19444444444444445 0.19895833333333332 0.20833333333333334 0.19375 0.22314814814814815 0.190625 0.22592592592592592 0.17447916666666666 0.22407407407407406 0.16458333333333333 0.21481481481481482 0.1578125 0.19722222222222222 0.1578125 0.17777777777777778 0.16354166666666667 0.16666666666666666 0.1828125 0.14444444444444443 0.20885416666666667 0.14444444444444443
0 0.5333333333333333 0.030555555555555555 0.5375 0.03425925925925926 0.5395833333333333 0.04259259259259259 0.5395833333333333 0.08425925925925926 0.5338541666666666 0.12222222222222222 0.5307291666666667 0.12777777777777777 0.5052083333333334 0.12314814814814815 0.5041666666666667 0.10555555555555556 0.5078125 0.08425925925925926 0.5072916666666667 0.07592592592592592 0.5109375 0.06944444444444445 0.5140625 0.04537037037037037 0.5182291666666666 0.032407407407407406 0.5239583333333333 0.028703703703703703 0.5328125 0.030555555555555555
0 0.2453125 0.35555555555555557 0.2625 0.37962962962962965 0.26510416666666664 0.39537037037037037 0.2546875 0.4 0.22760416666666666 0.44351851851851853 0.21979166666666666 0.4444444444444444 0.21197916666666666 0.45185185185185184 0.20729166666666668 0.47314814814814815 0.19947916666666668 0.49074074074074076 0.19270833333333334 0.4962962962962963 0.178125 0.4925925925925926 0.171875 0.5083333333333333 0.16822916666666668 0.5055555555555555 0.15052083333333333 0.4740740740740741 0.13854166666666667 0.44166666666666665 0.13854166666666667 0.4305555555555556 0.14270833333333333 0.42407407407407405 0.165625 0.4046296296296296 0.16979166666666667 0.39814814814814814 0.1734375 0.38055555555555554 0.18489583333333334 0.36666666666666664 0.19635416666666666 0.37037037037037035 0.21197916666666666 0.3574074074074074 0.21666666666666667 0.3574074074074074 0.22395833333333334 0.3648148148148148 0.23489583333333333 0.35462962962962963 0.24479166666666666 0.35555555555555557
0 0.7166666666666667 0.8981481481481481 0.725 0.9064814814814814 0.728125 0.9148148148148149 0.7270833333333333 0.937962962962963 0.7234375 0.9611111111111111 0.73125 0.9629629629629629 0.7333333333333333 0.9666666666666667 0.7307291666666667 0.9777777777777777 0.7239583333333334 0.9916666666666667 0.7197916666666667 0.9953703703703703 0.7041666666666667 0.9990740740740741 0.7015625 0.9944444444444445 0.703125 0.9833333333333333 0.703125 0.9268518518518518 0.7098958333333333 0.9037037037037037 0.7135416666666666 0.8981481481481481 0.7161458333333334 0.8981481481481481
0 0.08125 0.4777777777777778 0.10572916666666667 0.487962962962963 0.11458333333333333 0.49444444444444446 0.11770833333333333 0.5009259259259259 0.1171875 0.512962962962963 0.09947916666666666 0.5537037037037037 0.09947916666666666 0.5675925925925925 0.09583333333333334 0.5777777777777777 0.08854166666666667 0.5861111111111111 0.07395833333333333 0.5879629629629629 0.05572916666666667 0.5740740740740741 0.0484375 0.5611111111111111 0.043229166666666666 0.5574074074074075 0.017708333333333333 0.5805555555555556 0.01875 0.5842592592592593 0 0.5796296296296296 0 0.5537037037037037 0.0020833333333333333 0.5518518518518518 0 0.5481481481481482 0.0020833333333333333 0.5435185185185185 0 0.5416666666666666 0 0.5092592592592593 0.029166666666666667 0.49166666666666664 0.04583333333333333 0.49907407407407406 0.05364583333333333 0.5092592592592593 0.07083333333333333 0.4824074074074074 0.08072916666666667 0.4787037037037037
0 0.5208333333333334 0.1398148148148148 0.5260416666666666 0.14351851851851852 0.5369791666666667 0.19166666666666668 0.5427083333333333 0.20555555555555555 0.5411458333333333 0.21574074074074073 0.54375 0.23333333333333334 0.5432291666666667 0.24814814814814815 0.5411458333333333 0.25462962962962965 0.5364583333333334 0.25833333333333336 0.5223958333333333 0.2611111111111111 0.5130208333333334 0.25925925925925924 0.5083333333333333 0.24814814814814815 0.5072916666666667 0.2324074074074074 0.5010416666666667 0.2 0.49947916666666664 0.17685185185185184 0.5 0.1648148148148148 0.5052083333333334 0.14537037037037037 0.5088541666666667 0.14166666666666666 0.5203125 0.1398148148148148
0 0.8213541666666667 0.4287037037037037 0.83125 0.43333333333333335 0.8520833333333333 0.45925925925925926 0.8541666666666666 0.4638888888888889 0.8541666666666666 0.48055555555555557 0.8770833333333333 0.5092592592592593 0.884375 0.525 0.8901041666666667 0.5453703703703704 0.8927083333333333 0.5879629629629629 0.8916666666666667 0.6027777777777777 0.8869791666666667 0.6240740740740741 0.8802083333333334 0.6351851851851852 0.8729166666666667 0.6388888888888888 0.8567708333333334 0.6333333333333333 0.8484375 0.6351851851851852 0.8416666666666667 0.6305555555555555 0.8380208333333333 0.6240740740740741 0.8369791666666667 0.6083333333333333 0.8338541666666667 0.6027777777777777 0.8161458333333333 0.5888888888888889 0.8005208333333333 0.5712962962962963 0.7890625 0.5703703703703704 0.7828125 0.5638888888888889 0.78125 0.5574074074074075 0.7822916666666667 0.5435185185185185 0.7734375 0.5296296296296297 0.7755208333333333 0.5185185185185185 0.7885416666666667 0.487962962962963 0.7921875 0.47129629629629627 0.8 0.45185185185185184 0.8135416666666667 0.43148148148148147 0.8208333333333333 0.4287037037037037
0 0.034375 0.49444444444444446 0.046875 0.5018518518518519 0.050520833333333334 0.5111111111111111 0.042708333333333334 0.5296296296296297 0.0390625 0.5287037037037037 0.040625 0.5342592592592592 0.04010416666666667 0.5592592592592592 0.022395833333333334 0.5787037037037037 0.016145833333333335 0.5805555555555556 0.011458333333333333 0.5768518518518518 0.005208333333333333 0.5842592592592593 0 0.5824074074074074 0 0.5074074074074074 0.021875 0.4935185185185185 0.030208333333333334 0.49166666666666664 0.033854166666666664 0.49444444444444446
0 0.6729166666666667 0.44351851851851853 0.6927083333333334 0.4666666666666667 0.70625 0.48703703703703705 0.7260416666666667 0.5333333333333333 0.7244791666666667 0.55 0.7208333333333333 0.5638888888888889 0.7161458333333334 0.5722222222222222 0.7098958333333333 0.575925925925926 0.7010416666666667 0.5703703703703704 0.6885416666666667 0.5546296296296296 0.6776041666666667 0.55 0.6536458333333334 0.512962962962963 0.646875 0.5101851851851852 0.6427083333333333 0.5037037037037037 0.6401041666666667 0.48518518518518516 0.64375 0.4685185185185185 0.6526041666666667 0.4527777777777778 0.6598958333333333 0.44537037037037036 0.6723958333333333 0.44351851851851853
0 0.4078125 0.025 0.43125 0.03425925925925926 0.4359375 0.03981481481481482 0.4395833333333333 0.10648148148148148 0.4265625 0.13796296296296295 0.4192708333333333 0.15 0.4161458333333333 0.16111111111111112 0.3984375 0.18703703703703703 0.39479166666666665 0.19814814814814816 0.3776041666666667 0.22962962962962963 0.3697916666666667 0.2490740740740741 0.3640625 0.2564814814814815 0.3578125 0.2759259259259259 0.34427083333333336 0.2935185185185185 0.3333333333333333 0.3148148148148148 0.32864583333333336 0.31851851851851853 0.3151041666666667 0.3138888888888889 0.29322916666666665 0.29907407407407405 0.28958333333333336 0.29259259259259257 0.28020833333333334 0.24814814814814815 0.2755208333333333 0.24166666666666667 0.271875 0.2574074074074074 0.26875 0.24166666666666667 0.2703125 0.23425925925925925 0.2791666666666667 0.2212962962962963 0.28229166666666666 0.2111111111111111 0.2911458333333333 0.19537037037037036 0.2989583333333333 0.1712962962962963 0.3171875 0.14074074074074075 0.325 0.13148148148148148 0.3338541666666667 0.12777777777777777 0.35572916666666665 0.09907407407407408 0.35833333333333334 0.08796296296296297 0.37604166666666666 0.06481481481481481 0.39947916666666666 0.025925925925925925 0.40729166666666666 0.025
0 0.9395833333333333 0.7620370370370371 0.9578125 0.7796296296296297 0.975 0.7898148148148149 0.9885416666666667 0.8046296296296296 0.9916666666666667 0.812037037037037 0.9921875 0.8324074074074074 0.9901041666666667 0.8416666666666667 0.9911458333333333 0.8481481481481481 0.9895833333333334 0.8592592592592593 0.9854166666666667 0.8694444444444445 0.9807291666666667 0.8722222222222222 0.9520833333333333 0.8694444444444445 0.9453125 0.8657407407407407 0.9276041666666667 0.8472222222222222 0.9078125 0.8425925925925926 0.9020833333333333 0.837037037037037 0.9015625 0.8231481481481482 0.8979166666666667 0.8157407407407408 0.9010416666666666 0.7824074074074074 0.9078125 0.8018518518518518 0.9151041666666667 0.8009259259259259 0.9208333333333333 0.7898148148148149 0.9197916666666667 0.7657407407407407 0.9307291666666667 0.7611111111111111 0.9390625 0.7620370370370371
0 0.1125 0.2 0.12604166666666666 0.20925925925925926 0.13020833333333334 0.21481481481481482 0.1328125 0.22407407407407406 0.13177083333333334 0.23055555555555557 0.1265625 0.24074074074074073 0.11354166666666667 0.2537037037037037 0.10208333333333333 0.24722222222222223 0.09895833333333333 0.23055555555555557 0.09895833333333333 0.21296296296296297 0.10208333333333333 0.2037037037037037 0.10625 0.19814814814814816 0.11197916666666667 0.2
0 0.7713541666666667 0.16574074074074074 0.7828125 0.17222222222222222 0.7869791666666667 0.1787037037037037 0.796875 0.21666666666666667 0.796875 0.22962962962962963 0.8015625 0.25462962962962965 0.7984375 0.2675925925925926 0.7911458333333333 0.2759259259259259 0.7869791666666667 0.2759259259259259 0.7708333333333334 0.26481481481481484 0.7666666666666667 0.25277777777777777 0.7583333333333333 0.2388888888888889 0.7583333333333333 0.22777777777777777 0.7510416666666667 0.20925925925925926 0.7515625 0.18796296296296297 0.7546875 0.17685185185185184 0.7614583333333333 0.1675925925925926 0.7708333333333334 0.16574074074074074
0 0.8041666666666667 0.12314814814814815 0.8088541666666667 0.12777777777777777 0.8052083333333333 0.1574074074074074 0.8010416666666667 0.16574074074074074 0.7963541666666667 0.1638888888888889 0.7932291666666667 0.15462962962962962 0.7895833333333333 0.12685185185185185 0.7958333333333333 0.11666666666666667 0.8010416666666667 0.1175925925925926 0.8036458333333333 0.12314814814814815
0 0.9994791666666667 0.9824074074074074 0.9994791666666667 0.9990740740740741 0.9744791666666667 0.9990740740740741 0.9786458333333333 0.9907407407407407 0.9989583333333333 0.9824074074074074
0 0.6125 0.25277777777777777 0.6161458333333333 0.25555555555555554 0.6322916666666667 0.2851851851851852 0.6307291666666667 0.29259259259259257 0.63125 0.31296296296296294 0.6270833333333333 0.325 0.6276041666666666 0.33796296296296297 0.6239583333333333 0.3435185185185185 0.6166666666666667 0.33240740740740743 0.6067708333333334 0.3277777777777778 0.5859375 0.3 0.5875 0.27685185185185185 0.5916666666666667 0.25833333333333336 0.5979166666666667 0.2537037037037037 0.6119791666666666 0.25277777777777777
0 0.8140625 0.32222222222222224 0.8223958333333333 0.32592592592592595 0.8286458333333333 0.33796296296296297 0.828125 0.34444444444444444 0.8208333333333333 0.35648148148148145 0.8161458333333333 0.35555555555555557 0.8114583333333333 0.3416666666666667 0.8109375 0.3314814814814815 0.8083333333333333 0.32407407407407407 0.8135416666666667 0.32222222222222224
0 0.6515625 0.19444444444444445 0.6583333333333333 0.20277777777777778 0.6666666666666666 0.22962962962962963 0.6645833333333333 0.25555555555555554 0.6578125 0.2759259259259259 0.6427083333333333 0.2657407407407407 0.6260416666666667 0.23796296296296296 0.628125 0.21666666666666667 0.6338541666666667 0.19814814814814816 0.64375 0.1935185185185185 0.6510416666666666 0.19444444444444445
0 0.9619791666666667 0.49537037037037035 0.9692708333333333 0.5009259259259259 0.9854166666666667 0.5231481481481481 0.9994791666666667 0.5351851851851852 0.9994791666666667 0.5824074074074074 0.9776041666666667 0.5712962962962963 0.9630208333333333 0.5731481481481482 0.95625 0.562962962962963 0.9541666666666667 0.549074074074074 0.946875 0.5305555555555556 0.946875 0.5120370370370371 0.9526041666666667 0.4981481481481482 0.95625 0.49444444444444446 0.9614583333333333 0.49537037037037035
0 0.8260416666666667 0.6333333333333333 0.8385416666666666 0.6472222222222223 0.8432291666666667 0.6416666666666667 0.8489583333333334 0.6416666666666667 0.8557291666666667 0.6509259259259259 0.8651041666666667 0.6888888888888889 0.8635416666666667 0.7018518518518518 0.85625 0.7074074074074074 0.8375 0.6935185185185185 0.8140625 0.6601851851851852 0.8140625 0.6509259259259259 0.8182291666666667 0.6407407407407407 0.8208333333333333 0.6351851851851852 0.8255208333333334 0.6333333333333333
0 0.6776041666666667 0.7657407407407407 0.6854166666666667 0.7759259259259259 0.6890625 0.8009259259259259 0.6859375 0.8203703703703704 0.6822916666666666 0.8287037037037037 0.6651041666666667 0.8416666666666667 0.61875 0.8481481481481481 0.615625 0.8481481481481481 0.6104166666666667 0.8388888888888889 0.6098958333333333 0.7925925925925926 0.6166666666666667 0.7675925925925926 0.6203125 0.7638888888888888 0.6364583333333333 0.7611111111111111 0.6770833333333334 0.7657407407407407
0 0.13177083333333334 0.4537037037037037 0.14322916666666666 0.46296296296296297 0.14427083333333332 0.4777777777777778 0.14010416666666667 0.5055555555555555 0.13697916666666668 0.5148148148148148 0.13020833333333334 0.5194444444444445 0.121875 0.512962962962963 0.12239583333333333 0.4842592592592593 0.11770833333333333 0.4666666666666667 0.11927083333333334 0.45925925925925926 0.121875 0.4564814814814815 0.13125 0.4537037037037037
0 0.2598958333333333 0 0.3140625 0 0.31354166666666666 0.007407407407407408 0.3109375 0.012962962962962963 0.28802083333333334 0.030555555555555555 0.2791666666666667 0.04537037037037037 0.2703125 0.046296296296296294 0.26197916666666665 0.046296296296296294 0.25104166666666666 0.03333333333333333 0.25052083333333336 0.022222222222222223 0.25729166666666664 0.010185185185185186 0.2598958333333333 0.000925925925925926
0 0.5078125 0.8324074074074074 0.5119791666666667 0.8379629629629629 0.5151041666666667 0.850925925925926 0.5177083333333333 0.8740740740740741 0.51875 0.8759259259259259 0.5244791666666667 0.8703703703703703 0.5270833333333333 0.875 0.525 0.925 0.5197916666666667 0.9388888888888889 0.5166666666666667 0.9416666666666667 0.5135416666666667 0.9388888888888889 0.5109375 0.9194444444444444 0.5041666666666667 0.9046296296296297 0.49635416666666665 0.862037037037037 0.4973958333333333 0.8379629629629629 0.5026041666666666 0.8324074074074074 0.5072916666666667 0.8324074074074074
0 0.5140625 0.6129629629629629 0.5395833333333333 0.6268518518518519 0.5755208333333334 0.6592592592592592 0.6010416666666667 0.687962962962963 0.6020833333333333 0.6972222222222222 0.5989583333333334 0.7138888888888889 0.5885416666666666 0.7490740740740741 0.5822916666666667 0.7574074074074074 0.571875 0.7592592592592593 0.5630208333333333 0.7574074074074074 0.5546875 0.7425925925925926 0.5119791666666667 0.7037037037037037 0.5026041666666666 0.7018518518518518 0.4942708333333333 0.6898148148148148 0.4890625 0.6712962962962963 0.49114583333333334 0.6435185185185185 0.49947916666666664 0.6222222222222222 0.5078125 0.6138888888888889 0.5135416666666667 0.6129629629629629
0 0.06145833333333333 0.037037037037037035 0.0640625 0.03888888888888889 0.0703125 0.062037037037037036 0.06770833333333333 0.06759259259259259 0.06302083333333333 0.06574074074074074 0.050520833333333334 0.07592592592592592 0.043229166666666666 0.075 0.034895833333333334 0.06018518518518518 0.04010416666666667 0.05 0.0609375 0.037037037037037035
0 0.5208333333333334 0.2972222222222222 0.5286458333333334 0.30092592592592593 0.5401041666666667 0.32037037037037036 0.5734375 0.39814814814814814 0.5739583333333333 0.4111111111111111 0.5708333333333333 0.42777777777777776 0.5682291666666667 0.4324074074074074 0.5520833333333334 0.4444444444444444 0.5427083333333333 0.4425925925925926 0.5296875 0.43148148148148147 0.5239583333333333 0.4074074074074074 0.50625 0.37222222222222223 0.5010416666666667 0.36944444444444446 0.4973958333333333 0.362962962962963 0.4953125 0.35462962962962963 0.49375 0.3277777777777778 0.4979166666666667 0.31203703703703706 0.5026041666666666 0.30648148148148147 0.5203125 0.2972222222222222
0 0.6791666666666667 0.5509259259259259 0.690625 0.5583333333333333 0.7109375 0.5796296296296296 0.7234375 0.5990740740740741 0.7234375 0.6259259259259259 0.7182291666666667 0.6453703703703704 0.7192708333333333 0.6555555555555556 0.715625 0.6611111111111111 0.7104166666666667 0.6601851851851852 0.7026041666666667 0.6527777777777778 0.6921875 0.6509259259259259 0.6697916666666667 0.6268518518518519 0.6578125 0.6212962962962963 0.6546875 0.6138888888888889 0.6541666666666667 0.6037037037037037 0.6630208333333333 0.575 0.6744791666666666 0.5537037037037037 0.6786458333333333 0.5509259259259259
0 0.5885416666666666 0.13796296296296295 0.5953125 0.14629629629629629 0.6026041666666667 0.1638888888888889 0.6130208333333333 0.2064814814814815 0.6125 0.21851851851851853 0.6083333333333333 0.22962962962962963 0.5921875 0.23425925925925925 0.5885416666666666 0.22777777777777777 0.5916666666666667 0.2212962962962963 0.590625 0.21296296296296297 0.5848958333333333 0.2074074074074074 0.58125 0.21388888888888888 0.578125 0.21388888888888888 0.5640625 0.17685185185185184 0.5671875 0.14907407407407408 0.5765625 0.1398148148148148 0.5880208333333333 0.13796296296296295
0 0.6958333333333333 0.09537037037037037 0.7005208333333334 0.1037037037037037 0.7005208333333334 0.12685185185185185 0.6989583333333333 0.13796296296296295 0.6927083333333334 0.14907407407407408 0.6869791666666667 0.15462962962962962 0.671875 0.1537037037037037 0.6682291666666667 0.1388888888888889 0.6625 0.1574074074074074 0.6546875 0.16111111111111112 0.6489583333333333 0.1685185185185185 0.6338541666666667 0.16203703703703703 0.6265625 0.15185185185185185 0.6244791666666667 0.1361111111111111 0.6307291666666667 0.11944444444444445 0.6614583333333334 0.09351851851851851 0.6901041666666666 0.08981481481481482 0.6953125 0.09537037037037037
0 0.5036458333333333 0.011111111111111112 0.5072916666666667 0.01574074074074074 0.5088541666666667 0.025925925925925925 0.5067708333333333 0.053703703703703705 0.5041666666666667 0.06018518518518518 0.49114583333333334 0.075 0.4875 0.07314814814814814 0.48541666666666666 0.06388888888888888 0.48489583333333336 0.04351851851851852 0.4869791666666667 0.024074074074074074 0.4942708333333333 0.009259259259259259 0.503125 0.011111111111111112
0 0.5880208333333333 0.028703703703703703 0.5885416666666666 0.04814814814814815 0.5911458333333334 0.06018518518518518 0.5885416666666666 0.06851851851851852 0.5854166666666667 0.0712962962962963 0.5739583333333333 0.06018518518518518 0.5776041666666667 0.03611111111111111 0.584375 0.022222222222222223 0.5875 0.028703703703703703
0 0.41354166666666664 0.8444444444444444 0.415625 0.8481481481481481 0.41510416666666666 0.8666666666666667 0.4114583333333333 0.8768518518518519 0.40208333333333335 0.8898148148148148 0.4 0.9037037037037037 0.3953125 0.9083333333333333 0.3927083333333333 0.9212962962962963 0.3807291666666667 0.9453703703703704 0.3765625 0.9407407407407408 0.3765625 0.9185185185185185 0.3796875 0.9018518518518519 0.3890625 0.8842592592592593 0.396875 0.8583333333333333 0.40729166666666666 0.8462962962962963 0.41302083333333334 0.8444444444444444
0 0.9640625 0.6175925925925926 0.9708333333333333 0.6240740740740741 0.9838541666666667 0.6296296296296297 0.9911458333333333 0.637962962962963 0.9953125 0.6370370370370371 0.9947916666666666 0.6398148148148148 0.9994791666666667 0.6472222222222223 0.9994791666666667 0.7148148148148148 0.959375 0.7046296296296296 0.9421875 0.6898148148148148 0.9286458333333333 0.687037037037037 0.9229166666666667 0.6777777777777778 0.9208333333333333 0.6555555555555556 0.9270833333333334 0.6324074074074074 0.9479166666666666 0.6148148148148148 0.9572916666666667 0.6138888888888889 0.9635416666666666 0.6175925925925926
1 0.23802083333333332 0.9148148148148149 0.24791666666666667 0.9324074074074075 0.2515625 0.9333333333333333 0.2526041666666667 0.937962962962963 0.2515625 0.950925925925926 0.23802083333333332 0.9518518518518518 0.22083333333333333 0.9435185185185185 0.21770833333333334 0.9342592592592592 0.21875 0.9268518518518518 0.22239583333333332 0.9212962962962963 0.2375 0.9148148148148149
1 0.7875 0.09722222222222222 0.7901041666666667 0.10185185185185185 0.790625 0.1111111111111111 0.7822916666666667 0.1398148148148148 0.7796875 0.1425925925925926 0.7765625 0.14166666666666666 0.7755208333333333 0.1361111111111111 0.78125 0.10555555555555556 0.7869791666666667 0.09722222222222222
1 0.5848958333333333 0.20462962962962963 0.5921875 0.21666666666666667 0.5859375 0.2518518518518518 0.58125 0.25462962962962965 0.5822916666666667 0.23796296296296296 0.5802083333333333 0.21851851851851853 0.5848958333333333 0.20555555555555555
1 0.0546875 0.10740740740740741 0.06927083333333334 0.1361111111111111 0.06458333333333334 0.14537037037037037 0.0546875 0.13333333333333333 0.050520833333333334 0.12222222222222222 0.04895833333333333 0.1111111111111111 0.050520833333333334 0.10740740740740741 0.05416666666666667 0.10740740740740741
1 0.5229166666666667 0.2722222222222222 0.5291666666666667 0.2861111111111111 0.5291666666666667 0.29444444444444445 0.5265625 0.29814814814814816 0.5166666666666667 0.29444444444444445 0.51875 0.27685185185185185 0.5223958333333333 0.2722222222222222
1 0.5989583333333334 0.05648148148148148 0.5973958333333333 0.025925925925925925 0.6020833333333333 0.012962962962962963 0.6046875 0.014814814814814815 0.6057291666666667 0.02962962962962963 0.6020833333333333 0.05555555555555555 0.5994791666666667 0.05648148148148148
1 0.734375 0.032407407407407406 0.7369791666666666 0.046296296296296294 0.7307291666666667 0.07592592592592592 0.7244791666666667 0.07314814814814814 0.7270833333333333 0.06481481481481481 0.7291666666666666 0.03981481481481482 0.7338541666666667 0.032407407407407406
1 0.16822916666666668 0 0.1765625 0 0.1796875 0.012037037037037037 0.17916666666666667 0.024074074074074074 0.17552083333333332 0.024074074074074074 0.16979166666666667 0.011111111111111112 0.16822916666666668 0.000925925925925926
1 0.38229166666666664 0.7685185185185185 0.38958333333333334 0.7861111111111111 0.38697916666666665 0.8083333333333333 0.38385416666666666 0.8175925925925925 0.3802083333333333 0.8175925925925925 0.3796875 0.8009259259259259 0.3765625 0.7916666666666666 0.3703125 0.7888888888888889 0.3734375 0.7722222222222223 0.3765625 0.7675925925925926 0.38177083333333334 0.7685185185185185
1 0.8125 0.950925925925926 0.8203125 0.9555555555555556 0.821875 0.9638888888888889 0.8161458333333333 0.9703703703703703 0.8140625 0.9805555555555555 0.8098958333333334 0.9879629629629629 0.8026041666666667 0.9925925925925926 0.7979166666666667 0.9916666666666667 0.8020833333333334 0.9814814814814815 0.8020833333333334 0.9768518518518519 0.7973958333333333 0.9731481481481481 0.7895833333333333 0.975925925925926 0.7880208333333333 0.9740740740740741 0.7885416666666667 0.9657407407407408 0.8005208333333333 0.950925925925926 0.8119791666666667 0.950925925925926
1 0.4015625 0.9564814814814815 0.40572916666666664 0.962037037037037 0.40677083333333336 0.975 0.4015625 0.9935185185185185 0.39947916666666666 0.9953703703703703 0.3859375 0.9833333333333333 0.3828125 0.9777777777777777 0.38229166666666664 0.9712962962962963 0.38697916666666665 0.9583333333333334 0.4010416666666667 0.9564814814814815
1 0.6682291666666667 0.13703703703703704 0.6713541666666667 0.14907407407407408 0.66875 0.1648148148148148 0.6703125 0.1814814814814815 0.6682291666666667 0.1925925925925926 0.665625 0.1962962962962963 0.6609375 0.19537037037037036 0.6588541666666666 0.17407407407407408 0.6677083333333333 0.13703703703703704
1 0.425 0.5842592592592593 0.43020833333333336 0.5851851851851851 0.4354166666666667 0.5916666666666667 0.4390625 0.6129629629629629 0.4348958333333333 0.6296296296296297 0.43125 0.6314814814814815 0.4296875 0.6287037037037037 0.4239583333333333 0.6027777777777777 0.425 0.5851851851851851
1 0.8223958333333333 0.4217592592592593 0.023958333333333335 0.03796296296296296
1 0.021354166666666667 0.7842592592592592 0.025520833333333333 0.7888888888888889 0.03229166666666667 0.7870370370370371 0.04583333333333333 0.7962962962962963 0.051041666666666666 0.8111111111111111 0.050520833333333334 0.8212962962962963 0.046875 0.8268518518518518 0.042708333333333334 0.8268518518518518 0.03854166666666667 0.8222222222222222 0.03177083333333333 0.8222222222222222 0.026041666666666668 0.8268518518518518 0.01875 0.8092592592592592 0.016666666666666666 0.7962962962962963 0.0125 0.7898148148148149 0.014583333333333334 0.7833333333333333 0.020833333333333332 0.7842592592592592
1 0.11510416666666666 0.06018518518518518 0.11822916666666666 0.06759259259259259 0.11927083333333334 0.08148148148148149 0.1234375 0.09351851851851851 0.11927083333333334 0.10092592592592593 0.10729166666666666 0.07314814814814814 0.10677083333333333 0.06018518518518518 0.10833333333333334 0.05740740740740741 0.11458333333333333 0.06018518518518518
1 0.4239583333333333 0.5435185185185185 0.43020833333333336 0.55 0.4322916666666667 0.5583333333333333 0.4317708333333333 0.5861111111111111 0.42239583333333336 0.5814814814814815 0.41822916666666665 0.5685185185185185 0.41822916666666665 0.5462962962962963 0.4234375 0.5435185185185185
1 0.8661458333333333 0.4166666666666667 0.8682291666666667 0.4212962962962963 0.86875 0.4351851851851852 0.85625 0.46111111111111114 0.8489583333333334 0.4537037037037037 0.8473958333333333 0.44814814814814813 0.853125 0.4361111111111111 0.8557291666666667 0.4203703703703704 0.865625 0.4166666666666667
1 0.2791666666666667 0.8398148148148148 0.2890625 0.8592592592592593 0.28958333333333336 0.8675925925925926 0.29322916666666665 0.8768518518518519 0.29375 0.887962962962963 0.290625 0.8935185185185185 0.28072916666666664 0.8842592592592593 0.26510416666666664 0.8518518518518519 0.265625 0.8407407407407408 0.27395833333333336 0.8379629629629629 0.2786458333333333 0.8398148148148148
1 0.44479166666666664 0.6055555555555555 0.45364583333333336 0.6259259259259259 0.44947916666666665 0.6601851851851852 0.44583333333333336 0.6685185185185185 0.4432291666666667 0.6675925925925926 0.4427083333333333 0.6435185185185185 0.43802083333333336 0.6314814814814815 0.4401041666666667 0.6092592592592593 0.44166666666666665 0.6055555555555555 0.44427083333333334 0.6055555555555555
1 0.42239583333333336 0.6351851851851852 0.42604166666666665 0.6425925925925926 0.4270833333333333 0.6648148148148149 0.42135416666666664 0.6814814814814815 0.41822916666666665 0.6796296296296296 0.4166666666666667 0.6611111111111111 0.4114583333333333 0.6583333333333333 0.4109375 0.6527777777777778 0.41458333333333336 0.6342592592592593 0.421875 0.6351851851851852
1 0.25885416666666666 0.8759259259259259 0.26197916666666665 0.8777777777777778 0.2625 0.8833333333333333 0.27395833333333336 0.9111111111111111 0.2734375 0.9185185185185185 0.26927083333333335 0.924074074074074 0.26614583333333336 0.9157407407407407 0.25885416666666666 0.9064814814814814 0.2557291666666667 0.9120370370370371 0.25 0.912962962962963 0.24583333333333332 0.9009259259259259 0.2453125 0.8935185185185185 0.24895833333333334 0.8833333333333333 0.2546875 0.8759259259259259 0.25833333333333336 0.8759259259259259
1 0.553125 0.2796296296296296 0.55625 0.2861111111111111 0.5583333333333333 0.3037037037037037 0.5541666666666667 0.32685185185185184 0.55 0.33796296296296297 0.546875 0.33055555555555555 0.5479166666666667 0.3175925925925926 0.5458333333333333 0.29814814814814816 0.5489583333333333 0.2814814814814815 0.5526041666666667 0.2796296296296296
1 0.065625 0.06666666666666667 0.07239583333333334 0.08611111111111111 0.08125 0.10092592592592593 0.071875 0.10833333333333334 0.058854166666666666 0.07685185185185185 0.059895833333333336 0.06759259259259259 0.06510416666666667 0.06666666666666667
1 0.8583333333333333 0.2064814814814815 0.8604166666666667 0.2101851851851852 0.8598958333333333 0.21851851851851853 0.8536458333333333 0.24259259259259258 0.8427083333333333 0.2537037037037037 0.8401041666666667 0.25092592592592594 0.8416666666666667 0.24074074074074073 0.8520833333333333 0.21203703703703702 0.8557291666666667 0.20555555555555555 0.8578125 0.2064814814814815
1 0.4822916666666667 0.25462962962962965 0.4859375 0.2638888888888889 0.4859375 0.275 0.48385416666666664 0.3037037037037037 0.48125 0.3074074074074074 0.47552083333333334 0.2777777777777778 0.47552083333333334 0.26481481481481484 0.478125 0.25462962962962965 0.4817708333333333 0.25462962962962965
1 0.022395833333333334 0.11851851851851852 0.0296875 0.125 0.0296875 0.13240740740740742 0.035416666666666666 0.14722222222222223 0.036458333333333336 0.15833333333333333 0.03125 0.1574074074074074 0.022395833333333334 0.1388888888888889 0.0171875 0.13425925925925927 0.018229166666666668 0.12222222222222222 0.021875 0.11944444444444445
1 0.10520833333333333 0.05555555555555555 0.1078125 0.06018518518518518 0.1078125 0.07592592592592592 0.11145833333333334 0.08703703703703704 0.109375 0.0962962962962963 0.10625 0.09907407407407408 0.09479166666666666 0.06481481481481481 0.09479166666666666 0.05740740740740741 0.09791666666666667 0.05 0.10208333333333333 0.05092592592592592 0.1046875 0.05555555555555555
1 0.6341145833333334 0.04953703703703704 0.0109375 0.04351851851851852
1 0.70625 0.2537037037037037 0.7088541666666667 0.2796296296296296 0.703125 0.287962962962963 0.6994791666666667 0.30277777777777776 0.6963541666666667 0.3074074074074074 0.69375 0.30648148148148147 0.6911458333333333 0.2962962962962963 0.6958333333333333 0.2861111111111111 0.6958333333333333 0.2777777777777778 0.6989583333333333 0.26481481481481484 0.703125 0.2537037037037037 0.7057291666666666 0.2537037037037037
1 0.4921875 0.2611111111111111 0.4973958333333333 0.26944444444444443 0.4979166666666667 0.2759259259259259 0.49583333333333335 0.29814814814814816 0.49166666666666664 0.31666666666666665 0.48802083333333335 0.3138888888888889 0.4895833333333333 0.2935185185185185 0.4869791666666667 0.2824074074074074 0.4869791666666667 0.2675925925925926 0.4890625 0.262037037037037 0.49166666666666664 0.2611111111111111
1 0.09583333333333334 0.6083333333333333 0.10572916666666667 0.6129629629629629 0.1125 0.6231481481481481 0.11458333333333333 0.6314814814814815 0.11458333333333333 0.6425925925925926 0.12135416666666667 0.6527777777777778 0.12239583333333333 0.6574074074074074 0.12083333333333333 0.6601851851851852 0.09270833333333334 0.6324074074074074 0.09375 0.6222222222222222 0.0921875 0.612037037037037 0.0953125 0.6083333333333333
1 0.2 0.9694444444444444 0.20260416666666667 0.9731481481481481 0.20052083333333334 0.9796296296296296 0.20260416666666667 0.9851851851851852 0.21614583333333334 0.9944444444444445 0.2171875 0.9990740740740741 0.18697916666666667 0.9990740740740741 0.18229166666666666 0.9953703703703703 0.18072916666666666 0.9888888888888889 0.1828125 0.9842592592592593 0.18854166666666666 0.9814814814814815 0.19947916666666668 0.9694444444444444
1 0.033854166666666664 0.0824074074074074 0.03854166666666667 0.09074074074074075 0.042708333333333334 0.11203703703703703 0.049479166666666664 0.11944444444444445 0.04375 0.12314814814814815 0.03958333333333333 0.12037037037037036 0.025520833333333333 0.09351851851851851 0.027604166666666666 0.08148148148148149 0.03333333333333333 0.0824074074074074
1 0.3489583333333333 0.10555555555555556 0.34791666666666665 0.09537037037037037 0.35208333333333336 0.08796296296296297 0.35572916666666665 0.08796296296296297 0.35625 0.09074074074074075 0.35572916666666665 0.09537037037037037 0.3494791666666667 0.10462962962962963
1 0.5640625 0.2953703703703704 0.5671875 0.3055555555555556 0.5671875 0.32407407407407407 0.5640625 0.3435185185185185 0.5609375 0.3490740740740741 0.5604166666666667 0.35833333333333334 0.5567708333333333 0.3574074074074074 0.553125 0.34444444444444444 0.5557291666666667 0.33425925925925926 0.5567708333333333 0.3101851851851852 0.5609375 0.2972222222222222 0.5635416666666667 0.2953703703703704
1 0.4703125 0.24722222222222223 0.47552083333333334 0.25833333333333336 0.475 0.27870370370370373 0.4713541666666667 0.28888888888888886 0.4703125 0.29907407407407405 0.4671875 0.29814814814814816 0.46458333333333335 0.275 0.46510416666666665 0.2601851851851852 0.46979166666666666 0.24722222222222223
1 0.7390625 0.8777777777777778 0.7421875 0.8796296296296297 0.7453125 0.887962962962963 0.7421875 0.9 0.7364583333333333 0.9074074074074074 0.7338541666666667 0.9175925925925926 0.7296875 0.9166666666666666 0.725 0.9055555555555556 0.71875 0.9009259259259259 0.7171875 0.8935185185185185 0.7192708333333333 0.8898148148148148 0.7244791666666667 0.8888888888888888 0.7307291666666667 0.8787037037037037 0.7385416666666667 0.8777777777777778
1 0.11510416666666666 0 0.1203125 0 0.13125 0.03148148148148148 0.12604166666666666 0.03611111111111111 0.12291666666666666 0.03518518518518519 0.11354166666666667 0.008333333333333333 0.11510416666666666 0.000925925925925926
1 0.40260416666666665 0.7842592592592592 0.4078125 0.7916666666666666 0.41458333333333336 0.8111111111111111 0.4109375 0.8166666666666667 0.4083333333333333 0.8314814814814815 0.4010416666666667 0.8435185185185186 0.39739583333333334 0.8453703703703703 0.3963541666666667 0.8416666666666667 0.4015625 0.8277777777777777 0.4015625 0.8175925925925925 0.3963541666666667 0.7953703703703704 0.3932291666666667 0.7898148148148149 0.39739583333333334 0.7824074074074074 0.40208333333333335 0.7842592592592592
1 0.41822916666666665 0.7111111111111111 0.42239583333333336 0.7175925925925926 0.42552083333333335 0.7407407407407407 0.4161458333333333 0.7555555555555555 0.4114583333333333 0.7583333333333333 0.4109375 0.7444444444444445 0.4041666666666667 0.7277777777777777 0.4041666666666667 0.7157407407407408 0.40677083333333336 0.7111111111111111 0.41770833333333335 0.7111111111111111
1 0.49270833333333336 0.4324074074074074 0.49635416666666665 0.44722222222222224 0.49947916666666664 0.48055555555555557 0.4921875 0.487962962962963 0.4875 0.4842592592592593 0.48541666666666666 0.4638888888888889 0.4828125 0.4564814814814815 0.48802083333333335 0.43333333333333335 0.4921875 0.4324074074074074
1 0.5692708333333333 0.12962962962962962 0.5697916666666667 0.11944444444444445 0.5671875 0.09907407407407408 0.5729166666666666 0.08425925925925926 0.5776041666666667 0.09166666666666666 0.578125 0.10185185185185185 0.5723958333333333 0.12685185185185185 0.5697916666666667 0.12962962962962962
1 0.20416666666666666 0.9268518518518518 0.21041666666666667 0.9305555555555556 0.21458333333333332 0.9416666666666667 0.21302083333333333 0.9453703703703704 0.20572916666666666 0.9453703703703704 0.2140625 0.9518518518518518 0.2109375 0.9555555555555556 0.209375 0.9666666666666667 0.20677083333333332 0.9685185185185186 0.184375 0.9398148148148148 0.18802083333333333 0.9305555555555556 0.19322916666666667 0.9287037037037037 0.19583333333333333 0.9351851851851852 0.20052083333333334 0.9277777777777778 0.20364583333333333 0.9268518518518518
1 0.728125 0.10555555555555556 0.7291666666666666 0.11296296296296296 0.7265625 0.13333333333333333 0.7213541666666666 0.15092592592592594 0.7161458333333334 0.14351851851851852 0.7192708333333333 0.13518518518518519 0.721875 0.11574074074074074 0.7276041666666667 0.10555555555555556
1 0.6994791666666667 0.020370370370370372 0.7005208333333334 0.040740740740740744 0.6921875 0.06481481481481481 0.6895833333333333 0.06296296296296296 0.6927083333333334 0.03888888888888889 0.6958333333333333 0.021296296296296296 0.6989583333333333 0.020370370370370372
1 0.8208333333333333 0.24351851851851852 0.021875 0.044444444444444446
1 0.18229166666666666 0.22314814814814815 0.1859375 0.22685185185185186 0.18854166666666666 0.2388888888888889 0.19270833333333334 0.26481481481481484 0.1921875 0.2740740740740741 0.1875 0.2712962962962963 0.17447916666666666 0.23703703703703705 0.17447916666666666 0.225 0.18177083333333333 0.22314814814814815
1 0.9192708333333334 0.48518518518518516 0.9203125 0.4962962962962963 0.9182291666666667 0.5092592592592593 0.9098958333333333 0.5259259259259259 0.9020833333333333 0.5222222222222223 0.9005208333333333 0.5074074074074074 0.903125 0.5 0.9145833333333333 0.48518518518518516 0.91875 0.48518518518518516
1 0.38229166666666664 0.8194444444444444 0.38697916666666665 0.8268518518518518 0.3885416666666667 0.8361111111111111 0.38177083333333334 0.8592592592592593 0.37916666666666665 0.8592592592592593 0.37135416666666665 0.8490740740740741 0.36875 0.8314814814814815 0.37083333333333335 0.825 0.38177083333333334 0.8194444444444444