0 0.384375 0.5657407407407408 0.4041666666666667 0.5722222222222222 0.42604166666666665 0.5898148148148148 0.4322916666666667 0.5916666666666667 0.4401041666666667 0.6 0.44375 0.6157407407407407 0.4421875 0.6425925925925926 0.4354166666666667 0.6583333333333333 0.4234375 0.6648148148148149 0.41770833333333335 0.6648148148148149 0.40520833333333334 0.6518518518518519 0.37864583333333335 0.6416666666666667 0.3692708333333333 0.6388888888888888 0.3640625 0.6435185185185185 0.35885416666666664 0.6425925925925926 0.3463541666666667 0.6268518518518519 0.34375 0.6055555555555555 0.35208333333333336 0.5731481481481482 0.3567708333333333 0.5657407407407408 0.3651041666666667 0.562962962962963 0.38385416666666666 0.5657407407407408
0 0.35260416666666666 0.15925925925925927 0.35625 0.1648148148148148 0.35625 0.17777777777777778 0.3385416666666667 0.19722222222222222 0.32135416666666666 0.1935185185185185 0.31875 0.18425925925925926 0.3203125 0.1685185185185185 0.3338541666666667 0.15925925925925927 0.35208333333333336 0.15925925925925927
0 0.23072916666666668 0.7546296296296297 0.234375 0.7592592592592593 0.23854166666666668 0.774074074074074 0.24479166666666666 0.8101851851851852 0.2421875 0.8277777777777777 0.23645833333333333 0.8379629629629629 0.22708333333333333 0.8444444444444444 0.21666666666666667 0.8398148148148148 0.20416666666666666 0.8490740740740741 0.19166666666666668 0.8490740740740741 0.18854166666666666 0.8527777777777777 0.18125 0.8759259259259259 0.16770833333333332 0.8833333333333333 0.15885416666666666 0.9009259259259259 0.15052083333333333 0.9064814814814814 0.13697916666666668 0.9027777777777778 0.12708333333333333 0.9092592592592592 0.12395833333333334 0.9074074074074074 0.1171875 0.8935185185185185 0.109375 0.887962962962963 0.10625 0.8722222222222222 0.10677083333333333 0.862037037037037 0.1125 0.8481481481481481 0.1109375 0.8240740740740741 0.11197916666666667 0.8092592592592592 0.17864583333333334 0.7620370370370371 0.19635416666666666 0.7685185185185185 0.22083333333333333 0.7537037037037037 0.23020833333333332 0.7546296296296297
0 0.6442708333333333 0.7111111111111111 0.7723958333333333 0.774074074074074 0.7744791666666667 0.7787037037037037 0.7760416666666666 0.8064814814814815 0.7791666666666667 0.812037037037037 0.7859375 0.812037037037037 0.790625 0.8037037037037037 0.7942708333333334 0.8018518518518518 0.8010416666666667 0.8046296296296296 0.8083333333333333 0.8277777777777777 0.8083333333333333 0.8407407407407408 0.8119791666666667 0.8537037037037037 0.8151041666666666 0.8907407407407407 0.8145833333333333 0.937037037037037 0.809375 0.9564814814814815 0.8046875 0.9629629629629629 0.7979166666666667 0.9629629629629629 0.7875 0.9564814814814815 0.7786458333333334 0.9601851851851851 0.765625 0.9583333333333334 0.7546875 0.9462962962962963 0.6989583333333333 0.9148148148148149 0.6869791666666667 0.899074074074074 0.678125 0.9055555555555556 0.6671875 0.9046296296296297 0.6609375 0.9 0.65625 0.8916666666666667 0.6526041666666667 0.875 0.6234375 0.8611111111111112 0.6234375 0.8361111111111111 0.6286458333333333 0.812037037037037 0.6291666666666667 0.7870370370370371 0.6359375 0.7277777777777777 0.6385416666666667 0.7111111111111111 0.64375 0.7111111111111111
0 0.4859375 0.22037037037037038 0.49114583333333334 0.2324074074074074 0.49166666666666664 0.24814814814814815 0.48541666666666666 0.27870370370370373 0.48125 0.2833333333333333 0.4635416666666667 0.2814814814814815 0.46041666666666664 0.2722222222222222 0.46041666666666664 0.26296296296296295 0.4625 0.24444444444444444 0.4703125 0.22407407407407406 0.47552083333333334 0.21851851851851853 0.48541666666666666 0.22037037037037038
0 0.7447916666666666 0.43333333333333335 0.7760416666666666 0.46296296296296297 0.7791666666666667 0.5046296296296297 0.7770833333333333 0.5111111111111111 0.7697916666666667 0.5175925925925926 0.7515625 0.5138888888888888 0.7421875 0.5046296296296297 0.7359375 0.44166666666666665 0.7375 0.43333333333333335 0.7442708333333333 0.43333333333333335
0 0.3046875 0.6185185185185185 0.3171875 0.6203703703703703 0.32916666666666666 0.6370370370370371 0.33229166666666665 0.6462962962962963 0.3333333333333333 0.6611111111111111 0.3385416666666667 0.6712962962962963 0.3390625 0.6814814814814815 0.3359375 0.6842592592592592 0.3296875 0.6824074074074075 0.3078125 0.6925925925925925 0.29583333333333334 0.6898148148148148 0.28802083333333334 0.6972222222222222 0.28177083333333336 0.6953703703703704 0.2755208333333333 0.6833333333333333 0.2734375 0.6416666666666667 0.27760416666666665 0.6268518518518519 0.28125 0.6212962962962963 0.30416666666666664 0.6185185185185185
0 0.5166666666666667 0.16296296296296298 0.5192708333333333 0.175 0.5166666666666667 0.1925925925925926 0.5151041666666667 0.19444444444444445 0.5109375 0.18981481481481483 0.4947916666666667 0.2037037037037037 0.4864583333333333 0.20277777777777778 0.484375 0.19907407407407407 0.4875 0.18518518518518517 0.4942708333333333 0.16944444444444445 0.5052083333333334 0.15925925925925927 0.5161458333333333 0.16296296296296298
0 0.5270833333333333 0.48333333333333334 0.5322916666666667 0.48703703703703705 0.5432291666666667 0.5046296296296297 0.5552083333333333 0.5351851851851852 0.5588541666666667 0.5398148148148149 0.5692708333333333 0.5740740740740741 0.5708333333333333 0.5898148148148148 0.5682291666666667 0.6037037037037037 0.5635416666666667 0.6092592592592593 0.55 0.6157407407407407 0.5401041666666667 0.6129629629629629 0.53125 0.6018518518518519 0.528125 0.5851851851851851 0.5078125 0.5388888888888889 0.503125 0.5185185185185185 0.5052083333333334 0.49444444444444446 0.5088541666666667 0.4898148148148148 0.5265625 0.48333333333333334
0 0.6182291666666667 0.5074074074074074 0.634375 0.5222222222222223 0.6494791666666667 0.5407407407407407 0.6796875 0.5944444444444444 0.68125 0.6101851851851852 0.678125 0.6268518518518519 0.6682291666666667 0.6398148148148148 0.6614583333333334 0.6425925925925926 0.6494791666666667 0.6416666666666667 0.6427083333333333 0.6370370370370371 0.6348958333333333 0.6194444444444445 0.6067708333333334 0.5851851851851851 0.5989583333333334 0.5805555555555556 0.5916666666666667 0.5648148148148148 0.5895833333333333 0.5453703703703704 0.5916666666666667 0.5314814814814814 0.5947916666666667 0.524074074074074 0.6026041666666667 0.5138888888888888 0.6119791666666666 0.5074074074074074 0.6177083333333333 0.5074074074074074
0 0.5453125 0.15925925925925927 0.5557291666666667 0.16574074074074074 0.5567708333333333 0.17962962962962964 0.5546875 0.18888888888888888 0.5453125 0.19907407407407407 0.5291666666666667 0.20833333333333334 0.5244791666666667 0.2037037037037037 0.5255208333333333 0.18888888888888888 0.534375 0.1675925925925926 0.5447916666666667 0.15925925925925927
0 0.38333333333333336 0.2722222222222222 0.39947916666666666 0.27870370370370373 0.4046875 0.2824074074074074 0.40625 0.28703703703703703 0.409375 0.31203703703703706 0.409375 0.34814814814814815 0.4119791666666667 0.3611111111111111 0.4125 0.3824074074074074 0.4088541666666667 0.39351851851851855 0.40208333333333335 0.40370370370370373 0.4015625 0.4111111111111111 0.3958333333333333 0.41203703703703703 0.39375 0.4083333333333333 0.390625 0.4083333333333333 0.38697916666666665 0.41388888888888886 0.384375 0.42407407407407405 0.3796875 0.4287037037037037 0.3796875 0.44907407407407407 0.37604166666666666 0.44814814814814813 0.3770833333333333 0.4546296296296296 0.3734375 0.4638888888888889 0.35520833333333335 0.4666666666666667 0.353125 0.46944444444444444 0.353125 0.4740740740740741 0.35572916666666665 0.4777777777777778 0.3619791666666667 0.48055555555555557 0.359375 0.49722222222222223 0.3458333333333333 0.5157407407407407 0.34270833333333334 0.5277777777777778 0.33177083333333335 0.5472222222222223 0.3234375 0.5601851851851852 0.3177083333333333 0.5638888888888889 0.29635416666666664 0.5564814814814815 0.2864583333333333 0.55 0.27760416666666665 0.5398148148148149 0.27291666666666664 0.5157407407407407 0.2703125 0.487962962962963 0.26458333333333334 0.4666666666666667 0.26458333333333334 0.41388888888888886 0.27239583333333334 0.39537037037037037 0.28020833333333334 0.38333333333333336 0.35520833333333335 0.2814814814814815 0.36822916666666666 0.2712962962962963 0.3828125 0.2722222222222222
1 0.5130208333333334 0.43796296296296294 0.5151041666666667 0.4388888888888889 0.5197916666666667 0.4564814814814815 0.51875 0.4740740740740741 0.515625 0.4740740740740741 0.5119791666666667 0.4842592592592593 0.5098958333333333 0.48333333333333334 0.509375 0.4564814814814815 0.5125 0.43796296296296294
1 0.5479166666666667 0.44074074074074077 0.5520833333333334 0.45555555555555555 0.5520833333333334 0.4638888888888889 0.55 0.4703703703703704 0.55 0.4888888888888889 0.546875 0.49166666666666664 0.5421875 0.45555555555555555 0.5442708333333334 0.4425925925925926 0.5473958333333333 0.44074074074074077
1 0.1046875 0.32037037037037036 0.11666666666666667 0.3509259259259259 0.11302083333333333 0.35555555555555557 0.11458333333333333 0.36944444444444446 0.11302083333333333 0.37222222222222223 0.109375 0.3712962962962963 0.10260416666666666 0.35555555555555557 0.1 0.33425925925925926 0.10104166666666667 0.3212962962962963 0.10416666666666667 0.32037037037037036
1 0.19010416666666666 0.24259259259259258 0.19270833333333334 0.24814814814814815 0.19427083333333334 0.262037037037037 0.19114583333333332 0.26851851851851855 0.18802083333333333 0.2675925925925926 0.184375 0.2537037037037037 0.18541666666666667 0.24351851851851852 0.18958333333333333 0.24259259259259258
1 0.278125 0.8472222222222222 0.284375 0.8537037037037037 0.29010416666666666 0.8740740740740741 0.28958333333333336 0.8805555555555555 0.2828125 0.8814814814814815 0.2796875 0.8861111111111111 0.2760416666666667 0.8787037037037037 0.2734375 0.8555555555555555 0.27395833333333336 0.8490740740740741 0.27760416666666665 0.8472222222222222
1 0.603125 0.24722222222222223 0.6067708333333334 0.24814814814814815 0.6078125 0.2574074074074074 0.6057291666666667 0.27870370370370373 0.6020833333333333 0.2824074074074074 0.6005208333333333 0.25925925925925924 0.603125 0.24814814814814815
1 0.5677083333333334 0.4212962962962963 0.5723958333333333 0.4351851851851852 0.571875 0.44814814814814813 0.5677083333333334 0.46296296296296297 0.5609375 0.4425925925925926 0.5640625 0.42314814814814816 0.5671875 0.4212962962962963
1 0.08125 0.32407407407407407 0.08854166666666667 0.33425925925925926 0.09010416666666667 0.34444444444444444 0.09479166666666666 0.35555555555555557 0.09010416666666667 0.3574074074074074 0.08802083333333334 0.36574074074074076 0.08489583333333334 0.36666666666666664 0.078125 0.33796296296296297 0.078125 0.3296296296296296 0.08072916666666667 0.325
1 0.5822916666666667 0.23796296296296296 0.5854166666666667 0.24722222222222223 0.5859375 0.25833333333333336 0.5817708333333333 0.2777777777777778 0.5791666666666667 0.2759259259259259 0.578125 0.25555555555555554 0.5817708333333333 0.23796296296296296
1 0.22864583333333333 0.19444444444444445 0.23229166666666667 0.20185185185185187 0.23333333333333334 0.22037037037037038 0.23177083333333334 0.22314814814814815 0.22864583333333333 0.21944444444444444 0.225 0.20555555555555555 0.225 0.19722222222222222 0.228125 0.19444444444444445
1 0.7104166666666667 0.4898148148148148 0.7135416666666666 0.5074074074074074 0.7135416666666666 0.5185185185185185 0.7083333333333334 0.524074074074074 0.7036458333333333 0.5472222222222223 0.6989583333333333 0.5462962962962963 0.7020833333333333 0.525 0.7015625 0.512962962962963 0.70625 0.49166666666666664 0.7098958333333333 0.4898148148148148
1 0.9645833333333333 0.7407407407407407 0.9765625 0.7333333333333333 0.98125 0.7333333333333333 0.9833333333333333 0.737037037037037 0.9822916666666667 0.7444444444444445 0.9666666666666667 0.775 0.9588541666666667 0.7685185185185185 0.9645833333333333 0.7416666666666667
1 0.39739583333333334 0.9583333333333334 0.4041666666666667 0.9694444444444444 0.4041666666666667 0.9861111111111112 0.4010416666666667 0.9944444444444445 0.3921875 0.9953703703703703 0.3885416666666667 0.9944444444444445 0.3854166666666667 0.9805555555555555 0.3859375 0.9611111111111111 0.39114583333333336 0.9564814814814815 0.396875 0.9583333333333334
1 0.6125 0.2601851851851852 0.6166666666666667 0.26481481481481484 0.6140625 0.2953703703703704 0.6088541666666667 0.2962962962962963 0.6067708333333334 0.28055555555555556 0.6119791666666666 0.2611111111111111
1 0.39739583333333334 0.5120370370370371 0.4010416666666667 0.5120370370370371 0.40572916666666664 0.5231481481481481 0.4078125 0.5314814814814814 0.4078125 0.5435185185185185 0.4109375 0.5509259259259259 0.4109375 0.5574074074074075 0.4083333333333333 0.5611111111111111 0.4046875 0.5648148148148148 0.4010416666666667 0.562962962962963 0.396875 0.5296296296296297 0.39739583333333334 0.512962962962963
1 0.5989583333333334 0.2777777777777778 0.6010416666666667 0.2824074074074074 0.6015625 0.2916666666666667 0.5989583333333334 0.30833333333333335 0.596875 0.3111111111111111 0.5942708333333333 0.3074074074074074 0.5932291666666667 0.2861111111111111 0.5947916666666667 0.2740740740740741 0.5932291666666667 0.2675925925925926 0.5947916666666667 0.262037037037037 0.5963541666666666 0.2638888888888889 0.5958333333333333 0.2740740740740741 0.5984375 0.2777777777777778
1 0.01875 0.40555555555555556 0.026041666666666668 0.4148148148148148 0.0296875 0.4287037037037037 0.0359375 0.4388888888888889 0.0359375 0.4444444444444444 0.029166666666666667 0.4564814814814815 0.026041666666666668 0.4564814814814815 0.022395833333333334 0.43425925925925923 0.014583333333333334 0.4111111111111111 0.015104166666666667 0.4046296296296296 0.018229166666666668 0.40555555555555556
1 0.16822916666666668 0.29444444444444445 0.175 0.3037037037037037 0.18020833333333333 0.32407407407407407 0.175 0.325 0.17135416666666667 0.33240740740740743 0.16875 0.3296296296296296 0.16614583333333333 0.30277777777777776 0.16770833333333332 0.2953703703703704
1 0.2947916666666667 0.837037037037037 0.30364583333333334 0.8435185185185186 0.3067708333333333 0.850925925925926 0.3067708333333333 0.8685185185185185 0.3104166666666667 0.8768518518518519 0.3104166666666667 0.8814814814814815 0.3072916666666667 0.8833333333333333 0.2994791666666667 0.8814814814814815 0.29583333333333334 0.875 0.2911458333333333 0.8435185185185186 0.2916666666666667 0.8379629629629629 0.2942708333333333 0.837037037037037
1 0.5317708333333333 0.4398148148148148 0.5359375 0.45092592592592595 0.5359375 0.4638888888888889 0.5333333333333333 0.47685185185185186 0.5291666666666667 0.48148148148148145 0.5260416666666666 0.47685185185185186 0.5244791666666667 0.45185185185185184 0.528125 0.44074074074074077 0.53125 0.4398148148148148
1 0.058854166666666666 0.34074074074074073 0.0625 0.3490740740740741 0.0671875 0.3731481481481482 0.06458333333333334 0.37777777777777777 0.050520833333333334 0.3509259259259259 0.0515625 0.3398148148148148 0.0546875 0.33796296296296297 0.058333333333333334 0.34074074074074073
1 0.146875 0.28888888888888886 0.15052083333333333 0.2962962962962963 0.15364583333333334 0.3111111111111111 0.153125 0.31851851851851853 0.15052083333333333 0.3212962962962963 0.14739583333333334 0.3212962962962963 0.14479166666666668 0.31666666666666665 0.14322916666666666 0.30277777777777776 0.13958333333333334 0.29074074074074074 0.140625 0.2833333333333333 0.14635416666666667 0.28888888888888886
1 0.59296875 0.21388888888888888 0.0078125 0.03333333333333333
1 0.5786458333333333 0.2851851851851852 0.5828125 0.30185185185185187 0.578125 0.32222222222222224 0.5755208333333334 0.32037037037037036 0.5723958333333333 0.30092592592592593 0.5729166666666666 0.2953703703703704 0.578125 0.2851851851851852
1 0.9494791666666667 0.6861111111111111 0.9515625 0.6953703703703704 0.9494791666666667 0.712037037037037 0.9328125 0.7398148148148148 0.928125 0.7361111111111112 0.9260416666666667 0.7305555555555555 0.9307291666666667 0.7148148148148148 0.9260416666666667 0.7064814814814815 0.9348958333333334 0.6925925925925925 0.9489583333333333 0.6861111111111111
1 0.234375 0.20277777777777778 0.24114583333333334 0.21296296296296297 0.24427083333333333 0.22314814814814815 0.24479166666666666 0.23333333333333334 0.24479166666666666 0.2388888888888889 0.24114583333333334 0.24074074074074073 0.2359375 0.22314814814814815 0.234375 0.2037037037037037
1 0.1625 0.29814814814814816 0.16770833333333332 0.3138888888888889 0.16822916666666668 0.3287037037037037 0.165625 0.3314814814814815 0.16041666666666668 0.32407407407407407 0.16041666666666668 0.31666666666666665 0.1578125 0.30833333333333335 0.15885416666666666 0.3 0.16197916666666667 0.29814814814814816
1 0.0796875 0.35185185185185186 0.090625 0.38981481481481484 0.0875 0.39351851851851855 0.08489583333333334 0.387037037037037 0.08177083333333333 0.387037037037037 0.08177083333333333 0.3972222222222222 0.07916666666666666 0.3990740740740741 0.07760416666666667 0.3990740740740741 0.07291666666666667 0.3611111111111111 0.0734375 0.3509259259259259 0.07916666666666666 0.35185185185185186
1 0.9432291666666667 0.6296296296296297 0.9453125 0.6333333333333333 0.9375 0.6564814814814814 0.9354166666666667 0.6685185185185185 0.925 0.6666666666666666 0.921875 0.6712962962962963 0.9197916666666667 0.6703703703703704 0.9213541666666667 0.6611111111111111 0.9317708333333333 0.65 0.9348958333333334 0.6342592592592593 0.9427083333333334 0.6296296296296297
1 0.5604166666666667 0.37407407407407406 0.5640625 0.3824074074074074 0.5640625 0.3925925925925926 0.5625 0.4101851851851852 0.5572916666666666 0.4148148148148148 0.5552083333333333 0.412962962962963 0.5546875 0.387037037037037 0.5567708333333333 0.375 0.5598958333333334 0.37407407407407406
1 0.43333333333333335 0.6666666666666666 0.43697916666666664 0.6703703703703704 0.440625 0.6824074074074075 0.44166666666666665 0.6953703703703704 0.4390625 0.6972222222222222 0.4322916666666667 0.6962962962962963 0.428125 0.6916666666666667 0.43020833333333336 0.6703703703703704 0.4328125 0.6666666666666666
1 0.5921875 0.27870370370370373 0.5916666666666667 0.2601851851851852 0.5947916666666667 0.2462962962962963 0.5989583333333334 0.25462962962962965 0.5989583333333334 0.2814814814814815 0.5927083333333333 0.27870370370370373
1 0.5567708333333333 0.49166666666666664 0.5578125 0.47129629629629627 0.5557291666666667 0.4546296296296296 0.5604166666666667 0.44166666666666665 0.5677083333333334 0.45925925925925926 0.559375 0.49074074074074076 0.5572916666666666 0.49166666666666664
1 0.5885416666666666 0.23796296296296296 0.5932291666666667 0.2462962962962963 0.5916666666666667 0.2611111111111111 0.5880208333333333 0.2638888888888889 0.5848958333333333 0.25833333333333336 0.5848958333333333 0.24722222222222223 0.5880208333333333 0.2388888888888889
1 0.6057291666666667 0.3685185185185185 0.6020833333333333 0.33425925925925926 0.6083333333333333 0.32222222222222224 0.6125 0.3287037037037037 0.6125 0.3398148148148148 0.60625 0.3685185185185185
1 0.47708333333333336 0.9342592592592592 0.48020833333333335 0.9388888888888889 0.4828125 0.9648148148148148 0.4895833333333333 0.9731481481481481 0.4895833333333333 0.9777777777777777 0.4875 0.9814814814814815 0.48072916666666665 0.9814814814814815 0.478125 0.9879629629629629 0.4739583333333333 0.9907407407407407 0.46979166666666666 0.9879629629629629 0.4713541666666667 0.9777777777777777 0.4703125 0.937962962962963 0.4765625 0.9342592592592592
1 0.28541666666666665 0.8787037037037037 0.2890625 0.8805555555555555 0.2953125 0.8944444444444445 0.29791666666666666 0.9203703703703704 0.29583333333333334 0.924074074074074 0.2911458333333333 0.9231481481481482 0.28072916666666664 0.9046296296296297 0.2796875 0.8824074074074074 0.28489583333333335 0.8787037037037037
1 0.3026041666666667 0.17777777777777778 0.008333333333333333 0.03518518518518519