1 0.8244791666666667 0.11481481481481481 0.8276041666666667 0.11018518518518519 0.8291666666666667 0.11203703703703703 0.8296875 0.12777777777777777 0.8223958333333333 0.15185185185185185 0.8192708333333333 0.15555555555555556 0.8166666666666667 0.1537037037037037 0.8192708333333333 0.12685185185185185 0.8244791666666667 0.11574074074074074
1 0.3484375 0.8194444444444444 0.3536458333333333 0.8240740740740741 0.3546875 0.8314814814814815 0.35885416666666664 0.8379629629629629 0.359375 0.8490740740740741 0.3625 0.8555555555555555 0.3625 0.862037037037037 0.35572916666666665 0.8694444444444445 0.3489583333333333 0.8657407407407407 0.34375 0.8453703703703703 0.3375 0.8305555555555556 0.33958333333333335 0.8222222222222222 0.34791666666666665 0.8194444444444444
1 0.4088541666666667 0.8768518518518519 0.4 0.8490740740740741 0.4010416666666667 0.8333333333333334 0.40729166666666666 0.825925925925926 0.4109375 0.825925925925926 0.41822916666666665 0.8444444444444444 0.4171875 0.8592592592592593 0.41302083333333334 0.8759259259259259 0.4109375 0.8787037037037037 0.409375 0.8768518518518519
1 0.08958333333333333 0.12222222222222222 0.09427083333333333 0.12222222222222222 0.0984375 0.1287037037037037 0.10208333333333333 0.13703703703703704 0.10572916666666667 0.15648148148148147 0.10572916666666667 0.16111111111111112 0.10364583333333334 0.16296296296296298 0.09895833333333333 0.16203703703703703 0.0953125 0.15648148148148147 0.090625 0.13703703703703704 0.08958333333333333 0.12314814814814815
1 0.1140625 0.10925925925925926 0.11666666666666667 0.11481481481481481 0.11770833333333333 0.12777777777777777 0.11302083333333333 0.13148148148148148 0.109375 0.1287037037037037 0.10677083333333333 0.11388888888888889 0.10885416666666667 0.10555555555555556 0.11354166666666667 0.10925925925925926
1 0.6369791666666667 0.046296296296296294 0.6411458333333333 0.04814814814814815 0.6427083333333333 0.058333333333333334 0.6385416666666667 0.0787037037037037 0.6380208333333334 0.09074074074074075 0.6369791666666667 0.09259259259259259 0.6338541666666667 0.08796296296296297 0.6322916666666667 0.06759259259259259 0.6369791666666667 0.04722222222222222
1 0.3411458333333333 0.8898148148148148 0.3484375 0.9018518518518519 0.34739583333333335 0.9111111111111111 0.3515625 0.9342592592592592 0.35052083333333334 0.9388888888888889 0.3458333333333333 0.9425925925925925 0.34010416666666665 0.9305555555555556 0.33229166666666665 0.9268518518518518 0.3265625 0.9074074074074074 0.32760416666666664 0.9 0.33177083333333335 0.8981481481481481 0.33697916666666666 0.8898148148148148 0.340625 0.8898148148148148
1 0.6171875 0.2490740740740741 0.6223958333333334 0.26851851851851855 0.6182291666666667 0.2777777777777778 0.6161458333333333 0.29444444444444445 0.6130208333333333 0.2935185185185185 0.6125 0.28425925925925927 0.609375 0.2851851851851852 0.609375 0.2675925925925926 0.6135416666666667 0.25092592592592594 0.6166666666666667 0.2490740740740741
1 0.07864583333333333 0.12222222222222222 0.08489583333333334 0.1361111111111111 0.0859375 0.14629629629629629 0.08958333333333333 0.15555555555555556 0.08489583333333334 0.16018518518518518 0.07291666666666667 0.13148148148148148 0.0734375 0.12407407407407407 0.078125 0.12222222222222222
1 0.5953125 0.010185185185185186 0.5979166666666667 0.017592592592592594 0.5979166666666667 0.025925925925925925 0.5942708333333333 0.049074074074074076 0.5916666666666667 0.05555555555555555 0.5885416666666666 0.05 0.5890625 0.03148148148148148 0.5921875 0.012037037037037037 0.5947916666666667 0.010185185185185186
1 0.125 0.058333333333333334 0.13333333333333333 0.0712962962962963 0.13541666666666666 0.08611111111111111 0.13854166666666667 0.09259259259259259 0.13802083333333334 0.0962962962962963 0.12864583333333332 0.08888888888888889 0.12239583333333333 0.07592592592592592 0.12083333333333333 0.058333333333333334 0.12447916666666667 0.058333333333333334
1 0.17916666666666667 0.03148148148148148 0.18802083333333333 0.04259259259259259 0.1890625 0.06759259259259259 0.18541666666666667 0.06759259259259259 0.17864583333333334 0.05277777777777778 0.175 0.03981481481481482 0.175 0.03425925925925926 0.17864583333333334 0.03148148148148148
1 0.28072916666666664 0.9194444444444444 0.29375 0.9324074074074075 0.29739583333333336 0.9407407407407408 0.2989583333333333 0.9592592592592593 0.2942708333333333 0.9675925925925926 0.28958333333333336 0.9666666666666667 0.2864583333333333 0.9564814814814815 0.278125 0.9453703703703704 0.278125 0.9361111111111111 0.27239583333333334 0.925 0.2760416666666667 0.9185185185185185 0.28020833333333334 0.9194444444444444
1 0.04739583333333333 0.1425925925925926 0.059895833333333336 0.1648148148148148 0.06041666666666667 0.18333333333333332 0.05677083333333333 0.1814814814814815 0.046875 0.1638888888888889 0.04375 0.14814814814814814 0.044270833333333336 0.14351851851851852 0.046875 0.1425925925925926
1 0.19791666666666666 0.8472222222222222 0.2109375 0.8555555555555555 0.2234375 0.8564814814814815 0.22604166666666667 0.8601851851851852 0.21666666666666667 0.8759259259259259 0.20989583333333334 0.8740740740740741 0.209375 0.8916666666666667 0.20625 0.8953703703703704 0.2 0.8759259259259259 0.19322916666666667 0.8694444444444445 0.1890625 0.8740740740740741 0.190625 0.8481481481481481 0.19739583333333333 0.8472222222222222
1 0.8036458333333333 0.43148148148148147 0.8067708333333333 0.4351851851851852 0.8067708333333333 0.45555555555555555 0.7994791666666666 0.4685185185185185 0.7958333333333333 0.4842592592592593 0.7942708333333334 0.48703703703703705 0.7890625 0.4842592592592593 0.7885416666666667 0.47685185185185186 0.7916666666666666 0.46944444444444444 0.7921875 0.462037037037037 0.7885416666666667 0.45185185185185184 0.7895833333333333 0.44814814814814813 0.7989583333333333 0.44166666666666665 0.803125 0.4324074074074074
1 0.009375 0.23703703703703705 0.013541666666666667 0.24259259259259258 0.016666666666666666 0.2574074074074074 0.027083333333333334 0.27037037037037037 0.024479166666666666 0.275 0.018229166666666668 0.26851851851851855 0.017708333333333333 0.2824074074074074 0.015625 0.2861111111111111 0.0078125 0.25833333333333336 0.0020833333333333333 0.24814814814814815 0.0026041666666666665 0.2361111111111111 0.008854166666666666 0.23703703703703705
1 0.1625 0.0824074074074074 0.16666666666666666 0.08981481481481482 0.17135416666666667 0.11018518518518519 0.17239583333333333 0.11944444444444445 0.1703125 0.12222222222222222 0.16614583333333333 0.11944444444444445 0.15833333333333333 0.09444444444444444 0.159375 0.08333333333333333 0.16197916666666667 0.0824074074074074
1 0.14375 0.08055555555555556 0.15208333333333332 0.09537037037037037 0.15208333333333332 0.1037037037037037 0.15625 0.12129629629629629 0.1546875 0.1259259259259259 0.15208333333333332 0.125 0.14322916666666666 0.10092592592592593 0.14010416666666667 0.08518518518518518 0.140625 0.08055555555555556 0.14322916666666666 0.08055555555555556
1 0.34010416666666665 0.7944444444444444 0.3484375 0.8111111111111111 0.35 0.8203703703703704 0.3416666666666667 0.8222222222222222 0.3385416666666667 0.8268518518518518 0.33177083333333335 0.8064814814814815 0.33541666666666664 0.7953703703703704 0.33958333333333335 0.7944444444444444
1 0.9078125 0.5083333333333333 0.9119791666666667 0.5083333333333333 0.9130208333333333 0.5120370370370371 0.9114583333333334 0.5342592592592592 0.9015625 0.5444444444444444 0.89375 0.562037037037037 0.8885416666666667 0.5601851851851852 0.8963541666666667 0.5277777777777778 0.9078125 0.5092592592592593
1 0.5208333333333334 0.3537037037037037 0.5265625 0.36203703703703705 0.5270833333333333 0.37222222222222223 0.5244791666666667 0.38425925925925924 0.5239583333333333 0.3990740740740741 0.5203125 0.40370370370370373 0.51875 0.40370370370370373 0.5182291666666666 0.38425925925925924 0.5166666666666667 0.37962962962962965 0.5171875 0.36018518518518516 0.5182291666666666 0.35462962962962963 0.5203125 0.3537037037037037
1 0.8989583333333333 0.5037037037037037 0.8994791666666667 0.5092592592592593 0.8953125 0.5222222222222223 0.8802083333333334 0.5453703703703704 0.875 0.5425925925925926 0.8776041666666666 0.525 0.8875 0.5074074074074074 0.8984375 0.5037037037037037
1 0.27395833333333336 0.7509259259259259 0.27708333333333335 0.7648148148148148 0.28541666666666665 0.7712962962962963 0.2859375 0.7759259259259259 0.2833333333333333 0.7787037037037037 0.2755208333333333 0.7768518518518519 0.27239583333333334 0.7814814814814814 0.2713541666666667 0.8074074074074075 0.26979166666666665 0.8111111111111111 0.26666666666666666 0.8092592592592592 0.26510416666666664 0.8037037037037037 0.26458333333333334 0.7814814814814814 0.25885416666666666 0.774074074074074 0.25416666666666665 0.7796296296296297 0.25364583333333335 0.775 0.25833333333333336 0.7546296296296297 0.2682291666666667 0.75 0.2734375 0.7509259259259259
1 0.4510416666666667 0.8574074074074074 0.46197916666666666 0.8657407407407407 0.46458333333333335 0.8731481481481481 0.46458333333333335 0.8972222222222223 0.4666666666666667 0.9111111111111111 0.4635416666666667 0.9175925925925926 0.46041666666666664 0.9166666666666666 0.4557291666666667 0.9083333333333333 0.4510416666666667 0.8777777777777778 0.44583333333333336 0.8694444444444445 0.446875 0.8592592592592593 0.4505208333333333 0.8574074074074074
1 0.20208333333333334 0.8962962962962963 0.20625 0.9 0.20625 0.912962962962963 0.20416666666666666 0.9175925925925926 0.20729166666666668 0.9268518518518518 0.203125 0.937962962962963 0.19635416666666666 0.9435185185185185 0.19114583333333332 0.9324074074074075 0.18385416666666668 0.9277777777777778 0.17552083333333332 0.9138888888888889 0.178125 0.9064814814814814 0.18802083333333333 0.899074074074074 0.2015625 0.8962962962962963
1 0.20729166666666668 0.024074074074074074 0.20989583333333334 0.025925925925925925 0.21302083333333333 0.03981481481481482 0.21614583333333334 0.06666666666666667 0.21354166666666666 0.06666666666666667 0.20625 0.05 0.2046875 0.030555555555555555 0.20677083333333332 0.024074074074074074
1 0.2630208333333333 0.8638888888888889 0.2682291666666667 0.8722222222222222 0.2755208333333333 0.8666666666666667 0.2786458333333333 0.8685185185185185 0.28177083333333336 0.8796296296296297 0.29010416666666666 0.8916666666666667 0.2890625 0.8981481481481481 0.2786458333333333 0.9046296296296297 0.27447916666666666 0.9148148148148149 0.26979166666666665 0.9175925925925926 0.26666666666666666 0.9148148148148149 0.2671875 0.8796296296296297 0.2598958333333333 0.8722222222222222 0.2604166666666667 0.8657407407407407 0.2625 0.8638888888888889
1 0.3109375 0.8472222222222222 0.3234375 0.8564814814814815 0.32760416666666664 0.8685185185185185 0.3333333333333333 0.8731481481481481 0.33177083333333335 0.8787037037037037 0.325 0.8814814814814815 0.3229166666666667 0.8898148148148148 0.31875 0.8935185185185185 0.3140625 0.8888888888888888 0.309375 0.8648148148148148 0.3046875 0.8564814814814815 0.3046875 0.850925925925926 0.3067708333333333 0.8472222222222222 0.3104166666666667 0.8472222222222222
1 0.5369791666666667 0.15833333333333333 0.5416666666666666 0.1712962962962963 0.5395833333333333 0.18796296296296297 0.5364583333333334 0.18796296296296297 0.53125 0.17777777777777778 0.5317708333333333 0.16944444444444445 0.5364583333333334 0.15833333333333333
1 0.11614583333333334 0.1287037037037037 0.11927083333333334 0.13333333333333333 0.1234375 0.15092592592592594 0.13020833333333334 0.1574074074074074 0.13177083333333334 0.16296296296296298 0.12239583333333333 0.15833333333333333 0.12135416666666667 0.1648148148148148 0.12291666666666666 0.1712962962962963 0.11979166666666667 0.17222222222222222 0.11197916666666667 0.1398148148148148 0.11197916666666667 0.13240740740740742 0.115625 0.12962962962962962
1 0.6854166666666667 0.24074074074074073 0.6885416666666667 0.25277777777777777 0.6864583333333333 0.27037037037037037 0.6828125 0.27037037037037037 0.6770833333333334 0.2601851851851852 0.678125 0.25092592592592594 0.6817708333333333 0.2462962962962963 0.6822916666666666 0.24166666666666667 0.6848958333333334 0.24074074074074073
1 0.08489583333333334 0.11851851851851852 0.0921875 0.1259259259259259 0.0953125 0.15555555555555556 0.09166666666666666 0.15462962962962962 0.08958333333333333 0.14444444444444443 0.08489583333333334 0.13703703703703704 0.08229166666666667 0.12777777777777777 0.08229166666666667 0.11944444444444445 0.084375 0.11851851851851852
1 0.5880208333333333 0.24027777777777778 0.011458333333333333 0.04722222222222222
1 0.6473958333333333 0.2324074074074074 0.6515625 0.2490740740740741 0.6479166666666667 0.26296296296296295 0.6453125 0.26481481481481484 0.64375 0.26481481481481484 0.6401041666666667 0.24722222222222223 0.6432291666666666 0.24074074074074073 0.64375 0.23425925925925925 0.646875 0.2324074074074074
1 0.5307291666666667 0.20601851851851852 0.010416666666666666 0.04722222222222222
1 0.26484375 0.9666666666666667 0.025520833333333333 0.044444444444444446
1 0.6453125 0.025925925925925925 0.6489583333333333 0.032407407407407406 0.64375 0.05925925925925926 0.6390625 0.046296296296296294 0.6401041666666667 0.03333333333333333 0.6447916666666667 0.025925925925925925
1 0.5260416666666666 0.15 0.5307291666666667 0.16111111111111112 0.5296875 0.17592592592592593 0.5260416666666666 0.19074074074074074 0.5223958333333333 0.18981481481481483 0.5213541666666667 0.1685185185185185 0.5255208333333333 0.15092592592592594
1 0.13177083333333334 0.09537037037037037 0.13802083333333334 0.11203703703703703 0.13958333333333334 0.12962962962962962 0.1375 0.13703703703703704 0.13333333333333333 0.13240740740740742 0.12604166666666666 0.11388888888888889 0.12604166666666666 0.10092592592592593 0.12864583333333332 0.09444444444444444 0.13125 0.09537037037037037
1 0.05520833333333333 0.19722222222222222 0.0625 0.21851851851851853 0.06979166666666667 0.22685185185185186 0.06927083333333334 0.23055555555555557 0.0640625 0.22870370370370371 0.06041666666666667 0.24074074074074073 0.058333333333333334 0.2388888888888889 0.05625 0.22592592592592592 0.04583333333333333 0.20277777777777778 0.049479166666666664 0.1962962962962963 0.0546875 0.19722222222222222
1 0.04739583333333333 0.12037037037037036 0.05364583333333333 0.12685185185185185 0.0625 0.15462962962962962 0.06302083333333333 0.16111111111111112 0.06041666666666667 0.1638888888888889 0.043229166666666666 0.12962962962962962 0.0421875 0.12222222222222222 0.046875 0.12037037037037036
1 0.8140625 0.11851851851851852 0.8177083333333334 0.12037037037037036 0.8171875 0.1361111111111111 0.8104166666666667 0.15925925925925927 0.8052083333333333 0.16018518518518518 0.8067708333333333 0.13333333333333333 0.8140625 0.11944444444444445
1 0.9583333333333334 0.5509259259259259 0.9604166666666667 0.5546296296296296 0.9604166666666667 0.5740740740740741 0.946875 0.5953703703703703 0.9385416666666667 0.5907407407407408 0.9359375 0.5842592592592593 0.9458333333333333 0.5564814814814815 0.9526041666666667 0.5509259259259259 0.9578125 0.5509259259259259
1 0.5671875 0.22314814814814815 0.5697916666666667 0.22314814814814815 0.5734375 0.23425925925925925 0.5697916666666667 0.2638888888888889 0.5677083333333334 0.26944444444444443 0.565625 0.26851851851851855 0.5640625 0.23425925925925925 0.5671875 0.22407407407407406
1 0.2796875 0 0.2875 0 0.28854166666666664 0.014814814814814815 0.2921875 0.024074074074074074 0.2828125 0.032407407407407406 0.2828125 0.01574074074074074 0.2796875 0.000925925925925926
1 0.5260416666666666 0.4787037037037037 0.5291666666666667 0.48148148148148145 0.5322916666666667 0.4925925925925926 0.5322916666666667 0.5009259259259259 0.5255208333333333 0.5388888888888889 0.5229166666666667 0.5388888888888889 0.5234375 0.5148148148148148 0.5177083333333333 0.5055555555555555 0.5213541666666667 0.48703703703703705 0.5255208333333333 0.47962962962962963
1 0.5786458333333333 0.8166666666666667 0.584375 0.8305555555555556 0.58125 0.8481481481481481 0.5828125 0.862037037037037 0.5770833333333333 0.8583333333333333 0.5744791666666667 0.850925925925926 0.5583333333333333 0.862037037037037 0.553125 0.8583333333333333 0.5536458333333333 0.8555555555555555 0.5604166666666667 0.8537037037037037 0.5682291666666667 0.8444444444444444 0.5729166666666666 0.8185185185185185 0.578125 0.8166666666666667
1 0.5520833333333334 0.22037037037037038 0.5552083333333333 0.23055555555555557 0.5552083333333333 0.23796296296296296 0.5526041666666667 0.262037037037037 0.5494791666666666 0.2657407407407407 0.5453125 0.26481481481481484 0.5453125 0.22962962962962963 0.5489583333333333 0.22037037037037038 0.5515625 0.22037037037037038
1 0.36614583333333334 0.925 0.36614583333333334 0.9138888888888889 0.3625 0.9092592592592592 0.35885416666666664 0.9101851851851852 0.35520833333333335 0.9009259259259259 0.3546875 0.8833333333333333 0.35885416666666664 0.8694444444444445 0.3625 0.8694444444444445 0.36614583333333334 0.8777777777777778 0.375 0.9083333333333333 0.375 0.9185185185185185 0.36666666666666664 0.925
1 0.10416666666666667 0.06388888888888888 0.109375 0.06851851851851852 0.11302083333333333 0.07685185185185185 0.11822916666666666 0.10277777777777777 0.11510416666666666 0.10925925925925926 0.1046875 0.09814814814814815 0.1015625 0.08055555555555556 0.10416666666666667 0.06481481481481481
1 0.6265625 0.08703703703703704 0.6291666666666667 0.09166666666666666 0.6296875 0.1 0.625 0.12777777777777777 0.6229166666666667 0.13148148148148148 0.6208333333333333 0.09907407407407408 0.6229166666666667 0.09074074074074075 0.6260416666666667 0.08703703703703704
1 0.6453125 0.3277777777777778 0.6473958333333333 0.34444444444444444 0.64375 0.36944444444444446 0.6401041666666667 0.3814814814814815 0.6354166666666666 0.37777777777777777 0.6348958333333333 0.36574074074074076 0.6380208333333334 0.3435185185185185 0.6421875 0.3296296296296296 0.6447916666666667 0.3277777777777778
1 0.546875 0.17777777777777778 0.5510416666666667 0.1925925925925926 0.5484375 0.20092592592592592 0.546875 0.2175925925925926 0.5447916666666667 0.22037037037037038 0.5427083333333333 0.22037037037037038 0.540625 0.21203703703703702 0.5395833333333333 0.18796296296296297 0.5432291666666667 0.1787037037037037 0.5463541666666667 0.17777777777777778
1 0.6515625 0.17685185185185184 0.6541666666666667 0.1814814814814815 0.6552083333333333 0.1925925925925926 0.65 0.2037037037037037 0.6473958333333333 0.2222222222222222 0.6442708333333333 0.22037037037037038 0.6427083333333333 0.19907407407407407 0.64375 0.19166666666666668 0.6510416666666666 0.17685185185185184
1 0.22916666666666666 0.004629629629629629 0.23333333333333334 0.017592592592592594 0.23541666666666666 0.03981481481481482 0.234375 0.04537037037037037 0.22864583333333333 0.04351851851851852 0.2234375 0.023148148148148147 0.22447916666666667 0.009259259259259259 0.2265625 0.003703703703703704 0.22864583333333333 0.004629629629629629
1 0.3140625 0.9083333333333333 0.32083333333333336 0.9157407407407407 0.3260416666666667 0.9398148148148148 0.3255208333333333 0.9462962962962963 0.32135416666666666 0.9527777777777777 0.3177083333333333 0.9527777777777777 0.3151041666666667 0.9407407407407408 0.3026041666666667 0.9268518518518518 0.30364583333333334 0.9148148148148149 0.31354166666666666 0.9083333333333333