1 0.2734375 0.9768518518518519 0.28020833333333334 0.9879629629629629 0.2828125 0.9990740740740741 0.2630208333333333 0.9990740740740741 0.2604166666666667 0.9953703703703703 0.2598958333333333 0.9879629629629629 0.26145833333333335 0.9833333333333333 0.26875 0.975925925925926 0.27291666666666664 0.9768518518518519
1 0.5119791666666667 0.31296296296296294 0.5140625 0.3148148148148148 0.5166666666666667 0.32685185185185184 0.5151041666666667 0.33796296296296297 0.5151041666666667 0.3712962962962963 0.5119791666666667 0.3685185185185185 0.5078125 0.35555555555555557 0.5078125 0.33055555555555555 0.5114583333333333 0.3138888888888889
1 0.08489583333333334 0.27870370370370373 0.0953125 0.2898148148148148 0.09635416666666667 0.30462962962962964 0.10104166666666667 0.31203703703703706 0.10104166666666667 0.3175925925925926 0.09739583333333333 0.3194444444444444 0.09427083333333333 0.31666666666666665 0.084375 0.29074074074074074 0.084375 0.2796296296296296
1 0.6927083333333334 0.12777777777777777 0.6942708333333333 0.14907407407407408 0.6895833333333333 0.15833333333333333 0.6859375 0.17314814814814813 0.684375 0.1425925925925926 0.6885416666666667 0.12962962962962962 0.6921875 0.12777777777777777
1 0.4317708333333333 0.7203703703703703 0.4390625 0.7324074074074074 0.44375 0.762962962962963 0.4427083333333333 0.7731481481481481 0.4375 0.7768518518518519 0.4317708333333333 0.7898148148148149 0.42864583333333334 0.7898148148148149 0.43020833333333336 0.7759259259259259 0.42916666666666664 0.7527777777777778 0.4270833333333333 0.7537037037037037 0.42552083333333335 0.7601851851851852 0.421875 0.7592592592592593 0.421875 0.7453703703703703 0.425 0.725925925925926 0.4276041666666667 0.7194444444444444 0.43125 0.7203703703703703
1 0.5848958333333333 0.1537037037037037 0.5859375 0.1787037037037037 0.5822916666666667 0.19814814814814816 0.5802083333333333 0.1962962962962963 0.5770833333333333 0.17777777777777778 0.5776041666666667 0.1685185185185185 0.5848958333333333 0.15462962962962962
1 0.10729166666666666 0.1925925925925926 0.11354166666666667 0.2037037037037037 0.1171875 0.2222222222222222 0.11666666666666667 0.2324074074074074 0.11354166666666667 0.23148148148148148 0.1125 0.2222222222222222 0.10364583333333334 0.20277777777777778 0.10416666666666667 0.19444444444444445 0.10677083333333333 0.1925925925925926
1 0.5557291666666667 0.2814814814814815 0.5598958333333334 0.29814814814814816 0.5583333333333333 0.32037037037037036 0.5505208333333333 0.33055555555555555 0.5489583333333333 0.29444444444444445 0.5520833333333334 0.2824074074074074 0.5552083333333333 0.2814814814814815
1 0.5677083333333334 0.1527777777777778 0.5713541666666667 0.1527777777777778 0.575 0.16574074074074074 0.5713541666666667 0.19722222222222222 0.56875 0.19814814814814816 0.5640625 0.175 0.5640625 0.16666666666666666 0.5677083333333334 0.1537037037037037
1 0.3359375 0.14907407407407408 0.34010416666666665 0.16111111111111112 0.3416666666666667 0.17777777777777778 0.34479166666666666 0.18796296296296297 0.3416666666666667 0.19074074074074074 0.3380208333333333 0.18703703703703703 0.3333333333333333 0.15462962962962962 0.33541666666666664 0.14907407407407408
1 0.3651041666666667 0.8444444444444444 0.3729166666666667 0.8453703703703703 0.3765625 0.85 0.3776041666666667 0.8675925925925926 0.37916666666666665 0.8703703703703703 0.3875 0.8685185185185185 0.38697916666666665 0.8731481481481481 0.3770833333333333 0.8833333333333333 0.37604166666666666 0.8907407407407407 0.3734375 0.8944444444444445 0.36041666666666666 0.8518518518518519 0.3609375 0.8453703703703703 0.3645833333333333 0.8444444444444444
1 0.07447916666666667 0.2824074074074074 0.07916666666666666 0.2814814814814815 0.08229166666666667 0.2851851851851852 0.09322916666666667 0.31666666666666665 0.08958333333333333 0.3175925925925926 0.08125 0.3111111111111111 0.07447916666666667 0.29074074074074074 0.07447916666666667 0.2833333333333333
1 0.7486979166666666 0.3939814814814815 0.0140625 0.04722222222222222
1 0.5359375 0.32037037037037036 0.5385416666666667 0.3296296296296296 0.5364583333333334 0.36574074074074076 0.5317708333333333 0.36574074074074076 0.53125 0.35555555555555557 0.5270833333333333 0.33796296296296297 0.5291666666666667 0.32685185185185184 0.5354166666666667 0.3212962962962963
1 0.1875 0.16111111111111112 0.19010416666666666 0.1675925925925926 0.19114583333333332 0.18055555555555555 0.1953125 0.19074074074074074 0.18958333333333333 0.19722222222222222 0.18229166666666666 0.17962962962962964 0.18020833333333333 0.16944444444444445 0.18177083333333333 0.16018518518518518 0.18697916666666667 0.16111111111111112
1 0.4421875 0.31851851851851853 0.44479166666666664 0.325 0.446875 0.3435185185185185 0.446875 0.36203703703703705 0.4432291666666667 0.36666666666666664 0.4395833333333333 0.3648148148148148 0.4354166666666667 0.33796296296296297 0.43697916666666664 0.32314814814814813 0.4390625 0.31851851851851853 0.44166666666666665 0.31851851851851853
1 0.0640625 0.2212962962962963 0.0703125 0.23148148148148148 0.07135416666666666 0.24166666666666667 0.07708333333333334 0.25833333333333336 0.06927083333333334 0.25833333333333336 0.0640625 0.25 0.0625 0.24074074074074073 0.0578125 0.2324074074074074 0.058333333333333334 0.22777777777777777 0.06354166666666666 0.2222222222222222
1 0.8880208333333334 0.45092592592592595 0.8890625 0.45925925925925926 0.8869791666666667 0.47685185185185186 0.8734375 0.5027777777777778 0.86875 0.4981481481481482 0.86875 0.4898148148148148 0.8739583333333333 0.48055555555555557 0.8765625 0.46574074074074073 0.8838541666666667 0.45185185185185184 0.8875 0.45092592592592595
1 0.36666666666666664 0.8027777777777778 0.37395833333333334 0.8037037037037037 0.378125 0.8101851851851852 0.3802083333333333 0.8351851851851851 0.37604166666666666 0.8453703703703703 0.37135416666666665 0.8444444444444444 0.36302083333333335 0.8240740740740741 0.3614583333333333 0.8064814814814815 0.36614583333333334 0.8027777777777778
1 0.3765625 0.41203703703703703 0.3848958333333333 0.4287037037037037 0.3859375 0.44166666666666665 0.38958333333333334 0.45185185185185184 0.3885416666666667 0.45555555555555555 0.38645833333333335 0.45555555555555555 0.38333333333333336 0.44907407407407407 0.3802083333333333 0.45 0.3765625 0.46111111111111114 0.37447916666666664 0.4601851851851852 0.37604166666666666 0.4444444444444444 0.3729166666666667 0.42777777777777776 0.3734375 0.41388888888888886 0.37604166666666666 0.41203703703703703
1 0.328125 0.8398148148148148 0.3328125 0.8490740740740741 0.33177083333333335 0.8629629629629629 0.33645833333333336 0.8768518518518519 0.33541666666666664 0.8833333333333333 0.33125 0.887962962962963 0.3265625 0.8805555555555555 0.3177083333333333 0.8740740740740741 0.3109375 0.8518518518518519 0.31197916666666664 0.8416666666666667 0.32760416666666664 0.8398148148148148
1 0.5270833333333333 0.2796296296296296 0.5291666666666667 0.2916666666666667 0.5291666666666667 0.32037037037037036 0.5260416666666666 0.3194444444444444 0.5213541666666667 0.30648148148148147 0.5213541666666667 0.2824074074074074 0.5265625 0.2796296296296296
1 0.45625 0.33796296296296297 0.4630208333333333 0.3638888888888889 0.46510416666666665 0.3824074074074074 0.46041666666666664 0.38333333333333336 0.45625 0.37222222222222223 0.4505208333333333 0.3685185185185185 0.4484375 0.3638888888888889 0.4473958333333333 0.34629629629629627 0.44947916666666665 0.3416666666666667 0.4557291666666667 0.3388888888888889
1 0.5677083333333334 0.12685185185185185 0.5708333333333333 0.12685185185185185 0.5744791666666667 0.1388888888888889 0.5744791666666667 0.15 0.5713541666666667 0.15462962962962962 0.5677083333333334 0.1527777777777778 0.565625 0.14444444444444443 0.5677083333333334 0.12777777777777777
1 0.10208333333333333 0.25 0.11614583333333334 0.2796296296296296 0.115625 0.28425925925925927 0.11145833333333334 0.2814814814814815 0.10885416666666667 0.29074074074074074 0.10677083333333333 0.28888888888888886 0.10520833333333333 0.27685185185185185 0.09947916666666666 0.2611111111111111 0.09895833333333333 0.25092592592592594 0.1015625 0.25
1 0.6020833333333333 0.9064814814814814 0.5989583333333334 0.899074074074074 0.5953125 0.8981481481481481 0.59375 0.9111111111111111 0.5901041666666667 0.912962962962963 0.584375 0.8907407407407407 0.5963541666666666 0.8666666666666667 0.596875 0.8592592592592593 0.6020833333333333 0.8564814814814815 0.6067708333333334 0.8740740740740741 0.6072916666666667 0.8796296296296297 0.6036458333333333 0.8925925925925926 0.6026041666666667 0.9055555555555556
1 0.51875 0.2824074074074074 0.5213541666666667 0.3 0.51875 0.32685185185185184 0.5145833333333333 0.32222222222222224 0.5109375 0.30185185185185187 0.5119791666666667 0.2935185185185185 0.5182291666666666 0.2824074074074074
1 0.022395833333333334 0.33240740740740743 0.0265625 0.33055555555555555 0.034375 0.33796296296296297 0.0375 0.34444444444444444 0.0375 0.35555555555555557 0.044270833333333336 0.3685185185185185 0.043229166666666666 0.3731481481481482 0.03802083333333333 0.37407407407407406 0.0328125 0.3611111111111111 0.025520833333333333 0.35185185185185186 0.022395833333333334 0.3416666666666667 0.022395833333333334 0.3333333333333333
1 0.5989583333333334 0.07222222222222222 0.6020833333333333 0.075 0.6041666666666666 0.08425925925925926 0.6 0.11296296296296296 0.5984375 0.11481481481481481 0.5973958333333333 0.11203703703703703 0.5958333333333333 0.08518518518518518 0.5984375 0.07314814814814814
1 0.43125 0.3425925925925926 0.434375 0.35185185185185186 0.4348958333333333 0.3712962962962963 0.4317708333333333 0.387037037037037 0.42864583333333334 0.387037037037037 0.4244791666666667 0.35185185185185186 0.425 0.34444444444444444 0.428125 0.33796296296296297 0.43072916666666666 0.3425925925925926
1 0.6010416666666667 0.12777777777777777 0.603125 0.1361111111111111 0.603125 0.14722222222222223 0.5989583333333334 0.16944444444444445 0.596875 0.15833333333333333 0.596875 0.1388888888888889 0.5984375 0.1287037037037037 0.6005208333333333 0.12777777777777777
1 0.5822916666666667 0.24074074074074073 0.5854166666666667 0.24444444444444444 0.5854166666666667 0.25833333333333336 0.58125 0.2861111111111111 0.578125 0.2898148148148148 0.5776041666666667 0.25462962962962965 0.5786458333333333 0.2462962962962963 0.5817708333333333 0.24074074074074073
1 0.471875 0.29814814814814816 0.4796875 0.3111111111111111 0.4791666666666667 0.32037037037037036 0.475 0.32222222222222224 0.4713541666666667 0.3212962962962963 0.46875 0.3138888888888889 0.46822916666666664 0.3 0.4713541666666667 0.29814814814814816
1 0.05677083333333333 0.31296296296296294 0.07083333333333333 0.3277777777777778 0.0796875 0.34814814814814815 0.078125 0.3537037037037037 0.07291666666666667 0.3490740740740741 0.07083333333333333 0.36203703703703705 0.06822916666666666 0.36018518518518516 0.0671875 0.3472222222222222 0.05364583333333333 0.32037037037037036 0.05260416666666667 0.31296296296296294 0.05625 0.31296296296296294
1 0 0.825 0.016666666666666666 0.8388888888888889 0.015625 0.8555555555555555 0.019270833333333334 0.8601851851851852 0.01875 0.8648148148148148 0.010416666666666666 0.8657407407407407 0 0.8583333333333333 0 0.825925925925926
1 0.16822916666666668 0.13425925925925927 0.17291666666666666 0.14537037037037037 0.17291666666666666 0.16296296296296298 0.17135416666666667 0.16574074074074074 0.1625 0.1425925925925926 0.16458333333333333 0.13518518518518519 0.16770833333333332 0.13425925925925927
1 0.5223958333333333 0.3731481481481482 0.5203125 0.34074074074074073 0.525 0.33425925925925926 0.528125 0.3388888888888889 0.5307291666666667 0.3574074074074074 0.528125 0.3731481481481482 0.5291666666666667 0.37962962962962965 0.5260416666666666 0.38055555555555554 0.5229166666666667 0.3731481481481482
1 0.6197916666666666 0.1398148148148148 0.6229166666666667 0.14722222222222223 0.6234375 0.1574074074074074 0.6213541666666667 0.17037037037037037 0.6161458333333333 0.18333333333333332 0.6145833333333334 0.17962962962962964 0.6140625 0.15092592592592594 0.6161458333333333 0.1425925925925926 0.6192708333333333 0.1398148148148148
1 0.5708333333333333 0.3148148148148148 0.5744791666666667 0.31666666666666665 0.578125 0.3333333333333333 0.5776041666666667 0.3490740740740741 0.5671875 0.36574074074074076 0.5666666666666667 0.3296296296296296 0.5708333333333333 0.31574074074074077
1 0.46927083333333336 0.7296296296296296 0.47291666666666665 0.737037037037037 0.4739583333333333 0.7518518518518519 0.46770833333333334 0.7620370370370371 0.4666666666666667 0.7777777777777778 0.4635416666666667 0.7805555555555556 0.4625 0.7527777777777778 0.45989583333333334 0.7472222222222222 0.4578125 0.7472222222222222 0.453125 0.7574074074074074 0.45260416666666664 0.7472222222222222 0.46145833333333336 0.7166666666666667 0.4635416666666667 0.7157407407407408 0.46875 0.7296296296296296
1 0.4864583333333333 0.7185185185185186 0.4895833333333333 0.7231481481481481 0.49322916666666666 0.737037037037037 0.4942708333333333 0.7509259259259259 0.4796875 0.7796296296296297 0.4765625 0.7787037037037037 0.4796875 0.7601851851851852 0.4786458333333333 0.7296296296296296 0.4817708333333333 0.7194444444444444 0.4859375 0.7185185185185186
1 0.5919270833333333 0.3611111111111111 0.011979166666666667 0.053703703703703705
1 0.5848958333333333 0.11851851851851852 0.5880208333333333 0.11944444444444445 0.5890625 0.1287037037037037 0.5885416666666666 0.15185185185185185 0.5848958333333333 0.15833333333333333 0.5822916666666667 0.1574074074074074 0.58125 0.13703703703703704 0.5848958333333333 0.11944444444444445
1 0.05364583333333333 0.3101851851851852 0.05677083333333333 0.3148148148148148 0.06458333333333334 0.34074074074074073 0.06145833333333333 0.34814814814814815 0.0609375 0.35555555555555557 0.057291666666666664 0.35555555555555557 0.05625 0.3425925925925926 0.046875 0.31666666666666665 0.053125 0.3111111111111111
1 0.6958333333333333 0.32407407407407407 0.6994791666666667 0.32407407407407407 0.7036458333333333 0.34074074074074073 0.7010416666666667 0.3731481481481482 0.6989583333333333 0.37407407407407406 0.6921875 0.36203703703703705 0.6958333333333333 0.33796296296296297 0.6958333333333333 0.325
1 0.384375 0.7351851851851852 0.3880208333333333 0.737037037037037 0.3984375 0.7583333333333333 0.39739583333333334 0.7722222222222223 0.3921875 0.7814814814814814 0.3921875 0.7972222222222223 0.39010416666666664 0.8037037037037037 0.38697916666666665 0.8055555555555556 0.3880208333333333 0.7925925925925926 0.3859375 0.774074074074074 0.378125 0.7509259259259259 0.37916666666666665 0.7361111111111112 0.38385416666666666 0.7351851851851852