0 0.8479166666666667 0.37592592592592594 0.8942708333333333 0.4 0.9083333333333333 0.4148148148148148 0.925 0.4388888888888889 0.9291666666666667 0.45 0.93125 0.4638888888888889 0.9296875 0.49444444444444446 0.9260416666666667 0.49907407407407406 0.90625 0.5101851851851852 0.896875 0.5055555555555555 0.8911458333333333 0.49537037037037035 0.8729166666666667 0.4842592592592593 0.8536458333333333 0.4648148148148148 0.8453125 0.46296296296296297 0.8385416666666666 0.4685185185185185 0.8307291666666666 0.4685185185185185 0.8239583333333333 0.4601851851851852 0.8229166666666666 0.45092592592592595 0.8161458333333333 0.44166666666666665 0.8140625 0.43425925925925923 0.8203125 0.3925925925925926 0.8286458333333333 0.3824074074074074 0.840625 0.37592592592592594 0.8473958333333333 0.37592592592592594
0 0.571875 0.21944444444444444 0.5921875 0.23981481481481481 0.6234375 0.2814814814814815 0.6338541666666667 0.29907407407407405 0.6354166666666666 0.31203703703703706 0.6338541666666667 0.32685185185185184 0.6260416666666667 0.34074074074074073 0.6197916666666666 0.34629629629629627 0.615625 0.3453703703703704 0.6088541666666667 0.33611111111111114 0.5989583333333334 0.3287037037037037 0.5848958333333333 0.32592592592592595 0.575 0.31296296296296294 0.55 0.28888888888888886 0.5484375 0.275 0.5447916666666667 0.2638888888888889 0.5463541666666667 0.24814814814814815 0.5598958333333334 0.22314814814814815 0.5671875 0.21851851851851853 0.5713541666666667 0.21944444444444444
0 0.896875 0.5157407407407407 0.9302083333333333 0.525 0.9661458333333334 0.5416666666666666 0.9796875 0.5564814814814815 0.9994791666666667 0.5722222222222222 0.9994791666666667 0.649074074074074 0.990625 0.6527777777777778 0.9734375 0.6509259259259259 0.9651041666666667 0.6388888888888888 0.9177083333333333 0.6138888888888889 0.9114583333333334 0.5935185185185186 0.9036458333333334 0.5944444444444444 0.8963541666666667 0.6055555555555555 0.8765625 0.5861111111111111 0.8703125 0.5712962962962963 0.8713541666666667 0.5342592592592592 0.8760416666666667 0.524074074074074 0.8848958333333333 0.5148148148148148 0.8963541666666667 0.5157407407407407
0 0.4864583333333333 0.33611111111111114 0.525 0.3888888888888889 0.5291666666666667 0.40185185185185185 0.5442708333333334 0.4305555555555556 0.5453125 0.4425925925925926 0.5416666666666666 0.4666666666666667 0.5307291666666667 0.48148148148148145 0.51875 0.4861111111111111 0.5052083333333334 0.4787037037037037 0.5005208333333333 0.4638888888888889 0.48541666666666666 0.4361111111111111 0.4666666666666667 0.41388888888888886 0.4630208333333333 0.4064814814814815 0.4583333333333333 0.37962962962962965 0.4588541666666667 0.3648148148148148 0.471875 0.34444444444444444 0.48020833333333335 0.337037037037037 0.4859375 0.33611111111111114
0 0.34427083333333336 0 0.3958333333333333 0 0.4015625 0.046296296296296294 0.3828125 0.11851851851851852 0.37447916666666664 0.1361111111111111 0.36875 0.15833333333333333 0.3578125 0.18611111111111112 0.35208333333333336 0.21296296296296297 0.3453125 0.22592592592592592 0.34270833333333334 0.23796296296296296 0.33697916666666666 0.25092592592592594 0.3328125 0.25462962962962965 0.3078125 0.25462962962962965 0.290625 0.24444444444444444 0.2864583333333333 0.2361111111111111 0.28072916666666664 0.20833333333333334 0.2760416666666667 0.1962962962962963 0.27447916666666666 0.17962962962962964 0.275 0.1685185185185185 0.2786458333333333 0.1574074074074074 0.34427083333333336 0.000925925925925926
0 0.690625 0.24074074074074073 0.7057291666666666 0.25 0.7307291666666667 0.2712962962962963 0.7494791666666667 0.3 0.765625 0.31851851851851853 0.76875 0.32592592592592595 0.76875 0.34629629629629627 0.7630208333333334 0.3638888888888889 0.7557291666666667 0.375 0.7395833333333334 0.38055555555555554 0.7302083333333333 0.37777777777777777 0.7213541666666666 0.3592592592592593 0.6859375 0.3314814814814815 0.684375 0.31203703703703706 0.6791666666666667 0.30092592592592593 0.6682291666666667 0.3101851851851852 0.6635416666666667 0.3 0.6614583333333334 0.2861111111111111 0.6640625 0.2712962962962963 0.6677083333333333 0.26296296296296295 0.6807291666666667 0.24074074074074073 0.6901041666666666 0.24074074074074073
0 0.5229166666666667 0.525 0.6067708333333334 0.5388888888888889 0.6223958333333334 0.5453703703703704 0.6713541666666667 0.5527777777777778 0.703125 0.5601851851851852 0.7083333333333334 0.5638888888888889 0.7088541666666667 0.575925925925926 0.6989583333333333 0.6027777777777777 0.6989583333333333 0.6092592592592593 0.7026041666666667 0.6194444444444445 0.6994791666666667 0.6342592592592593 0.6994791666666667 0.6537037037037037 0.7109375 0.6675925925925926 0.7114583333333333 0.6796296296296296 0.7005208333333334 0.7129629629629629 0.6953125 0.7212962962962963 0.6901041666666666 0.7240740740740741 0.6453125 0.7148148148148148 0.6322916666666667 0.7148148148148148 0.6265625 0.7222222222222222 0.61875 0.7268518518518519 0.6109375 0.7268518518518519 0.5942708333333333 0.7129629629629629 0.5755208333333334 0.7111111111111111 0.5640625 0.7055555555555556 0.5223958333333333 0.7027777777777777 0.5046875 0.6907407407407408 0.49895833333333334 0.6953703703703704 0.48854166666666665 0.6944444444444444 0.45625 0.674074074074074 0.453125 0.6648148148148149 0.453125 0.6398148148148148 0.46197916666666666 0.5888888888888889 0.47239583333333335 0.55 0.4791666666666667 0.5416666666666666 0.4942708333333333 0.5407407407407407 0.5010416666666667 0.5435185185185185 0.5088541666666667 0.5564814814814815 0.5166666666666667 0.5296296296296297 0.5223958333333333 0.525
0 0.6864583333333333 0.3962962962962963 0.7203125 0.4083333333333333 0.7411458333333333 0.425 0.7484375 0.4351851851851852 0.7520833333333333 0.44814814814814813 0.7510416666666667 0.47962962962962963 0.7447916666666666 0.49444444444444446 0.7348958333333333 0.5018518518518519 0.7270833333333333 0.5009259259259259 0.71875 0.49166666666666664 0.6994791666666667 0.48518518518518516 0.6510416666666666 0.47685185185185186 0.646875 0.4740740740740741 0.64375 0.4675925925925926 0.6411458333333333 0.45740740740740743 0.6416666666666667 0.43148148148148147 0.6453125 0.4083333333333333 0.6494791666666667 0.4 0.6604166666666667 0.3925925925925926 0.6859375 0.3962962962962963
0 0.7177083333333333 0.12037037037037036 0.7479166666666667 0.1388888888888889 0.753125 0.14722222222222223 0.75625 0.17037037037037037 0.7557291666666667 0.1824074074074074 0.7484375 0.18888888888888888 0.7385416666666667 0.18888888888888888 0.7333333333333333 0.1925925925925926 0.725 0.19166666666666668 0.7171875 0.18333333333333332 0.7166666666666667 0.16296296296296298 0.7119791666666667 0.13148148148148148 0.7135416666666666 0.12129629629629629 0.7171875 0.12037037037037036
1 0.6265625 0.03888888888888889 0.6302083333333334 0.05555555555555555 0.6296875 0.09259259259259259 0.6208333333333333 0.08148148148148149 0.6203125 0.05277777777777778 0.6260416666666667 0.03888888888888889
1 0.041666666666666664 0.07222222222222222 0.05364583333333333 0.08981481481481482 0.0578125 0.1 0.05572916666666667 0.10555555555555556 0.051041666666666666 0.10833333333333334 0.0359375 0.0824074074074074 0.03697916666666667 0.07407407407407407 0.04114583333333333 0.07222222222222222
1 0.5260416666666666 0.1361111111111111 0.5286458333333334 0.1388888888888889 0.5322916666666667 0.1537037037037037 0.5328125 0.1648148148148148 0.5291666666666667 0.1675925925925926 0.5234375 0.16111111111111112 0.5234375 0.1388888888888889 0.5255208333333333 0.13703703703703704
1 0.25 0.9046296296296297 0.26145833333333335 0.9148148148148149 0.26875 0.9287037037037037 0.2682291666666667 0.9333333333333333 0.25729166666666664 0.9351851851851852 0.2520833333333333 0.9324074074074075 0.24791666666666667 0.9212962962962963 0.24166666666666667 0.9185185185185185 0.2421875 0.9120370370370371 0.24947916666666667 0.9046296296296297
1 0.9520833333333333 0.875 0.9588541666666667 0.8768518518518519 0.9630208333333333 0.8833333333333333 0.9630208333333333 0.8916666666666667 0.959375 0.9027777777777778 0.9494791666666667 0.9018518518518519 0.925 0.9175925925925926 0.9208333333333333 0.9148148148148149 0.9234375 0.9074074074074074 0.9442708333333333 0.8759259259259259 0.9515625 0.875
1 0.8807291666666667 0.3037037037037037 0.8822916666666667 0.3074074074074074 0.878125 0.3138888888888889 0.8765625 0.3296296296296296 0.8729166666666667 0.34074074074074073 0.8723958333333334 0.3592592592592593 0.8708333333333333 0.3611111111111111 0.8671875 0.3592592592592593 0.8630208333333333 0.3388888888888889 0.8526041666666667 0.3509259259259259 0.8494791666666667 0.35 0.8489583333333334 0.3453703703703704 0.8604166666666667 0.33055555555555555 0.8708333333333333 0.3101851851851852 0.8802083333333334 0.3037037037037037
1 0.2890625 0.9027777777777778 0.2994791666666667 0.924074074074074 0.3072916666666667 0.9342592592592592 0.3067708333333333 0.9407407407407408 0.30416666666666664 0.9444444444444444 0.29322916666666665 0.9398148148148148 0.2859375 0.9435185185185185 0.2791666666666667 0.937037037037037 0.2786458333333333 0.9277777777777778 0.28177083333333336 0.9101851851851852 0.2864583333333333 0.9018518518518519 0.28854166666666664 0.9027777777777778
1 0.04114583333333333 0.6064814814814815 0.05520833333333333 0.6148148148148148 0.06145833333333333 0.6277777777777778 0.06979166666666667 0.6333333333333333 0.071875 0.6416666666666667 0.06875 0.6453703703703704 0.0578125 0.6407407407407407 0.04114583333333333 0.6212962962962963 0.036458333333333336 0.6129629629629629 0.0375 0.6074074074074074 0.040625 0.6064814814814815
1 0.10729166666666666 0.3296296296296296 0.12760416666666666 0.36203703703703705 0.128125 0.36574074074074076 0.1234375 0.36944444444444446 0.1125 0.36574074074074076 0.10208333333333333 0.35185185185185186 0.09895833333333333 0.3333333333333333 0.10208333333333333 0.3287037037037037 0.10677083333333333 0.3296296296296296
1 0 0.6935185185185185 0.0078125 0.6990740740740741 0.009375 0.7157407407407408 0.008333333333333333 0.7185185185185186 0 0.7175925925925926 0 0.6944444444444444
1 0.42239583333333336 0.3509259259259259 0.4276041666666667 0.35462962962962963 0.4317708333333333 0.3675925925925926 0.4317708333333333 0.3888888888888889 0.42864583333333334 0.40925925925925927 0.42552083333333335 0.4074074074074074 0.425 0.39444444444444443 0.41822916666666665 0.38055555555555554 0.41822916666666665 0.35833333333333334 0.421875 0.3509259259259259
1 0.007291666666666667 0.19166666666666668 0.024479166666666666 0.21666666666666667 0.024479166666666666 0.22685185185185186 0.0203125 0.23148148148148148 0.015104166666666667 0.23148148148148148 0.005208333333333333 0.2037037037037037 0.003125 0.19166666666666668 0.0067708333333333336 0.19166666666666668
1 0.28072916666666664 0.8342592592592593 0.29791666666666666 0.850925925925926 0.2989583333333333 0.8675925925925926 0.29635416666666664 0.8768518518518519 0.29322916666666665 0.8787037037037037 0.2828125 0.8694444444444445 0.2755208333333333 0.8527777777777777 0.2703125 0.8462962962962963 0.26979166666666665 0.8416666666666667 0.27291666666666664 0.8351851851851851 0.28020833333333334 0.8342592592592593
1 0.4088541666666667 0.7861111111111111 0.41875 0.799074074074074 0.4276041666666667 0.8027777777777778 0.4296875 0.8064814814814815 0.4166666666666667 0.8194444444444444 0.40989583333333335 0.8324074074074074 0.4078125 0.8324074074074074 0.40677083333333336 0.8157407407407408 0.4010416666666667 0.7962962962962963 0.403125 0.7851851851851852 0.4083333333333333 0.7861111111111111
1 0.3807291666666667 0.39537037037037037 0.390625 0.4083333333333333 0.3932291666666667 0.42962962962962964 0.390625 0.44722222222222224 0.3859375 0.44537037037037036 0.37864583333333335 0.4212962962962963 0.3770833333333333 0.4074074074074074 0.378125 0.39814814814814814 0.3802083333333333 0.39537037037037037
1 0.22447916666666667 0.8981481481481481 0.23072916666666668 0.9009259259259259 0.23541666666666666 0.9148148148148149 0.240625 0.9212962962962963 0.2390625 0.9342592592592592 0.23072916666666668 0.9416666666666667 0.21510416666666668 0.9259259259259259 0.20989583333333334 0.9111111111111111 0.21302083333333333 0.9055555555555556 0.22395833333333334 0.8981481481481481
1 0.11302083333333333 0.3194444444444444 0.1203125 0.3277777777777778 0.13125 0.3592592592592593 0.1296875 0.3638888888888889 0.1265625 0.362962962962963 0.10729166666666666 0.3314814814814815 0.10625 0.3212962962962963 0.10833333333333334 0.31851851851851853 0.1125 0.3194444444444444
1 0.03854166666666667 0.1388888888888889 0.043229166666666666 0.14722222222222223 0.044270833333333336 0.15833333333333333 0.04739583333333333 0.16666666666666666 0.046875 0.17685185185185184 0.043229166666666666 0.1787037037037037 0.042708333333333334 0.17407407407407408 0.034895833333333334 0.16111111111111112 0.03125 0.14537037037037037 0.033854166666666664 0.1398148148148148 0.03802083333333333 0.1388888888888889
1 0.4041666666666667 0.3888888888888889 0.40989583333333335 0.39814814814814814 0.4125 0.40925925925925927 0.4114583333333333 0.4361111111111111 0.4078125 0.44074074074074077 0.40677083333333336 0.4305555555555556 0.4010416666666667 0.4185185185185185 0.3984375 0.4074074074074074 0.39947916666666666 0.3925925925925926 0.4010416666666667 0.3888888888888889 0.4036458333333333 0.3888888888888889
1 0.5208333333333334 0.06481481481481481 0.5229166666666667 0.06666666666666667 0.525 0.0787037037037037 0.5234375 0.10833333333333334 0.5192708333333333 0.11481481481481481 0.5161458333333333 0.1111111111111111 0.5151041666666667 0.07685185185185185 0.5161458333333333 0.06759259259259259 0.5203125 0.06481481481481481
1 0.19010416666666666 0.5666666666666667 0.20104166666666667 0.587037037037037 0.20677083333333332 0.5898148148148148 0.20989583333333334 0.5953703703703703 0.20989583333333334 0.5990740740740741 0.20729166666666668 0.6018518518518519 0.1921875 0.6055555555555555 0.18854166666666666 0.6055555555555555 0.18229166666666666 0.5953703703703703 0.17760416666666667 0.5722222222222222 0.17864583333333334 0.5675925925925925 0.18958333333333333 0.5666666666666667
1 0.46458333333333335 0.22314814814814815 0.46927083333333336 0.2222222222222222 0.4744791666666667 0.22962962962962963 0.47552083333333334 0.2361111111111111 0.4734375 0.2796296296296296 0.4703125 0.28055555555555556 0.46875 0.2611111111111111 0.4609375 0.24259259259259258 0.46458333333333335 0.22407407407407406
1 0.7458333333333333 0.18796296296296297 0.7473958333333334 0.19537037037037036 0.7416666666666667 0.2111111111111111 0.7385416666666667 0.23796296296296296 0.7354166666666667 0.2361111111111111 0.7354166666666667 0.225 0.7338541666666667 0.2212962962962963 0.7286458333333333 0.2324074074074074 0.7265625 0.2324074074074074 0.7239583333333334 0.22685185185185186 0.7307291666666667 0.21388888888888888 0.7348958333333333 0.1935185185185185 0.7401041666666667 0.18703703703703703 0.7453125 0.18796296296296297
1 0.5536458333333333 0.07685185185185185 0.5578125 0.09074074074074075 0.5583333333333333 0.09907407407407408 0.5552083333333333 0.12222222222222222 0.5505208333333333 0.13055555555555556 0.5458333333333333 0.12129629629629629 0.5458333333333333 0.09537037037037037 0.55 0.07777777777777778 0.553125 0.07685185185185185
1 0.5421875 0 0.5484375 0.001851851851851852 0.5484375 0.014814814814814815 0.5447916666666667 0.037037037037037035 0.5427083333333333 0.03888888888888889 0.540625 0.03611111111111111 0.5401041666666667 0.022222222222222223 0.5421875 0.000925925925925926
1 0.4401041666666667 0.2638888888888889 0.4473958333333333 0.2814814814814815 0.4479166666666667 0.3 0.4510416666666667 0.30462962962962964 0.4510416666666667 0.30833333333333335 0.4432291666666667 0.3212962962962963 0.4359375 0.2824074074074074 0.4359375 0.26851851851851855 0.4395833333333333 0.2638888888888889
1 0.26927083333333335 0.9342592592592592 0.2828125 0.9518518518518518 0.2864583333333333 0.9592592592592593 0.2864583333333333 0.9675925925925926 0.2828125 0.9694444444444444 0.2838541666666667 0.9666666666666667 0.2791666666666667 0.962037037037037 0.2760416666666667 0.9703703703703703 0.27239583333333334 0.9675925925925926 0.265625 0.9731481481481481 0.26197916666666665 0.9712962962962963 0.25416666666666665 0.9527777777777777 0.25364583333333335 0.9435185185185185 0.2552083333333333 0.9351851851851852 0.26875 0.9342592592592592
1 0.17604166666666668 0.5120370370370371 0.18645833333333334 0.5370370370370371 0.19895833333333332 0.55 0.19947916666666668 0.5564814814814815 0.19322916666666667 0.5638888888888889 0.19166666666666668 0.5638888888888889 0.1890625 0.5546296296296296 0.17864583333333334 0.5527777777777778 0.1765625 0.5453703703703704 0.16822916666666668 0.5324074074074074 0.1671875 0.5222222222222223 0.1625 0.5148148148148148 0.16302083333333334 0.5120370370370371 0.17552083333333332 0.5120370370370371
1 0.04479166666666667 0.625 0.050520833333333334 0.6333333333333333 0.052083333333333336 0.65 0.06145833333333333 0.6592592592592592 0.06302083333333333 0.662962962962963 0.06197916666666667 0.6657407407407407 0.03697916666666667 0.6574074074074074 0.03177083333333333 0.6509259259259259 0.029166666666666667 0.6388888888888888 0.025 0.6333333333333333 0.025520833333333333 0.6277777777777778 0.03958333333333333 0.6231481481481481 0.044270833333333336 0.625
1 0.20677083333333332 0.9638888888888889 0.21979166666666666 0.9740740740740741 0.22447916666666667 0.987037037037037 0.228125 0.9879629629629629 0.22708333333333333 0.9953703703703703 0.2125 0.9953703703703703 0.20052083333333334 0.9824074074074074 0.19427083333333334 0.9805555555555555 0.19322916666666667 0.975925925925926 0.196875 0.9666666666666667 0.20104166666666667 0.9629629629629629 0.20625 0.9638888888888889
1 0.7083333333333334 0.009259259259259259 0.7140625 0.016666666666666666 0.7140625 0.03425925925925926 0.7109375 0.05555555555555555 0.7067708333333333 0.06018518518518518 0.703125 0.06018518518518518 0.7026041666666667 0.05740740740740741 0.7020833333333333 0.025 0.7057291666666666 0.008333333333333333 0.7078125 0.009259259259259259
1 0.9994791666666667 0.5175925925925926 0.9994791666666667 0.5435185185185185 0.9927083333333333 0.549074074074074 0.9895833333333334 0.5462962962962963 0.9901041666666667 0.5407407407407407 0.9989583333333333 0.5175925925925926
1 0.5708333333333333 0.4305555555555556 0.578125 0.43796296296296294 0.5802083333333333 0.44351851851851853 0.5734375 0.46944444444444444 0.5744791666666667 0.4925925925925926 0.5708333333333333 0.4898148148148148 0.5645833333333333 0.45925925925925926 0.5567708333333333 0.45925925925925926 0.5703125 0.43148148148148147
1 0.49114583333333334 0.225 0.49322916666666666 0.24166666666666667 0.490625 0.2777777777777778 0.4875 0.2759259259259259 0.48072916666666665 0.23981481481481481 0.48385416666666664 0.22777777777777777 0.490625 0.225
1 0.45625 0.26296296296296295 0.4640625 0.27870370370370373 0.465625 0.287962962962963 0.46197916666666666 0.3277777777777778 0.4578125 0.3277777777777778 0.4578125 0.3074074074074074 0.453125 0.2953703703703704 0.45208333333333334 0.2796296296296296 0.4557291666666667 0.2638888888888889
1 0.340625 0.6731481481481482 0.3489583333333333 0.6777777777777778 0.35520833333333335 0.6925925925925925 0.3572916666666667 0.7129629629629629 0.35625 0.7185185185185186 0.35260416666666666 0.7185185185185186 0.3453125 0.712037037037037 0.33697916666666666 0.6990740740740741 0.3375 0.6851851851851852 0.33541666666666664 0.6777777777777778 0.33645833333333336 0.674074074074074 0.34010416666666665 0.6731481481481482
1 0.018229166666666668 0.12129629629629629 0.022916666666666665 0.1259259259259259 0.0328125 0.14537037037037037 0.035416666666666666 0.1574074074074074 0.035416666666666666 0.16111111111111112 0.0328125 0.16296296296296298 0.029166666666666667 0.16111111111111112 0.0125 0.13425925925925927 0.013541666666666667 0.12407407407407407 0.017708333333333333 0.12129629629629629
1 0.5653645833333333 0.10740740740740741 0.011979166666666667 0.05555555555555555
1 0.440625 0.9351851851851852 0.44947916666666665 0.95 0.4510416666666667 0.9592592592592593 0.4473958333333333 0.9712962962962963 0.4354166666666667 0.9740740740740741 0.42864583333333334 0.9583333333333334 0.4276041666666667 0.9462962962962963 0.4354166666666667 0.9361111111111111 0.4401041666666667 0.9351851851851852
1 0.6786458333333333 0.29907407407407405 0.6854166666666667 0.31574074074074077 0.68125 0.3416666666666667 0.6786458333333333 0.34629629629629627 0.675 0.3453703703703704 0.66875 0.34074074074074073 0.6666666666666666 0.3333333333333333 0.6708333333333333 0.3101851851851852 0.678125 0.3
1 0.5296875 0.08888888888888889 0.011458333333333333 0.07222222222222222
1 0.6895833333333333 0.18796296296296297 0.6958333333333333 0.2074074074074074 0.6958333333333333 0.21574074074074073 0.6911458333333333 0.22592592592592592 0.6895833333333333 0.2388888888888889 0.684375 0.2388888888888889 0.6817708333333333 0.2351851851851852 0.6817708333333333 0.20092592592592592 0.6848958333333334 0.1962962962962963 0.6859375 0.18981481481481483 0.6890625 0.18796296296296297
1 0.9895833333333334 0.3972222222222222 0.9994791666666667 0.4 0.9994791666666667 0.4222222222222222 0.9942708333333333 0.42592592592592593 0.990625 0.43333333333333335 0.9890625 0.45 0.984375 0.45185185185185184 0.98125 0.43148148148148147 0.9869791666666666 0.4185185185185185 0.9895833333333334 0.39814814814814814
1 0.8177083333333334 0.32407407407407407 0.8182291666666667 0.33425925925925926 0.8151041666666666 0.3416666666666667 0.8067708333333333 0.3814814814814815 0.8036458333333333 0.3861111111111111 0.8020833333333334 0.3824074074074074 0.8041666666666667 0.3638888888888889 0.8026041666666667 0.3416666666666667 0.8104166666666667 0.325 0.8171875 0.32407407407407407
1 0.5125 0.062037037037037036 0.5161458333333333 0.06666666666666667 0.5151041666666667 0.10555555555555556 0.5109375 0.10185185185185185 0.5078125 0.08148148148148149 0.5083333333333333 0.06944444444444445 0.5119791666666667 0.062037037037037036