0 0.6901041666666666 0.25555555555555554 0.6963541666666667 0.2574074074074074 0.7010416666666667 0.26296296296296295 0.7083333333333334 0.2824074074074074 0.7145833333333333 0.3074074074074074 0.7161458333333334 0.3175925925925926 0.7151041666666667 0.33055555555555555 0.7135416666666666 0.33796296296296297 0.7098958333333333 0.3425925925925926 0.6958333333333333 0.3425925925925926 0.6885416666666667 0.3388888888888889 0.6770833333333334 0.30277777777777776 0.6755208333333333 0.2851851851851852 0.6713541666666667 0.27870370370370373 0.671875 0.2611111111111111 0.6895833333333333 0.25555555555555554
0 0.3828125 0.7574074074074074 0.41770833333333335 0.7574074074074074 0.44114583333333335 0.7648148148148148 0.4552083333333333 0.7657407407407407 0.4666666666666667 0.7722222222222223 0.4703125 0.7787037037037037 0.47239583333333335 0.7888888888888889 0.4739583333333333 0.8203703703703704 0.4713541666666667 0.8416666666666667 0.465625 0.8518518518518519 0.45 0.8592592592592593 0.4390625 0.8518518518518519 0.42135416666666664 0.8490740740740741 0.39375 0.8481481481481481 0.38177083333333334 0.8537037037037037 0.36302083333333335 0.8398148148148148 0.36041666666666666 0.825 0.3619791666666667 0.7759259259259259 0.36875 0.7601851851851852 0.38229166666666664 0.7574074074074074
0 0.10989583333333333 0.3592592592592593 0.11354166666666667 0.3611111111111111 0.11979166666666667 0.37407407407407406 0.11979166666666667 0.38981481481481484 0.10416666666666667 0.4101851851851852 0.09583333333333334 0.43333333333333335 0.06979166666666667 0.43703703703703706 0.06041666666666667 0.4351851851851852 0.0546875 0.4212962962962963 0.05625 0.4046296296296296 0.06041666666666667 0.39444444444444443 0.07395833333333333 0.37407407407407406 0.08489583333333334 0.37037037037037035 0.09739583333333333 0.3611111111111111 0.109375 0.3592592592592593
0 0.8072916666666666 0.6759259259259259 0.8140625 0.6833333333333333 0.8255208333333334 0.675 0.8296875 0.6759259259259259 0.84375 0.712037037037037 0.8458333333333333 0.7314814814814815 0.8395833333333333 0.7416666666666667 0.8348958333333333 0.7416666666666667 0.8260416666666667 0.725 0.8208333333333333 0.725 0.8 0.7046296296296296 0.8 0.687037037037037 0.803125 0.6759259259259259 0.8067708333333333 0.6759259259259259
0 0.575 0.07962962962962963 0.5796875 0.08425925925925926 0.5755208333333334 0.10925925925925926 0.5645833333333333 0.11388888888888889 0.5604166666666667 0.11296296296296296 0.5588541666666667 0.10833333333333334 0.5598958333333334 0.09537037037037037 0.565625 0.08425925925925926 0.5744791666666667 0.07962962962962963
0 0.5369791666666667 0.2759259259259259 0.5411458333333333 0.28055555555555556 0.546875 0.31203703703703706 0.5463541666666667 0.3277777777777778 0.5395833333333333 0.34074074074074073 0.5260416666666666 0.3425925925925926 0.5223958333333333 0.3425925925925926 0.5208333333333334 0.3388888888888889 0.5208333333333334 0.2861111111111111 0.5255208333333333 0.27685185185185185 0.5364583333333334 0.2759259259259259
0 0.9291666666666667 0.8611111111111112 0.9583333333333334 0.8787037037037037 0.9895833333333334 0.9074074074074074 0.9911458333333333 0.9138888888888889 0.9895833333333334 0.9527777777777777 0.990625 0.9629629629629629 0.9885416666666667 0.9768518518518519 0.9854166666666667 0.9787037037037037 0.9661458333333334 0.9768518518518519 0.9598958333333333 0.9712962962962963 0.9458333333333333 0.9666666666666667 0.9239583333333333 0.9490740740740741 0.9109375 0.9462962962962963 0.903125 0.9388888888888889 0.8979166666666667 0.9203703703703704 0.9005208333333333 0.8861111111111111 0.9067708333333333 0.8722222222222222 0.9286458333333333 0.8611111111111112
0 0.759375 0.4074074074074074 0.7661458333333333 0.41574074074074074 0.7703125 0.4398148148148148 0.7692708333333333 0.4425925925925926 0.7640625 0.4425925925925926 0.7552083333333334 0.4361111111111111 0.7515625 0.43796296296296294 0.7572916666666667 0.4462962962962963 0.7692708333333333 0.45555555555555555 0.7739583333333333 0.4638888888888889 0.7765625 0.4777777777777778 0.7776041666666667 0.5055555555555555 0.7697916666666667 0.5166666666666667 0.7484375 0.5120370370370371 0.7411458333333333 0.5046296296296297 0.734375 0.4462962962962963 0.7354166666666667 0.43425925925925923 0.7432291666666667 0.43148148148148147 0.7375 0.42592592592592593 0.7364583333333333 0.4212962962962963 0.7369791666666666 0.4148148148148148 0.7401041666666667 0.40925925925925927 0.7442708333333333 0.4064814814814815 0.7588541666666667 0.4074074074074074
0 0.9369791666666667 0.6962962962962963 0.9463541666666667 0.700925925925926 0.9807291666666667 0.7314814814814815 0.9854166666666667 0.7324074074074074 0.9890625 0.7277777777777777 0.9921875 0.7296296296296296 0.9916666666666667 0.7407407407407407 0.9885416666666667 0.7472222222222222 0.9828125 0.7981481481481482 0.978125 0.8018518518518518 0.971875 0.7981481481481482 0.96875 0.7925925925925926 0.9692708333333333 0.7805555555555556 0.9661458333333334 0.7648148148148148 0.9598958333333333 0.7546296296296297 0.9526041666666667 0.7620370370370371 0.9458333333333333 0.7620370370370371 0.9395833333333333 0.774074074074074 0.9354166666666667 0.7768518518518519 0.9140625 0.7583333333333333 0.9083333333333333 0.7444444444444445 0.9078125 0.737037037037037 0.9182291666666667 0.7129629629629629 0.928125 0.6990740740740741 0.9322916666666666 0.6953703703703704 0.9364583333333333 0.6962962962962963
0 0.5130208333333334 0.8768518518518519 0.5192708333333333 0.8712962962962963 0.5208333333333334 0.8787037037037037 0.5354166666666667 0.8944444444444445 0.5359375 0.9074074074074074 0.5291666666666667 0.9175925925925926 0.5223958333333333 0.9222222222222223 0.5078125 0.9222222222222223 0.49947916666666664 0.9287037037037037 0.4921875 0.9287037037037037 0.4875 0.925 0.48333333333333334 0.912962962962963 0.484375 0.8981481481481481 0.49114583333333334 0.8898148148148148 0.503125 0.8861111111111111 0.5026041666666666 0.9037037037037037 0.5088541666666667 0.9092592592592592 0.515625 0.9 0.515625 0.8935185185185185 0.5119791666666667 0.8898148148148148 0.5166666666666667 0.8833333333333333 0.5135416666666667 0.8777777777777778
0 0.04375 0.47962962962962963 0.04895833333333333 0.48703703703703705 0.057291666666666664 0.49166666666666664 0.059375 0.5027777777777778 0.051041666666666666 0.5157407407407407 0.033854166666666664 0.5314814814814814 0.022916666666666665 0.5277777777777778 0.019791666666666666 0.5212962962962963 0.019791666666666666 0.5120370370370371 0.026041666666666668 0.5027777777777778 0.042708333333333334 0.5018518518518519 0.042708333333333334 0.49537037037037035 0.03854166666666667 0.4935185185185185 0.0359375 0.49722222222222223 0.034375 0.49074074074074076 0.034895833333333334 0.4842592592592593 0.043229166666666666 0.47962962962962963
0 0.5427083333333333 0.674074074074074 0.5744791666666667 0.6851851851851852 0.5807291666666666 0.6898148148148148 0.5848958333333333 0.6972222222222222 0.5890625 0.7416666666666667 0.5848958333333333 0.7518518518518519 0.5744791666666667 0.7546296296296297 0.5520833333333334 0.7546296296296297 0.5432291666666667 0.7481481481481481 0.53125 0.7527777777777778 0.525 0.7453703703703703 0.5229166666666667 0.7314814814814815 0.5296875 0.6888888888888889 0.5333333333333333 0.6777777777777778 0.5421875 0.674074074074074
0 0.88125 0.7425925925925926 0.8833333333333333 0.7462962962962963 0.8885416666666667 0.7444444444444445 0.8859375 0.7462962962962963 0.8864583333333333 0.75 0.8932291666666666 0.7564814814814815 0.9005208333333333 0.7527777777777778 0.9015625 0.7509259259259259 0.8973958333333333 0.7444444444444445 0.9010416666666666 0.7444444444444445 0.9171875 0.7657407407407407 0.9171875 0.7759259259259259 0.9229166666666667 0.7972222222222223 0.9192708333333334 0.812962962962963 0.9161458333333333 0.8166666666666667 0.9078125 0.812037037037037 0.9015625 0.7962962962962963 0.8869791666666667 0.7888888888888889 0.8791666666666667 0.7703703703703704 0.8713541666666667 0.7592592592592593 0.8703125 0.7537037037037037 0.871875 0.7481481481481481 0.8760416666666667 0.7407407407407407 0.8807291666666667 0.7425925925925926
0 0.023958333333333335 0.775 0.030208333333333334 0.7824074074074074 0.0328125 0.7972222222222223 0.027083333333333334 0.8046296296296296 0.027083333333333334 0.8185185185185185 0.022916666666666665 0.8277777777777777 0.019791666666666666 0.8527777777777777 0.014583333333333334 0.8583333333333333 0.0026041666666666665 0.8518518518518519 0.0020833333333333333 0.8351851851851851 0 0.8333333333333334 0 0.812962962962963 0.0046875 0.8175925925925925 0.009375 0.8101851851851852 0.0036458333333333334 0.8101851851851852 0.005208333333333333 0.799074074074074 0.0020833333333333333 0.7861111111111111 0.0171875 0.774074074074074 0.0234375 0.775
0 0.6953125 0.7509259259259259 0.725 0.7722222222222223 0.7635416666666667 0.8083333333333333 0.7755208333333333 0.8287037037037037 0.8083333333333333 0.8703703703703703 0.8109375 0.8759259259259259 0.8125 0.8916666666666667 0.8104166666666667 0.9148148148148149 0.8036458333333333 0.937962962962963 0.8 0.9435185185185185 0.7921875 0.9481481481481482 0.7713541666666667 0.9388888888888889 0.753125 0.9111111111111111 0.7270833333333333 0.8824074074074074 0.7223958333333333 0.8740740740740741 0.7036458333333333 0.8564814814814815 0.6921875 0.8527777777777777 0.6869791666666667 0.8453703703703703 0.6838541666666667 0.8351851851851851 0.6734375 0.8166666666666667 0.6708333333333333 0.8 0.68125 0.7638888888888888 0.6885416666666667 0.7509259259259259 0.6947916666666667 0.7509259259259259
0 0.28229166666666666 0.9064814814814814 0.28802083333333334 0.9111111111111111 0.29322916666666665 0.9212962962962963 0.29010416666666666 0.9333333333333333 0.28489583333333335 0.9388888888888889 0.27239583333333334 0.9435185185185185 0.26979166666666665 0.9490740740740741 0.26145833333333335 0.9564814814814815 0.24791666666666667 0.9583333333333334 0.23385416666666667 0.9564814814814815 0.23125 0.9453703703703704 0.2328125 0.9388888888888889 0.24322916666666666 0.9268518518518518 0.25052083333333336 0.9111111111111111 0.26197916666666665 0.9037037037037037 0.28177083333333336 0.9064814814814814
0 0.6229166666666667 0.7138888888888889 0.6302083333333334 0.7268518518518519 0.6338541666666667 0.7398148148148148 0.634375 0.7546296296296297 0.6375 0.7685185185185185 0.6369791666666667 0.7759259259259259 0.6338541666666667 0.7787037037037037 0.6244791666666667 0.7694444444444445 0.6197916666666666 0.7583333333333333 0.6161458333333333 0.7657407407407407 0.6052083333333333 0.7574074074074074 0.5963541666666666 0.7268518518518519 0.5984375 0.7194444444444444 0.6026041666666667 0.7185185185185186 0.6072916666666667 0.7314814814814815 0.6135416666666667 0.7342592592592593 0.6192708333333333 0.7509259259259259 0.6208333333333333 0.7481481481481481 0.6192708333333333 0.7388888888888889 0.6203125 0.7166666666666667 0.6223958333333334 0.7138888888888889
0 0.44583333333333336 0.2574074074074074 0.45260416666666664 0.2601851851851852 0.4552083333333333 0.26481481481481484 0.45625 0.29259259259259257 0.4473958333333333 0.30833333333333335 0.44114583333333335 0.3101851851851852 0.4359375 0.3175925925925926 0.43125 0.2962962962962963 0.4317708333333333 0.275 0.4375 0.2611111111111111 0.4453125 0.2574074074074074
0 0.0953125 0.6 0.09791666666666667 0.6018518518518519 0.0953125 0.6111111111111112 0.0796875 0.6472222222222223 0.07604166666666666 0.6703703703703704 0.0765625 0.6805555555555556 0.06197916666666667 0.6907407407407408 0.05416666666666667 0.7037037037037037 0.05 0.7064814814814815 0.027083333333333334 0.7037037037037037 0.01875 0.687962962962963 0.0171875 0.6787037037037037 0.017708333333333333 0.6546296296296297 0.020833333333333332 0.6370370370370371 0.026041666666666668 0.6287037037037037 0.05364583333333333 0.612037037037037 0.07760416666666667 0.6018518518518519 0.09479166666666666 0.6
0 0.3151041666666667 0.20555555555555555 0.31875 0.20925925925925926 0.32083333333333336 0.23055555555555557 0.3182291666666667 0.24074074074074073 0.30885416666666665 0.2518518518518518 0.3015625 0.2518518518518518 0.29583333333333334 0.24814814814814815 0.29322916666666665 0.2212962962962963 0.2953125 0.21574074074074073 0.3026041666666667 0.20833333333333334 0.3145833333333333 0.20555555555555555
0 0.3567708333333333 0.44814814814814813 0.36041666666666666 0.45092592592592595 0.3619791666666667 0.4601851851851852 0.3614583333333333 0.48703703703703705 0.3489583333333333 0.5175925925925926 0.3453125 0.5203703703703704 0.34322916666666664 0.5157407407407407 0.3411458333333333 0.4925925925925926 0.3416666666666667 0.47314814814814815 0.3489583333333333 0.46944444444444444 0.353125 0.4759259259259259 0.35833333333333334 0.475 0.359375 0.4722222222222222 0.3578125 0.4638888888888889 0.3536458333333333 0.45925925925925926 0.3546875 0.4527777777777778 0.353125 0.44907407407407407 0.35625 0.44814814814814813
0 0.321875 0.25833333333333336 0.3296875 0.2657407407407407 0.3302083333333333 0.2851851851851852 0.31145833333333334 0.3175925925925926 0.2989583333333333 0.32314814814814813 0.284375 0.32222222222222224 0.28177083333333336 0.3194444444444444 0.28020833333333334 0.30925925925925923 0.2864583333333333 0.2861111111111111 0.29635416666666664 0.2675925925925926 0.309375 0.2601851851851852 0.32135416666666666 0.25833333333333336
0 0.21770833333333334 0.5805555555555556 0.2234375 0.587037037037037 0.2328125 0.587037037037037 0.240625 0.5916666666666667 0.25729166666666664 0.6055555555555555 0.26666666666666666 0.6194444444444445 0.2755208333333333 0.6425925925925926 0.27760416666666665 0.6537037037037037 0.278125 0.6796296296296296 0.2755208333333333 0.6972222222222222 0.271875 0.7055555555555556 0.25885416666666666 0.7129629629629629 0.2520833333333333 0.725 0.24375 0.725925925925926 0.23385416666666667 0.7185185185185186 0.2234375 0.725925925925926 0.20052083333333334 0.7314814814814815 0.175 0.7333333333333333 0.16822916666666668 0.7444444444444445 0.16354166666666667 0.7472222222222222 0.15052083333333333 0.7444444444444445 0.14166666666666666 0.7305555555555555 0.12916666666666668 0.7305555555555555 0.11197916666666667 0.737037037037037 0.10677083333333333 0.737037037037037 0.10208333333333333 0.7324074074074074 0.07708333333333334 0.6731481481481482 0.08020833333333334 0.6481481481481481 0.08333333333333333 0.6370370370370371 0.096875 0.6064814814814815 0.10208333333333333 0.6018518518518519 0.2171875 0.5805555555555556
0 0.5234375 0.21388888888888888 0.5302083333333333 0.21944444444444444 0.5317708333333333 0.23425925925925925 0.5197916666666667 0.262037037037037 0.5151041666666667 0.26851851851851855 0.5067708333333333 0.2601851851851852 0.4947916666666667 0.25833333333333336 0.4942708333333333 0.25092592592592594 0.5010416666666667 0.22962962962962963 0.5083333333333333 0.2175925925925926 0.515625 0.21296296296296297 0.5229166666666667 0.21388888888888888
0 0.7494791666666667 0.600925925925926 0.753125 0.6055555555555555 0.7526041666666666 0.6157407407407407 0.7578125 0.6240740740740741 0.7625 0.625 0.7723958333333333 0.6203703703703703 0.7760416666666666 0.6324074074074074 0.7765625 0.6472222222222223 0.7755208333333333 0.6555555555555556 0.7723958333333333 0.6592592592592592 0.7661458333333333 0.6574074074074074 0.7619791666666667 0.65 0.7604166666666666 0.6416666666666667 0.7515625 0.6388888888888888 0.7411458333333333 0.6259259259259259 0.7395833333333334 0.6194444444444445 0.740625 0.6092592592592593 0.7447916666666666 0.6 0.7489583333333333 0.600925925925926
0 0.3067708333333333 0.487962962962963 0.31666666666666665 0.4925925925925926 0.3223958333333333 0.5009259259259259 0.32708333333333334 0.5120370370370371 0.32760416666666664 0.5305555555555556 0.3255208333333333 0.5388888888888889 0.309375 0.5638888888888889 0.2921875 0.5824074074074074 0.2890625 0.5814814814814815 0.2890625 0.5703703703703704 0.2828125 0.5564814814814815 0.28229166666666666 0.5277777777777778 0.30052083333333335 0.4898148148148148 0.30625 0.487962962962963
0 0.6796875 0.5462962962962963 0.6994791666666667 0.5648148148148148 0.7130208333333333 0.5824074074074074 0.7276041666666667 0.6074074074074074 0.7328125 0.6259259259259259 0.7447916666666666 0.6509259259259259 0.7458333333333333 0.6675925925925926 0.7442708333333333 0.674074074074074 0.7380208333333333 0.6833333333333333 0.7270833333333333 0.6907407407407408 0.7197916666666667 0.6907407407407408 0.7057291666666666 0.6787037037037037 0.6765625 0.6203703703703703 0.6682291666666667 0.6157407407407407 0.6614583333333334 0.6055555555555555 0.6572916666666667 0.587037037037037 0.6578125 0.5685185185185185 0.6640625 0.5555555555555556 0.6791666666666667 0.5462962962962963
0 0.05 0.9 0.053125 0.9046296296296297 0.05364583333333333 0.912962962962963 0.04375 0.937962962962963 0.021875 0.9768518518518519 0.013541666666666667 0.9851851851851852 0.0067708333333333336 0.9851851851851852 0 0.9787037037037037 0 0.9583333333333334 0.00625 0.9453703703703704 0.00625 0.9388888888888889 0.011979166666666667 0.9351851851851852 0.016145833333333335 0.9259259259259259 0.013541666666666667 0.9203703703703704 0.0046875 0.9148148148148149 0.0109375 0.9074074074074074 0.026041666666666668 0.9037037037037037 0.034375 0.8981481481481481 0.049479166666666664 0.9
0 0.9838541666666667 0.8203703703703704 0.9994791666666667 0.8277777777777777 0.9994791666666667 0.9175925925925926 0.99375 0.9175925925925926 0.9895833333333334 0.9055555555555556 0.9520833333333333 0.8740740740740741 0.9494791666666667 0.8675925925925926 0.9494791666666667 0.8453703703703703 0.953125 0.8305555555555556 0.9640625 0.8231481481481482 0.9833333333333333 0.8203703703703704
0 0.9848958333333333 0.6703703703703704 0.9994791666666667 0.6777777777777778 0.9994791666666667 0.7583333333333333 0.9942708333333333 0.7574074074074074 0.9895833333333334 0.7509259259259259 0.9901041666666667 0.7435185185185185 0.9947916666666666 0.7314814814814815 0.9932291666666667 0.725925925925926 0.9901041666666667 0.7240740740740741 0.984375 0.7305555555555555 0.9802083333333333 0.7305555555555555 0.9625 0.7166666666666667 0.9447916666666667 0.6972222222222222 0.9458333333333333 0.6842592592592592 0.9567708333333333 0.6712962962962963 0.965625 0.6675925925925926 0.984375 0.6703703703703704
0 0.8703125 0.7546296296296297 0.8848958333333333 0.7833333333333333 0.8838541666666667 0.8175925925925925 0.8765625 0.8240740740740741 0.8692708333333333 0.8157407407407408 0.859375 0.812962962962963 0.8552083333333333 0.8018518518518518 0.8416666666666667 0.7907407407407407 0.8348958333333333 0.7777777777777778 0.8375 0.7620370370370371 0.8411458333333334 0.7564814814814815 0.8453125 0.7564814814814815 0.85625 0.7657407407407407 0.8625 0.7777777777777778 0.8661458333333333 0.7768518518518519 0.8677083333333333 0.7685185185185185 0.8645833333333334 0.7583333333333333 0.8661458333333333 0.7546296296296297 0.8697916666666666 0.7546296296296297
0 0.5046875 0.25833333333333336 0.5140625 0.2657407407407407 0.5104166666666666 0.325 0.5088541666666667 0.3314814814814815 0.5052083333333334 0.3351851851851852 0.490625 0.33425925925925926 0.484375 0.33055555555555555 0.4822916666666667 0.32592592592592595 0.484375 0.2962962962962963 0.48333333333333334 0.28888888888888886 0.4864583333333333 0.28425925925925927 0.4895833333333333 0.2657407407407407 0.4942708333333333 0.2564814814814815 0.5041666666666667 0.25833333333333336
0 0.5333333333333333 0.3435185185185185 0.5432291666666667 0.35555555555555557 0.546875 0.3490740740740741 0.5520833333333334 0.35462962962962963 0.5484375 0.36574074074074076 0.5546875 0.3768518518518518 0.5583333333333333 0.3888888888888889 0.6098958333333333 0.47962962962962963 0.6369791666666667 0.5333333333333333 0.6390625 0.5527777777777778 0.6380208333333334 0.5861111111111111 0.6333333333333333 0.6129629629629629 0.5994791666666667 0.6388888888888888 0.5953125 0.6388888888888888 0.5838541666666667 0.6296296296296297 0.5739583333333333 0.6157407407407407 0.5697916666666667 0.600925925925926 0.5598958333333334 0.5814814814814815 0.5567708333333333 0.5685185185185185 0.5432291666666667 0.5398148148148149 0.5380208333333333 0.5212962962962963 0.5291666666666667 0.5037037037037037 0.5255208333333333 0.5037037037037037 0.521875 0.4981481481481482 0.5203125 0.48333333333333334 0.5140625 0.47314814814814815 0.4979166666666667 0.4305555555555556 0.496875 0.4111111111111111 0.5010416666666667 0.36203703703703705 0.5125 0.3509259259259259 0.5328125 0.3435185185185185
0 0.6270833333333333 0.8101851851851852 0.6260416666666667 0.8240740740740741 0.6328125 0.8342592592592593 0.6322916666666667 0.8416666666666667 0.634375 0.8462962962962963 0.6328125 0.85 0.6197916666666666 0.8453703703703703 0.6125 0.8314814814814815 0.6130208333333333 0.8138888888888889 0.6182291666666667 0.8092592592592592 0.6265625 0.8101851851851852
0 0.3859375 0.30833333333333335 0.39739583333333334 0.31203703703703706 0.4010416666666667 0.31666666666666665 0.40208333333333335 0.36944444444444446 0.39739583333333334 0.3925925925925926 0.38958333333333334 0.4 0.3890625 0.4046296296296296 0.38385416666666666 0.412962962962963 0.3796875 0.42962962962962964 0.36354166666666665 0.43425925925925923 0.35572916666666665 0.4324074074074074 0.3484375 0.4203703703703704 0.3489583333333333 0.39351851851851855 0.35520833333333335 0.35 0.37604166666666666 0.3101851851851852 0.3854166666666667 0.30833333333333335
0 0.784375 0.7324074074074074 0.8005208333333333 0.7407407407407407 0.825 0.7611111111111111 0.8276041666666667 0.7685185185185185 0.8296875 0.7953703703703704 0.8302083333333333 0.825 0.8276041666666667 0.8305555555555556 0.8078125 0.825925925925926 0.775 0.8083333333333333 0.765625 0.799074074074074 0.7604166666666666 0.8 0.7578125 0.7842592592592592 0.7619791666666667 0.7564814814814815 0.7755208333333333 0.7333333333333333 0.7838541666666666 0.7324074074074074
1 0.17864583333333334 0.3 0.17760416666666667 0.29074074074074074 0.17291666666666666 0.2833333333333333 0.17135416666666667 0.26944444444444443 0.17135416666666667 0.262037037037037 0.17395833333333333 0.2574074074074074 0.17916666666666667 0.25833333333333336 0.18385416666666668 0.2796296296296296 0.18229166666666666 0.2972222222222222 0.17916666666666667 0.3
1 0.0375 0.32592592592592595 0.04635416666666667 0.3351851851851852 0.053125 0.36203703703703705 0.052083333333333336 0.36574074074074076 0.046875 0.36574074074074076 0.034375 0.3388888888888889 0.033854166666666664 0.3296296296296296 0.03697916666666667 0.32592592592592595
1 0.06822916666666666 0.3194444444444444 0.0765625 0.33240740740740743 0.078125 0.35833333333333334 0.06875 0.3472222222222222 0.06614583333333333 0.34074074074074073 0.06354166666666666 0.325 0.06770833333333333 0.3194444444444444
1 0.234375 0.20925925925925926 0.23854166666666668 0.20925925925925926 0.24114583333333334 0.23333333333333334 0.24114583333333334 0.2388888888888889 0.23958333333333334 0.2388888888888889 0.234375 0.23148148148148148 0.2328125 0.21944444444444444 0.234375 0.2101851851851852
1 0.7385416666666667 0.5361111111111111 0.740625 0.5453703703703704 0.740625 0.5592592592592592 0.7375 0.575 0.7375 0.5879629629629629 0.734375 0.5935185185185186 0.7265625 0.5824074074074074 0.7260416666666667 0.5703703703703704 0.7286458333333333 0.5555555555555556 0.7348958333333333 0.5370370370370371 0.7380208333333333 0.5361111111111111
1 0.5591145833333333 0.30648148148148147 0.0109375 0.046296296296296294
1 0.9255208333333333 0.799074074074074 0.925 0.7962962962962963 0.928125 0.7907407407407407 0.9359375 0.7833333333333333 0.9473958333333333 0.7611111111111111 0.95 0.7611111111111111 0.9536458333333333 0.7712962962962963 0.9536458333333333 0.7814814814814814 0.9473958333333333 0.8009259259259259 0.9479166666666666 0.8175925925925925 0.9421875 0.8175925925925925 0.940625 0.7981481481481482 0.9385416666666667 0.7935185185185185 0.9260416666666667 0.799074074074074
1 0.26875 0.19074074074074074 0.275 0.21944444444444444 0.26979166666666665 0.22314814814814815 0.26614583333333336 0.22037037037037038 0.2635416666666667 0.20277777777777778 0.2640625 0.1935185185185185 0.2682291666666667 0.19074074074074074
1 0.6572916666666667 0.3824074074074074 0.6541666666666667 0.375 0.6546875 0.35555555555555557 0.6578125 0.34444444444444444 0.6614583333333334 0.34074074074074073 0.6635416666666667 0.34814814814814815 0.6635416666666667 0.35833333333333334 0.6578125 0.3814814814814815
1 0.0265625 0.40555555555555556 0.035416666666666666 0.4212962962962963 0.04114583333333333 0.44537037037037036 0.04010416666666667 0.44814814814814813 0.0328125 0.4388888888888889 0.029166666666666667 0.44074074074074077 0.026041666666666668 0.4287037037037037 0.022395833333333334 0.42314814814814816 0.0203125 0.41203703703703703 0.022395833333333334 0.4064814814814815 0.026041666666666668 0.40555555555555556
1 0.2864583333333333 0.16944444444444445 0.28802083333333334 0.1935185185185185 0.2859375 0.20092592592592592 0.28229166666666666 0.19907407407407407 0.28177083333333336 0.17962962962962964 0.28229166666666666 0.1712962962962963 0.2859375 0.16944444444444445
1 0.6020833333333333 0.26296296296296295 0.6052083333333333 0.27037037037037037 0.6020833333333333 0.29814814814814816 0.5984375 0.2962962962962963 0.5979166666666667 0.28888888888888886 0.5979166666666667 0.2675925925925926 0.6015625 0.26296296296296295
1 0.22395833333333334 0.21944444444444444 0.23229166666666667 0.25092592592592594 0.23072916666666668 0.25277777777777777 0.22708333333333333 0.24537037037037038 0.2234375 0.2564814814814815 0.2203125 0.25833333333333336 0.2203125 0.22685185185185186 0.2234375 0.21944444444444444
1 0.05677083333333333 0.32037037037037036 0.06354166666666666 0.33055555555555555 0.06822916666666666 0.35 0.06822916666666666 0.35833333333333334 0.0640625 0.35833333333333334 0.05677083333333333 0.34444444444444444 0.053125 0.3296296296296296 0.05364583333333333 0.32314814814814813 0.05625 0.3212962962962963
1 0.9364583333333333 0.6222222222222222 0.934375 0.6398148148148148 0.9296875 0.6518518518518519 0.9270833333333334 0.6712962962962963 0.9229166666666667 0.6685185185185185 0.9213541666666667 0.6555555555555556 0.9177083333333333 0.6555555555555556 0.9119791666666667 0.662962962962963 0.9088541666666666 0.6601851851851852 0.9140625 0.6509259259259259 0.9192708333333334 0.6472222222222223 0.9291666666666667 0.6240740740740741 0.9317708333333333 0.6212962962962963 0.9359375 0.6222222222222222
1 0.3776041666666667 0.7296296296296296 0.38333333333333336 0.7435185185185185 0.38385416666666666 0.7546296296296297 0.3703125 0.7583333333333333 0.3651041666666667 0.7305555555555555 0.3770833333333333 0.7296296296296296
1 0.55625 0.9490740740740741 0.5588541666666667 0.962037037037037 0.5588541666666667 0.9740740740740741 0.5645833333333333 0.9944444444444445 0.5604166666666667 0.9944444444444445 0.5578125 0.9879629629629629 0.5541666666666667 0.9879629629629629 0.54375 0.9962962962962963 0.5390625 0.9944444444444445 0.5463541666666667 0.9824074074074074 0.55 0.950925925925926 0.553125 0.9472222222222222 0.5557291666666667 0.9490740740740741
1 0.5666666666666667 0.937037037037037 0.5729166666666666 0.9518518518518518 0.5729166666666666 0.9648148148148148 0.5703125 0.9703703703703703 0.5755208333333334 0.9833333333333333 0.5734375 0.9879629629629629 0.5703125 0.9879629629629629 0.5609375 0.9768518518518519 0.559375 0.950925925925926 0.5614583333333333 0.937962962962963 0.5661458333333333 0.937037037037037
1 0.39947916666666666 0.7148148148148148 0.4078125 0.725925925925926 0.4083333333333333 0.7555555555555555 0.3958333333333333 0.7527777777777778 0.39479166666666665 0.7194444444444444 0.39895833333333336 0.7148148148148148
1 0.18541666666666667 0.25092592592592594 0.1921875 0.26481481481481484 0.19322916666666667 0.275 0.19947916666666668 0.2935185185185185 0.1953125 0.29259259259259257 0.1921875 0.29814814814814816 0.18958333333333333 0.2962962962962963 0.18645833333333334 0.27870370370370373 0.18072916666666666 0.262037037037037 0.18229166666666666 0.25277777777777777 0.18489583333333334 0.2518518518518518
1 0.22760416666666666 0.44814814814814813 0.2328125 0.4703703703703704 0.24114583333333334 0.48703703703703705 0.2375 0.4888888888888889 0.23385416666666667 0.4842592592592593 0.23072916666666668 0.48518518518518516 0.23020833333333332 0.49722222222222223 0.228125 0.49907407407407406 0.22239583333333332 0.4648148148148148 0.22395833333333334 0.45 0.22708333333333333 0.44814814814814813
1 0.6921875 0.43703703703703706 0.6932291666666667 0.45925925925925926 0.6875 0.4824074074074074 0.6854166666666667 0.48518518518518516 0.684375 0.48333333333333334 0.6817708333333333 0.46111111111111114 0.6890625 0.4388888888888889 0.6916666666666667 0.43796296296296294
1 0.47760416666666666 0.9685185185185186 0.48385416666666664 0.9796296296296296 0.48489583333333336 0.9990740740740741 0.46822916666666664 0.9990740740740741 0.47239583333333335 0.9740740740740741 0.47708333333333336 0.9685185185185186
1 0.10104166666666667 0.31296296296296294 0.10572916666666667 0.3212962962962963 0.10729166666666666 0.33055555555555555 0.10729166666666666 0.3351851851851852 0.10208333333333333 0.3398148148148148 0.09479166666666666 0.337037037037037 0.09270833333333334 0.33055555555555555 0.09322916666666667 0.3111111111111111 0.09583333333333334 0.30833333333333335 0.10052083333333334 0.31296296296296294
1 0.17604166666666668 0.23055555555555557 0.17864583333333334 0.2324074074074074 0.18177083333333333 0.24351851851851852 0.18177083333333333 0.25092592592592594 0.17916666666666667 0.2564814814814815 0.17447916666666666 0.25555555555555554 0.17239583333333333 0.2490740740740741 0.171875 0.23703703703703705 0.17552083333333332 0.23055555555555557
1 0.9609375 0.7583333333333333 0.9666666666666667 0.7648148148148148 0.9671875 0.7731481481481481 0.9703125 0.7805555555555556 0.9692708333333333 0.7935185185185185 0.9671875 0.8009259259259259 0.959375 0.8 0.9536458333333333 0.8064814814814815 0.9494791666666667 0.8055555555555556 0.9489583333333333 0.7981481481481482 0.9536458333333333 0.7833333333333333 0.9536458333333333 0.7685185185185185 0.9604166666666667 0.7583333333333333
1 0.5817708333333333 0.3435185185185185 0.5854166666666667 0.35555555555555557 0.5854166666666667 0.3648148148148148 0.58125 0.38425925925925924 0.5786458333333333 0.3851851851851852 0.5765625 0.35462962962962963 0.58125 0.3435185185185185
1 0.019791666666666666 0.41203703703703703 0.029166666666666667 0.43703703703703706 0.0296875 0.4425925925925926 0.027083333333333334 0.44722222222222224 0.022916666666666665 0.4462962962962963 0.015104166666666667 0.42777777777777776 0.014583333333333334 0.41388888888888886 0.019270833333333334 0.41203703703703703
1 0.6401041666666667 0.3425925925925926 0.6416666666666667 0.35462962962962963 0.6401041666666667 0.3712962962962963 0.6375 0.37962962962962965 0.6302083333333334 0.37777777777777777 0.6296875 0.37222222222222223 0.6317708333333333 0.36574074074074076 0.6333333333333333 0.3453703703703704 0.6395833333333333 0.3425925925925926
1 0.6130208333333333 0.34629629629629627 0.6161458333333333 0.35555555555555557 0.6161458333333333 0.3712962962962963 0.6130208333333333 0.38425925925925924 0.609375 0.3888888888888889 0.6067708333333334 0.3731481481481482 0.6072916666666667 0.36203703703703705 0.6098958333333333 0.3490740740740741 0.6125 0.34629629629629627
1 0.6104166666666667 0.2611111111111111 0.6145833333333334 0.26296296296296295 0.615625 0.2722222222222222 0.6125 0.2962962962962963 0.6078125 0.2953703703703704 0.6067708333333334 0.2814814814814815 0.6104166666666667 0.262037037037037
1 0.6296875 0.9990740740740741 0.6359375 0.9842592592592593 0.6364583333333333 0.9657407407407408 0.6401041666666667 0.9592592592592593 0.64375 0.9611111111111111 0.6484375 0.9694444444444444 0.6510416666666666 0.9842592592592593 0.6447916666666667 0.9990740740740741 0.6302083333333334 0.9990740740740741
1 0.596875 0.2064814814814815 0.5994791666666667 0.21481481481481482 0.5989583333333334 0.22314814814814815 0.596875 0.23703703703703705 0.5921875 0.24074074074074073 0.5916666666666667 0.2111111111111111 0.5932291666666667 0.2064814814814815 0.5963541666666666 0.2064814814814815
1 0.7065104166666667 0.5217592592592593 0.0171875 0.05648148148148148
1 0.6020833333333333 0.2324074074074074 0.6036458333333333 0.2490740740740741 0.6020833333333333 0.2611111111111111 0.5989583333333334 0.2657407407407407 0.5953125 0.2490740740740741 0.5973958333333333 0.23703703703703705 0.6015625 0.2324074074074074
1 0.3328125 0.7194444444444444 0.3390625 0.7268518518518519 0.34010416666666665 0.7481481481481481 0.34427083333333336 0.7546296296296297 0.34270833333333334 0.7601851851851852 0.3375 0.7583333333333333 0.3380208333333333 0.7768518518518519 0.3359375 0.7796296296296297 0.3265625 0.7379629629629629 0.328125 0.7212962962962963 0.33229166666666665 0.7194444444444444
1 0.359375 0.725925925925926 0.3645833333333333 0.7305555555555555 0.36822916666666666 0.7490740740740741 0.35885416666666664 0.7805555555555556 0.35572916666666665 0.7796296296296297 0.3578125 0.7601851851851852 0.35208333333333336 0.7453703703703703 0.3546875 0.7296296296296296 0.35885416666666664 0.725925925925926
1 0.3489583333333333 0.7027777777777777 0.353125 0.7055555555555556 0.3572916666666667 0.7157407407407408 0.3572916666666667 0.7240740740740741 0.3536458333333333 0.737037037037037 0.35625 0.7490740740740741 0.35572916666666665 0.7555555555555555 0.35208333333333336 0.7555555555555555 0.3484375 0.7416666666666667 0.3453125 0.7129629629629629 0.3458333333333333 0.7055555555555556 0.3484375 0.7037037037037037