1 0.4078125 0.6138888888888889 0.415625 0.6324074074074074 0.41354166666666664 0.6472222222222223 0.4166666666666667 0.6703703703703704 0.4114583333333333 0.6768518518518518 0.41041666666666665 0.6583333333333333 0.4 0.6425925925925926 0.39895833333333336 0.6333333333333333 0.39947916666666666 0.625 0.40729166666666666 0.6138888888888889
1 0.42864583333333334 0.6620370370370371 0.43645833333333334 0.6694444444444444 0.4390625 0.687962962962963 0.4390625 0.6953703703703704 0.43385416666666665 0.700925925925926 0.4317708333333333 0.7101851851851851 0.42864583333333334 0.7101851851851851 0.4234375 0.6851851851851852 0.4239583333333333 0.6648148148148149 0.428125 0.6620370370370371
1 0.1921875 0.2175925925925926 0.19947916666666668 0.22592592592592592 0.2 0.23425925925925925 0.20520833333333333 0.24814814814814815 0.196875 0.2574074074074074 0.19479166666666667 0.25555555555555554 0.1875 0.22685185185185186 0.1890625 0.21944444444444444 0.19166666666666668 0.21851851851851853
1 0.21458333333333332 0.17314814814814813 0.21875 0.18981481481481483 0.21927083333333333 0.19722222222222222 0.21770833333333334 0.2 0.21354166666666666 0.19537037037037036 0.20989583333333334 0.19722222222222222 0.20885416666666667 0.17592592592592593 0.2140625 0.17314814814814813
1 0.3828125 0.7231481481481481 0.39166666666666666 0.7583333333333333 0.39010416666666664 0.762962962962963 0.3859375 0.762962962962963 0.38177083333333334 0.7824074074074074 0.3796875 0.7824074074074074 0.3802083333333333 0.7537037037037037 0.3765625 0.7435185185185185 0.375 0.7314814814814815 0.378125 0.7222222222222222 0.38229166666666664 0.7231481481481481
1 0.11875 0.23055555555555557 0.12708333333333333 0.23981481481481481 0.128125 0.25092592592592594 0.1328125 0.262037037037037 0.12708333333333333 0.26851851851851855 0.11614583333333334 0.24814814814814815 0.115625 0.23055555555555557 0.11822916666666666 0.23055555555555557
1 0.384375 0.12037037037037036 0.38697916666666665 0.12407407407407407 0.3885416666666667 0.13333333333333333 0.3885416666666667 0.15555555555555556 0.38697916666666665 0.15833333333333333 0.38385416666666666 0.15555555555555556 0.3802083333333333 0.13333333333333333 0.3807291666666667 0.1259259259259259 0.38385416666666666 0.12037037037037036
1 0.38697916666666665 0.03981481481481482 0.390625 0.03888888888888889 0.3927083333333333 0.04259259259259259 0.39427083333333335 0.058333333333333334 0.3932291666666667 0.06481481481481481 0.39010416666666664 0.06574074074074074 0.3885416666666667 0.06296296296296296 0.38645833333333335 0.05 0.38697916666666665 0.040740740740740744
1 0.6510416666666666 0.16296296296296298 0.6520833333333333 0.18425925925925926 0.6484375 0.20092592592592592 0.6442708333333333 0.19537037037037036 0.6442708333333333 0.17777777777777778 0.6473958333333333 0.1638888888888889 0.6505208333333333 0.16296296296296298
1 0.2630208333333333 0.11944444444444445 0.265625 0.12777777777777777 0.26510416666666664 0.15092592592592594 0.26197916666666665 0.14907407407407408 0.25729166666666664 0.13796296296296295 0.2578125 0.12314814814814815 0.2625 0.11944444444444445
1 0.6057291666666667 0.5148148148148148 0.6088541666666667 0.5166666666666667 0.6104166666666667 0.5342592592592592 0.6067708333333334 0.5601851851851852 0.5984375 0.5731481481481482 0.5953125 0.5740740740740741 0.5953125 0.5694444444444444 0.6015625 0.5537037037037037 0.5994791666666667 0.5287037037037037 0.6052083333333333 0.5157407407407407
1 0.725 0.9712962962962963 0.734375 0.987037037037037 0.7364583333333333 0.9990740740740741 0.7135416666666666 0.9990740740740741 0.7135416666666666 0.9898148148148148 0.709375 0.9814814814814815 0.709375 0.9768518518518519 0.715625 0.975925925925926 0.7203125 0.9703703703703703 0.7244791666666667 0.9712962962962963
1 0.7307291666666667 0.387037037037037 0.734375 0.38796296296296295 0.7359375 0.4074074074074074 0.7317708333333334 0.41944444444444445 0.7270833333333333 0.45 0.7239583333333334 0.45 0.7229166666666667 0.43703703703703706 0.7203125 0.4351851851851852 0.7239583333333334 0.4027777777777778 0.7302083333333333 0.3925925925925926 0.7307291666666667 0.38796296296296295
1 0.26875 0.10648148148148148 0.27239583333333334 0.10740740740740741 0.27708333333333335 0.11481481481481481 0.2791666666666667 0.13333333333333333 0.2791666666666667 0.13796296296296295 0.2755208333333333 0.13796296296296295 0.26875 0.1175925925925926 0.26875 0.10740740740740741
1 0.14427083333333332 0.2361111111111111 0.15104166666666666 0.24722222222222223 0.15260416666666668 0.25833333333333336 0.15833333333333333 0.26851851851851855 0.1578125 0.2722222222222222 0.153125 0.2722222222222222 0.15052083333333333 0.27685185185185185 0.14739583333333334 0.2759259259259259 0.146875 0.25925925925925924 0.14166666666666666 0.24166666666666667 0.14114583333333333 0.23796296296296296 0.14375 0.2361111111111111
1 0.23541666666666666 0.175 0.23854166666666668 0.17777777777777778 0.24010416666666667 0.18425925925925926 0.240625 0.2037037037037037 0.2375 0.20185185185185187 0.23229166666666667 0.18796296296296297 0.23125 0.1787037037037037 0.23489583333333333 0.175
1 0.440625 0.562037037037037 0.446875 0.5740740740740741 0.44635416666666666 0.6018518518518519 0.4432291666666667 0.6111111111111112 0.4390625 0.6092592592592593 0.43333333333333335 0.5814814814814815 0.434375 0.562037037037037 0.4401041666666667 0.562037037037037
1 0.13229166666666667 0.27870370370370373 0.14010416666666667 0.28888888888888886 0.14166666666666666 0.3 0.1421875 0.30833333333333335 0.140625 0.3138888888888889 0.13697916666666668 0.31666666666666665 0.134375 0.30092592592592593 0.128125 0.2935185185185185 0.12760416666666666 0.2777777777777778 0.13020833333333334 0.2759259259259259 0.13177083333333334 0.27870370370370373
1 0.39375 0.612037037037037 0.4010416666666667 0.6222222222222222 0.39895833333333336 0.6351851851851852 0.40208333333333335 0.6564814814814814 0.4015625 0.6648148148148149 0.39895833333333336 0.6638888888888889 0.39375 0.65 0.38645833333333335 0.6518518518518519 0.390625 0.6407407407407407 0.39010416666666664 0.6138888888888889 0.3932291666666667 0.612037037037037
1 0.015625 0.40185185185185185 0.0296875 0.42592592592592593 0.03229166666666667 0.4351851851851852 0.0296875 0.44074074074074077 0.01875 0.42777777777777776 0.015104166666666667 0.41944444444444445 0.011979166666666667 0.40925925925925927 0.011979166666666667 0.40555555555555556 0.015104166666666667 0.40185185185185185
1 0.22916666666666666 0.15925925925925927 0.23177083333333334 0.16111111111111112 0.23489583333333333 0.1712962962962963 0.23125 0.18888888888888888 0.225 0.1712962962962963 0.22552083333333334 0.16203703703703703 0.22864583333333333 0.15925925925925927
1 0.1890625 0.16666666666666666 0.19270833333333334 0.16944444444444445 0.19895833333333332 0.19074074074074074 0.19895833333333332 0.1962962962962963 0.19270833333333334 0.19722222222222222 0.18802083333333333 0.18518518518518517 0.18541666666666667 0.17222222222222222 0.18854166666666666 0.1675925925925926
1 0.33229166666666665 0.8342592592592593 0.340625 0.8518518518518519 0.34479166666666666 0.8527777777777777 0.3458333333333333 0.8564814814814815 0.3380208333333333 0.8638888888888889 0.33177083333333335 0.8768518518518519 0.3265625 0.8731481481481481 0.31875 0.8472222222222222 0.32083333333333336 0.8398148148148148 0.32864583333333336 0.8333333333333334 0.33177083333333335 0.8342592592592593
1 0.2760416666666667 0.33425925925925926 0.28125 0.34444444444444444 0.28489583333333335 0.35833333333333334 0.28541666666666665 0.36944444444444446 0.2828125 0.37962962962962965 0.2786458333333333 0.3787037037037037 0.27239583333333334 0.35 0.2755208333333333 0.3351851851851852
1 0.2833333333333333 0.8064814814814815 0.29270833333333335 0.8064814814814815 0.2953125 0.812962962962963 0.3067708333333333 0.8231481481481482 0.30052083333333335 0.8611111111111112 0.2953125 0.862037037037037 0.29375 0.8592592592592593 0.29635416666666664 0.8527777777777777 0.29583333333333334 0.8481481481481481 0.2838541666666667 0.8287037037037037 0.2833333333333333 0.8074074074074075
1 0.390625 0.11574074074074074 0.3958333333333333 0.1259259259259259 0.39479166666666665 0.15462962962962962 0.39114583333333336 0.15185185185185185 0.3880208333333333 0.13240740740740742 0.3880208333333333 0.12129629629629629 0.39010416666666664 0.11574074074074074
1 0.2140625 0.19074074074074074 0.21666666666666667 0.19444444444444445 0.21927083333333333 0.20925925925925926 0.2203125 0.23055555555555557 0.215625 0.22592592592592592 0.20989583333333334 0.20925925925925926 0.20989583333333334 0.19444444444444445 0.21354166666666666 0.19074074074074074
1 0.6109375 0.9203703703703704 0.6208333333333333 0.9351851851851852 0.6192708333333333 0.9527777777777777 0.6140625 0.9564814814814815 0.6166666666666667 0.9666666666666667 0.615625 0.9694444444444444 0.5979166666666667 0.9638888888888889 0.596875 0.9611111111111111 0.6015625 0.9555555555555556 0.6020833333333333 0.937037037037037 0.6057291666666667 0.9305555555555556 0.6067708333333334 0.9212962962962963 0.6104166666666667 0.9203703703703704
1 0.18697916666666667 0.2212962962962963 0.1921875 0.24722222222222223 0.19010416666666666 0.2564814814814815 0.18229166666666666 0.24351851851851852 0.18020833333333333 0.22685185185185186 0.18229166666666666 0.22037037037037038 0.18645833333333334 0.2212962962962963
1 0.2515625 0.1537037037037037 0.2552083333333333 0.1574074074074074 0.2609375 0.1787037037037037 0.25729166666666664 0.18518518518518517 0.25416666666666665 0.18518518518518517 0.24895833333333334 0.16111111111111112 0.25104166666666666 0.15462962962962962
1 0.6005208333333333 0.32685185185185184 0.6057291666666667 0.3398148148148148 0.60625 0.3490740740740741 0.6026041666666667 0.35648148148148145 0.5989583333333334 0.375 0.5963541666666666 0.37222222222222223 0.5963541666666666 0.35462962962962963 0.59375 0.34074074074074073 0.5973958333333333 0.3287037037037037 0.6 0.32685185185185184
1 0.6307291666666667 0.12314814814814815 0.634375 0.12407407407407407 0.6369791666666667 0.14166666666666666 0.6369791666666667 0.15092592592592594 0.6333333333333333 0.15092592592592594 0.6296875 0.14444444444444443 0.6307291666666667 0.12407407407407407
1 0.29635416666666664 0.12314814814814815 0.30364583333333334 0.1574074074074074 0.2953125 0.15833333333333333 0.2953125 0.15 0.2916666666666667 0.13703703703703704 0.29322916666666665 0.125 0.29583333333333334 0.12407407407407407
1 0.159375 0.24259259259259258 0.16197916666666667 0.24166666666666667 0.16927083333333334 0.24814814814814815 0.17083333333333334 0.2611111111111111 0.17552083333333332 0.2740740740740741 0.175 0.27870370370370373 0.16614583333333333 0.27870370370370373 0.159375 0.24351851851851852
1 0.27239583333333334 0.7962962962962963 0.2833333333333333 0.8074074074074075 0.2833333333333333 0.8277777777777777 0.2875 0.837037037037037 0.2875 0.8416666666666667 0.2828125 0.850925925925926 0.26927083333333335 0.825925925925926 0.265625 0.8296296296296296 0.2635416666666667 0.8277777777777777 0.2671875 0.8027777777777778 0.26927083333333335 0.7972222222222223 0.271875 0.7962962962962963
1 0.5182291666666666 0.5407407407407407 0.5260416666666666 0.5546296296296296 0.51875 0.5953703703703703 0.5166666666666667 0.5935185185185186 0.5177083333333333 0.5814814814814815 0.5119791666666667 0.5712962962962963 0.5098958333333333 0.5574074074074075 0.5130208333333334 0.5425925925925926 0.5151041666666667 0.5388888888888889 0.5177083333333333 0.5407407407407407
1 0.3619791666666667 0.05648148148148148 0.36770833333333336 0.06666666666666667 0.36614583333333334 0.08425925925925926 0.3625 0.08518518518518518 0.35989583333333336 0.07037037037037037 0.3619791666666667 0.05740740740740741
1 0.8276041666666667 0.2759259259259259 0.8322916666666667 0.27870370370370373 0.8338541666666667 0.2898148148148148 0.8255208333333334 0.31666666666666665 0.8229166666666666 0.31851851851851853 0.8208333333333333 0.31574074074074077 0.8229166666666666 0.2898148148148148 0.8276041666666667 0.27685185185185185
1 0.4822916666666667 0.6537037037037037 0.49114583333333334 0.6712962962962963 0.4890625 0.6814814814814815 0.48385416666666664 0.687037037037037 0.48072916666666665 0.7083333333333334 0.47708333333333336 0.7166666666666667 0.47552083333333334 0.7129629629629629 0.4786458333333333 0.6833333333333333 0.4708333333333333 0.6648148148148149 0.47552083333333334 0.6537037037037037 0.4817708333333333 0.6537037037037037
1 0.5432291666666667 0.6972222222222222 0.5473958333333333 0.7129629629629629 0.5463541666666667 0.7407407407407407 0.5432291666666667 0.7398148148148148 0.5364583333333334 0.7453703703703703 0.5333333333333333 0.7444444444444445 0.5354166666666667 0.737037037037037 0.53125 0.7074074074074074 0.5364583333333334 0.6916666666666667 0.5401041666666667 0.6916666666666667 0.5427083333333333 0.6972222222222222
1 0.234375 0.13703703703703704 0.2375 0.14074074074074075 0.24010416666666667 0.1527777777777778 0.24166666666666667 0.17222222222222222 0.23697916666666666 0.1685185185185185 0.23177083333333334 0.1574074074074074 0.23125 0.14351851851851852 0.23385416666666667 0.13703703703703704
1 0.415625 0.6981481481481482 0.42552083333333335 0.7175925925925926 0.42552083333333335 0.7481481481481481 0.41458333333333336 0.7472222222222222 0.4114583333333333 0.7046296296296296 0.41510416666666666 0.6981481481481482
1 0.21197916666666666 0.15 0.21666666666666667 0.1675925925925926 0.21458333333333332 0.17592592592592593 0.20989583333333334 0.18333333333333332 0.20625 0.16018518518518518 0.2078125 0.15092592592592594 0.21145833333333333 0.15
1 0.5989583333333334 0.28888888888888886 0.6005208333333333 0.2564814814814815 0.6046875 0.24537037037037038 0.6072916666666667 0.24722222222222223 0.609375 0.25462962962962965 0.6083333333333333 0.2759259259259259 0.6026041666666667 0.28425925925925927 0.6020833333333333 0.2898148148148148 0.5994791666666667 0.28888888888888886
1 0.5291666666666667 0.6074074074074074 0.5354166666666667 0.6231481481481481 0.5354166666666667 0.6361111111111111 0.5322916666666667 0.6462962962962963 0.5338541666666666 0.6675925925925926 0.5291666666666667 0.6666666666666666 0.5239583333333333 0.6425925925925926 0.5255208333333333 0.6092592592592593 0.5286458333333334 0.6083333333333333
1 0.6557291666666667 0.1814814814814815 0.6557291666666667 0.1574074074074074 0.6614583333333334 0.14814814814814814 0.6645833333333333 0.15648148148148147 0.6645833333333333 0.16574074074074074 0.6614583333333334 0.17777777777777778 0.6609375 0.18981481481481483 0.6578125 0.19166666666666668 0.65625 0.1824074074074074
1 0.6192708333333333 0.262037037037037 0.6229166666666667 0.2722222222222222 0.6229166666666667 0.2824074074074074 0.6161458333333333 0.3055555555555556 0.6135416666666667 0.3037037037037037 0.6119791666666666 0.2814814814814815 0.615625 0.26296296296296295 0.61875 0.262037037037037
1 0.6583333333333333 0.13055555555555556 0.6614583333333334 0.13796296296296295 0.6619791666666667 0.14722222222222223 0.6541666666666667 0.15925925925925927 0.6520833333333333 0.14351851851851852 0.6578125 0.13055555555555556
1 0.3416666666666667 0.06759259259259259 0.34479166666666666 0.07777777777777778 0.34479166666666666 0.10092592592592593 0.340625 0.10092592592592593 0.33645833333333336 0.08148148148148149 0.3380208333333333 0.0712962962962963 0.3411458333333333 0.06851851851851852
1 0.334375 0.8824074074074074 0.346875 0.8972222222222223 0.3458333333333333 0.9009259259259259 0.34791666666666665 0.9074074074074074 0.3453125 0.9148148148148149 0.34010416666666665 0.9194444444444444 0.340625 0.937037037037037 0.3380208333333333 0.9435185185185185 0.33489583333333334 0.9435185185185185 0.33541666666666664 0.9314814814814815 0.33177083333333335 0.9111111111111111 0.321875 0.8953703703703704 0.32447916666666665 0.8796296296296297 0.3302083333333333 0.8777777777777778 0.3338541666666667 0.8824074074074074