0 0.8052083333333333 0.687037037037037 0.8598958333333333 0.712037037037037 0.8703125 0.725925925925926 0.8911458333333333 0.7407407407407407 0.8979166666666667 0.7509259259259259 0.9015625 0.7611111111111111 0.9041666666666667 0.7787037037037037 0.9046875 0.8166666666666667 0.9 0.825 0.878125 0.8333333333333334 0.8625 0.8277777777777777 0.8453125 0.8101851851851852 0.8078125 0.7861111111111111 0.7864583333333334 0.7861111111111111 0.7791666666666667 0.7777777777777778 0.7723958333333333 0.7583333333333333 0.771875 0.7268518518518519 0.775 0.6990740740740741 0.7776041666666667 0.6907407407407408 0.7822916666666667 0.6851851851851852 0.8046875 0.687037037037037
1 0.39375 0.7138888888888889 0.4015625 0.7277777777777777 0.4015625 0.7416666666666667 0.40520833333333334 0.7509259259259259 0.4041666666666667 0.7564814814814815 0.4005208333333333 0.7555555555555555 0.39739583333333334 0.7490740740740741 0.3932291666666667 0.7555555555555555 0.3880208333333333 0.7546296296296297 0.39010416666666664 0.7490740740740741 0.39010416666666664 0.7398148148148148 0.3848958333333333 0.7194444444444444 0.3932291666666667 0.7138888888888889
1 0.0640625 0.09444444444444444 0.07447916666666667 0.10092592592592593 0.078125 0.10833333333333334 0.08125 0.12314814814814815 0.07083333333333333 0.1259259259259259 0.0640625 0.10833333333333334 0.0640625 0.09537037037037037
1 0.540625 0.19722222222222222 0.5442708333333334 0.20185185185185187 0.5447916666666667 0.20833333333333334 0.5395833333333333 0.25092592592592594 0.5364583333333334 0.25092592592592594 0.5338541666666666 0.23425925925925925 0.5338541666666666 0.2101851851851852 0.5401041666666667 0.19722222222222222
1 0.03854166666666667 0.13425925925925927 0.046875 0.15092592592592594 0.05 0.17407407407407408 0.04739583333333333 0.17592592592592593 0.03177083333333333 0.14629629629629629 0.03229166666666667 0.1361111111111111 0.03802083333333333 0.13425925925925927
1 0.8588541666666667 0.10092592592592593 0.8619791666666666 0.10185185185185185 0.8614583333333333 0.11851851851851852 0.8546875 0.13333333333333333 0.8510416666666667 0.14814814814814814 0.8484375 0.15 0.846875 0.14722222222222223 0.85 0.1175925925925926 0.8520833333333333 0.11018518518518519 0.8588541666666667 0.10185185185185185
1 0.7552083333333334 0.03148148148148148 0.7572916666666667 0.03425925925925926 0.7567708333333333 0.05555555555555555 0.753125 0.07777777777777778 0.75 0.08425925925925926 0.7447916666666666 0.08703703703703704 0.7442708333333333 0.0824074074074074 0.7479166666666667 0.05092592592592592 0.7546875 0.032407407407407406
1 0.17552083333333332 0 0.18333333333333332 0 0.1890625 0.020370370370370372 0.18645833333333334 0.025925925925925925 0.18177083333333333 0.023148148148148147 0.17604166666666668 0.012037037037037037 0.17552083333333332 0.000925925925925926
1 0.15260416666666668 0.002777777777777778 0.15625 0.008333333333333333 0.16197916666666667 0.03888888888888889 0.16145833333333334 0.041666666666666664 0.15520833333333334 0.04259259259259259 0.15104166666666666 0.03518518518518519 0.14635416666666667 0.009259259259259259 0.14739583333333334 0.002777777777777778 0.15208333333333332 0.002777777777777778
1 0.41822916666666665 0.28425925925925927 0.4244791666666667 0.3 0.4234375 0.3333333333333333 0.421875 0.33611111111111114 0.4203125 0.33425925925925926 0.4197916666666667 0.32592592592592595 0.41458333333333336 0.3111111111111111 0.4140625 0.29444444444444445 0.41770833333333335 0.2851851851851852
1 0.36354166666666665 0.8675925925925926 0.36614583333333334 0.8694444444444445 0.36666666666666664 0.8870370370370371 0.36354166666666665 0.8981481481481481 0.3625 0.9166666666666666 0.359375 0.9194444444444444 0.35104166666666664 0.8935185185185185 0.3453125 0.8833333333333333 0.34479166666666666 0.8740740740740741 0.3484375 0.8685185185185185 0.36302083333333335 0.8675925925925926
1 0.08020833333333334 0.11944444444444445 0.08645833333333333 0.14629629629629629 0.09166666666666666 0.1537037037037037 0.08854166666666667 0.16018518518518518 0.078125 0.14722222222222223 0.071875 0.13055555555555556 0.07395833333333333 0.12129629629629629 0.07760416666666667 0.11666666666666667 0.0796875 0.11944444444444445
1 0.07083333333333333 0.12962962962962962 0.0859375 0.1712962962962963 0.08385416666666666 0.17222222222222222 0.08125 0.1675925925925926 0.08020833333333334 0.17777777777777778 0.078125 0.17962962962962964 0.07552083333333333 0.16944444444444445 0.0703125 0.16111111111111112 0.07083333333333333 0.15648148148148147 0.06666666666666667 0.14074074074074075 0.0671875 0.13240740740740742 0.0703125 0.13055555555555556
1 0.1609375 0.007407407407407408 0.16770833333333332 0.020370370370370372 0.1703125 0.037037037037037035 0.17395833333333333 0.046296296296296294 0.171875 0.05 0.1671875 0.049074074074074076 0.1609375 0.032407407407407406 0.15625 0.009259259259259259 0.15729166666666666 0.006481481481481481 0.16041666666666668 0.007407407407407408
1 0.5145833333333333 0.2777777777777778 0.51875 0.28888888888888886 0.5192708333333333 0.30277777777777776 0.5083333333333333 0.3175925925925926 0.5067708333333333 0.2953703703703704 0.5109375 0.27870370370370373 0.5140625 0.2777777777777778
1 0.8083333333333333 0.36574074074074076 0.8104166666666667 0.3851851851851852 0.7963541666666667 0.4203703703703704 0.7885416666666667 0.4111111111111111 0.796875 0.38055555555555554 0.8052083333333333 0.36574074074074076 0.8078125 0.36574074074074076
1 0.4395833333333333 0.2851851851851852 0.44635416666666666 0.3 0.446875 0.3175925925925926 0.4421875 0.33796296296296297 0.4390625 0.3435185185185185 0.4390625 0.3194444444444444 0.4322916666666667 0.3037037037037037 0.4359375 0.28703703703703703 0.4390625 0.2851851851851852
1 0 0.2518518518518518 0.004166666666666667 0.25462962962962965 0.008333333333333333 0.26944444444444443 0.016145833333333335 0.2759259259259259 0.016145833333333335 0.2796296296296296 0.0125 0.2833333333333333 0.0078125 0.2759259259259259 0.0078125 0.29259259259259257 0.004166666666666667 0.2935185185185185 0.0020833333333333333 0.2759259259259259 0 0.275 0 0.25277777777777777
1 0.17682291666666666 0.03194444444444444 0.0140625 0.041666666666666664
1 0.9473958333333333 0.45 0.95 0.45185185185185184 0.9541666666666667 0.46296296296296297 0.9505208333333334 0.4824074074074074 0.9427083333333334 0.4824074074074074 0.9338541666666667 0.4962962962962963 0.925 0.5018518518518519 0.921875 0.5 0.9338541666666667 0.48055555555555557 0.934375 0.4685185185185185 0.946875 0.45
1 0.9223958333333333 0.425 0.9286458333333333 0.425 0.9359375 0.43796296296296294 0.9354166666666667 0.4425925925925926 0.9322916666666666 0.44537037037037036 0.9276041666666667 0.44351851851851853 0.9213541666666667 0.45555555555555555 0.9177083333333333 0.4564814814814815 0.9135416666666667 0.45185185185185184 0.9130208333333333 0.4444444444444444 0.9145833333333333 0.43796296296296294 0.9223958333333333 0.42592592592592593
1 0.20677083333333332 0.9398148148148148 0.21041666666666667 0.9472222222222222 0.221875 0.9555555555555556 0.22291666666666668 0.9592592592592593 0.22239583333333332 0.9703703703703703 0.2265625 0.987037037037037 0.22083333333333333 0.9990740740740741 0.20989583333333334 0.9990740740740741 0.20572916666666666 0.9805555555555555 0.1984375 0.9694444444444444 0.19739583333333333 0.9592592592592593 0.19166666666666668 0.9527777777777777 0.19270833333333334 0.9472222222222222 0.20625 0.9398148148148148
1 0.36770833333333336 0.041666666666666664 0.3723958333333333 0.05185185185185185 0.3729166666666667 0.07777777777777778 0.37135416666666665 0.0787037037037037 0.36770833333333336 0.07407407407407407 0.3625 0.05555555555555555 0.36354166666666665 0.046296296296296294 0.3671875 0.041666666666666664
1 0.28541666666666665 0.8527777777777777 0.2911458333333333 0.8666666666666667 0.3015625 0.8722222222222222 0.30416666666666664 0.8768518518518519 0.3 0.8796296296296297 0.28489583333333335 0.8777777777777778 0.28020833333333334 0.8824074074074074 0.27395833333333336 0.8759259259259259 0.275 0.8472222222222222 0.2796875 0.8453703703703703 0.28489583333333335 0.8527777777777777
1 0.76875 0.887962962962963 0.771875 0.8944444444444445 0.7708333333333334 0.9064814814814814 0.76875 0.9138888888888889 0.7625 0.9222222222222223 0.7588541666666667 0.9361111111111111 0.753125 0.9314814814814815 0.7552083333333334 0.9203703703703704 0.7510416666666667 0.9111111111111111 0.7411458333333333 0.9083333333333333 0.7385416666666667 0.9037037037037037 0.7682291666666666 0.8888888888888888
1 0.5125 0.19166666666666668 0.5166666666666667 0.21574074074074073 0.5119791666666667 0.24722222222222223 0.5078125 0.2462962962962963 0.5052083333333334 0.21296296296296297 0.5072916666666667 0.19907407407407407 0.5119791666666667 0.19166666666666668
1 0 0.22037037037037038 0.017708333333333333 0.25092592592592594 0.016145833333333335 0.262037037037037 0.013541666666666667 0.2638888888888889 0.0109375 0.2638888888888889 0.008333333333333333 0.2564814814814815 0 0.2574074074074074 0 0.2212962962962963
1 0.08958333333333333 0.09074074074074075 0.09583333333333334 0.09814814814814815 0.10416666666666667 0.1259259259259259 0.10364583333333334 0.12962962962962962 0.0984375 0.13333333333333333 0.0953125 0.13148148148148148 0.0859375 0.09722222222222222 0.0859375 0.09166666666666666 0.0890625 0.09074074074074075
1 0.23333333333333334 0.85 0.2421875 0.8592592592592593 0.24791666666666667 0.8759259259259259 0.2484375 0.8805555555555555 0.24479166666666666 0.887962962962963 0.228125 0.8805555555555555 0.22395833333333334 0.8731481481481481 0.21979166666666666 0.8592592592592593 0.2203125 0.8527777777777777 0.22552083333333334 0.8472222222222222 0.2328125 0.85
1 0.6333333333333333 0.06574074074074074 0.6375 0.075 0.6307291666666667 0.11296296296296296 0.6286458333333333 0.11203703703703703 0.6260416666666667 0.1037037037037037 0.625 0.08333333333333333 0.6255208333333333 0.07685185185185185 0.6296875 0.06666666666666667 0.6328125 0.06574074074074074
1 0.69375 0.24814814814814815 0.6973958333333333 0.2388888888888889 0.7015625 0.23981481481481481 0.7026041666666667 0.26851851851851855 0.696875 0.275 0.6921875 0.2953703703703704 0.684375 0.2935185185185185 0.6875 0.28703703703703703 0.6942708333333333 0.2490740740740741
1 0.321875 0.8722222222222222 0.33125 0.8796296296296297 0.3333333333333333 0.8851851851851852 0.3338541666666667 0.9064814814814814 0.328125 0.9148148148148149 0.3177083333333333 0.8962962962962963 0.31614583333333335 0.8861111111111111 0.309375 0.8787037037037037 0.3098958333333333 0.8740740740740741 0.31302083333333336 0.8712962962962963 0.32135416666666666 0.8722222222222222
1 0.1421875 0.04537037037037037 0.14635416666666667 0.05648148148148148 0.1484375 0.0712962962962963 0.15260416666666668 0.07962962962962963 0.1515625 0.08425925925925926 0.14739583333333334 0.08796296296296297 0.14427083333333332 0.08796296296296297 0.140625 0.06666666666666667 0.13541666666666666 0.053703703703703705 0.13645833333333332 0.04537037037037037 0.14166666666666666 0.04537037037037037
1 0.9364583333333333 0.4398148148148148 0.94375 0.4444444444444444 0.9453125 0.44907407407407407 0.9390625 0.462037037037037 0.9270833333333334 0.47685185185185186 0.9239583333333333 0.47685185185185186 0.9229166666666667 0.4722222222222222 0.9359375 0.4398148148148148
1 0.05 0.13796296296296295 0.053125 0.1398148148148148 0.06354166666666666 0.16111111111111112 0.0671875 0.1638888888888889 0.0625 0.1675925925925926 0.06614583333333333 0.18888888888888888 0.0609375 0.19166666666666668 0.058333333333333334 0.1814814814814815 0.04895833333333333 0.1648148148148148 0.04635416666666667 0.14907407407407408 0.049479166666666664 0.1388888888888889
1 0.08125 0.05185185185185185 0.0875 0.06111111111111111 0.0921875 0.07962962962962963 0.0921875 0.08611111111111111 0.0890625 0.08796296296296297 0.08489583333333334 0.08611111111111111 0.078125 0.07685185185185185 0.07447916666666667 0.06759259259259259 0.07447916666666667 0.058333333333333334 0.078125 0.05185185185185185 0.08072916666666667 0.05185185185185185
1 0.9583333333333334 0.5009259259259259 0.9614583333333333 0.5120370370370371 0.9609375 0.5222222222222223 0.946875 0.5444444444444444 0.9354166666666667 0.5361111111111111 0.9354166666666667 0.5305555555555556 0.9395833333333333 0.5231481481481481 0.9385416666666667 0.5148148148148148 0.9520833333333333 0.5009259259259259 0.9578125 0.5009259259259259
1 0.5286458333333334 0.29583333333333334 0.0125 0.03425925925925926
1 0.7604166666666666 0.12962962962962962 0.7619791666666667 0.14537037037037037 0.7546875 0.175 0.7520833333333333 0.1787037037037037 0.7505208333333333 0.175 0.7515625 0.13518518518518519 0.7536458333333333 0.1287037037037037 0.7598958333333333 0.12962962962962962
1 0.19375 0.9675925925925926 0.2 0.9777777777777777 0.2 0.9962962962962963 0.18802083333333333 0.9907407407407407 0.17291666666666666 0.9712962962962963 0.17447916666666666 0.9657407407407408 0.1796875 0.9648148148148148 0.18541666666666667 0.9592592592592593 0.1890625 0.9592592592592593 0.19322916666666667 0.9675925925925926
1 0.8140625 0.5324074074074074 0.8244791666666667 0.5074074074074074 0.8354166666666667 0.5027777777777778 0.8364583333333333 0.512962962962963 0.8364583333333333 0.5222222222222223 0.8296875 0.5333333333333333 0.8234375 0.5509259259259259 0.8109375 0.5546296296296296 0.8114583333333333 0.5416666666666666 0.8140625 0.5333333333333333
1 0.5255208333333333 0.2 0.5302083333333333 0.2111111111111111 0.5265625 0.25092592592592594 0.5223958333333333 0.25092592592592594 0.51875 0.22037037037037038 0.5197916666666667 0.2101851851851852 0.525 0.20092592592592592
1 0.4901041666666667 0.22037037037037038 0.4921875 0.225 0.49166666666666664 0.24351851851851852 0.48489583333333336 0.26666666666666666 0.48333333333333334 0.2657407407407407 0.48385416666666664 0.2462962962962963 0.4796875 0.23981481481481481 0.4791666666666667 0.2324074074074074 0.484375 0.21203703703703702 0.4895833333333333 0.22037037037037038
1 0.11458333333333333 0.04351851851851852 0.12083333333333333 0.05 0.1234375 0.05648148148148148 0.1234375 0.06666666666666667 0.12708333333333333 0.08055555555555556 0.12447916666666667 0.08425925925925926 0.1171875 0.07222222222222222 0.11354166666666667 0.07037037037037037 0.10885416666666667 0.058333333333333334 0.10885416666666667 0.049074074074074076 0.1125 0.041666666666666664 0.1140625 0.04351851851851852
1 0.5479166666666667 0.20462962962962963 0.553125 0.21666666666666667 0.5515625 0.2462962962962963 0.5479166666666667 0.25555555555555554 0.5458333333333333 0.25462962962962965 0.5427083333333333 0.22685185185185186 0.5453125 0.20555555555555555 0.5473958333333333 0.20462962962962963
1 0.6203125 0.11296296296296296 0.6223958333333334 0.1175925925925926 0.6229166666666667 0.12777777777777777 0.6161458333333333 0.16018518518518518 0.6140625 0.15648148148148147 0.6140625 0.1259259259259259 0.6197916666666666 0.11296296296296296
1 0.6140625 0.7777777777777778 0.6171875 0.7824074074074074 0.6161458333333333 0.8111111111111111 0.6182291666666667 0.8240740740740741 0.6166666666666667 0.825925925925926 0.6130208333333333 0.825 0.6072916666666667 0.8175925925925925 0.6010416666666667 0.8037037037037037 0.6020833333333333 0.7935185185185185 0.6098958333333333 0.7796296296296297 0.6135416666666667 0.7777777777777778
1 0.5119791666666667 0.11342592592592593 0.010416666666666666 0.05092592592592592
1 0.79375 0.11203703703703703 0.7963541666666667 0.12685185185185185 0.7932291666666667 0.15833333333333333 0.790625 0.1574074074074074 0.7901041666666667 0.1425925925925926 0.7854166666666667 0.13055555555555556 0.7885416666666667 0.11203703703703703 0.7932291666666667 0.11203703703703703
1 0.6359375 0.14722222222222223 0.6338541666666667 0.11944444444444445 0.6401041666666667 0.10185185185185185 0.64375 0.11018518518518519 0.6442708333333333 0.12222222222222222 0.6401041666666667 0.14074074074074075 0.6364583333333333 0.14722222222222223
1 0.5119791666666667 0.9435185185185185 0.51875 0.9490740740740741 0.5197916666666667 0.9601851851851851 0.5088541666666667 0.9851851851851852 0.5010416666666667 0.9833333333333333 0.5 0.9722222222222222 0.5015625 0.9574074074074074 0.5083333333333333 0.9444444444444444 0.5114583333333333 0.9435185185185185
1 0.7619791666666667 0.09074074074074075 0.7635416666666667 0.09537037037037037 0.7619791666666667 0.10740740740740741 0.7557291666666667 0.1259259259259259 0.7520833333333333 0.12777777777777777 0.7510416666666667 0.12314814814814815 0.7546875 0.09722222222222222 0.7572916666666667 0.09074074074074075 0.7614583333333333 0.09074074074074075
1 0.8416666666666667 0.16296296296296298 0.8453125 0.1638888888888889 0.8463541666666666 0.1787037037037037 0.8359375 0.20555555555555555 0.834375 0.20555555555555555 0.8333333333333334 0.19907407407407407 0.8348958333333333 0.1814814814814815 0.8416666666666667 0.1638888888888889
1 0.1546875 0.046296296296296294 0.15833333333333333 0.046296296296296294 0.16458333333333333 0.05555555555555555 0.16614583333333333 0.06851851851851852 0.171875 0.0824074074074074 0.17135416666666667 0.08796296296296297 0.1671875 0.08796296296296297 0.16458333333333333 0.08333333333333333 0.16458333333333333 0.09166666666666666 0.16145833333333334 0.09444444444444444 0.15885416666666666 0.07037037037037037 0.1546875 0.05648148148148148 0.1546875 0.04722222222222222
1 0.6291666666666667 0.05185185185185185 0.6317708333333333 0.06759259259259259 0.6270833333333333 0.07777777777777778 0.6260416666666667 0.08981481481481482 0.6229166666666667 0.08796296296296297 0.6208333333333333 0.06296296296296296 0.6255208333333333 0.05185185185185185 0.6286458333333333 0.05185185185185185
1 0.29010416666666666 0.8861111111111111 0.2953125 0.8907407407407407 0.29791666666666666 0.9009259259259259 0.3046875 0.9074074074074074 0.3026041666666667 0.9148148148148149 0.30572916666666666 0.925 0.2989583333333333 0.9305555555555556 0.2921875 0.9185185185185185 0.2859375 0.9333333333333333 0.2828125 0.9324074074074075 0.2828125 0.9185185185185185 0.2791666666666667 0.9037037037037037 0.2833333333333333 0.8888888888888888 0.28958333333333336 0.8861111111111111
1 0.2609375 0.8972222222222223 0.26145833333333335 0.8916666666666667 0.2640625 0.887962962962963 0.2708333333333333 0.8861111111111111 0.2796875 0.9138888888888889 0.28020833333333334 0.9212962962962963 0.275 0.9194444444444444 0.26875 0.9296296296296296 0.26614583333333336 0.9277777777777778 0.2604166666666667 0.9120370370370371 0.26145833333333335 0.8981481481481481