1 0.3859375 0.9833333333333333 0.3953125 0.987037037037037 0.3984375 0.9990740740740741 0.38229166666666664 0.9990740740740741 0.3796875 0.987037037037037 0.38177083333333334 0.9833333333333333 0.3854166666666667 0.9833333333333333
1 0.8494791666666667 0.19907407407407407 0.8520833333333333 0.20277777777777778 0.853125 0.2111111111111111 0.85 0.22685185185185186 0.8421875 0.24074074074074073 0.8385416666666666 0.2388888888888889 0.8385416666666666 0.2351851851851852 0.8421875 0.21574074074074073 0.8489583333333334 0.19907407407407407
1 0.5333333333333333 0.42777777777777776 0.5354166666666667 0.43333333333333335 0.5354166666666667 0.4648148148148148 0.5333333333333333 0.4675925925925926 0.5291666666666667 0.4648148148148148 0.5260416666666666 0.4740740740740741 0.5255208333333333 0.43425925925925923 0.5270833333333333 0.4305555555555556 0.5328125 0.42777777777777776
1 0.6411458333333333 0.1824074074074074 0.6401041666666667 0.1574074074074074 0.6447916666666667 0.14444444444444443 0.6484375 0.14629629629629629 0.6479166666666667 0.15925925925925927 0.6453125 0.1787037037037037 0.64375 0.18333333333333332 0.6416666666666667 0.1824074074074074
1 0.5171875 0.48148148148148145 0.51875 0.4925925925925926 0.521875 0.49722222222222223 0.5197916666666667 0.5018518518518519 0.5197916666666667 0.5166666666666667 0.521875 0.5259259259259259 0.5255208333333333 0.5314814814814814 0.5223958333333333 0.5370370370370371 0.51875 0.5351851851851852 0.515625 0.524074074074074 0.5130208333333334 0.5268518518518519 0.5109375 0.5361111111111111 0.5057291666666667 0.5351851851851852 0.5098958333333333 0.5203703703703704 0.5098958333333333 0.5148148148148148 0.5072916666666667 0.5111111111111111 0.5078125 0.4981481481481482 0.5140625 0.48333333333333334 0.5166666666666667 0.48148148148148145
1 0.6197916666666666 0.31296296296296294 0.6161458333333333 0.2898148148148148 0.6161458333333333 0.2824074074074074 0.6197916666666666 0.2675925925925926 0.6229166666666667 0.26851851851851855 0.6255208333333333 0.2759259259259259 0.6239583333333333 0.3138888888888889 0.6203125 0.31296296296296294
1 0.11614583333333334 0.2462962962962963 0.12135416666666667 0.25833333333333336 0.12239583333333333 0.2722222222222222 0.12604166666666666 0.2796296296296296 0.12395833333333334 0.287962962962963 0.12083333333333333 0.28703703703703703 0.11822916666666666 0.2759259259259259 0.1125 0.2657407407407407 0.1125 0.24722222222222223 0.115625 0.2462962962962963
1 0.6692708333333334 0.19814814814814816 0.6708333333333333 0.21203703703703702 0.6682291666666667 0.2361111111111111 0.6651041666666667 0.23981481481481481 0.6630208333333333 0.23703703703703705 0.6619791666666667 0.21296296296296297 0.6651041666666667 0.19907407407407407 0.66875 0.19814814814814816
1 0.85625 0.16018518518518518 0.859375 0.16296296296296298 0.859375 0.17314814814814813 0.8520833333333333 0.19722222222222222 0.8494791666666667 0.2 0.8479166666666667 0.19722222222222222 0.8494791666666667 0.17685185185185184 0.8515625 0.1675925925925926 0.8557291666666667 0.16018518518518518
1 0.6541666666666667 0.18518518518518517 0.6536458333333334 0.16203703703703703 0.6572916666666667 0.15 0.6598958333333333 0.15462962962962962 0.6609375 0.16666666666666666 0.6578125 0.17685185185185184 0.6578125 0.18425925925925926 0.6546875 0.18518518518518517
1 0.1890625 0.18518518518518517 0.1921875 0.18703703703703703 0.2 0.21388888888888888 0.19583333333333333 0.2175925925925926 0.19270833333333334 0.21666666666666667 0.1859375 0.19444444444444445 0.18854166666666666 0.18611111111111112
1 0.9666666666666667 0.737037037037037 0.9734375 0.7296296296296296 0.98125 0.7268518518518519 0.9994791666666667 0.7 0.9994791666666667 0.7268518518518519 0.9963541666666667 0.7296296296296296 0.9911458333333333 0.7472222222222222 0.9901041666666667 0.7648148148148148 0.9864583333333333 0.7648148148148148 0.9833333333333333 0.7601851851851852 0.9859375 0.7435185185185185 0.9822916666666667 0.7342592592592593 0.9765625 0.7351851851851852 0.971875 0.7435185185185185 0.9671875 0.7379629629629629
1 0.6442708333333333 0.2 0.6484375 0.20925925925925926 0.6484375 0.21944444444444444 0.6442708333333333 0.24259259259259258 0.6395833333333333 0.24074074074074073 0.6385416666666667 0.22037037037037038 0.6390625 0.20925925925925926 0.64375 0.2
1 0.5880208333333333 0.4444444444444444 0.5927083333333333 0.45 0.5953125 0.4638888888888889 0.5880208333333333 0.49537037037037035 0.5854166666666667 0.4962962962962963 0.5848958333333333 0.48518518518518516 0.5817708333333333 0.47685185185185186 0.5822916666666667 0.45925925925925926 0.5802083333333333 0.4527777777777778 0.5875 0.4444444444444444
1 0.4786458333333333 0.4305555555555556 0.48489583333333336 0.4398148148148148 0.4875 0.44814814814814813 0.4859375 0.45555555555555555 0.4875 0.47129629629629627 0.4828125 0.4740740740740741 0.48072916666666665 0.4648148148148148 0.47760416666666666 0.4842592592592593 0.47552083333333334 0.48333333333333334 0.4765625 0.4546296296296296 0.475 0.4388888888888889 0.47604166666666664 0.43148148148148147 0.478125 0.4305555555555556
1 0.09166666666666666 0.3333333333333333 0.0984375 0.3453703703703704 0.09895833333333333 0.35648148148148145 0.10572916666666667 0.3648148148148148 0.0984375 0.3731481481481482 0.08541666666666667 0.3416666666666667 0.08645833333333333 0.33425925925925926 0.09114583333333333 0.3333333333333333
1 0.5432291666666667 0.46574074074074073 0.5427083333333333 0.42685185185185187 0.5463541666666667 0.41203703703703703 0.5484375 0.4101851851851852 0.55 0.4101851851851852 0.5536458333333333 0.4212962962962963 0.5546875 0.43703703703703706 0.5489583333333333 0.44907407407407407 0.5463541666666667 0.4648148148148148 0.54375 0.46574074074074073
1 0.846875 0.4685185185185185 0.8526041666666667 0.4777777777777778 0.8427083333333333 0.5157407407407407 0.840625 0.5148148148148148 0.840625 0.5046296296296297 0.8385416666666666 0.5009259259259259 0.834375 0.5111111111111111 0.8307291666666666 0.5083333333333333 0.8390625 0.4740740740740741 0.8427083333333333 0.4685185185185185 0.8463541666666666 0.4685185185185185
1 0.6145833333333334 0.2657407407407407 0.6177083333333333 0.2722222222222222 0.6161458333333333 0.287962962962963 0.6098958333333333 0.3055555555555556 0.60625 0.30092592592592593 0.6078125 0.27314814814814814 0.6098958333333333 0.26481481481481484 0.6125 0.26296296296296295 0.6140625 0.2657407407407407
1 0.5880208333333333 0.37222222222222223 0.5927083333333333 0.375 0.5953125 0.3907407407407407 0.5901041666666667 0.41388888888888886 0.5880208333333333 0.41759259259259257 0.5864583333333333 0.41574074074074074 0.5848958333333333 0.38796296296296295 0.5880208333333333 0.3731481481481482
1 0.24427083333333333 0.15092592592592594 0.25 0.1648148148148148 0.25104166666666666 0.18888888888888888 0.246875 0.19074074074074074 0.24166666666666667 0.18796296296296297 0.23958333333333334 0.16666666666666666 0.23697916666666666 0.15925925925925927 0.2375 0.1537037037037037 0.24375 0.15092592592592594
1 0.06145833333333333 0.36574074074074076 0.0671875 0.36666666666666664 0.07447916666666667 0.3787037037037037 0.07447916666666667 0.3972222222222222 0.07083333333333333 0.4 0.0625 0.3787037037037037 0.06145833333333333 0.36666666666666664
1 0.13229166666666667 0.2462962962962963 0.14010416666666667 0.26851851851851855 0.1375 0.275 0.13333333333333333 0.275 0.12760416666666666 0.2611111111111111 0.12760416666666666 0.25 0.1296875 0.24537037037037038 0.13177083333333334 0.2462962962962963
1 0.49114583333333334 0.4935185185185185 0.49375 0.5018518518518519 0.4921875 0.5175925925925926 0.49322916666666666 0.5314814814814814 0.4890625 0.5370370370370371 0.48489583333333336 0.5342592592592592 0.48333333333333334 0.4935185185185185 0.4859375 0.48703703703703705 0.490625 0.4935185185185185
1 0.6494791666666667 0.14351851851851852 0.6536458333333334 0.14629629629629629 0.6557291666666667 0.15648148148148147 0.653125 0.1685185185185185 0.653125 0.1814814814814815 0.6494791666666667 0.1814814814814815 0.646875 0.15555555555555556 0.6494791666666667 0.14444444444444443
1 0.5567708333333333 0.43425925925925923 0.5630208333333333 0.44722222222222224 0.5567708333333333 0.48055555555555557 0.5546875 0.47962962962962963 0.5546875 0.4666666666666667 0.5510416666666667 0.44814814814814813 0.5515625 0.44074074074074077 0.55625 0.43425925925925923
1 0.3067708333333333 0.16111111111111112 0.3026041666666667 0.13333333333333333 0.30364583333333334 0.1287037037037037 0.3067708333333333 0.12685185185185185 0.3104166666666667 0.14074074074074075 0.31145833333333334 0.15648148148148147 0.3104166666666667 0.16111111111111112 0.3072916666666667 0.16111111111111112
1 0.3890625 0.8537037037037037 0.39739583333333334 0.8638888888888889 0.40208333333333335 0.8759259259259259 0.4046875 0.8898148148148148 0.4041666666666667 0.8972222222222223 0.396875 0.8962962962962963 0.39427083333333335 0.9148148148148149 0.39166666666666666 0.9175925925925926 0.39114583333333336 0.8944444444444445 0.38697916666666665 0.887962962962963 0.3854166666666667 0.8787037037037037 0.3828125 0.8768518518518519 0.3802083333333333 0.8833333333333333 0.3765625 0.8842592592592593 0.3854166666666667 0.8555555555555555 0.3885416666666667 0.8537037037037037
1 0.6151041666666667 0.20185185185185187 0.6177083333333333 0.21666666666666667 0.6130208333333333 0.23796296296296296 0.6098958333333333 0.2361111111111111 0.6078125 0.21203703703703702 0.6119791666666666 0.2 0.6145833333333334 0.20185185185185187
1 0.15208333333333332 0.275 0.15625 0.2796296296296296 0.15989583333333332 0.3 0.1578125 0.3111111111111111 0.1546875 0.3101851851851852 0.15416666666666667 0.2935185185185185 0.14739583333333334 0.28703703703703703 0.14947916666666666 0.27685185185185185 0.1515625 0.275
1 0.5291666666666667 0.40555555555555556 0.534375 0.425 0.5260416666666666 0.43148148148148147 0.5213541666666667 0.42777777777777776 0.5208333333333334 0.4212962962962963 0.525 0.4074074074074074 0.5286458333333334 0.40555555555555556
1 0.6682291666666667 0.13518518518518519 0.6703125 0.13796296296296295 0.6703125 0.14537037037037037 0.6677083333333333 0.16018518518518518 0.6645833333333333 0.16666666666666666 0.6625 0.1638888888888889 0.6635416666666667 0.14074074074074075 0.6645833333333333 0.1361111111111111 0.6677083333333333 0.13518518518518519
1 0.23125 0.16666666666666666 0.23541666666666666 0.1814814814814815 0.23489583333333333 0.18981481481481483 0.23854166666666668 0.19907407407407407 0.2375 0.20462962962962963 0.23489583333333333 0.20462962962962963 0.23125 0.2101851851851852 0.22552083333333334 0.17592592592592593 0.2265625 0.1675925925925926 0.23072916666666668 0.16666666666666666
1 0.15416666666666667 0.2759259259259259 0.15833333333333333 0.2759259259259259 0.16458333333333333 0.28425925925925927 0.1671875 0.2898148148148148 0.16666666666666666 0.2962962962962963 0.171875 0.3037037037037037 0.17135416666666667 0.30648148148148147 0.1671875 0.3055555555555556 0.16458333333333333 0.31296296296296294 0.16302083333333334 0.3055555555555556 0.15625 0.29444444444444445 0.15416666666666667 0.27685185185185185
1 0.1921875 0.23703703703703705 0.1953125 0.23796296296296296 0.2 0.24537037037037038 0.20572916666666666 0.26481481481481484 0.20260416666666667 0.2657407407407407 0.2 0.2722222222222222 0.19635416666666666 0.27037037037037037 0.19166666666666668 0.25277777777777777 0.1921875 0.23796296296296296
1 0.6296875 0.19444444444444445 0.6322916666666667 0.2037037037037037 0.6322916666666667 0.21203703703703702 0.6296875 0.22962962962962963 0.6265625 0.2351851851851852 0.6239583333333333 0.2324074074074074 0.6223958333333334 0.20925925925925926 0.6265625 0.19537037037037036 0.6291666666666667 0.19444444444444445
1 0.6296875 0.3037037037037037 0.6338541666666667 0.3055555555555556 0.6354166666666666 0.31296296296296294 0.6317708333333333 0.35185185185185186 0.6286458333333333 0.35185185185185186 0.6255208333333333 0.3138888888888889 0.6296875 0.30462962962962964
1 0.4322916666666667 0.20277777777777778 0.4359375 0.20462962962962963 0.4395833333333333 0.22037037037037038 0.440625 0.24074074074074073 0.4390625 0.25092592592592594 0.4354166666666667 0.2518518518518518 0.4296875 0.225 0.42916666666666664 0.21296296296296297 0.4317708333333333 0.2037037037037037
1 0.26979166666666665 0.1537037037037037 0.27395833333333336 0.1675925925925926 0.2734375 0.17685185185185184 0.2755208333333333 0.18518518518518517 0.2734375 0.18796296296296297 0.2682291666666667 0.1787037037037037 0.26510416666666664 0.1648148148148148 0.265625 0.15833333333333333 0.26927083333333335 0.1537037037037037
1 0.3346354166666667 0.11990740740740741 0.0078125 0.03425925925925926
1 0.18645833333333334 0.23703703703703705 0.190625 0.24537037037037038 0.19010416666666666 0.2601851851851852 0.18697916666666667 0.275 0.184375 0.27314814814814814 0.18177083333333333 0.2462962962962963 0.1828125 0.23796296296296296 0.1859375 0.23703703703703705
1 0.07447916666666667 0.38055555555555554 0.08177083333333333 0.3861111111111111 0.08958333333333333 0.4009259259259259 0.09010416666666667 0.4083333333333333 0.08802083333333334 0.4185185185185185 0.08489583333333334 0.4185185185185185 0.07239583333333334 0.39351851851851855 0.07135416666666666 0.387037037037037 0.07395833333333333 0.3814814814814815
1 0.9901041666666667 0.612037037037037 0.9994791666666667 0.6018518518518519 0.9994791666666667 0.6398148148148148 0.9932291666666667 0.6509259259259259 0.9932291666666667 0.6574074074074074 0.9911458333333333 0.6583333333333333 0.9875 0.6518518518518519 0.9833333333333333 0.65 0.9875 0.6185185185185185 0.9901041666666667 0.6129629629629629
1 0.043229166666666666 0.3861111111111111 0.05364583333333333 0.39444444444444443 0.057291666666666664 0.40370370370370373 0.059895833333333336 0.4203703703703704 0.05677083333333333 0.42407407407407405 0.053125 0.41944444444444445 0.043229166666666666 0.3972222222222222 0.042708333333333334 0.387037037037037
1 0.640625 0.337037037037037 0.64375 0.34814814814814815 0.64375 0.3592592592592593 0.6369791666666667 0.3888888888888889 0.6338541666666667 0.38333333333333336 0.6322916666666667 0.35462962962962963 0.6359375 0.33796296296296297 0.6401041666666667 0.337037037037037
1 0.609375 0.44166666666666665 0.6125 0.44351851851851853 0.6151041666666667 0.4564814814814815 0.6145833333333334 0.4685185185185185 0.6109375 0.48055555555555557 0.6078125 0.48333333333333334 0.6057291666666667 0.4722222222222222 0.6020833333333333 0.4648148148148148 0.603125 0.45555555555555555 0.6088541666666667 0.4425925925925926
1 0.5755208333333334 0.3101851851851852 0.58125 0.29814814814814816 0.584375 0.29907407407407405 0.5854166666666667 0.3101851851851852 0.5817708333333333 0.3314814814814815 0.5822916666666667 0.3416666666666667 0.5796875 0.34814814814814815 0.5765625 0.3490740740740741 0.5755208333333334 0.34444444444444444 0.5776041666666667 0.32592592592592595 0.5760416666666667 0.3111111111111111
1 0.6166666666666667 0.4527777777777778 0.6208333333333333 0.45185185185185184 0.6234375 0.4583333333333333 0.6229166666666667 0.4861111111111111 0.6192708333333333 0.4898148148148148 0.6135416666666667 0.4777777777777778 0.6166666666666667 0.4537037037037037
1 0.32447916666666665 0.10092592592592593 0.328125 0.10092592592592593 0.32916666666666666 0.10462962962962963 0.33125 0.1259259259259259 0.33125 0.13333333333333333 0.328125 0.13518518518518519 0.3229166666666667 0.11203703703703703 0.32447916666666665 0.10185185185185185
1 0.17395833333333333 0.20277777777777778 0.178125 0.2 0.18020833333333333 0.20277777777777778 0.18489583333333334 0.22314814814814815 0.18229166666666666 0.23333333333333334 0.17864583333333334 0.2324074074074074 0.17291666666666666 0.2111111111111111 0.17395833333333333 0.2037037037037037
1 0.6 0.33055555555555555 0.6046875 0.33425925925925926 0.6067708333333334 0.34629629629629627 0.6036458333333333 0.35462962962962963 0.6020833333333333 0.36944444444444446 0.5994791666666667 0.3731481481481482 0.5958333333333333 0.36666666666666664 0.5947916666666667 0.34814814814814815 0.5953125 0.3388888888888889 0.5994791666666667 0.33055555555555555
1 0.6145833333333334 0.47962962962962963 0.6192708333333333 0.4888888888888889 0.6192708333333333 0.49907407407407406 0.6140625 0.5138888888888888 0.6098958333333333 0.5351851851851852 0.6083333333333333 0.5333333333333333 0.6098958333333333 0.5148148148148148 0.6057291666666667 0.5037037037037037 0.6057291666666667 0.4925925925925926 0.6098958333333333 0.48148148148148145 0.6140625 0.47962962962962963
1 0.6296875 0.13703703703703704 0.6322916666666667 0.1537037037037037 0.6296875 0.17685185185185184 0.6265625 0.17962962962962964 0.6234375 0.14907407407407408 0.6265625 0.1388888888888889 0.6291666666666667 0.13703703703703704
1 0.08333333333333333 0.35833333333333334 0.0921875 0.36666666666666664 0.09583333333333334 0.3731481481481482 0.096875 0.3824074074074074 0.10208333333333333 0.3907407407407407 0.10208333333333333 0.39351851851851855 0.09635416666666667 0.39351851851851855 0.0953125 0.4009259259259259 0.0921875 0.4027777777777778 0.078125 0.36574074074074076 0.078125 0.3592592592592593 0.0828125 0.35833333333333334
1 0.5885416666666666 0.23333333333333334 0.5921875 0.2324074074074074 0.5916666666666667 0.2462962962962963 0.59375 0.2574074074074074 0.5916666666666667 0.2722222222222222 0.5885416666666666 0.2759259259259259 0.5864583333333333 0.2722222222222222 0.5875 0.2601851851851852 0.5848958333333333 0.25462962962962965 0.584375 0.24722222222222223 0.5885416666666666 0.23425925925925925
1 0.6296875 0.27314814814814814 0.6317708333333333 0.2796296296296296 0.6307291666666667 0.29814814814814816 0.6244791666666667 0.3138888888888889 0.6223958333333334 0.3138888888888889 0.621875 0.3101851851851852 0.6223958333333334 0.29259259259259257 0.625 0.275 0.6291666666666667 0.27314814814814814
1 0.5223958333333333 0.9712962962962963 0.5223958333333333 0.9777777777777777 0.5182291666666666 0.9814814814814815 0.5078125 0.9731481481481481 0.5036458333333333 0.9657407407407408 0.5020833333333333 0.9416666666666667 0.503125 0.9296296296296296 0.5052083333333334 0.925 0.5088541666666667 0.925 0.5140625 0.9361111111111111 0.515625 0.9435185185185185 0.5151041666666667 0.9666666666666667 0.5171875 0.9703703703703703 0.521875 0.9712962962962963
1 0.640625 0.10092592592592593 0.6442708333333333 0.10185185185185185 0.6458333333333334 0.11851851851851852 0.6427083333333333 0.14074074074074075 0.6390625 0.1398148148148148 0.6385416666666667 0.11574074074074074 0.640625 0.10185185185185185
1 0.3802083333333333 0.08518518518518518 0.3796875 0.06944444444444445 0.38125 0.06018518518518518 0.38333333333333336 0.05740740740740741 0.3875 0.058333333333333334 0.3885416666666667 0.075 0.38697916666666665 0.08055555555555556 0.3807291666666667 0.08425925925925926