1 0.828125 0.13796296296296295 0.8302083333333333 0.1537037037037037 0.8192708333333333 0.18333333333333332 0.8140625 0.18333333333333332 0.8135416666666667 0.17962962962962964 0.8197916666666667 0.15092592592592594 0.8244791666666667 0.1398148148148148 0.8276041666666667 0.13796296296296295
1 0.06458333333333334 0.13425925925925927 0.07395833333333333 0.14537037037037037 0.07760416666666667 0.15462962962962962 0.07760416666666667 0.16111111111111112 0.0734375 0.1638888888888889 0.07395833333333333 0.17407407407407408 0.07083333333333333 0.18055555555555555 0.06666666666666667 0.1787037037037037 0.06666666666666667 0.1638888888888889 0.059375 0.14537037037037037 0.059375 0.13703703703703704 0.0640625 0.13425925925925927
1 0.8479166666666667 0.11944444444444445 0.8484375 0.12777777777777777 0.8416666666666667 0.16111111111111112 0.8380208333333333 0.16111111111111112 0.8354166666666667 0.1574074074074074 0.8364583333333333 0.13518518518518519 0.8453125 0.11851851851851852 0.8473958333333333 0.11944444444444445
1 0.13671875 0.07222222222222222 0.0171875 0.044444444444444446
1 0.553125 0.24351851851851852 0.5588541666666667 0.25092592592592594 0.5567708333333333 0.27870370370370373 0.5526041666666667 0.29259259259259257 0.55 0.29444444444444445 0.5494791666666666 0.2564814814814815 0.5505208333333333 0.24814814814814815 0.553125 0.24444444444444444
1 0.16458333333333333 0.028703703703703703 0.16979166666666667 0.03148148148148148 0.17291666666666666 0.05092592592592592 0.17135416666666667 0.05925925925925926 0.16770833333333332 0.06111111111111111 0.16510416666666666 0.058333333333333334 0.16354166666666667 0.05 0.16458333333333333 0.02962962962962963
1 0.7901041666666667 0.13518518518518519 0.79375 0.14814814814814814 0.7828125 0.17685185185185184 0.7791666666666667 0.17222222222222222 0.7802083333333333 0.16018518518518518 0.784375 0.14074074074074075 0.7864583333333334 0.1361111111111111 0.7895833333333333 0.13518518518518519
1 0.9151041666666667 0.524074074074074 0.9177083333333333 0.5277777777777778 0.9161458333333333 0.5351851851851852 0.9182291666666667 0.5425925925925926 0.9171875 0.5509259259259259 0.8947916666666667 0.5805555555555556 0.8921875 0.5777777777777777 0.896875 0.5694444444444444 0.8994791666666667 0.5546296296296296 0.8973958333333333 0.5435185185185185 0.9145833333333333 0.524074074074074
1 0.2869791666666667 0.9175925925925926 0.3015625 0.9314814814814815 0.3046875 0.9398148148148148 0.3067708333333333 0.9592592592592593 0.30052083333333335 0.9703703703703703 0.29791666666666666 0.9685185185185186 0.2953125 0.9574074074074074 0.2828125 0.9462962962962963 0.28541666666666665 0.9351851851851852 0.28020833333333334 0.924074074074074 0.28177083333333336 0.9194444444444444 0.2864583333333333 0.9175925925925926
1 0.04895833333333333 0.18333333333333332 0.058333333333333334 0.19907407407407407 0.058333333333333334 0.21203703703703702 0.06354166666666666 0.22314814814814815 0.06041666666666667 0.22962962962962963 0.042708333333333334 0.20185185185185187 0.04375 0.18518518518518517 0.04583333333333333 0.1814814814814815 0.0484375 0.18333333333333332
1 0.0640625 0.1824074074074074 0.07447916666666667 0.19537037037037036 0.08333333333333333 0.23333333333333334 0.07760416666666667 0.24259259259259258 0.07447916666666667 0.24166666666666667 0.0734375 0.22962962962962963 0.065625 0.20833333333333334 0.058854166666666666 0.1962962962962963 0.06354166666666666 0.18333333333333332
1 0.08125 0.15555555555555556 0.08958333333333333 0.1574074074074074 0.09270833333333334 0.1685185185185185 0.09270833333333334 0.1824074074074074 0.096875 0.19166666666666668 0.096875 0.19537037037037036 0.09375 0.19722222222222222 0.08645833333333333 0.18611111111111112 0.08125 0.1712962962962963 0.08125 0.15648148148148147
1 0.5567708333333333 0.20925925925925926 0.5604166666666667 0.2222222222222222 0.5604166666666667 0.23148148148148148 0.5541666666666667 0.24722222222222223 0.5510416666666667 0.24444444444444444 0.5479166666666667 0.225 0.553125 0.2101851851851852 0.55625 0.20925925925925926
1 0.11510416666666666 0.08796296296296297 0.12760416666666666 0.11944444444444445 0.12291666666666666 0.12222222222222222 0.11927083333333334 0.11388888888888889 0.11614583333333334 0.12314814814814815 0.11354166666666667 0.12037037037037036 0.11458333333333333 0.11296296296296296 0.109375 0.0962962962962963 0.1109375 0.08611111111111111 0.11458333333333333 0.08796296296296297
1 0.89375 0.5074074074074074 0.8979166666666667 0.5120370370370371 0.8953125 0.5222222222222223 0.8947916666666667 0.537962962962963 0.8838541666666667 0.5527777777777778 0.8791666666666667 0.5527777777777778 0.8744791666666667 0.5453703703703704 0.8765625 0.5370370370370371 0.8932291666666666 0.5083333333333333
1 0.04739583333333333 0.12685185185185185 0.05625 0.13333333333333333 0.058333333333333334 0.13796296296296295 0.06614583333333333 0.1648148148148148 0.0640625 0.17037037037037037 0.050520833333333334 0.14722222222222223 0.04479166666666667 0.13055555555555556 0.046875 0.12685185185185185
1 0.271875 0.9453703703703704 0.278125 0.9574074074074074 0.284375 0.9629629629629629 0.2828125 0.9731481481481481 0.284375 0.9842592592592593 0.28072916666666664 0.9879629629629629 0.27760416666666665 0.987037037037037 0.27291666666666664 0.9787037037037037 0.2677083333333333 0.9768518518518519 0.2625 0.9666666666666667 0.26197916666666665 0.9555555555555556 0.2671875 0.9453703703703704 0.2713541666666667 0.9453703703703704
1 0.11979166666666667 0.9046296296296297 0.1234375 0.912962962962963 0.1375 0.9111111111111111 0.14583333333333334 0.9259259259259259 0.159375 0.9361111111111111 0.16041666666666668 0.9425925925925925 0.153125 0.9490740740740741 0.15572916666666667 0.9592592592592593 0.15208333333333332 0.9629629629629629 0.14739583333333334 0.9611111111111111 0.140625 0.9518518518518518 0.12708333333333333 0.9527777777777777 0.11666666666666667 0.9388888888888889 0.115625 0.9314814814814815 0.1171875 0.9222222222222223 0.11458333333333333 0.9185185185185185 0.1140625 0.9111111111111111 0.11927083333333334 0.9046296296296297
1 0.21354166666666666 0.07037037037037037 0.21302083333333333 0.058333333333333334 0.20572916666666666 0.04351851851851852 0.20520833333333333 0.03611111111111111 0.20729166666666668 0.03148148148148148 0.20989583333333334 0.03148148148148148 0.21510416666666668 0.044444444444444446 0.21875 0.06296296296296296 0.21822916666666667 0.06851851851851852 0.2140625 0.07037037037037037
1 0.17395833333333333 0.06296296296296296 0.17604166666666668 0.07037037037037037 0.17552083333333332 0.0787037037037037 0.17864583333333334 0.08611111111111111 0.17864583333333334 0.09722222222222222 0.175 0.0962962962962963 0.16979166666666667 0.08703703703703704 0.16614583333333333 0.07037037037037037 0.16822916666666668 0.06018518518518518 0.1734375 0.06296296296296296
1 0.3692708333333333 0.5361111111111111 0.3734375 0.5361111111111111 0.3802083333333333 0.5462962962962963 0.3890625 0.5694444444444444 0.3885416666666667 0.5722222222222222 0.3807291666666667 0.5768518518518518 0.3796875 0.587037037037037 0.37552083333333336 0.5898148148148148 0.3697916666666667 0.5657407407407408 0.36822916666666666 0.5472222222222223 0.3692708333333333 0.5370370370370371
1 0.32864583333333336 0.725925925925926 0.33177083333333335 0.7314814814814815 0.3385416666666667 0.7333333333333333 0.33541666666666664 0.737037037037037 0.33541666666666664 0.7435185185185185 0.3453125 0.7601851851851852 0.34427083333333336 0.7666666666666667 0.334375 0.7638888888888888 0.32864583333333336 0.7712962962962963 0.3255208333333333 0.7703703703703704 0.32395833333333335 0.7611111111111111 0.32447916666666665 0.7287037037037037 0.328125 0.725925925925926
1 0.7458333333333333 0.1712962962962963 0.75 0.1425925925925926 0.7536458333333333 0.1361111111111111 0.7583333333333333 0.1361111111111111 0.7588541666666667 0.14351851851851852 0.753125 0.16296296296296298 0.7520833333333333 0.175 0.7463541666666667 0.17222222222222222
1 0.5947916666666667 0 0.6005208333333333 0 0.6020833333333333 0.007407407407407408 0.5979166666666667 0.032407407407407406 0.5942708333333333 0.03611111111111111 0.5942708333333333 0.019444444444444445 0.5916666666666667 0.008333333333333333 0.5947916666666667 0.000925925925925926
1 0.26666666666666666 0.7277777777777777 0.2760416666666667 0.7379629629629629 0.2765625 0.7546296296296297 0.2828125 0.7638888888888888 0.28177083333333336 0.7694444444444445 0.271875 0.7657407407407407 0.26875 0.7722222222222223 0.26458333333333334 0.7722222222222223 0.26145833333333335 0.7462962962962963 0.26145833333333335 0.7342592592592593 0.2640625 0.7277777777777777 0.26614583333333336 0.7277777777777777
1 0.027083333333333334 0.2074074074074074 0.03333333333333333 0.21574074074074073 0.0390625 0.23703703703703705 0.0328125 0.24351851851851852 0.01875 0.21388888888888888 0.022395833333333334 0.2064814814814815 0.0265625 0.2074074074074074
1 0.14375 0.08148148148148149 0.14895833333333333 0.08888888888888889 0.15104166666666666 0.10092592592592593 0.15625 0.11203703703703703 0.15572916666666667 0.11574074074074074 0.15104166666666666 0.12129629629629629 0.14739583333333334 0.11944444444444445 0.146875 0.1111111111111111 0.14114583333333333 0.09259259259259259 0.14114583333333333 0.08425925925925926 0.14322916666666666 0.0824074074074074
1 0.2140625 0.8268518518518518 0.228125 0.8333333333333334 0.23125 0.8435185185185186 0.24270833333333333 0.8592592592592593 0.2375 0.8740740740740741 0.23385416666666667 0.8740740740740741 0.21927083333333333 0.8592592592592593 0.21145833333333333 0.8555555555555555 0.2125 0.8453703703703703 0.20989583333333334 0.8314814814814815 0.21354166666666666 0.8268518518518518
1 0.5989583333333334 0.046296296296296294 0.6020833333333333 0.046296296296296294 0.6046875 0.06018518518518518 0.5984375 0.08703703703703704 0.5947916666666667 0.06111111111111111 0.5989583333333334 0.04722222222222222
1 0.6927083333333334 0.33425925925925926 0.703125 0.3194444444444444 0.7057291666666666 0.3074074074074074 0.7052083333333333 0.30185185185185187 0.709375 0.29444444444444445 0.7130208333333333 0.2935185185185185 0.7161458333333334 0.31203703703703706 0.7161458333333334 0.31666666666666665 0.7109375 0.32592592592592595 0.7046875 0.34629629629629627 0.7 0.34629629629629627 0.6984375 0.3398148148148148 0.6927083333333334 0.33796296296296297 0.6927083333333334 0.3351851851851852
1 0.95625 0.8342592592592593 0.9583333333333334 0.8379629629629629 0.959375 0.850925925925926 0.9578125 0.8601851851851852 0.9489583333333333 0.8703703703703703 0.9380208333333333 0.8694444444444445 0.9322916666666666 0.8777777777777778 0.9286458333333333 0.8722222222222222 0.9177083333333333 0.8777777777777778 0.9177083333333333 0.8694444444444445 0.93125 0.850925925925926 0.9401041666666666 0.8342592592592593 0.9557291666666666 0.8342592592592593
1 0.06354166666666666 0.11296296296296296 0.06666666666666667 0.11388888888888889 0.07447916666666667 0.12685185185185185 0.078125 0.14629629629629629 0.07760416666666667 0.15 0.07447916666666667 0.14907407407407408 0.0640625 0.13240740740740742 0.0625 0.11851851851851852 0.06354166666666666 0.11388888888888889
1 0.6213541666666667 0 0.6265625 0 0.6229166666666667 0.025925925925925925 0.6208333333333333 0.021296296296296296 0.6213541666666667 0.000925925925925926
1 0.9625 0.8722222222222222 0.9760416666666667 0.875 0.9776041666666667 0.8787037037037037 0.9765625 0.8935185185185185 0.9697916666666667 0.9018518518518519 0.953125 0.9055555555555556 0.9354166666666667 0.9222222222222223 0.9333333333333333 0.9212962962962963 0.9333333333333333 0.9157407407407407 0.9505208333333334 0.8907407407407407 0.959375 0.8722222222222222 0.9619791666666667 0.8722222222222222
1 0.5859375 0.275 0.5895833333333333 0.28055555555555556 0.5921875 0.29259259259259257 0.5869791666666667 0.30648148148148147 0.5848958333333333 0.31851851851851853 0.58125 0.3175925925925926 0.578125 0.3101851851851852 0.578125 0.29259259259259257 0.58125 0.28055555555555556 0.5854166666666667 0.275
1 0.3489583333333333 0.06944444444444445 0.35572916666666665 0.08333333333333333 0.35520833333333335 0.10740740740740741 0.35260416666666666 0.11296296296296296 0.35052083333333334 0.1111111111111111 0.3494791666666667 0.09814814814814815 0.3453125 0.08796296296296297 0.3453125 0.07777777777777778 0.3484375 0.06944444444444445
1 0.6552083333333333 0.8546296296296296 0.6598958333333333 0.862037037037037 0.6609375 0.8722222222222222 0.6463541666666667 0.8935185185185185 0.6385416666666667 0.8925925925925926 0.6338541666666667 0.8861111111111111 0.6416666666666667 0.8824074074074074 0.6421875 0.8703703703703703 0.6473958333333333 0.8555555555555555 0.6546875 0.8546296296296296
1 0.17864583333333334 0.03425925925925926 0.18385416666666668 0.04351851851851852 0.18802083333333333 0.06666666666666667 0.1859375 0.07314814814814814 0.18177083333333333 0.06296296296296296 0.17604166666666668 0.05740740740740741 0.17135416666666667 0.03981481481481482 0.17291666666666666 0.03518518518518519 0.178125 0.03425925925925926
1 0.34322916666666664 0.8972222222222223 0.3489583333333333 0.9074074074074074 0.34791666666666665 0.9185185185185185 0.35052083333333334 0.925 0.35208333333333336 0.9388888888888889 0.35208333333333336 0.9444444444444444 0.3463541666666667 0.9490740740740741 0.34270833333333334 0.9388888888888889 0.334375 0.9351851851851852 0.32708333333333334 0.9138888888888889 0.32760416666666664 0.9083333333333333 0.33645833333333336 0.8972222222222223 0.34270833333333334 0.8972222222222223
1 0.44166666666666665 0.8083333333333333 0.44583333333333336 0.8138888888888889 0.4473958333333333 0.8203703703703704 0.44635416666666666 0.8277777777777777 0.44375 0.8314814814814815 0.44635416666666666 0.8444444444444444 0.4427083333333333 0.8472222222222222 0.4359375 0.8379629629629629 0.4317708333333333 0.8361111111111111 0.42604166666666665 0.8388888888888889 0.42239583333333336 0.8351851851851851 0.4296875 0.8240740740740741 0.43020833333333336 0.8148148148148148 0.4276041666666667 0.8046296296296296 0.42864583333333334 0.8 0.4375 0.7972222222222223 0.44114583333333335 0.8083333333333333
1 0.09895833333333333 0.08703703703703704 0.1109375 0.12037037037037036 0.11041666666666666 0.12685185185185185 0.10625 0.1259259259259259 0.10104166666666667 0.11296296296296296 0.09322916666666667 0.10185185185185185 0.09322916666666667 0.08981481481481482 0.0953125 0.08611111111111111 0.0984375 0.08703703703703704
1 0.5723958333333333 0.8138888888888889 0.5786458333333333 0.8268518518518518 0.5776041666666667 0.8453703703703703 0.5755208333333334 0.8462962962962963 0.5677083333333334 0.8388888888888889 0.5604166666666667 0.8444444444444444 0.5567708333333333 0.8453703703703703 0.5552083333333333 0.8425925925925926 0.5614583333333333 0.825925925925926 0.5609375 0.8157407407407408 0.5625 0.8101851851851852 0.5677083333333334 0.8083333333333333 0.571875 0.8138888888888889
1 0.7307291666666667 0.37592592592592594 0.734375 0.38055555555555554 0.7338541666666667 0.3972222222222222 0.7244791666666667 0.425 0.7192708333333333 0.4287037037037037 0.7182291666666667 0.42407407407407405 0.7265625 0.38425925925925924 0.7302083333333333 0.3768518518518518
1 0.5708333333333333 0.17592592592592593 0.5744791666666667 0.17592592592592593 0.5776041666666667 0.18888888888888888 0.5744791666666667 0.21388888888888888 0.5677083333333334 0.22037037037037038 0.5677083333333334 0.18703703703703703 0.5708333333333333 0.17685185185185184
1 0.6635416666666667 0.24351851851851852 0.6666666666666666 0.25277777777777777 0.6666666666666666 0.262037037037037 0.6619791666666667 0.27870370370370373 0.6614583333333334 0.2898148148148148 0.659375 0.29259259259259257 0.6557291666666667 0.29074074074074074 0.6536458333333334 0.2796296296296296 0.6567708333333333 0.2722222222222222 0.6604166666666667 0.2462962962962963 0.6630208333333333 0.24351851851851852
1 0.1625 0.08981481481481482 0.16875 0.09814814814814815 0.1734375 0.1175925925925926 0.175 0.1259259259259259 0.171875 0.12962962962962962 0.16875 0.12777777777777777 0.16041666666666668 0.10185185185185185 0.15989583333333332 0.09537037037037037 0.16197916666666667 0.08981481481481482
1 0.23697916666666666 0 0.24270833333333333 0 0.24427083333333333 0.004629629629629629 0.2453125 0.027777777777777776 0.24375 0.03518518518518519 0.23854166666666668 0.025925925925925925 0.23697916666666666 0.000925925925925926
1 0.2520833333333333 0.9481481481481482 0.2625 0.9685185185185186 0.26145833333333335 0.9842592592592593 0.2557291666666667 0.9898148148148148 0.24270833333333333 0.9768518518518519 0.23958333333333334 0.9648148148148148 0.23541666666666666 0.9574074074074074 0.2375 0.950925925925926 0.24166666666666667 0.9481481481481482 0.2515625 0.9481481481481482
1 0.9640625 0.5574074074074075 0.9661458333333334 0.5601851851851852 0.9661458333333334 0.5666666666666667 0.9635416666666666 0.5814814814814815 0.95625 0.5962962962962963 0.9494791666666667 0.600925925925926 0.9390625 0.5925925925925926 0.9380208333333333 0.587037037037037 0.9494791666666667 0.562037037037037 0.9635416666666666 0.5574074074074075
1 0.8447916666666667 0.4703703703703704 0.8447916666666667 0.49074074074074076 0.8401041666666667 0.49537037037037035 0.828125 0.5203703703703704 0.8244791666666667 0.5120370370370371 0.8213541666666667 0.5111111111111111 0.8244791666666667 0.49166666666666664 0.834375 0.46944444444444444 0.8442708333333333 0.4703703703703704
1 0.3182291666666667 0.9194444444444444 0.3229166666666667 0.925 0.32708333333333334 0.9453703703703704 0.3260416666666667 0.9546296296296296 0.32083333333333336 0.9601851851851851 0.31614583333333335 0.9472222222222222 0.303125 0.9296296296296296 0.30416666666666664 0.9212962962962963 0.31302083333333336 0.9138888888888889 0.3177083333333333 0.9194444444444444