1 0.2609375 0.9462962962962963 0.2640625 0.9564814814814815 0.26979166666666665 0.9555555555555556 0.2755208333333333 0.9694444444444444 0.27708333333333335 0.9824074074074074 0.26979166666666665 0.9898148148148148 0.26614583333333336 0.9805555555555555 0.25833333333333336 0.9842592592592593 0.2520833333333333 0.9694444444444444 0.2526041666666667 0.9546296296296296 0.2546875 0.9481481481481482 0.2604166666666667 0.9462962962962963
1 0.83125 0.11481481481481481 0.8328125 0.125 0.8317708333333333 0.1361111111111111 0.8244791666666667 0.15 0.8229166666666666 0.1574074074074074 0.8208333333333333 0.16018518518518518 0.8182291666666667 0.1574074074074074 0.8223958333333333 0.12962962962962962 0.8307291666666666 0.11574074074074074
1 0.3796875 0.7861111111111111 0.39114583333333336 0.8064814814814815 0.3963541666666667 0.8101851851851852 0.39739583333333334 0.8185185185185185 0.40208333333333335 0.825925925925926 0.40625 0.8472222222222222 0.4041666666666667 0.850925925925926 0.4005208333333333 0.8490740740740741 0.39375 0.8592592592592593 0.390625 0.8601851851851852 0.3890625 0.8574074074074074 0.38697916666666665 0.8333333333333334 0.3848958333333333 0.8287037037037037 0.3796875 0.825925925925926 0.3765625 0.8027777777777778 0.37395833333333334 0.7972222222222223 0.37447916666666664 0.7898148148148149 0.37916666666666665 0.7861111111111111
1 0.4265625 0.7898148148148149 0.43125 0.8 0.4328125 0.812037037037037 0.4317708333333333 0.8296296296296296 0.4265625 0.8361111111111111 0.41822916666666665 0.8314814814814815 0.4161458333333333 0.8083333333333333 0.4166666666666667 0.7972222222222223 0.42291666666666666 0.7898148148148149 0.42604166666666665 0.7898148148148149
1 0.1125 0.13518518518518519 0.11770833333333333 0.14351851851851852 0.11822916666666666 0.15092592592592594 0.12447916666666667 0.1648148148148148 0.12395833333333334 0.1675925925925926 0.11666666666666667 0.17777777777777778 0.1109375 0.1675925925925926 0.10729166666666666 0.1574074074074074 0.10625 0.1398148148148148 0.11197916666666667 0.1361111111111111
1 0.6125 0.25925925925925924 0.6161458333333333 0.2611111111111111 0.6182291666666667 0.2759259259259259 0.6171875 0.287962962962963 0.6098958333333333 0.3074074074074074 0.6072916666666667 0.3074074074074074 0.6098958333333333 0.2935185185185185 0.6078125 0.2722222222222222 0.6125 0.2601851851851852
1 0.04635416666666667 0.11944444444444445 0.05572916666666667 0.13240740740740742 0.058333333333333334 0.14722222222222223 0.0625 0.1574074074074074 0.06145833333333333 0.16296296296296298 0.0546875 0.15555555555555556 0.04635416666666667 0.13796296296296295 0.0421875 0.125 0.043229166666666666 0.11944444444444445 0.04583333333333333 0.11944444444444445
1 0.5989583333333334 0.1935185185185185 0.6010416666666667 0.20925925925925926 0.5953125 0.24166666666666667 0.5927083333333333 0.24074074074074073 0.5911458333333334 0.22777777777777777 0.5916666666666667 0.20462962962962963 0.5953125 0.19444444444444445 0.5984375 0.1935185185185185
1 0.64375 0.03148148148148148 0.6453125 0.05092592592592592 0.640625 0.08425925925925926 0.6359375 0.07592592592592592 0.6359375 0.05925925925925926 0.6380208333333334 0.040740740740740744 0.6432291666666666 0.032407407407407406
1 0.5614583333333333 0.19537037037037036 0.5651041666666666 0.2064814814814815 0.5651041666666666 0.21481481481481482 0.5604166666666667 0.24814814814814815 0.5572916666666666 0.2462962962962963 0.55625 0.21574074074074073 0.5567708333333333 0.20462962962962963 0.5609375 0.19537037037037036
1 0.12291666666666666 0.06481481481481481 0.12708333333333333 0.06481481481481481 0.13020833333333334 0.06944444444444445 0.1375 0.09722222222222222 0.13697916666666668 0.10277777777777777 0.13333333333333333 0.10277777777777777 0.1296875 0.09444444444444444 0.12447916666666667 0.09074074074074075 0.121875 0.08055555555555556 0.12291666666666666 0.06574074074074074
1 0.7744791666666667 0.15833333333333333 0.7770833333333333 0.1675925925925926 0.7755208333333333 0.18888888888888888 0.7744791666666667 0.1925925925925926 0.7692708333333333 0.19537037037037036 0.765625 0.2064814814814815 0.7630208333333334 0.20555555555555555 0.7651041666666667 0.17407407407407408 0.7682291666666666 0.16296296296296298 0.771875 0.1574074074074074 0.7739583333333333 0.15833333333333333
1 0.30364583333333334 0.687037037037037 0.3072916666666667 0.7 0.3125 0.7083333333333334 0.31197916666666664 0.7138888888888889 0.3067708333333333 0.7148148148148148 0.30416666666666664 0.7194444444444444 0.30364583333333334 0.7444444444444445 0.3 0.7444444444444445 0.2984375 0.7296296296296296 0.2942708333333333 0.7138888888888889 0.2864583333333333 0.7129629629629629 0.29010416666666666 0.6898148148148148 0.303125 0.687037037037037
1 0.07083333333333333 0.1685185185185185 0.08125 0.18518518518518517 0.08333333333333333 0.2 0.0890625 0.2101851851851852 0.0875 0.21203703703703702 0.08125 0.2074074074074074 0.08125 0.21666666666666667 0.078125 0.22037037037037038 0.07604166666666666 0.2064814814814815 0.06875 0.18611111111111112 0.06822916666666666 0.17314814814814813 0.0703125 0.16944444444444445
1 0.6640625 0.10277777777777777 0.6666666666666666 0.11203703703703703 0.6651041666666667 0.13333333333333333 0.6578125 0.14537037037037037 0.65625 0.14351851851851852 0.6567708333333333 0.11203703703703703 0.6609375 0.10092592592592593 0.6635416666666667 0.10277777777777777
1 0.8036458333333333 0.43148148148148147 0.8067708333333333 0.4351851851851852 0.8067708333333333 0.44907407407407407 0.8036458333333333 0.462037037037037 0.7979166666666667 0.46944444444444444 0.7953125 0.48518518518518516 0.7895833333333333 0.48703703703703705 0.7885416666666667 0.4842592592592593 0.7885416666666667 0.4759259259259259 0.7911458333333333 0.4675925925925926 0.7890625 0.4546296296296296 0.803125 0.4324074074074074
1 0.1578125 0.06111111111111111 0.16458333333333333 0.07222222222222222 0.16458333333333333 0.08425925925925926 0.1578125 0.08333333333333333 0.15572916666666667 0.07685185185185185 0.1546875 0.06296296296296296 0.15729166666666666 0.06111111111111111
1 0.0640625 0.12222222222222222 0.07395833333333333 0.14351851851851852 0.07604166666666666 0.1527777777777778 0.07447916666666667 0.15925925925925927 0.0703125 0.15648148148148147 0.06354166666666666 0.14537037037037037 0.0578125 0.12037037037037036 0.06041666666666667 0.11666666666666667 0.06354166666666666 0.12222222222222222
1 0.9114583333333334 0.5064814814814815 0.9125 0.512962962962963 0.9109375 0.5342592592592592 0.9020833333333333 0.5435185185185185 0.89375 0.562037037037037 0.8895833333333333 0.562037037037037 0.8885416666666667 0.5583333333333333 0.8958333333333334 0.5287037037037037 0.9010416666666666 0.5185185185185185 0.9057291666666667 0.5148148148148148 0.9078125 0.5074074074074074 0.9109375 0.5064814814814815
1 0.3125 0.8416666666666667 0.3203125 0.8481481481481481 0.3234375 0.8583333333333333 0.33125 0.8666666666666667 0.3333333333333333 0.8740740740740741 0.32864583333333336 0.8777777777777778 0.32083333333333336 0.8768518518518519 0.3072916666666667 0.8944444444444445 0.303125 0.8944444444444445 0.3026041666666667 0.8898148148148148 0.309375 0.8814814814814815 0.3098958333333333 0.8712962962962963 0.3067708333333333 0.8564814814814815 0.3020833333333333 0.8518518518518519 0.3020833333333333 0.8472222222222222 0.3067708333333333 0.8407407407407408 0.31197916666666664 0.8416666666666667
1 0.5364583333333334 0.42407407407407405 0.5395833333333333 0.4305555555555556 0.5411458333333333 0.4425925925925926 0.5333333333333333 0.47962962962962963 0.5317708333333333 0.47685185185185186 0.5307291666666667 0.4564814814814815 0.5265625 0.45092592592592595 0.5260416666666666 0.4462962962962963 0.5328125 0.425 0.5359375 0.42407407407407405
1 0.6513020833333333 0.3638888888888889 0.0140625 0.05740740740740741
1 0.2526041666666667 0.8481481481481481 0.2552083333333333 0.8537037037037037 0.25364583333333335 0.8712962962962963 0.2598958333333333 0.8824074074074074 0.259375 0.8870370370370371 0.2546875 0.8944444444444445 0.24479166666666666 0.8916666666666667 0.24322916666666666 0.8851851851851852 0.234375 0.8768518518518519 0.22916666666666666 0.8638888888888889 0.23072916666666668 0.8564814814814815 0.24114583333333334 0.8490740740740741 0.2520833333333333 0.8481481481481481
1 0.22708333333333333 0.004629629629629629 0.2359375 0.04259259259259259 0.23385416666666667 0.049074074074074076 0.23072916666666668 0.05 0.22864583333333333 0.037037037037037035 0.225 0.028703703703703703 0.22447916666666667 0.014814814814814815 0.22708333333333333 0.005555555555555556
1 0.2375 0 0.24479166666666666 0 0.24739583333333334 0.025 0.24739583333333334 0.02962962962962963 0.24322916666666666 0.032407407407407406 0.24166666666666667 0.025925925925925925 0.2375 0.022222222222222223 0.2375 0.000925925925925926
1 0.55 0.20555555555555555 0.5463541666666667 0.17314814814814813 0.5479166666666667 0.16203703703703703 0.553125 0.15833333333333333 0.5578125 0.16944444444444445 0.5505208333333333 0.20462962962962963
1 0.10208333333333333 0.39351851851851855 0.1078125 0.4027777777777778 0.10208333333333333 0.4148148148148148 0.09947916666666666 0.41203703703703703 0.09635416666666667 0.39814814814814814 0.096875 0.39351851851851855 0.1015625 0.39351851851851855
1 0.10364583333333334 0.06388888888888888 0.10572916666666667 0.06388888888888888 0.11510416666666666 0.08333333333333333 0.11875 0.10092592592592593 0.11614583333333334 0.1111111111111111 0.1125 0.1111111111111111 0.11145833333333334 0.1037037037037037 0.1046875 0.09166666666666666 0.103125 0.08425925925925926 0.10364583333333334 0.06481481481481481
1 0.5463541666666667 0.1388888888888889 0.5505208333333333 0.1537037037037037 0.5463541666666667 0.175 0.5432291666666667 0.1712962962962963 0.5395833333333333 0.15833333333333333 0.5411458333333333 0.14629629629629629 0.5458333333333333 0.1388888888888889
1 0.24791666666666667 0.7675925925925926 0.26145833333333335 0.7796296296296297 0.2625 0.7962962962962963 0.26614583333333336 0.8 0.26666666666666666 0.8064814814814815 0.2630208333333333 0.8101851851851852 0.2578125 0.8101851851851852 0.246875 0.7925925925925926 0.24322916666666666 0.7722222222222223 0.24739583333333334 0.7685185185185185
1 0.7458333333333333 0.25925925925925924 0.7473958333333334 0.2824074074074074 0.7458333333333333 0.2833333333333333 0.7395833333333334 0.27685185185185185 0.7427083333333333 0.2611111111111111 0.7453125 0.25925925925925924
1 0.0859375 0.1111111111111111 0.09166666666666666 0.12222222222222222 0.09270833333333334 0.13425925925925927 0.09583333333333334 0.1425925925925926 0.09583333333333334 0.15 0.09322916666666667 0.1537037037037037 0.09166666666666666 0.1537037037037037 0.09166666666666666 0.14814814814814814 0.0859375 0.13333333333333333 0.08020833333333334 0.12407407407407407 0.08125 0.11388888888888889 0.08541666666666667 0.1111111111111111
1 0.5739583333333333 0.1925925925925926 0.5765625 0.1925925925925926 0.5791666666666667 0.20185185185185187 0.5770833333333333 0.22685185185185186 0.5744791666666667 0.2388888888888889 0.5708333333333333 0.24074074074074073 0.5703125 0.20925925925925926 0.5739583333333333 0.1935185185185185
1 0.6192708333333333 0.1962962962962963 0.6229166666666667 0.19814814814814816 0.6244791666666667 0.2064814814814815 0.6239583333333333 0.22037037037037038 0.6182291666666667 0.22962962962962963 0.6197916666666666 0.23796296296296296 0.6161458333333333 0.24537037037037038 0.6151041666666667 0.23796296296296296 0.6125 0.2351851851851852 0.6140625 0.2101851851851852 0.6192708333333333 0.19722222222222222
1 0.8973958333333333 0.5027777777777778 0.8979166666666667 0.5120370370370371 0.8947916666666667 0.5222222222222223 0.8838541666666667 0.5407407407407407 0.8770833333333333 0.5453703703703704 0.8739583333333333 0.5425925925925926 0.875 0.5333333333333333 0.8833333333333333 0.512962962962963 0.8869791666666667 0.5074074074074074 0.896875 0.5027777777777778
1 0.5364583333333334 0.13148148148148148 0.5411458333333333 0.1425925925925926 0.5395833333333333 0.15925925925925927 0.5364583333333334 0.16296296296296298 0.5328125 0.16018518518518518 0.5317708333333333 0.14351851851851852 0.5359375 0.13240740740740742
1 0.35625 0.8305555555555556 0.36666666666666664 0.8398148148148148 0.37083333333333335 0.8555555555555555 0.37395833333333334 0.8601851851851852 0.3729166666666667 0.8648148148148148 0.3640625 0.8666666666666667 0.35833333333333334 0.8666666666666667 0.35572916666666665 0.8629629629629629 0.35104166666666664 0.8388888888888889 0.35208333333333336 0.8324074074074074 0.35572916666666665 0.8305555555555556
1 0.13333333333333333 0.10462962962962963 0.1375 0.10740740740740741 0.14166666666666666 0.125 0.14739583333333334 0.13796296296296295 0.14739583333333334 0.14351851851851852 0.14375 0.1398148148148148 0.140625 0.14814814814814814 0.13854166666666667 0.14722222222222223 0.1375 0.1361111111111111 0.13177083333333334 0.12222222222222222 0.13125 0.10740740740740741 0.1328125 0.10555555555555556
1 0.042708333333333334 0.17777777777777778 0.04739583333333333 0.17777777777777778 0.05364583333333333 0.18796296296296297 0.05572916666666667 0.19444444444444445 0.05572916666666667 0.2074074074074074 0.06041666666666667 0.21574074074074073 0.06041666666666667 0.22037037037037038 0.05677083333333333 0.2222222222222222 0.04114583333333333 0.19907407407407407 0.04010416666666667 0.18518518518518517 0.042708333333333334 0.1787037037037037
1 0.24166666666666667 0.9472222222222222 0.25052083333333336 0.9555555555555556 0.2526041666666667 0.9675925925925926 0.25677083333333334 0.9777777777777777 0.25677083333333334 0.9842592592592593 0.25416666666666665 0.9879629629629629 0.240625 0.9861111111111112 0.234375 0.9787037037037037 0.23333333333333334 0.9518518518518518 0.23697916666666666 0.9462962962962963 0.24114583333333334 0.9472222222222222
1 0.5291666666666667 0.3425925925925926 0.5328125 0.35555555555555557 0.5328125 0.3648148148148148 0.528125 0.37962962962962965 0.5255208333333333 0.3962962962962963 0.5234375 0.39351851851851855 0.5244791666666667 0.37962962962962965 0.521875 0.35555555555555557 0.525 0.34444444444444444 0.5286458333333334 0.3425925925925926
1 0.3651041666666667 0.8675925925925926 0.36770833333333336 0.8731481481481481 0.375 0.9111111111111111 0.375 0.9175925925925926 0.36770833333333336 0.925 0.365625 0.925 0.36614583333333334 0.9148148148148149 0.3645833333333333 0.9101851851851852 0.35572916666666665 0.9037037037037037 0.3541666666666667 0.899074074074074 0.3546875 0.887962962962963 0.35833333333333334 0.8722222222222222 0.3645833333333333 0.8675925925925926
1 0.28489583333333335 0 0.290625 0 0.2921875 0.014814814814814815 0.2921875 0.019444444444444445 0.28958333333333336 0.021296296296296296 0.28489583333333335 0.000925925925925926
1 0.85703125 0.2439814814814815 0.016145833333333335 0.04722222222222222
1 0.0265625 0.20833333333333334 0.033854166666666664 0.2175925925925926 0.03958333333333333 0.2351851851851852 0.046875 0.24722222222222223 0.04010416666666667 0.25925925925925924 0.03802083333333333 0.25833333333333336 0.0328125 0.23796296296296296 0.025520833333333333 0.22777777777777777 0.022395833333333334 0.21666666666666667 0.021875 0.20925925925925926 0.026041666666666668 0.20833333333333334
1 0.28229166666666666 0.9120370370370371 0.29739583333333336 0.9259259259259259 0.2984375 0.9592592592592593 0.29375 0.9675925925925926 0.28958333333333336 0.9666666666666667 0.2875 0.9546296296296296 0.278125 0.937962962962963 0.2786458333333333 0.9259259259259259 0.275 0.9212962962962963 0.27447916666666666 0.9166666666666666 0.2760416666666667 0.9120370370370371 0.28177083333333336 0.9120370370370371
1 0.5385416666666667 0.16111111111111112 0.5421875 0.1675925925925926 0.5432291666666667 0.1814814814814815 0.5427083333333333 0.18888888888888888 0.5364583333333334 0.20833333333333334 0.534375 0.20555555555555555 0.5328125 0.1787037037037037 0.5338541666666666 0.1638888888888889 0.5359375 0.16018518518518518 0.5380208333333333 0.16111111111111112
1 0.3421875 0.8907407407407407 0.3484375 0.9027777777777778 0.346875 0.9111111111111111 0.3494791666666667 0.9175925925925926 0.3494791666666667 0.9287037037037037 0.3515625 0.9351851851851852 0.3458333333333333 0.9425925925925925 0.34010416666666665 0.9296296296296296 0.3328125 0.9287037037037037 0.3265625 0.9074074074074074 0.328125 0.8972222222222223 0.3380208333333333 0.8888888888888888 0.3416666666666667 0.8907407407407407
1 0.6260416666666667 0.8305555555555556 0.63125 0.8388888888888889 0.6286458333333333 0.8574074074074074 0.6307291666666667 0.8712962962962963 0.6265625 0.8722222222222222 0.6229166666666667 0.8657407407407407 0.61875 0.8638888888888889 0.615625 0.8722222222222222 0.6088541666666667 0.8722222222222222 0.603125 0.8768518518518519 0.5994791666666667 0.8759259259259259 0.5989583333333334 0.8703703703703703 0.6067708333333334 0.8648148148148148 0.6161458333333333 0.8527777777777777 0.61875 0.8305555555555556 0.6255208333333333 0.8305555555555556
1 0.64375 0.24074074074074073 0.6473958333333333 0.2388888888888889 0.6505208333333333 0.24814814814814815 0.6458333333333334 0.2833333333333333 0.6442708333333333 0.28703703703703703 0.6411458333333333 0.28703703703703703 0.6411458333333333 0.2601851851851852 0.64375 0.24166666666666667
1 0.64375 0.1537037037037037 0.6458333333333334 0.1574074074074074 0.646875 0.1675925925925926 0.6411458333333333 0.2 0.6364583333333333 0.19814814814814816 0.6359375 0.175 0.6369791666666667 0.16666666666666666 0.6432291666666666 0.15462962962962962
1 0.6302083333333334 0.06851851851851852 0.6338541666666667 0.07592592592592592 0.6338541666666667 0.0824074074074074 0.6265625 0.11203703703703703 0.6244791666666667 0.0824074074074074 0.6260416666666667 0.07314814814814814 0.6296875 0.06851851851851852
1 0.16536458333333334 0.10138888888888889 0.015104166666666667 0.041666666666666664
1 0.5953125 0.012962962962962963 0.596875 0.026851851851851852 0.5947916666666667 0.04537037037037037 0.5927083333333333 0.053703703703703705 0.5901041666666667 0.05555555555555555 0.5869791666666667 0.053703703703703705 0.5869791666666667 0.028703703703703703 0.5916666666666667 0.013888888888888888 0.5947916666666667 0.012962962962962963
1 0.3140625 0.9092592592592592 0.32083333333333336 0.9166666666666666 0.325 0.937037037037037 0.3255208333333333 0.9444444444444444 0.32083333333333336 0.9527777777777777 0.3171875 0.9527777777777777 0.31666666666666665 0.9444444444444444 0.30364583333333334 0.9277777777777778 0.3015625 0.9212962962962963 0.30364583333333334 0.9138888888888889 0.3104166666666667 0.9083333333333333 0.31354166666666666 0.9092592592592592
1 0.14739583333333334 0.07777777777777778 0.15260416666666668 0.09166666666666666 0.1546875 0.12129629629629629 0.146875 0.10833333333333334 0.140625 0.08796296296296297 0.14322916666666666 0.07037037037037037 0.146875 0.07777777777777778