0 0.5119791666666667 0.28888888888888886 0.5161458333333333 0.2916666666666667 0.5229166666666667 0.3037037037037037 0.5713541666666667 0.4305555555555556 0.5786458333333333 0.4546296296296296 0.5796875 0.5055555555555555 0.5760416666666667 0.5268518518518519 0.5729166666666666 0.5305555555555556 0.565625 0.5305555555555556 0.5395833333333333 0.5416666666666666 0.5317708333333333 0.5361111111111111 0.528125 0.5296296296296297 0.5145833333333333 0.49166666666666664 0.5130208333333334 0.48055555555555557 0.4947916666666667 0.4212962962962963 0.48125 0.3611111111111111 0.48385416666666664 0.3037037037037037 0.4901041666666667 0.2935185185185185 0.5114583333333333 0.28888888888888886
0 0.17239583333333333 0.35185185185185186 0.18489583333333334 0.36944444444444446 0.18697916666666667 0.3814814814814815 0.18229166666666666 0.39351851851851855 0.16510416666666666 0.41574074074074074 0.14791666666666667 0.4111111111111111 0.14375 0.3990740740740741 0.14114583333333333 0.3768518518518518 0.14322916666666666 0.36944444444444446 0.15052083333333333 0.36018518518518516 0.16354166666666667 0.3509259259259259 0.171875 0.35185185185185186
0 0.10364583333333334 0.375 0.109375 0.3787037037037037 0.11354166666666667 0.3888888888888889 0.11458333333333333 0.4046296296296296 0.1125 0.4101851851851852 0.09635416666666667 0.42777777777777776 0.08645833333333333 0.45 0.0828125 0.45 0.07760416666666667 0.44351851851851853 0.071875 0.45185185185185184 0.057291666666666664 0.45 0.052083333333333336 0.4527777777777778 0.04479166666666667 0.44907407407407407 0.042708333333333334 0.4305555555555556 0.05364583333333333 0.4027777777777778 0.0671875 0.38796296296296295 0.07708333333333334 0.3851851851851852 0.0875 0.3768518518518518 0.103125 0.375
0 0.5328125 0.1925925925925926 0.5421875 0.19907407407407407 0.5416666666666666 0.2175925925925926 0.5359375 0.23425925925925925 0.5328125 0.23425925925925925 0.5255208333333333 0.24351851851851852 0.5151041666666667 0.24074074074074073 0.5104166666666666 0.23333333333333334 0.5098958333333333 0.225 0.5151041666666667 0.2074074074074074 0.5203125 0.19814814814814816 0.5234375 0.19444444444444445 0.5322916666666667 0.1925925925925926
0 0.32760416666666664 0.15648148148148147 0.3307291666666667 0.15833333333333333 0.3328125 0.1648148148148148 0.33541666666666664 0.20185185185185187 0.3338541666666667 0.2074074074074074 0.32447916666666665 0.21574074074074073 0.3145833333333333 0.21296296296296297 0.3125 0.20925925925925926 0.3104166666666667 0.17222222222222222 0.31666666666666665 0.16018518518518518 0.32708333333333334 0.15648148148148147
0 0.7453125 0.674074074074074 0.7546875 0.6777777777777778 0.7760416666666666 0.6990740740740741 0.7901041666666667 0.7212962962962963 0.7927083333333333 0.7305555555555555 0.7927083333333333 0.7407407407407407 0.7916666666666666 0.7509259259259259 0.7869791666666667 0.7657407407407407 0.7890625 0.7824074074074074 0.7828125 0.7898148148148149 0.7734375 0.7787037037037037 0.7505208333333333 0.7611111111111111 0.7411458333333333 0.7490740740740741 0.7307291666666667 0.7444444444444445 0.7276041666666667 0.7398148148148148 0.725 0.7166666666666667 0.7447916666666666 0.674074074074074
0 0.5536458333333333 0.2824074074074074 0.5604166666666667 0.29444444444444445 0.5671875 0.29444444444444445 0.5713541666666667 0.30277777777777776 0.571875 0.32037037037037036 0.565625 0.34444444444444444 0.5630208333333333 0.34629629629629627 0.5505208333333333 0.33796296296296297 0.5494791666666666 0.2962962962962963 0.5505208333333333 0.287962962962963 0.553125 0.2833333333333333
0 0.8630208333333333 0.8277777777777777 0.9046875 0.8574074074074074 0.9328125 0.8851851851851852 0.9453125 0.9092592592592592 0.9666666666666667 0.9314814814814815 0.9802083333333333 0.9601851851851851 0.98125 0.9898148148148148 0.9833333333333333 0.9944444444444445 0.9802083333333333 0.9990740740740741 0.9552083333333333 0.9990740740740741 0.9510416666666667 0.9944444444444445 0.9520833333333333 0.9824074074074074 0.9463541666666667 0.9694444444444444 0.9427083333333334 0.9703703703703703 0.9359375 0.987037037037037 0.9380208333333333 0.9925925925925926 0.9421875 0.9944444444444445 0.9348958333333334 0.9990740740740741 0.921875 0.9990740740740741 0.9072916666666667 0.9796296296296296 0.884375 0.9574074074074074 0.8697916666666666 0.9472222222222222 0.853125 0.9481481481481482 0.8442708333333333 0.9398148148148148 0.840625 0.9305555555555556 0.8390625 0.9175925925925926 0.8302083333333333 0.8851851851851852 0.8302083333333333 0.8657407407407407 0.8338541666666667 0.8472222222222222 0.8416666666666667 0.8342592592592593 0.8484375 0.8268518518518518 0.8625 0.8277777777777777
0 0.6942708333333333 0.2564814814814815 0.7010416666666667 0.2611111111111111 0.7145833333333333 0.30462962962962964 0.7166666666666667 0.3212962962962963 0.7135416666666666 0.337037037037037 0.7088541666666667 0.3416666666666667 0.6890625 0.3388888888888889 0.6765625 0.29907407407407405 0.6755208333333333 0.27037037037037037 0.6833333333333333 0.25833333333333336 0.69375 0.2564814814814815
0 0.37083333333333335 0.37222222222222223 0.3776041666666667 0.37592592592592594 0.38333333333333336 0.3888888888888889 0.3848958333333333 0.3972222222222222 0.384375 0.41574074074074074 0.359375 0.4462962962962963 0.3572916666666667 0.44537037037037036 0.35208333333333336 0.4324074074074074 0.35052083333333334 0.4009259259259259 0.3619791666666667 0.375 0.3703125 0.37222222222222223
0 0.4354166666666667 0.22962962962962963 0.4427083333333333 0.2324074074074074 0.44583333333333336 0.23796296296296296 0.4473958333333333 0.2712962962962963 0.44635416666666666 0.2824074074074074 0.440625 0.30092592592592593 0.4328125 0.3148148148148148 0.428125 0.3296296296296296 0.41770833333333335 0.3296296296296296 0.41458333333333336 0.33240740740740743 0.40625 0.32685185185185184 0.403125 0.31851851851851853 0.4036458333333333 0.29907407407407405 0.40989583333333335 0.2574074074074074 0.4239583333333333 0.2324074074074074 0.4348958333333333 0.22962962962962963
0 0.07864583333333333 0.44351851851851853 0.09114583333333333 0.4583333333333333 0.090625 0.4685185185185185 0.075 0.4861111111111111 0.0640625 0.4935185185185185 0.046875 0.475 0.04739583333333333 0.4537037037037037 0.059895833333333336 0.44907407407407407 0.07083333333333333 0.45092592592592595 0.078125 0.44351851851851853
0 0.3567708333333333 0.14629629629629629 0.36354166666666665 0.14814814814814814 0.36614583333333334 0.1574074074074074 0.365625 0.175 0.36302083333333335 0.1824074074074074 0.3578125 0.18703703703703703 0.3458333333333333 0.18518518518518517 0.34427083333333336 0.1685185185185185 0.3453125 0.15833333333333333 0.35625 0.14629629629629629
0 0.8286458333333333 0.6972222222222222 0.8661458333333333 0.7268518518518519 0.8807291666666667 0.7444444444444445 0.89375 0.7685185185185185 0.9046875 0.7768518518518519 0.9114583333333334 0.7861111111111111 0.91875 0.8046296296296296 0.9192708333333334 0.8157407407407408 0.9140625 0.8435185185185186 0.9083333333333333 0.8527777777777777 0.8932291666666666 0.8481481481481481 0.8572916666666667 0.8203703703703704 0.8223958333333333 0.7861111111111111 0.8083333333333333 0.7833333333333333 0.8026041666666667 0.7759259259259259 0.796875 0.7555555555555555 0.7953125 0.7388888888888889 0.7989583333333333 0.7194444444444444 0.8078125 0.7027777777777777 0.8192708333333333 0.6953703703703704 0.828125 0.6972222222222222
0 0.934375 0.6925925925925925 0.94375 0.6972222222222222 0.9651041666666667 0.7185185185185186 0.9848958333333333 0.7333333333333333 0.9869791666666666 0.7518518518518519 0.9828125 0.7768518518518519 0.9791666666666666 0.7824074074074074 0.9828125 0.7907407407407407 0.9776041666666667 0.7962962962962963 0.9739583333333334 0.7925925925925926 0.9541666666666667 0.7898148148148149 0.9270833333333334 0.7666666666666667 0.9145833333333333 0.7648148148148148 0.9078125 0.7583333333333333 0.9046875 0.7398148148148148 0.9114583333333334 0.7185185185185186 0.9255208333333333 0.6953703703703704 0.9338541666666667 0.6925925925925925
0 0.5536458333333333 0.6564814814814814 0.5588541666666667 0.6472222222222223 0.5677083333333334 0.6472222222222223 0.5744791666666667 0.662962962962963 0.5755208333333334 0.6759259259259259 0.5817708333333333 0.7046296296296296 0.58125 0.7101851851851851 0.5770833333333333 0.712037037037037 0.5682291666666667 0.6842592592592592 0.5432291666666667 0.6722222222222223 0.5453125 0.6620370370370371 0.5536458333333333 0.6574074074074074
0 0.8177083333333334 0.6462962962962963 0.821875 0.6620370370370371 0.828125 0.6722222222222223 0.83125 0.6851851851851852 0.8286458333333333 0.6935185185185185 0.8203125 0.6925925925925925 0.8151041666666666 0.6962962962962963 0.8109375 0.6962962962962963 0.8078125 0.6888888888888889 0.8 0.6824074074074075 0.7927083333333333 0.6648148148148149 0.796875 0.6472222222222223 0.8171875 0.6462962962962963
0 0.6869791666666667 0.6370370370370371 0.703125 0.6564814814814814 0.7166666666666667 0.6796296296296296 0.7182291666666667 0.7101851851851851 0.7135416666666666 0.7231481481481481 0.7161458333333334 0.7342592592592593 0.7140625 0.7416666666666667 0.7098958333333333 0.7416666666666667 0.7036458333333333 0.7324074074074074 0.6953125 0.7277777777777777 0.6776041666666667 0.7101851851851851 0.6671875 0.6990740740740741 0.6604166666666667 0.6851851851851852 0.6609375 0.6722222222222223 0.6682291666666667 0.6509259259259259 0.6786458333333333 0.6388888888888888 0.6864583333333333 0.6370370370370371
0 0.09739583333333333 0.6027777777777777 0.11927083333333334 0.6046296296296296 0.14427083333333332 0.6185185185185185 0.15104166666666666 0.6259259259259259 0.16458333333333333 0.65 0.16822916666666668 0.6657407407407407 0.16979166666666667 0.675 0.16822916666666668 0.7037037037037037 0.16458333333333333 0.7111111111111111 0.15208333333333332 0.7203703703703703 0.14895833333333333 0.7314814814814815 0.14479166666666668 0.737037037037037 0.13645833333333332 0.7388888888888889 0.12291666666666666 0.7333333333333333 0.1203125 0.7407407407407407 0.11302083333333333 0.7472222222222222 0.09791666666666667 0.7527777777777778 0.0859375 0.762962962962963 0.06041666666666667 0.7722222222222223 0.05364583333333333 0.7870370370370371 0.042708333333333334 0.7935185185185185 0.030208333333333334 0.7898148148148149 0.022395833333333334 0.7787037037037037 0.004166666666666667 0.7824074074074074 0 0.7768518518518519 0 0.6462962962962963 0.06302083333333333 0.6148148148148148 0.096875 0.6027777777777777
0 0.2859375 0.7537037037037037 0.2942708333333333 0.7601851851851852 0.3 0.7759259259259259 0.303125 0.8064814814814815 0.303125 0.8148148148148148 0.30052083333333335 0.8240740740740741 0.28854166666666664 0.8416666666666667 0.2828125 0.8444444444444444 0.271875 0.8435185185185186 0.25364583333333335 0.8537037037037037 0.22708333333333333 0.8712962962962963 0.21354166666666666 0.887962962962963 0.19270833333333334 0.8861111111111111 0.18333333333333332 0.8722222222222222 0.17916666666666667 0.8453703703703703 0.1796875 0.8194444444444444 0.18177083333333333 0.8111111111111111 0.18541666666666667 0.8055555555555556 0.21822916666666667 0.7787037037037037 0.24010416666666667 0.7675925925925926 0.28541666666666665 0.7537037037037037
0 0.2864583333333333 0.21944444444444444 0.2994791666666667 0.22314814814814815 0.30364583333333334 0.22777777777777777 0.3046875 0.23333333333333334 0.30364583333333334 0.24351851851851852 0.28958333333333336 0.2564814814814815 0.2864583333333333 0.26296296296296295 0.26875 0.262037037037037 0.265625 0.24722222222222223 0.26666666666666666 0.23796296296296296 0.2708333333333333 0.22685185185185186 0.2760416666666667 0.2212962962962963 0.2859375 0.21944444444444444
0 0.4109375 0.33425925925925926 0.4078125 0.33796296296296297 0.4125 0.3416666666666667 0.41354166666666664 0.3685185185185185 0.4010416666666667 0.3888888888888889 0.39739583333333334 0.38796296296296295 0.396875 0.3509259259259259 0.4041666666666667 0.33796296296296297 0.41041666666666665 0.33425925925925926
0 0.7390625 0.4324074074074074 0.7515625 0.4398148148148148 0.7734375 0.46111111111111114 0.7760416666666666 0.4740740740740741 0.7776041666666667 0.5055555555555555 0.7697916666666667 0.5166666666666667 0.7515625 0.512962962962963 0.740625 0.5046296296296297 0.7401041666666667 0.48703703703703705 0.734375 0.44722222222222224 0.7354166666666667 0.4351851851851852 0.7385416666666667 0.4324074074074074
0 0.6901041666666666 0.5268518518518519 0.6958333333333333 0.5314814814814814 0.7052083333333333 0.5287037037037037 0.7098958333333333 0.537962962962963 0.7125 0.5638888888888889 0.7109375 0.5842592592592593 0.7067708333333333 0.5898148148148148 0.703125 0.5879629629629629 0.684375 0.55 0.6875 0.5305555555555556 0.6895833333333333 0.5268518518518519
0 0.21822916666666667 0.26851851851851855 0.22708333333333333 0.2722222222222222 0.23125 0.2833333333333333 0.234375 0.3055555555555556 0.2171875 0.32685185185185184 0.203125 0.32314814814814813 0.19947916666666668 0.30185185185185187 0.19947916666666668 0.2916666666666667 0.20729166666666668 0.275 0.21770833333333334 0.26851851851851855
0 0.2375 0.6648148148148149 0.24114583333333334 0.6694444444444444 0.24270833333333333 0.6768518518518518 0.24166666666666667 0.6962962962962963 0.23802083333333332 0.7074074074074074 0.22291666666666668 0.7231481481481481 0.2171875 0.7379629629629629 0.21041666666666667 0.737037037037037 0.20833333333333334 0.7314814814814815 0.20989583333333334 0.6944444444444444 0.21927083333333333 0.6694444444444444 0.22395833333333334 0.6666666666666666 0.225 0.6694444444444444 0.22239583333333332 0.675 0.2234375 0.6777777777777778 0.23072916666666668 0.6777777777777778 0.23489583333333333 0.6731481481481482 0.23697916666666666 0.6657407407407407
0 0.5088541666666667 0.23425925925925925 0.5140625 0.24074074074074073 0.5177083333333333 0.2537037037037037 0.5140625 0.2861111111111111 0.4875 0.2953703703703704 0.4859375 0.2898148148148148 0.4869791666666667 0.27685185185185185 0.4953125 0.24074074074074073 0.49947916666666664 0.23425925925925925 0.5083333333333333 0.23425925925925925
0 0.4890625 0.18333333333333332 0.496875 0.18888888888888888 0.4984375 0.2037037037037037 0.496875 0.2175925925925926 0.4875 0.22592592592592592 0.48072916666666665 0.225 0.47708333333333336 0.2175925925925926 0.4765625 0.2074074074074074 0.4791666666666667 0.1925925925925926 0.48854166666666665 0.18333333333333332
0 0.6354166666666666 0.45925925925925926 0.65 0.47685185185185186 0.6619791666666667 0.4962962962962963 0.671875 0.5231481481481481 0.6739583333333333 0.5342592592592592 0.6822916666666666 0.5537037037037037 0.6817708333333333 0.5694444444444444 0.678125 0.5787037037037037 0.6604166666666667 0.5879629629629629 0.6546875 0.587037037037037 0.64375 0.575 0.6364583333333333 0.549074074074074 0.6296875 0.5388888888888889 0.6255208333333333 0.5259259259259259 0.6182291666666667 0.5157407407407407 0.6135416666666667 0.5009259259259259 0.6125 0.4777777777777778 0.6145833333333334 0.4722222222222222 0.6192708333333333 0.4648148148148148 0.6348958333333333 0.45925925925925926
0 0.4953125 0.04722222222222222 0.496875 0.05648148148148148 0.49166666666666664 0.06666666666666667 0.49114583333333334 0.0824074074074074 0.4875 0.09166666666666666 0.48385416666666664 0.09259259259259259 0.475 0.09259259259259259 0.47291666666666665 0.08981481481481482 0.47291666666666665 0.058333333333333334 0.475 0.053703703703703705 0.48541666666666666 0.046296296296296294 0.4947916666666667 0.04722222222222222
0 0.9760416666666667 0.6666666666666666 0.9994791666666667 0.6759259259259259 0.9994791666666667 0.7314814814814815 0.9973958333333334 0.7333333333333333 0.9994791666666667 0.7601851851851852 0.9947916666666666 0.7601851851851852 0.9885416666666667 0.7509259259259259 0.9890625 0.7444444444444445 0.9828125 0.7296296296296296 0.9625 0.7148148148148148 0.9494791666666667 0.7027777777777777 0.9453125 0.6953703703703704 0.9463541666666667 0.6824074074074075 0.9515625 0.675 0.9630208333333333 0.6657407407407407 0.9755208333333333 0.6666666666666666
0 0.6015625 0.6296296296296297 0.6234375 0.6509259259259259 0.6473958333333333 0.6851851851851852 0.6817708333333333 0.75 0.6833333333333333 0.7546296296296297 0.6833333333333333 0.7703703703703704 0.6796875 0.7851851851851852 0.671875 0.799074074074074 0.6619791666666667 0.8074074074074075 0.6536458333333334 0.8074074074074075 0.640625 0.7972222222222223 0.6328125 0.7787037037037037 0.6171875 0.7509259259259259 0.5927083333333333 0.7138888888888889 0.5838541666666667 0.7064814814814815 0.5770833333333333 0.675 0.5776041666666667 0.6537037037037037 0.5864583333333333 0.6370370370370371 0.5942708333333333 0.6296296296296297 0.6010416666666667 0.6296296296296297
0 0.5359375 0.2388888888888889 0.5432291666666667 0.24537037037037038 0.5453125 0.25833333333333336 0.5442708333333334 0.28055555555555556 0.5390625 0.30462962962962964 0.5359375 0.30925925925925923 0.5255208333333333 0.3074074074074074 0.5177083333333333 0.28888888888888886 0.5177083333333333 0.2740740740740741 0.525 0.24814814814814815 0.5291666666666667 0.24074074074074073 0.5354166666666667 0.2388888888888889
0 0.5364583333333334 0.6703703703703704 0.5677083333333334 0.6833333333333333 0.5713541666666667 0.6888888888888889 0.5755208333333334 0.7101851851851851 0.5744791666666667 0.7277777777777777 0.5760416666666667 0.7416666666666667 0.5744791666666667 0.7453703703703703 0.559375 0.7481481481481481 0.5401041666666667 0.7481481481481481 0.5291666666666667 0.7416666666666667 0.5239583333333333 0.7472222222222222 0.5192708333333333 0.7472222222222222 0.5119791666666667 0.7351851851851852 0.5119791666666667 0.7212962962962963 0.51875 0.6814814814814815 0.5229166666666667 0.6712962962962963 0.5359375 0.6703703703703704
0 0.5484375 0.05925925925925926 0.5645833333333333 0.06388888888888888 0.5666666666666667 0.06759259259259259 0.5682291666666667 0.07962962962962963 0.5661458333333333 0.11296296296296296 0.55625 0.14722222222222223 0.5328125 0.17592592592592593 0.5145833333333333 0.17222222222222222 0.5083333333333333 0.1675925925925926 0.5083333333333333 0.13148148148148148 0.5104166666666666 0.10555555555555556 0.5151041666666667 0.08425925925925926 0.5390625 0.062037037037037036 0.5479166666666667 0.05925925925925926
0 0.7651041666666667 0.6388888888888888 0.76875 0.6435185185185185 0.7703125 0.6546296296296297 0.7765625 0.6648148148148149 0.7776041666666667 0.6972222222222222 0.7760416666666666 0.6990740740740741 0.7604166666666666 0.6824074074074075 0.7458333333333333 0.674074074074074 0.7427083333333333 0.6675925925925926 0.7432291666666667 0.6509259259259259 0.7453125 0.6462962962962963 0.7515625 0.6416666666666667 0.759375 0.6481481481481481 0.7645833333333333 0.6398148148148148
0 0.20677083333333332 0.9194444444444444 0.21666666666666667 0.9259259259259259 0.2203125 0.9398148148148148 0.20572916666666666 0.9583333333333334 0.1953125 0.9574074074074074 0.175 0.9787037037037037 0.16302083333333334 0.9740740740740741 0.15729166666666666 0.9657407407407408 0.15729166666666666 0.9574074074074074 0.1609375 0.9481481481481482 0.17291666666666666 0.9388888888888889 0.17864583333333334 0.9259259259259259 0.18541666666666667 0.9231481481481482 0.1890625 0.9305555555555556 0.1984375 0.9212962962962963 0.20625 0.9194444444444444
0 0.6630208333333333 0.462037037037037 0.6692708333333334 0.46944444444444444 0.6682291666666667 0.4981481481481482 0.6661458333333333 0.5055555555555555 0.6479166666666667 0.47314814814814815 0.6510416666666666 0.45555555555555555 0.6572916666666667 0.45555555555555555 0.6614583333333334 0.45185185185185184 0.6625 0.462037037037037
0 0.5984375 0.7824074074074074 0.6052083333333333 0.7972222222222223 0.6067708333333334 0.8101851851851852 0.6109375 0.8212962962962963 0.6104166666666667 0.8268518518518518 0.60625 0.8314814814814815 0.5932291666666667 0.8222222222222222 0.5921875 0.8092592592592592 0.5880208333333333 0.7962962962962963 0.5916666666666667 0.7814814814814814 0.5979166666666667 0.7824074074074074
0 0.2833333333333333 0.3490740740740741 0.2864583333333333 0.35462962962962963 0.28802083333333334 0.3712962962962963 0.2791666666666667 0.39351851851851855 0.271875 0.42314814814814816 0.2630208333333333 0.4324074074074074 0.2453125 0.4351851851851852 0.23645833333333333 0.43425925925925923 0.23385416666666667 0.4287037037037037 0.23333333333333334 0.41759259259259257 0.2375 0.3962962962962963 0.246875 0.36574074074074076 0.26145833333333335 0.35 0.271875 0.3472222222222222 0.2828125 0.3490740740740741
0 0.575 0.03518518518518519 0.5807291666666666 0.04722222222222222 0.58125 0.05555555555555555 0.5791666666666667 0.06111111111111111 0.5692708333333333 0.06111111111111111 0.5661458333333333 0.05740740740740741 0.5666666666666667 0.03611111111111111 0.5744791666666667 0.03518518518518519
0 0.5192708333333333 0.006481481481481481 0.521875 0.01574074074074074 0.5197916666666667 0.021296296296296296 0.5119791666666667 0.021296296296296296 0.5083333333333333 0.016666666666666666 0.5083333333333333 0.010185185185185186 0.5109375 0.003703703703703704 0.5166666666666667 0.002777777777777778 0.51875 0.006481481481481481
1 0.4078125 0.6935185185185185 0.4109375 0.7046296296296296 0.4109375 0.7203703703703703 0.4083333333333333 0.7277777777777777 0.4078125 0.7388888888888889 0.40520833333333334 0.7407407407407407 0.4041666666666667 0.7287037037037037 0.39739583333333334 0.712037037037037 0.39739583333333334 0.6962962962962963 0.39791666666666664 0.687962962962963 0.4005208333333333 0.6833333333333333 0.4041666666666667 0.6833333333333333 0.40729166666666666 0.6935185185185185
1 0.659375 0.3888888888888889 0.6635416666666667 0.38981481481481484 0.6645833333333333 0.4009259259259259 0.659375 0.43425925925925923 0.6567708333333333 0.4351851851851852 0.6541666666666667 0.4222222222222222 0.6557291666666667 0.4148148148148148 0.6541666666666667 0.4074074074074074 0.659375 0.38981481481481484
1 0.05677083333333333 0.34814814814814815 0.059375 0.35462962962962963 0.053125 0.36018518518518516 0.049479166666666664 0.34814814814814815 0.043229166666666666 0.337037037037037 0.042708333333333334 0.3277777777777778 0.04583333333333333 0.31666666666666665 0.05 0.3175925925925926 0.05364583333333333 0.325 0.05416666666666667 0.3425925925925926 0.05625 0.34814814814814815
1 0.5916666666666667 0.19722222222222222 0.5942708333333333 0.2064814814814815 0.5916666666666667 0.21944444444444444 0.5885416666666666 0.2175925925925926 0.5875 0.20277777777777778 0.5880208333333333 0.19814814814814816 0.5911458333333334 0.19722222222222222
1 0.23802083333333332 0.21157407407407408 0.0125 0.032407407407407406
1 0.7520833333333333 0.562962962962963 0.7536458333333333 0.5703703703703704 0.753125 0.5851851851851851 0.7479166666666667 0.612037037037037 0.7453125 0.6157407407407407 0.7364583333333333 0.6157407407407407 0.7354166666666667 0.612037037037037 0.7411458333333333 0.5851851851851851 0.7479166666666667 0.5694444444444444 0.7484375 0.5638888888888889 0.7515625 0.562962962962963
1 0.6229166666666667 0.3212962962962963 0.6265625 0.31666666666666665 0.6302083333333334 0.3296296296296296 0.6286458333333333 0.35833333333333334 0.6229166666666667 0.36203703703703705 0.6203125 0.33611111111111114 0.6203125 0.3296296296296296 0.6229166666666667 0.32222222222222224
1 0.8885416666666667 0.687962962962963 0.8890625 0.6944444444444444 0.89375 0.7064814814814815 0.89375 0.7129629629629629 0.8916666666666667 0.7166666666666667 0.8869791666666667 0.7129629629629629 0.8822916666666667 0.7138888888888889 0.8770833333333333 0.7361111111111112 0.8692708333333333 0.7296296296296296 0.8630208333333333 0.7194444444444444 0.8734375 0.6935185185185185 0.8786458333333333 0.6888888888888889 0.8880208333333334 0.687962962962963
1 0.7963541666666667 0.42777777777777776 0.7984375 0.43425925925925923 0.7973958333333333 0.45092592592592595 0.7895833333333333 0.45092592592592595 0.7848958333333333 0.4425925925925926 0.7932291666666667 0.42777777777777776 0.7958333333333333 0.42777777777777776
1 0.8625 0.5907407407407408 0.8645833333333334 0.6092592592592593 0.859375 0.6268518518518519 0.8588541666666667 0.6425925925925926 0.8557291666666667 0.6425925925925926 0.8526041666666667 0.6240740740740741 0.8421875 0.6333333333333333 0.8401041666666667 0.6296296296296297 0.8541666666666666 0.6074074074074074 0.8578125 0.5944444444444444 0.8619791666666666 0.5907407407407408
1 0.3963541666666667 0.9592592592592593 0.4041666666666667 0.9768518518518519 0.40729166666666666 0.9990740740740741 0.38645833333333335 0.9990740740740741 0.3859375 0.9842592592592593 0.3885416666666667 0.975 0.3890625 0.9629629629629629 0.3927083333333333 0.9583333333333334 0.3958333333333333 0.9592592592592593
1 0.640625 0.31574074074074077 0.6442708333333333 0.3212962962962963 0.6453125 0.33240740740740743 0.6416666666666667 0.3398148148148148 0.6390625 0.35462962962962963 0.6333333333333333 0.3592592592592593 0.6348958333333333 0.3472222222222222 0.634375 0.32407407407407407 0.6369791666666667 0.3175925925925926 0.6401041666666667 0.31574074074074077
1 0.05 0.3685185185185185 0.05364583333333333 0.3675925925925926 0.06041666666666667 0.3888888888888889 0.059895833333333336 0.39444444444444443 0.057291666666666664 0.39814814814814814 0.053125 0.39444444444444443 0.04895833333333333 0.37962962962962965 0.05 0.36944444444444446
1 0.075 0.3490740740740741 0.0796875 0.3527777777777778 0.08333333333333333 0.37222222222222223 0.08125 0.3824074074074074 0.078125 0.3814814814814815 0.071875 0.36574074074074076 0.07135416666666666 0.3537037037037037 0.07447916666666667 0.3490740740740741
1 0.2864583333333333 0.17037037037037037 0.28958333333333336 0.17777777777777778 0.29010416666666666 0.18611111111111112 0.29010416666666666 0.20092592592592592 0.2864583333333333 0.20555555555555555 0.2828125 0.18703703703703703 0.2828125 0.17685185185185184 0.2859375 0.17037037037037037
1 0.6104166666666667 0.27870370370370373 0.009375 0.037037037037037035
1 0.8197916666666667 0.4888888888888889 0.8239583333333333 0.49444444444444446 0.8239583333333333 0.4981481481481482 0.8177083333333334 0.5185185185185185 0.8140625 0.5175925925925926 0.8119791666666667 0.5083333333333333 0.8161458333333333 0.487962962962963 0.8192708333333333 0.4888888888888889
1 0.008333333333333333 0.4166666666666667 0.011979166666666667 0.4166666666666667 0.01875 0.42314814814814816 0.030729166666666665 0.4527777777777778 0.0265625 0.4564814814814815 0.022395833333333334 0.46574074074074073 0.018229166666666668 0.44814814814814813 0.009375 0.4388888888888889 0.009895833333333333 0.42592592592592593 0.008333333333333333 0.41759259259259257
1 0.39739583333333334 0.6324074074074074 0.4046875 0.6472222222222223 0.40208333333333335 0.6796296296296296 0.396875 0.6796296296296296 0.3932291666666667 0.6611111111111111 0.39375 0.6370370370370371 0.396875 0.6333333333333333
1 0.6416666666666667 0.9601851851851851 0.6458333333333334 0.9731481481481481 0.6473958333333333 0.987037037037037 0.6447916666666667 0.9925925925925926 0.6375 0.9962962962962963 0.6322916666666667 0.9953703703703703 0.6317708333333333 0.9805555555555555 0.6354166666666666 0.9722222222222222 0.6369791666666667 0.962037037037037 0.6411458333333333 0.9601851851851851
1 0.5744791666666667 0.2759259259259259 0.5776041666666667 0.28425925925925927 0.5755208333333334 0.31666666666666665 0.5729166666666666 0.31851851851851853 0.5708333333333333 0.3148148148148148 0.5703125 0.287962962962963 0.5739583333333333 0.27685185185185185
1 0.41041666666666665 0.674074074074074 0.014583333333333334 0.04814814814814815
1 0.5989583333333334 0.20555555555555555 0.6020833333333333 0.21851851851851853 0.6010416666666667 0.23796296296296296 0.5953125 0.24351851851851852 0.59375 0.21481481481481482 0.5984375 0.20555555555555555
1 0.16354166666666667 0.3060185185185185 0.015625 0.04351851851851852
1 0.1984375 0.5388888888888889 0.19583333333333333 0.5314814814814814 0.19427083333333334 0.5425925925925926 0.19010416666666666 0.5425925925925926 0.18854166666666666 0.5305555555555556 0.18229166666666666 0.5101851851851852 0.18541666666666667 0.4935185185185185 0.19010416666666666 0.49537037037037035 0.19375 0.5148148148148148 0.2015625 0.5305555555555556 0.20260416666666667 0.5388888888888889 0.19895833333333332 0.5388888888888889
1 0.3854166666666667 0.637962962962963 0.39166666666666666 0.6509259259259259 0.3921875 0.6722222222222223 0.3890625 0.6796296296296296 0.38697916666666665 0.6953703703703704 0.38385416666666666 0.6962962962962963 0.384375 0.6796296296296296 0.3796875 0.6620370370370371 0.37916666666666665 0.649074074074074 0.3802083333333333 0.6407407407407407 0.3828125 0.6370370370370371 0.3848958333333333 0.637962962962963
1 0.2557291666666667 0.20277777777777778 0.25833333333333336 0.1925925925925926 0.26197916666666665 0.1925925925925926 0.2682291666666667 0.22037037037037038 0.25885416666666666 0.22777777777777777 0.25625 0.2037037037037037
1 0.8229166666666666 0.39814814814814814 0.8255208333333334 0.40370370370370373 0.8234375 0.42407407407407405 0.8208333333333333 0.42962962962962964 0.8177083333333334 0.42777777777777776 0.8151041666666666 0.4351851851851852 0.8114583333333333 0.43148148148148147 0.8130208333333333 0.41759259259259257 0.8166666666666667 0.40370370370370373 0.8223958333333333 0.39814814814814814
1 0.9994791666666667 0.7777777777777778 0.9994791666666667 0.7842592592592592 0.9958333333333333 0.787962962962963 0.9880208333333333 0.8203703703703704 0.9807291666666667 0.8342592592592593 0.9807291666666667 0.8398148148148148 0.9671875 0.825925925925926 0.9666666666666667 0.8203703703703704 0.9729166666666667 0.8083333333333333 0.9802083333333333 0.8018518518518518 0.9859375 0.7861111111111111 0.990625 0.7796296296296297 0.99375 0.7768518518518519 0.9989583333333333 0.7777777777777778
1 0.9791666666666666 0.6388888888888888 0.9817708333333334 0.6583333333333333 0.971875 0.6657407407407407 0.9630208333333333 0.6648148148148149 0.9625 0.6518518518518519 0.9713541666666666 0.6388888888888888 0.9786458333333333 0.6388888888888888
1 0.5841145833333333 0.3282407407407407 0.008854166666666666 0.03796296296296296
1 0.290625 0.17314814814814813 0.29322916666666665 0.175 0.2953125 0.18425925925925926 0.2953125 0.20277777777777778 0.29375 0.20555555555555555 0.2916666666666667 0.2037037037037037 0.28958333333333336 0.1925925925925926 0.28854166666666664 0.175 0.29010416666666666 0.17314814814814813
1 0.4322916666666667 0.6518518518518519 0.4354166666666667 0.6546296296296297 0.4375 0.6620370370370371 0.4375 0.6861111111111111 0.42916666666666664 0.7074074074074074 0.4276041666666667 0.7064814814814815 0.428125 0.6907407407407408 0.425 0.6546296296296297 0.428125 0.65 0.4317708333333333 0.6518518518518519
1 0.6145833333333334 0.3194444444444444 0.6182291666666667 0.3351851851851852 0.6125 0.36018518518518516 0.609375 0.3574074074074074 0.6083333333333333 0.34074074074074073 0.609375 0.3287037037037037 0.6119791666666666 0.32037037037037036 0.6140625 0.3194444444444444
1 0.6057291666666667 0.23703703703703705 0.6072916666666667 0.25277777777777777 0.6026041666666667 0.26944444444444443 0.6 0.2657407407407407 0.6 0.2462962962962963 0.6010416666666667 0.24074074074074073 0.6052083333333333 0.23703703703703705
1 0.7078125 0.5115740740740741 0.014583333333333334 0.03611111111111111
1 0.8109375 0.4009259259259259 0.8114583333333333 0.4185185185185185 0.809375 0.42777777777777776 0.8041666666666667 0.43333333333333335 0.8026041666666667 0.43148148148148147 0.8036458333333333 0.41944444444444445 0.8072916666666666 0.4027777777777778 0.8104166666666667 0.4009259259259259
1 0.6286458333333333 0.9787037037037037 0.6317708333333333 0.9824074074074074 0.6328125 0.9953703703703703 0.63125 0.9990740740740741 0.6192708333333333 0.9990740740740741 0.6244791666666667 0.9805555555555555 0.628125 0.9787037037037037