0 0.3671875 0.7101851851851851 0.37916666666666665 0.7231481481481481 0.4015625 0.7231481481481481 0.40729166666666666 0.725 0.4119791666666667 0.7305555555555555 0.41458333333333336 0.7509259259259259 0.41458333333333336 0.7962962962962963 0.4078125 0.8111111111111111 0.403125 0.8138888888888889 0.39739583333333334 0.8138888888888889 0.3859375 0.8055555555555556 0.3723958333333333 0.8111111111111111 0.340625 0.8138888888888889 0.32916666666666666 0.8222222222222222 0.30625 0.812037037037037 0.3 0.7898148148148149 0.2989583333333333 0.7796296296296297 0.30104166666666665 0.7759259259259259 0.30833333333333335 0.7194444444444444 0.3125 0.7148148148148148 0.36666666666666664 0.7101851851851851
0 0.484375 0.2861111111111111 0.4921875 0.29259259259259257 0.5005208333333333 0.32407407407407407 0.5 0.33611111111111114 0.5020833333333333 0.3490740740740741 0.5 0.3638888888888889 0.48854166666666665 0.3675925925925926 0.4765625 0.36666666666666664 0.4734375 0.36203703703703705 0.471875 0.3398148148148148 0.46822916666666664 0.32685185185185184 0.46770833333333334 0.3074074074074074 0.46979166666666666 0.2935185185185185 0.475 0.287962962962963 0.48385416666666664 0.2861111111111111
0 0.7270833333333333 0.6111111111111112 0.7479166666666667 0.6231481481481481 0.76875 0.6398148148148148 0.7833333333333333 0.6537037037037037 0.7916666666666666 0.6703703703703704 0.8109375 0.6907407407407408 0.8166666666666667 0.7055555555555556 0.8166666666666667 0.7166666666666667 0.8109375 0.7472222222222222 0.8036458333333333 0.7546296296296297 0.7828125 0.7555555555555555 0.7755208333333333 0.7490740740740741 0.7666666666666667 0.7351851851851852 0.7276041666666667 0.7027777777777777 0.7208333333333333 0.7027777777777777 0.7098958333333333 0.6925925925925925 0.7020833333333333 0.6703703703703704 0.7020833333333333 0.6518518518518519 0.7135416666666666 0.6194444444444445 0.7265625 0.612037037037037
0 0.5791666666666667 0.5768518518518518 0.6026041666666667 0.5981481481481481 0.6223958333333334 0.6277777777777778 0.6286458333333333 0.6333333333333333 0.63125 0.6453703703703704 0.6453125 0.6703703703703704 0.6473958333333333 0.6787037037037037 0.6463541666666667 0.7027777777777777 0.6369791666666667 0.7185185185185186 0.6307291666666667 0.7231481481481481 0.6161458333333333 0.7203703703703703 0.6088541666666667 0.7157407407407408 0.6010416666666667 0.6953703703703704 0.5755208333333334 0.6564814814814814 0.5666666666666667 0.6509259259259259 0.5625 0.6444444444444445 0.5552083333333333 0.6222222222222222 0.5552083333333333 0.6055555555555555 0.5598958333333334 0.5898148148148148 0.5635416666666667 0.5842592592592593 0.5708333333333333 0.5777777777777777 0.5786458333333333 0.5768518518518518
0 0.5364583333333334 0.19166666666666668 0.540625 0.2 0.5411458333333333 0.225 0.5369791666666667 0.2388888888888889 0.5296875 0.2490740740740741 0.5135416666666667 0.24722222222222223 0.5104166666666666 0.24351851851851852 0.5098958333333333 0.2351851851851852 0.5130208333333334 0.21388888888888888 0.5213541666666667 0.19722222222222222 0.5276041666666667 0.19074074074074074 0.5359375 0.19166666666666668
1 0.48802083333333335 0.5111111111111111 0.4947916666666667 0.5222222222222223 0.4953125 0.5268518518518519 0.4947916666666667 0.5462962962962963 0.48802083333333335 0.5638888888888889 0.48541666666666666 0.562962962962963 0.4864583333333333 0.5537037037037037 0.48333333333333334 0.5361111111111111 0.48489583333333336 0.5166666666666667 0.4875 0.5111111111111111
1 0.15520833333333334 0.27870370370370373 0.159375 0.28888888888888886 0.16041666666666668 0.3037037037037037 0.1578125 0.30833333333333335 0.15052083333333333 0.2898148148148148 0.15104166666666666 0.2796296296296296 0.1546875 0.27870370370370373
1 0.057291666666666664 0.33240740740740743 0.06354166666666666 0.35 0.0671875 0.37592592592592594 0.06354166666666666 0.37592592592592594 0.053125 0.35185185185185186 0.052083333333333336 0.33611111111111114 0.05677083333333333 0.33240740740740743
1 0.5848958333333333 0.27685185185185185 0.5885416666666666 0.2851851851851852 0.5854166666666667 0.3148148148148148 0.58125 0.3175925925925926 0.5796875 0.30185185185185187 0.5796875 0.28703703703703703 0.5848958333333333 0.2777777777777778
1 0.043229166666666666 0.3509259259259259 0.05 0.36018518518518516 0.050520833333333334 0.36944444444444446 0.05572916666666667 0.3814814814814815 0.05416666666666667 0.387037037037037 0.04479166666666667 0.37962962962962965 0.0390625 0.37037037037037035 0.03854166666666667 0.35555555555555557 0.042708333333333334 0.3509259259259259
1 0.19739583333333333 0.22592592592592592 0.20260416666666667 0.23333333333333334 0.203125 0.2574074074074074 0.1984375 0.25555555555555554 0.19479166666666667 0.2388888888888889 0.19479166666666667 0.22685185185185186 0.196875 0.22592592592592592
1 0.6171875 0.375 0.6203125 0.3925925925925926 0.6130208333333333 0.42314814814814816 0.609375 0.40925925925925927 0.6083333333333333 0.39537037037037037 0.6135416666666667 0.37592592592592594 0.6166666666666667 0.375
1 0.559375 0.33796296296296297 0.5625 0.3490740740740741 0.5598958333333334 0.36944444444444446 0.5567708333333333 0.37777777777777777 0.5536458333333333 0.3768518518518518 0.5520833333333334 0.34814814814814815 0.5541666666666667 0.33796296296296297 0.5588541666666667 0.33796296296296297
1 0.5979166666666667 0.25092592592592594 0.6 0.22870370370370371 0.6020833333333333 0.225 0.6057291666666667 0.225 0.6072916666666667 0.22870370370370371 0.6057291666666667 0.25 0.6026041666666667 0.2564814814814815 0.5989583333333334 0.25555555555555554 0.5984375 0.2518518518518518
1 0.5885416666666666 0.22592592592592592 0.5921875 0.23796296296296296 0.5895833333333333 0.25277777777777777 0.5895833333333333 0.26481481481481484 0.5848958333333333 0.2657407407407407 0.5828125 0.2462962962962963 0.5833333333333334 0.23703703703703705 0.5880208333333333 0.22685185185185186
1 0.015625 0.4046296296296296 0.0234375 0.40925925925925927 0.0265625 0.41574074074074074 0.028125 0.42592592592592593 0.033854166666666664 0.4351851851851852 0.029166666666666667 0.4361111111111111 0.025520833333333333 0.4444444444444444 0.023958333333333335 0.4425925925925926 0.0203125 0.43148148148148147 0.015104166666666667 0.42777777777777776 0.011458333333333333 0.41574074074074074 0.015104166666666667 0.40555555555555556
1 0.1359375 0.32222222222222224 0.13958333333333334 0.32222222222222224 0.14375 0.3287037037037037 0.14479166666666668 0.3425925925925926 0.14791666666666667 0.35185185185185186 0.146875 0.35833333333333334 0.14375 0.35833333333333334 0.13854166666666667 0.34814814814814815 0.1359375 0.32314814814814813
1 0.1125 0.2916666666666667 0.11875 0.30277777777777776 0.1203125 0.32037037037037036 0.1125 0.32685185185185184 0.11145833333333334 0.31574074074074077 0.10729166666666666 0.30648148148148147 0.10833333333333334 0.2953703703703704 0.11197916666666667 0.29259259259259257
1 0.12291666666666666 0.32592592592592595 0.1265625 0.3296296296296296 0.13020833333333334 0.3416666666666667 0.13020833333333334 0.35185185185185186 0.134375 0.3592592592592593 0.13020833333333334 0.3675925925925926 0.128125 0.36574074074074076 0.12083333333333333 0.3416666666666667 0.12291666666666666 0.32685185185185184
1 0.6026041666666667 0.2037037037037037 0.60625 0.21296296296296297 0.6057291666666667 0.22685185185185186 0.5994791666666667 0.22962962962962963 0.596875 0.21666666666666667 0.6020833333333333 0.2037037037037037
1 0.13333333333333333 0.25462962962962965 0.13645833333333332 0.25833333333333336 0.14375 0.28425925925925927 0.13645833333333332 0.28703703703703703 0.12916666666666668 0.2657407407407407 0.1296875 0.25925925925925924 0.1328125 0.25555555555555554
1 0.7166666666666667 0.49444444444444446 0.7208333333333333 0.5148148148148148 0.7203125 0.5222222222222223 0.7171875 0.525 0.7104166666666667 0.524074074074074 0.7072916666666667 0.5185185185185185 0.7088541666666667 0.5046296296296297 0.7135416666666666 0.49444444444444446 0.7161458333333334 0.49444444444444446
1 0.9098958333333333 0.6546296296296297 0.9114583333333334 0.6574074074074074 0.9109375 0.6796296296296296 0.896875 0.7083333333333334 0.8859375 0.7064814814814815 0.8963541666666667 0.6787037037037037 0.89375 0.6712962962962963 0.9067708333333333 0.6546296296296297 0.909375 0.6546296296296297
1 0.3078125 0.6703703703703704 0.3140625 0.6796296296296296 0.31666666666666665 0.687962962962963 0.31354166666666666 0.712037037037037 0.31145833333333334 0.7148148148148148 0.30833333333333335 0.7129629629629629 0.30052083333333335 0.6768518518518518 0.30104166666666665 0.6675925925925926 0.303125 0.6638888888888889 0.3072916666666667 0.6703703703703704
1 0.3697916666666667 0.8481481481481481 0.3796875 0.8648148148148148 0.3807291666666667 0.8777777777777778 0.375 0.887962962962963 0.3703125 0.9083333333333333 0.3671875 0.9111111111111111 0.365625 0.9111111111111111 0.3671875 0.8888888888888888 0.36302083333333335 0.8759259259259259 0.3651041666666667 0.8518518518518519 0.3692708333333333 0.8481481481481481
1 0.159375 0.9481481481481482 0.16875 0.9527777777777777 0.1765625 0.9638888888888889 0.18229166666666666 0.9925925925925926 0.18177083333333333 0.9990740740740741 0.178125 0.9990740740740741 0.175 0.9898148148148148 0.16458333333333333 0.9907407407407407 0.15625 0.9768518518518519 0.15416666666666667 0.9555555555555556 0.15625 0.9490740740740741 0.15885416666666666 0.9481481481481482
1 0.24375 0.8305555555555556 0.25052083333333336 0.8425925925925926 0.253125 0.8518518518518519 0.25677083333333334 0.8833333333333333 0.2557291666666667 0.8907407407407407 0.24791666666666667 0.8833333333333333 0.2359375 0.8574074074074074 0.2375 0.8342592592592593 0.24010416666666667 0.8296296296296296 0.24322916666666666 0.8305555555555556
1 0.2552083333333333 0.8194444444444444 0.26666666666666666 0.837037037037037 0.26927083333333335 0.8601851851851852 0.26510416666666664 0.8694444444444445 0.26197916666666665 0.8685185185185185 0.2604166666666667 0.862037037037037 0.25625 0.8564814814814815 0.25052083333333336 0.8379629629629629 0.25104166666666666 0.8222222222222222 0.2546875 0.8194444444444444
1 0.009375 0.42685185185185187 0.013020833333333334 0.4305555555555556 0.014583333333333334 0.4425925925925926 0.022916666666666665 0.45555555555555555 0.021875 0.462037037037037 0.017708333333333333 0.4638888888888889 0.015625 0.45555555555555555 0.011979166666666667 0.4527777777777778 0.011979166666666667 0.46944444444444444 0.009375 0.4722222222222222 0.005729166666666666 0.4703703703703704 0.00625 0.4564814814814815 0.0026041666666666665 0.43796296296296294 0.003125 0.42777777777777776 0.008854166666666666 0.42685185185185187
1 0.5723958333333333 0.33611111111111114 0.5776041666666667 0.34629629629629627 0.5786458333333333 0.35555555555555557 0.5734375 0.36574074074074076 0.5708333333333333 0.37962962962962965 0.5682291666666667 0.37592592592592594 0.5677083333333334 0.36018518518518516 0.565625 0.35185185185185186 0.5692708333333333 0.337037037037037 0.571875 0.33611111111111114
1 0.03958333333333333 0.38425925925925924 0.04791666666666667 0.40370370370370373 0.04791666666666667 0.4148148148148148 0.044270833333333336 0.42685185185185187 0.04010416666666667 0.42777777777777776 0.0328125 0.4009259259259259 0.033854166666666664 0.3888888888888889 0.0359375 0.3851851851851852 0.0390625 0.3851851851851852
1 0.5911458333333334 0.20277777777777778 0.5932291666666667 0.21666666666666667 0.5885416666666666 0.2324074074074074 0.5864583333333333 0.22777777777777777 0.5854166666666667 0.21203703703703702 0.5875 0.2037037037037037 0.590625 0.20277777777777778
1 0.084375 0.3277777777777778 0.08802083333333334 0.3287037037037037 0.09270833333333334 0.337037037037037 0.1015625 0.36018518518518516 0.1015625 0.362962962962963 0.09375 0.3712962962962963 0.09166666666666666 0.3731481481481482 0.09010416666666667 0.37037037037037035 0.08854166666666667 0.35462962962962963 0.08385416666666666 0.33796296296296297 0.084375 0.3287037037037037
1 0.2484375 0.7240740740740741 0.2526041666666667 0.7268518518518519 0.2552083333333333 0.7379629629629629 0.25625 0.7657407407407407 0.25833333333333336 0.7759259259259259 0.25833333333333336 0.7805555555555556 0.2552083333333333 0.7824074074074074 0.24791666666666667 0.7601851851851852 0.24479166666666666 0.7583333333333333 0.2390625 0.7472222222222222 0.234375 0.7481481481481481 0.23385416666666667 0.7407407407407407 0.23697916666666666 0.7305555555555555 0.2375 0.7194444444444444 0.24010416666666667 0.7148148148148148 0.24270833333333333 0.7148148148148148 0.24791666666666667 0.7240740740740741
1 0.5736979166666667 0.30787037037037035 0.009895833333333333 0.062037037037037036
1 0.3177083333333333 0.9324074074074075 0.32864583333333336 0.9351851851851852 0.33229166666666665 0.9462962962962963 0.3333333333333333 0.9564814814814815 0.3302083333333333 0.9712962962962963 0.33177083333333335 0.9879629629629629 0.328125 0.9879629629629629 0.3229166666666667 0.975 0.315625 0.9703703703703703 0.3140625 0.9453703703703704 0.3151041666666667 0.9361111111111111 0.3171875 0.9333333333333333
1 0.19010416666666666 0.25277777777777777 0.19322916666666667 0.25555555555555554 0.19479166666666667 0.2657407407407407 0.1953125 0.2824074074074074 0.19270833333333334 0.28703703703703703 0.1875 0.2657407407407407 0.1875 0.2574074074074074 0.18958333333333333 0.25277777777777777
1 0.33958333333333335 0.9564814814814815 0.3385416666666667 0.9490740740740741 0.3333333333333333 0.9398148148148148 0.3307291666666667 0.9296296296296296 0.3307291666666667 0.912962962962963 0.328125 0.9074074074074074 0.3296875 0.9009259259259259 0.3385416666666667 0.9009259259259259 0.34270833333333334 0.9064814814814814 0.34322916666666664 0.937037037037037 0.3484375 0.9564814814814815 0.34010416666666665 0.9564814814814815
1 0.07447916666666667 0.3509259259259259 0.0859375 0.3824074074074074 0.07864583333333333 0.39166666666666666 0.07552083333333333 0.37592592592592594 0.07083333333333333 0.3648148148148148 0.07083333333333333 0.35185185185185186 0.07395833333333333 0.3509259259259259
1 0.5940104166666667 0.2972222222222222 0.009895833333333333 0.046296296296296294
1 0.409375 0.2861111111111111 0.4078125 0.2574074074074074 0.4109375 0.25 0.415625 0.26296296296296295 0.4166666666666667 0.2824074074074074 0.4125 0.28703703703703703 0.40989583333333335 0.2861111111111111
1 0.5078125 0.49722222222222223 0.5130208333333334 0.512962962962963 0.5140625 0.5324074074074074 0.5119791666666667 0.5472222222222223 0.5083333333333333 0.5444444444444444 0.5052083333333334 0.5509259259259259 0.503125 0.5472222222222223 0.5041666666666667 0.5314814814814814 0.5026041666666666 0.5092592592592593 0.5041666666666667 0.4981481481481482 0.5072916666666667 0.49722222222222223
1 0.4979166666666667 0.4722222222222222 0.5015625 0.47129629629629627 0.5052083333333334 0.48703703703703705 0.5046875 0.4962962962962963 0.49895833333333334 0.512962962962963 0.4942708333333333 0.5148148148148148 0.496875 0.5037037037037037 0.49635416666666665 0.48055555555555557 0.4979166666666667 0.47314814814814815
1 0.2828125 0.17407407407407408 0.2869791666666667 0.1712962962962963 0.28958333333333336 0.19444444444444445 0.28958333333333336 0.20462962962962963 0.2864583333333333 0.20462962962962963 0.2828125 0.1935185185185185 0.2828125 0.175
1 0.46510416666666665 0.5333333333333333 0.46875 0.5324074074074074 0.4734375 0.5462962962962963 0.47239583333333335 0.5685185185185185 0.46927083333333336 0.5842592592592593 0.4666666666666667 0.5879629629629629 0.4666666666666667 0.5675925925925925 0.4625 0.5574074074074075 0.4625 0.5444444444444444 0.46510416666666665 0.5342592592592592
1 0.19947916666666668 0.8851851851851852 0.203125 0.8842592592592593 0.21875 0.9 0.22291666666666668 0.9333333333333333 0.221875 0.9425925925925925 0.2203125 0.9453703703703704 0.2171875 0.9444444444444444 0.20729166666666668 0.9287037037037037 0.1984375 0.924074074074074 0.196875 0.9064814814814814 0.19947916666666668 0.8861111111111111
1 0.6125 0.25925925925925924 0.6161458333333333 0.2638888888888889 0.615625 0.29259259259259257 0.6135416666666667 0.2972222222222222 0.6104166666666667 0.2972222222222222 0.6072916666666667 0.2851851851851852 0.6125 0.2601851851851852
1 0.6041666666666666 0.28888888888888886 0.60625 0.29444444444444445 0.6057291666666667 0.3101851851851852 0.5989583333333334 0.32314814814814813 0.596875 0.31203703703703706 0.5973958333333333 0.2972222222222222 0.6 0.287962962962963 0.6036458333333333 0.28888888888888886
1 0.5786458333333333 0.36203703703703705 0.5817708333333333 0.3768518518518518 0.58125 0.3824074074074074 0.578125 0.3861111111111111 0.571875 0.3814814814814815 0.5739583333333333 0.36574074074074076 0.578125 0.36203703703703705