1 0.8239583333333333 0.15 0.8244791666666667 0.17037037037037037 0.8197916666666667 0.17962962962962964 0.815625 0.19537037037037036 0.8104166666666667 0.1935185185185185 0.8140625 0.16666666666666666 0.8208333333333333 0.15 0.8234375 0.15
1 0.08229166666666667 0.1398148148148148 0.09166666666666666 0.15092592592592594 0.09635416666666667 0.17314814814814813 0.0953125 0.17777777777777778 0.08489583333333334 0.1648148148148148 0.08072916666666667 0.14814814814814814 0.08177083333333333 0.1398148148148148
1 0.7479166666666667 0.0962962962962963 0.7520833333333333 0.10925925925925926 0.7484375 0.12777777777777777 0.7432291666666667 0.13703703703703704 0.7401041666666667 0.13518518518518519 0.740625 0.1111111111111111 0.7442708333333333 0.09907407407407408 0.7473958333333334 0.0962962962962963
1 0.6010416666666667 0.13148148148148148 0.6041666666666666 0.14814814814814814 0.5989583333333334 0.16944444444444445 0.5958333333333333 0.1685185185185185 0.59375 0.14629629629629629 0.5979166666666667 0.13148148148148148 0.6005208333333333 0.13148148148148148
1 0.5916666666666667 0.053703703703703705 0.5947916666666667 0.053703703703703705 0.5973958333333333 0.06296296296296296 0.59375 0.08981481481481482 0.5916666666666667 0.09351851851851851 0.5885416666666666 0.06944444444444445 0.5916666666666667 0.05462962962962963
1 0.8453125 0.14722222222222223 0.853125 0.13240740740740742 0.8567708333333334 0.13333333333333333 0.85625 0.1425925925925926 0.8484375 0.17222222222222222 0.8411458333333334 0.17407407407407408 0.8395833333333333 0.1712962962962963 0.8416666666666667 0.1574074074074074 0.8453125 0.14814814814814814
1 0.75 0.6083333333333333 0.7619791666666667 0.6037037037037037 0.7630208333333334 0.6092592592592593 0.7609375 0.6166666666666667 0.7635416666666667 0.6222222222222222 0.7583333333333333 0.6342592592592593 0.74375 0.6546296296296297 0.7401041666666667 0.6546296296296297 0.7416666666666667 0.6435185185185185 0.7463541666666667 0.6333333333333333 0.7458333333333333 0.6194444444444445 0.75 0.6092592592592593
1 0.6057291666666667 0.1574074074074074 0.6078125 0.16111111111111112 0.6088541666666667 0.1787037037037037 0.603125 0.2037037037037037 0.6005208333333333 0.20185185185185187 0.5973958333333333 0.17037037037037037 0.6020833333333333 0.15925925925925927 0.6052083333333333 0.1574074074074074
1 0.13802083333333334 0.08148148148148149 0.14427083333333332 0.09074074074074075 0.1453125 0.11944444444444445 0.14375 0.12314814814814815 0.14166666666666666 0.12222222222222222 0.13697916666666668 0.10092592592592593 0.1328125 0.09537037037037037 0.13385416666666666 0.08425925925925926 0.1375 0.08148148148148149
1 0.041666666666666664 0.18703703703703703 0.0453125 0.19074074074074074 0.04583333333333333 0.2101851851851852 0.043229166666666666 0.21481481481481482 0.03697916666666667 0.2101851851851852 0.035416666666666666 0.20092592592592592 0.0359375 0.18796296296296297 0.04114583333333333 0.18703703703703703
1 0.83125 0.48055555555555557 0.8427083333333333 0.47129629629629627 0.8458333333333333 0.4648148148148148 0.8489583333333334 0.4638888888888889 0.8505208333333333 0.4666666666666667 0.8505208333333333 0.48703703703703705 0.8489583333333334 0.4925925925925926 0.8416666666666667 0.4981481481481482 0.8338541666666667 0.5148148148148148 0.8302083333333333 0.5148148148148148 0.8307291666666666 0.5064814814814815 0.8255208333333334 0.5037037037037037 0.83125 0.48148148148148145
1 0.09479166666666666 0.08888888888888889 0.10052083333333334 0.09907407407407408 0.109375 0.1259259259259259 0.10625 0.12962962962962962 0.10260416666666666 0.1287037037037037 0.096875 0.11388888888888889 0.0890625 0.10185185185185185 0.08958333333333333 0.09259259259259259 0.09427083333333333 0.08888888888888889
1 0.9630208333333333 0.5601851851851852 0.9604166666666667 0.5814814814814815 0.9526041666666667 0.5981481481481481 0.9484375 0.6018518518518519 0.94375 0.6018518518518519 0.9364583333333333 0.5944444444444444 0.934375 0.5916666666666667 0.934375 0.587037037037037 0.9411458333333333 0.5787037037037037 0.9458333333333333 0.5638888888888889 0.9625 0.5601851851851852
1 0.2859375 0.9268518518518518 0.30052083333333335 0.9351851851851852 0.3020833333333333 0.9388888888888889 0.3015625 0.9555555555555556 0.3046875 0.9629629629629629 0.3 0.9731481481481481 0.29635416666666664 0.975 0.29322916666666665 0.9666666666666667 0.28958333333333336 0.9648148148148148 0.28541666666666665 0.9574074074074074 0.2828125 0.9416666666666667 0.27760416666666665 0.9342592592592592 0.2791666666666667 0.9287037037037037 0.28541666666666665 0.9268518518518518
1 0.3 0.6888888888888889 0.30572916666666666 0.7092592592592593 0.30572916666666666 0.7388888888888889 0.30364583333333334 0.7453703703703703 0.3020833333333333 0.7444444444444445 0.29739583333333336 0.7212962962962963 0.28958333333333336 0.7138888888888889 0.28489583333333335 0.7027777777777777 0.2859375 0.6944444444444444 0.29270833333333335 0.6861111111111111 0.296875 0.6842592592592592 0.2994791666666667 0.6888888888888889
1 0.11614583333333334 0.899074074074074 0.12239583333333333 0.9074074074074074 0.13072916666666667 0.9055555555555556 0.1375 0.9101851851851852 0.1453125 0.9268518518518518 0.15625 0.9398148148148148 0.15729166666666666 0.9490740740740741 0.1484375 0.9472222222222222 0.14791666666666667 0.9574074074074074 0.14322916666666666 0.9583333333333334 0.13645833333333332 0.9490740740740741 0.12239583333333333 0.9453703703703704 0.1125 0.9296296296296296 0.1140625 0.9175925925925926 0.11145833333333334 0.9064814814814814 0.115625 0.9
1 0.1578125 0.08055555555555556 0.16458333333333333 0.09444444444444444 0.16979166666666667 0.1175925925925926 0.16927083333333334 0.12314814814814815 0.16510416666666666 0.12407407407407407 0.16302083333333334 0.11481481481481481 0.15520833333333334 0.09814814814814815 0.1546875 0.09166666666666666 0.1578125 0.08148148148148149
1 0.5916666666666667 0.09444444444444444 0.5963541666666666 0.10833333333333334 0.5927083333333333 0.1398148148148148 0.5880208333333333 0.1398148148148148 0.5859375 0.12037037037037036 0.5859375 0.11203703703703703 0.5916666666666667 0.09537037037037037
1 0.022395833333333334 0.225 0.036458333333333336 0.23703703703703705 0.03958333333333333 0.24351851851851852 0.03958333333333333 0.25092592592592594 0.03333333333333333 0.2574074074074074 0.0265625 0.25092592592592594 0.021354166666666667 0.24074074074074073 0.021875 0.22592592592592592
1 0.1546875 0.10092592592592593 0.15833333333333333 0.11481481481481481 0.15833333333333333 0.12685185185185185 0.15572916666666667 0.12962962962962962 0.15104166666666666 0.12962962962962962 0.15052083333333333 0.12037037037037036 0.14479166666666668 0.10925925925925926 0.14322916666666666 0.09907407407407408 0.14479166666666668 0.08981481481481482 0.14791666666666667 0.08796296296296297 0.15416666666666667 0.10092592592592593
1 0.6161458333333333 0.003703703703703704 0.6182291666666667 0.007407407407407408 0.6161458333333333 0.03518518518518519 0.6125 0.041666666666666664 0.6104166666666667 0.03425925925925926 0.6109375 0.01574074074074074 0.6161458333333333 0.004629629629629629
1 0.12708333333333333 0.09537037037037037 0.13020833333333334 0.09814814814814815 0.13802083333333334 0.12222222222222222 0.13854166666666667 0.12962962962962962 0.13697916666666668 0.13425925925925927 0.13020833333333334 0.12407407407407407 0.12291666666666666 0.10185185185185185 0.12291666666666666 0.09722222222222222 0.1265625 0.09537037037037037
1 0.2234375 0.8398148148148148 0.22604166666666667 0.8481481481481481 0.22604166666666667 0.8666666666666667 0.23177083333333334 0.8787037037037037 0.23177083333333334 0.8833333333333333 0.228125 0.8851851851851852 0.22395833333333334 0.8842592592592593 0.21927083333333333 0.875 0.21302083333333333 0.8703703703703703 0.20572916666666666 0.8527777777777777 0.20833333333333334 0.8453703703703703 0.2140625 0.8388888888888889 0.2203125 0.837037037037037 0.22291666666666668 0.8398148148148148
1 0.7515625 0.13055555555555556 0.7536458333333333 0.14722222222222223 0.7479166666666667 0.1712962962962963 0.7458333333333333 0.17314814814814813 0.74375 0.17222222222222222 0.7427083333333333 0.14814814814814814 0.7458333333333333 0.1361111111111111 0.7510416666666667 0.13055555555555556
1 0.6963541666666667 0.29907407407407405 0.6994791666666667 0.30092592592592593 0.7005208333333334 0.3138888888888889 0.6994791666666667 0.32222222222222224 0.690625 0.3490740740740741 0.6885416666666667 0.3509259259259259 0.6854166666666667 0.34629629629629627 0.6796875 0.3490740740740741 0.6755208333333333 0.3472222222222222 0.6791666666666667 0.34444444444444444 0.6885416666666667 0.32592592592592595 0.6890625 0.30925925925925923 0.6958333333333333 0.3
1 0.8208333333333333 0.9055555555555556 0.8260416666666667 0.9120370370370371 0.8276041666666667 0.9185185185185185 0.8270833333333333 0.9351851851851852 0.8234375 0.9398148148148148 0.8119791666666667 0.9388888888888889 0.8067708333333333 0.9444444444444444 0.8015625 0.9425925925925925 0.8026041666666667 0.9222222222222223 0.809375 0.9175925925925926 0.8151041666666666 0.9055555555555556 0.8203125 0.9055555555555556
1 0.31197916666666664 0.9175925925925926 0.32083333333333336 0.9268518518518518 0.32447916666666665 0.9444444444444444 0.325 0.9555555555555556 0.3203125 0.9629629629629629 0.3171875 0.9629629629629629 0.315625 0.9546296296296296 0.3020833333333333 0.9351851851851852 0.3026041666666667 0.9259259259259259 0.31145833333333334 0.9175925925925926
1 0.07083333333333333 0.17222222222222222 0.07760416666666667 0.1814814814814815 0.07864583333333333 0.1925925925925926 0.084375 0.21296296296296297 0.07604166666666666 0.20925925925925926 0.0640625 0.18611111111111112 0.06354166666666666 0.17407407407407408 0.06614583333333333 0.1712962962962963 0.0703125 0.17222222222222222
1 0.05364583333333333 0.2074074074074074 0.06510416666666667 0.2388888888888889 0.06510416666666667 0.25 0.06041666666666667 0.2537037037037037 0.05625 0.25092592592592594 0.05260416666666667 0.23703703703703705 0.046875 0.22962962962962963 0.04479166666666667 0.22037037037037038 0.04739583333333333 0.2111111111111111 0.053125 0.2074074074074074
1 0.6645833333333333 0.2564814814814815 0.6682291666666667 0.2564814814814815 0.6713541666666667 0.275 0.6666666666666666 0.2833333333333333 0.6645833333333333 0.30462962962962964 0.659375 0.30462962962962964 0.6578125 0.3 0.6604166666666667 0.2898148148148148 0.6598958333333333 0.2777777777777778 0.6645833333333333 0.2574074074074074
1 0.8192708333333333 0.3509259259259259 0.8244791666666667 0.3592592592592593 0.8239583333333333 0.36203703703703705 0.8104166666666667 0.375 0.8072916666666666 0.37407407407407406 0.8072916666666666 0.36944444444444446 0.81875 0.3509259259259259
1 0.23697916666666666 0 0.24114583333333334 0.006481481481481481 0.24427083333333333 0.028703703703703703 0.24427083333333333 0.03425925925925926 0.2421875 0.037037037037037035 0.2375 0.03425925925925926 0.2328125 0.011111111111111112 0.2328125 0.004629629629629629 0.23697916666666666 0.000925925925925926
1 0.8625 0.20925925925925926 0.8640625 0.21203703703703702 0.8635416666666667 0.22407407407407406 0.8541666666666666 0.24722222222222223 0.8526041666666667 0.2564814814814815 0.8484375 0.2574074074074074 0.8479166666666667 0.25462962962962965 0.8520833333333333 0.24166666666666667 0.8557291666666667 0.21851851851851853 0.8619791666666666 0.2101851851851852
1 0.48072916666666665 0.3731481481481482 0.48802083333333335 0.38333333333333336 0.4901041666666667 0.3925925925925926 0.4895833333333333 0.4027777777777778 0.4864583333333333 0.4083333333333333 0.4875 0.4203703703703704 0.484375 0.42407407407407405 0.4817708333333333 0.43796296296296294 0.48072916666666665 0.40925925925925927 0.4739583333333333 0.4 0.47604166666666664 0.3851851851851852 0.48020833333333335 0.37407407407407406
1 0.3390625 0.899074074074074 0.346875 0.9101851851851852 0.3463541666666667 0.924074074074074 0.3489583333333333 0.9305555555555556 0.3484375 0.9388888888888889 0.35104166666666664 0.9462962962962963 0.3458333333333333 0.9527777777777777 0.34375 0.9527777777777777 0.34010416666666665 0.9407407407407408 0.3328125 0.9388888888888889 0.325 0.9185185185185185 0.325 0.9138888888888889 0.3296875 0.9037037037037037 0.3385416666666667 0.899074074074074
1 0.43645833333333334 0.7657407407407407 0.44166666666666665 0.7657407407407407 0.4505208333333333 0.7759259259259259 0.45260416666666664 0.7870370370370371 0.45 0.7962962962962963 0.45364583333333336 0.8064814814814815 0.453125 0.8111111111111111 0.44947916666666665 0.812037037037037 0.4395833333333333 0.7972222222222223 0.4359375 0.8 0.4322916666666667 0.7981481481481482 0.43645833333333334 0.7805555555555556 0.43645833333333334 0.7666666666666667
1 0.04583333333333333 0.13055555555555556 0.05364583333333333 0.13703703703703704 0.05572916666666667 0.1425925925925926 0.058854166666666666 0.15648148148148147 0.0640625 0.1675925925925926 0.06145833333333333 0.17314814814814813 0.058854166666666666 0.17222222222222222 0.05260416666666667 0.16111111111111112 0.041666666666666664 0.13518518518518519 0.0421875 0.13055555555555556 0.0453125 0.13055555555555556
1 0.7177083333333333 0.862037037037037 0.7234375 0.8611111111111112 0.7270833333333333 0.8638888888888889 0.7338541666666667 0.8814814814814815 0.7338541666666667 0.8870370370370371 0.7239583333333334 0.9018518518518519 0.7145833333333333 0.9092592592592592 0.7088541666666667 0.9083333333333333 0.7078125 0.9037037037037037 0.7109375 0.8944444444444445 0.7088541666666667 0.8833333333333333 0.71875 0.8722222222222222 0.7177083333333333 0.8629629629629629
1 0.7286458333333333 0.37962962962962965 0.7291666666666666 0.3990740740740741 0.7203125 0.43425925925925923 0.7171875 0.43425925925925923 0.7145833333333333 0.42592592592592593 0.715625 0.4111111111111111 0.7234375 0.3824074074074074 0.7260416666666667 0.3787037037037037 0.728125 0.37962962962962965
1 0.640625 0.03796296296296296 0.64375 0.04814814814814815 0.640625 0.0712962962962963 0.6380208333333334 0.07407407407407407 0.6354166666666666 0.0712962962962963 0.6359375 0.04814814814814815 0.6401041666666667 0.03888888888888889
1 0.21354166666666666 0.8972222222222223 0.21770833333333334 0.9 0.221875 0.9101851851851852 0.22864583333333333 0.9111111111111111 0.22708333333333333 0.9185185185185185 0.215625 0.925 0.21666666666666667 0.9277777777777778 0.2203125 0.9259259259259259 0.2203125 0.9305555555555556 0.21666666666666667 0.9388888888888889 0.21354166666666666 0.9407407407407408 0.20989583333333334 0.9351851851851852 0.19739583333333333 0.9324074074074075 0.1890625 0.9111111111111111 0.19895833333333332 0.8953703703703704 0.21302083333333333 0.8972222222222223
1 0.6020833333333333 0 0.60625 0.004629629629629629 0.6036458333333333 0.025 0.6005208333333333 0.027777777777777776 0.5989583333333334 0.008333333333333333 0.6020833333333333 0.000925925925925926
1 0.24895833333333334 0.9435185185185185 0.26197916666666665 0.9583333333333334 0.26510416666666664 0.95 0.26927083333333335 0.95 0.27708333333333335 0.9648148148148148 0.28229166666666666 0.9666666666666667 0.2828125 0.9703703703703703 0.2796875 0.9777777777777777 0.2828125 0.9842592592592593 0.28020833333333334 0.9907407407407407 0.2755208333333333 0.9898148148148148 0.26979166666666665 0.9805555555555555 0.26458333333333334 0.9814814814814815 0.26197916666666665 0.9777777777777777 0.2552083333333333 0.9842592592592593 0.246875 0.9842592592592593 0.24114583333333334 0.9712962962962963 0.23645833333333333 0.9675925925925926 0.2359375 0.9629629629629629 0.2375 0.9527777777777777 0.24114583333333334 0.9453703703703704 0.2484375 0.9435185185185185
1 0.825 0.3611111111111111 0.8302083333333333 0.37037037037037035 0.8296875 0.38333333333333336 0.8208333333333333 0.4101851851851852 0.8119791666666667 0.4074074074074074 0.8119791666666667 0.40370370370370373 0.8171875 0.38981481481481484 0.8203125 0.36666666666666664 0.8244791666666667 0.3611111111111111
1 0.7520833333333333 0.5731481481481482 0.7536458333333333 0.5796296296296296 0.7515625 0.6018518518518519 0.746875 0.6129629629629629 0.7375 0.6157407407407407 0.7348958333333333 0.6194444444444445 0.7307291666666667 0.6185185185185185 0.7380208333333333 0.6055555555555555 0.7364583333333333 0.5879629629629629 0.7515625 0.5731481481481482