0 0.8005208333333333 0.2972222222222222 0.8088541666666667 0.3 0.8140625 0.3074074074074074 0.8151041666666666 0.32685185185185184 0.803125 0.325 0.7916666666666666 0.31851851851851853 0.7885416666666667 0.32037037037037036 0.80625 0.3398148148148148 0.8182291666666667 0.34629629629629627 0.8223958333333333 0.35833333333333334 0.825 0.3972222222222222 0.8208333333333333 0.4074074074074074 0.8140625 0.41388888888888886 0.7973958333333333 0.4101851851851852 0.7864583333333334 0.40185185185185185 0.7828125 0.39351851851851855 0.7838541666666666 0.3768518518518518 0.7692708333333333 0.36574074074074076 0.7661458333333333 0.36018518518518516 0.7692708333333333 0.3314814814814815 0.778125 0.33055555555555555 0.7848958333333333 0.31666666666666665 0.7838541666666666 0.30648148148148147 0.7869791666666667 0.3 0.8 0.2972222222222222
0 0.5260416666666666 0.5546296296296296 0.5307291666666667 0.5666666666666667 0.5442708333333334 0.575925925925926 0.5536458333333333 0.5888888888888889 0.559375 0.6018518518518519 0.5713541666666667 0.6092592592592593 0.5776041666666667 0.6175925925925926 0.5838541666666667 0.6675925925925926 0.5838541666666667 0.6796296296296296 0.58125 0.6944444444444444 0.5744791666666667 0.7101851851851851 0.5677083333333334 0.7148148148148148 0.5588541666666667 0.7138888888888889 0.55 0.7046296296296296 0.5354166666666667 0.7037037037037037 0.5317708333333333 0.712037037037037 0.5260416666666666 0.7138888888888889 0.49114583333333334 0.7166666666666667 0.484375 0.712037037037037 0.4791666666666667 0.7203703703703703 0.47239583333333335 0.7240740740740741 0.4635416666666667 0.7222222222222222 0.45625 0.7157407407407408 0.44479166666666664 0.7157407407407408 0.44166666666666665 0.7101851851851851 0.4375 0.662962962962963 0.4317708333333333 0.6435185185185185 0.4354166666666667 0.562037037037037 0.5255208333333333 0.5546296296296296
0 0.4817708333333333 0.2101851851851852 0.48854166666666665 0.22037037037037038 0.490625 0.23055555555555557 0.475 0.2601851851851852 0.47291666666666665 0.2796296296296296 0.46510416666666665 0.2898148148148148 0.459375 0.2898148148148148 0.44583333333333336 0.2824074074074074 0.44427083333333334 0.26944444444444443 0.44583333333333336 0.2574074074074074 0.4515625 0.24074074074074073 0.4635416666666667 0.21666666666666667 0.47239583333333335 0.20833333333333334 0.48125 0.2101851851851852
1 0.8328125 0.18333333333333332 0.015625 0.044444444444444446
1 0.5890625 0.2064814814814815 0.59375 0.21203703703703702 0.5947916666666667 0.22407407407407406 0.5916666666666667 0.24074074074074073 0.5885416666666666 0.24444444444444444 0.5864583333333333 0.24259259259259258 0.5854166666666667 0.22592592592592592 0.5864583333333333 0.20925925925925926 0.5885416666666666 0.2064814814814815
1 0.14375 0.175 0.15052083333333333 0.18518518518518517 0.15520833333333334 0.20925925925925926 0.15416666666666667 0.21574074074074073 0.15 0.2175925925925926 0.14114583333333333 0.19814814814814816 0.14010416666666667 0.18703703703703703 0.14375 0.17592592592592593
1 0.5833333333333334 0.20185185185185187 0.5864583333333333 0.20833333333333334 0.5864583333333333 0.2175925925925926 0.584375 0.24351851851851852 0.5817708333333333 0.2490740740740741 0.578125 0.24444444444444444 0.5776041666666667 0.225 0.5755208333333334 0.2175925925925926 0.5807291666666666 0.20092592592592592 0.5828125 0.20185185185185187
1 0.6125 0.175 0.615625 0.17407407407407408 0.6182291666666667 0.18518518518518517 0.6125 0.21481481481481482 0.6104166666666667 0.19814814814814816 0.6125 0.17592592592592593
1 0.5708333333333333 0.3824074074074074 0.5744791666666667 0.3824074074074074 0.5776041666666667 0.39166666666666666 0.5786458333333333 0.4027777777777778 0.5786458333333333 0.41759259259259257 0.5708333333333333 0.43148148148148147 0.5671875 0.4324074074074074 0.5666666666666667 0.3972222222222222 0.5708333333333333 0.38333333333333336
1 0.44947916666666665 0.3398148148148148 0.453125 0.33796296296296297 0.4578125 0.36666666666666664 0.4578125 0.3907407407407407 0.45625 0.3990740740740741 0.45416666666666666 0.38796296296296295 0.4484375 0.3814814814814815 0.446875 0.35462962962962963 0.44947916666666665 0.34074074074074073
1 0.33541666666666664 0.05185185185185185 0.3385416666666667 0.05648148148148148 0.3411458333333333 0.07777777777777778 0.3385416666666667 0.08148148148148149 0.33489583333333334 0.08055555555555556 0.3328125 0.06759259259259259 0.33229166666666665 0.05648148148148148 0.33489583333333334 0.05185185185185185
1 0.40572916666666664 0.875 0.40729166666666666 0.8833333333333333 0.41458333333333336 0.8972222222222223 0.4166666666666667 0.8972222222222223 0.41510416666666666 0.8981481481481481 0.4166666666666667 0.9148148148148149 0.4119791666666667 0.924074074074074 0.4041666666666667 0.9212962962962963 0.4 0.9074074074074074 0.39895833333333336 0.8805555555555555 0.4005208333333333 0.8759259259259259 0.40520833333333334 0.875
1 0.042708333333333334 0.3416666666666667 0.05260416666666667 0.3490740740740741 0.05625 0.3648148148148148 0.05416666666666667 0.37037037037037035 0.049479166666666664 0.3712962962962963 0.041666666666666664 0.35185185185185186 0.042708333333333334 0.3425925925925926
1 0.09583333333333334 0.2861111111111111 0.09947916666666666 0.2851851851851852 0.10520833333333333 0.2898148148148148 0.1140625 0.31296296296296294 0.11197916666666667 0.31574074074074077 0.10833333333333334 0.31203703703703706 0.1046875 0.32407407407407407 0.10208333333333333 0.31666666666666665 0.10208333333333333 0.3101851851851852 0.09739583333333333 0.30092592592592593 0.09583333333333334 0.28703703703703703
1 0.30416666666666664 0.07685185185185185 0.30833333333333335 0.08611111111111111 0.3104166666666667 0.10555555555555556 0.309375 0.10925925925925926 0.3072916666666667 0.10925925925925926 0.2994791666666667 0.08518518518518518 0.30052083333333335 0.0787037037037037 0.30364583333333334 0.07685185185185185
1 0.4317708333333333 0.4305555555555556 0.4270833333333333 0.4287037037037037 0.42239583333333336 0.4425925925925926 0.4197916666666667 0.4425925925925926 0.42135416666666664 0.41574074074074074 0.41770833333333335 0.4009259259259259 0.42135416666666664 0.38796296296296295 0.425 0.3861111111111111 0.42916666666666664 0.4 0.4322916666666667 0.42962962962962964
1 0.58125 0.2824074074074074 0.5838541666666667 0.287962962962963 0.584375 0.3 0.578125 0.3435185185185185 0.5755208333333334 0.3277777777777778 0.5744791666666667 0.29259259259259257 0.5765625 0.2861111111111111 0.5807291666666666 0.2833333333333333
1 0.36666666666666664 0.021296296296296296 0.36822916666666666 0.025925925925925925 0.36822916666666666 0.049074074074074076 0.36354166666666665 0.05092592592592592 0.3619791666666667 0.05 0.35989583333333336 0.028703703703703703 0.3625 0.022222222222222223 0.36614583333333334 0.021296296296296296
1 0.19010416666666666 0.1638888888888889 0.1953125 0.175 0.19583333333333333 0.18888888888888888 0.19895833333333332 0.19814814814814816 0.196875 0.2 0.190625 0.19166666666666668 0.1875 0.1814814814814815 0.18645833333333334 0.16666666666666666 0.18958333333333333 0.1638888888888889
1 0.32447916666666665 0.05740740740740741 0.32864583333333336 0.06666666666666667 0.32916666666666666 0.08703703703703704 0.32447916666666665 0.08796296296296297 0.3223958333333333 0.07685185185185185 0.32135416666666666 0.06388888888888888 0.32395833333333335 0.058333333333333334
1 0.8453125 0.4398148148148148 0.8473958333333333 0.4425925925925926 0.8473958333333333 0.44907407407407407 0.8427083333333333 0.4648148148148148 0.8385416666666666 0.4703703703703704 0.8385416666666666 0.4777777777777778 0.8411458333333334 0.48518518518518516 0.8390625 0.49074074074074076 0.8348958333333333 0.48148148148148145 0.8302083333333333 0.4842592592592593 0.828125 0.4824074074074074 0.828125 0.4787037037037037 0.834375 0.45185185185185184 0.8385416666666666 0.44351851851851853 0.8447916666666667 0.4398148148148148
1 0.55 0.40185185185185185 0.5552083333333333 0.40185185185185185 0.5578125 0.4203703703703704 0.5578125 0.42777777777777776 0.5526041666666667 0.43425925925925923 0.55 0.4462962962962963 0.5479166666666667 0.4444444444444444 0.5442708333333334 0.4148148148148148 0.55 0.4027777777777778
1 0.228125 0.9685185185185186 0.2375 0.9712962962962963 0.24427083333333333 0.9777777777777777 0.246875 0.9953703703703703 0.23958333333333334 0.9962962962962963 0.23802083333333332 0.9990740740740741 0.221875 0.9990740740740741 0.21875 0.9898148148148148 0.2140625 0.987037037037037 0.21354166666666666 0.9805555555555555 0.215625 0.975 0.22760416666666666 0.9685185185185186
1 0.3776041666666667 0.85 0.3880208333333333 0.8666666666666667 0.3953125 0.8712962962962963 0.3963541666666667 0.8768518518518519 0.39166666666666666 0.8861111111111111 0.390625 0.9 0.38333333333333336 0.9046296296296297 0.3765625 0.9148148148148149 0.37395833333333334 0.9138888888888889 0.37395833333333334 0.9101851851851852 0.3776041666666667 0.8944444444444445 0.3776041666666667 0.8796296296296297 0.3734375 0.8703703703703703 0.3671875 0.8833333333333333 0.36614583333333334 0.8777777777777778 0.36822916666666666 0.8740740740740741 0.37135416666666665 0.8518518518518519 0.3729166666666667 0.8490740740740741 0.3770833333333333 0.85
1 0.4432291666666667 0.37222222222222223 0.4473958333333333 0.3824074074074074 0.4505208333333333 0.40925925925925927 0.4505208333333333 0.41388888888888886 0.446875 0.4166666666666667 0.44427083333333334 0.41574074074074074 0.44114583333333335 0.40185185185185185 0.4354166666666667 0.3907407407407407 0.4390625 0.37407407407407406 0.4427083333333333 0.37222222222222223
1 0.5776041666666667 0.14814814814814814 0.5807291666666666 0.15092592592592594 0.5822916666666667 0.1648148148148148 0.58125 0.18703703703703703 0.5770833333333333 0.18888888888888888 0.5760416666666667 0.18611111111111112 0.5739583333333333 0.1648148148148148 0.5776041666666667 0.14907407407407408
1 0.22083333333333333 0.14814814814814814 0.22552083333333334 0.1574074074074074 0.22760416666666666 0.18425925925925926 0.21666666666666667 0.15833333333333333 0.21666666666666667 0.15092592592592594 0.2203125 0.14814814814814814
1 0.6473958333333333 0.8314814814814815 0.6505208333333333 0.8351851851851851 0.6536458333333334 0.8638888888888889 0.6484375 0.8740740740740741 0.6453125 0.8870370370370371 0.640625 0.8898148148148148 0.6421875 0.8777777777777778 0.6411458333333333 0.8722222222222222 0.6369791666666667 0.8722222222222222 0.6296875 0.8916666666666667 0.6265625 0.8925925925925926 0.6260416666666667 0.8861111111111111 0.6338541666666667 0.8555555555555555 0.646875 0.8324074074074074
1 0.5057291666666667 0.30277777777777776 0.5119791666666667 0.3212962962962963 0.5114583333333333 0.32407407407407407 0.5046875 0.3277777777777778 0.5015625 0.3277777777777778 0.5005208333333333 0.32314814814814813 0.5020833333333333 0.30648148148148147 0.5052083333333334 0.30277777777777776
1 0.69609375 0.30462962962962964 0.009895833333333333 0.04814814814814815
1 0.33177083333333335 0.49537037037037035 0.33958333333333335 0.5120370370370371 0.33958333333333335 0.5259259259259259 0.33697916666666666 0.5342592592592592 0.3375 0.5462962962962963 0.33541666666666664 0.55 0.3307291666666667 0.5342592592592592 0.3265625 0.5064814814814815 0.32708333333333334 0.5 0.33125 0.49537037037037035
1 0.3421875 0.15555555555555556 0.3453125 0.15555555555555556 0.35 0.1814814814814815 0.3489583333333333 0.19074074074074074 0.34479166666666666 0.19166666666666668 0.34322916666666664 0.18888888888888888 0.3421875 0.15648148148148147
1 0.6192708333333333 0.11296296296296296 0.6223958333333334 0.12685185185185185 0.61875 0.14907407407407408 0.6161458333333333 0.1527777777777778 0.6140625 0.14722222222222223 0.6130208333333333 0.12407407407407407 0.615625 0.11388888888888889 0.61875 0.11296296296296296
1 0.19270833333333334 0.20555555555555555 0.19583333333333333 0.20833333333333334 0.19583333333333333 0.21481481481481482 0.1921875 0.2111111111111111 0.1890625 0.21851851851851853 0.18541666666666667 0.2175925925925926 0.18541666666666667 0.21203703703703702 0.18020833333333333 0.19444444444444445 0.18177083333333333 0.18055555555555555 0.18541666666666667 0.18055555555555555 0.1890625 0.18888888888888888 0.19010416666666666 0.20092592592592592 0.1921875 0.20555555555555555
1 0.07447916666666667 0.30833333333333335 0.0890625 0.33611111111111114 0.08697916666666666 0.3453703703703704 0.08958333333333333 0.3574074074074074 0.08697916666666666 0.3592592592592593 0.078125 0.3453703703703704 0.0703125 0.3194444444444444 0.07083333333333333 0.3101851851851852 0.07395833333333333 0.30925925925925923
1 0.4322916666666667 0.8592592592592593 0.43802083333333336 0.8657407407407407 0.4421875 0.8796296296296297 0.45 0.8777777777777778 0.4510416666666667 0.8824074074074074 0.44583333333333336 0.9 0.434375 0.9064814814814814 0.42864583333333334 0.9166666666666666 0.4270833333333333 0.9148148148148149 0.42864583333333334 0.8935185185185185 0.42604166666666665 0.8824074074074074 0.428125 0.8657407407407407 0.4317708333333333 0.8592592592592593
1 0.6557291666666667 0.1925925925925926 0.6598958333333333 0.2074074074074074 0.6546875 0.23148148148148148 0.6520833333333333 0.2361111111111111 0.6494791666666667 0.20277777777777778 0.6552083333333333 0.1925925925925926
1 0.026041666666666668 0.39166666666666666 0.03125 0.3972222222222222 0.03125 0.41203703703703703 0.027083333333333334 0.425 0.023958333333333335 0.425 0.01875 0.40185185185185185 0.021354166666666667 0.39444444444444443 0.025520833333333333 0.39166666666666666
1 0.5880208333333333 0.31574074074074077 0.5885416666666666 0.3490740740740741 0.5854166666666667 0.36574074074074076 0.5791666666666667 0.3490740740740741 0.5791666666666667 0.3398148148148148 0.58125 0.32222222222222224 0.5848958333333333 0.3138888888888889 0.5875 0.31574074074074077
1 0.8546875 0.175 0.8557291666666667 0.18796296296296297 0.8484375 0.21203703703703702 0.8453125 0.21388888888888888 0.8427083333333333 0.2101851851851852 0.8447916666666667 0.18796296296296297 0.8489583333333334 0.17592592592592593 0.8541666666666666 0.175
1 0.7291666666666666 0.3277777777777778 0.73125 0.3425925925925926 0.7260416666666667 0.3768518518518518 0.7239583333333334 0.3768518518518518 0.7208333333333333 0.37037037037037035 0.7192708333333333 0.35833333333333334 0.7213541666666666 0.34444444444444444 0.7265625 0.3287037037037037 0.7286458333333333 0.3277777777777778
1 0.32447916666666665 0.8435185185185186 0.3307291666666667 0.8453703703703703 0.33489583333333334 0.8527777777777777 0.3359375 0.8601851851851852 0.334375 0.8731481481481481 0.33645833333333336 0.8796296296296297 0.3421875 0.8805555555555555 0.3416666666666667 0.8953703703703704 0.33697916666666666 0.8981481481481481 0.32760416666666664 0.8925925925925926 0.3260416666666667 0.8787037037037037 0.3171875 0.8527777777777777 0.3182291666666667 0.8472222222222222 0.32395833333333335 0.8444444444444444
1 0.5223958333333333 0.3074074074074074 0.5260416666666666 0.3148148148148148 0.5255208333333333 0.3490740740740741 0.5161458333333333 0.32407407407407407 0.5192708333333333 0.30833333333333335 0.521875 0.3074074074074074
1 0.5640625 0.337037037037037 0.5671875 0.33796296296296297 0.5713541666666667 0.35462962962962963 0.5682291666666667 0.3787037037037037 0.5640625 0.3861111111111111 0.5604166666666667 0.387037037037037 0.559375 0.3490740740740741 0.5640625 0.33796296296296297
1 0.5916666666666667 0.4046296296296296 0.5953125 0.4046296296296296 0.5984375 0.41574074074074074 0.596875 0.4398148148148148 0.5916666666666667 0.4564814814814815 0.5885416666666666 0.4583333333333333 0.5869791666666667 0.4166666666666667 0.5916666666666667 0.40555555555555556
1 0.5953125 0.3111111111111111 0.5963541666666666 0.34074074074074073 0.5958333333333333 0.3490740740740741 0.5927083333333333 0.3537037037037037 0.5869791666666667 0.35185185185185186 0.5890625 0.34629629629629627 0.5890625 0.3212962962962963 0.590625 0.3148148148148148 0.5947916666666667 0.3111111111111111
1 0.6020833333333333 0.16018518518518518 0.6046875 0.175 0.6020833333333333 0.2 0.5989583333333334 0.20277777777777778 0.596875 0.18888888888888888 0.5973958333333333 0.17037037037037037 0.5989583333333334 0.16296296296296298 0.6015625 0.16111111111111112
1 0.27708333333333335 0.937962962962963 0.28177083333333336 0.9435185185185185 0.28229166666666666 0.9555555555555556 0.2869791666666667 0.9648148148148148 0.2864583333333333 0.9694444444444444 0.28177083333333336 0.975925925925926 0.2708333333333333 0.9740740740740741 0.25833333333333336 0.9462962962962963 0.259375 0.9398148148148148 0.26197916666666665 0.937037037037037 0.2765625 0.937962962962963
1 0.7106770833333333 0.21064814814814814 0.0109375 0.04537037037037037
1 0.8067708333333333 0.19814814814814816 0.809375 0.21388888888888888 0.8 0.2361111111111111 0.796875 0.23981481481481481 0.7947916666666667 0.23796296296296296 0.7958333333333333 0.225 0.8 0.20462962962962963 0.8026041666666667 0.2 0.80625 0.19907407407407407
1 0.4041666666666667 0.4009259259259259 0.4088541666666667 0.40925925925925927 0.409375 0.43148148148148147 0.4114583333333333 0.44074074074074077 0.4041666666666667 0.44166666666666665 0.40260416666666665 0.4388888888888889 0.39947916666666666 0.41203703703703703 0.4005208333333333 0.4027777777777778 0.4036458333333333 0.40185185185185185