0 0.7109375 0.6212962962962963 0.7177083333333333 0.6231481481481481 0.7338541666666667 0.6361111111111111 0.771875 0.6722222222222223 0.7848958333333333 0.6962962962962963 0.796875 0.7092592592592593 0.8041666666666667 0.7212962962962963 0.8078125 0.7444444444444445 0.8036458333333333 0.7657407407407407 0.7963541666666667 0.7805555555555556 0.7864583333333334 0.7870370370370371 0.7682291666666666 0.7861111111111111 0.7619791666666667 0.7824074074074074 0.75 0.7601851851851852 0.7338541666666667 0.7453703703703703 0.7145833333333333 0.7222222222222222 0.6973958333333333 0.7129629629629629 0.6921875 0.7037037037037037 0.6869791666666667 0.6805555555555556 0.6880208333333333 0.6592592592592592 0.7 0.6296296296296297 0.7104166666666667 0.6212962962962963
0 0.321875 0.15925925925925927 0.32864583333333336 0.16296296296296298 0.33125 0.1685185185185185 0.33177083333333335 0.18333333333333332 0.3177083333333333 0.19444444444444445 0.3067708333333333 0.2111111111111111 0.290625 0.2101851851851852 0.2859375 0.2064814814814815 0.2828125 0.18796296296296297 0.2890625 0.1712962962962963 0.2984375 0.16111111111111112 0.32135416666666666 0.15925925925925927
0 0.37083333333333335 0.41388888888888886 0.3776041666666667 0.4166666666666667 0.3890625 0.42962962962962964 0.39375 0.4425925925925926 0.39375 0.45740740740740743 0.39010416666666664 0.4675925925925926 0.3770833333333333 0.4861111111111111 0.3671875 0.5083333333333333 0.36354166666666665 0.525 0.35260416666666666 0.5333333333333333 0.3453125 0.5324074074074074 0.33125 0.5231481481481481 0.32864583333333336 0.512962962962963 0.32864583333333336 0.49537037037037035 0.3380208333333333 0.4638888888888889 0.3484375 0.4388888888888889 0.3619791666666667 0.4166666666666667 0.3703125 0.41388888888888886
0 0.1875 0.29907407407407405 0.21458333333333332 0.31666666666666665 0.23125 0.33796296296296297 0.23489583333333333 0.3490740740740741 0.23072916666666668 0.3592592592592593 0.23072916666666668 0.375 0.22864583333333333 0.38055555555555554 0.22395833333333334 0.38425925925925924 0.21614583333333334 0.38333333333333336 0.1953125 0.4074074074074074 0.18958333333333333 0.4324074074074074 0.18541666666666667 0.4361111111111111 0.17395833333333333 0.43425925925925923 0.16875 0.4398148148148148 0.15572916666666667 0.43148148148148147 0.140625 0.41388888888888886 0.13697916666666668 0.3972222222222222 0.121875 0.3574074074074074 0.1265625 0.34814814814814815 0.1625 0.30648148148148147 0.17083333333333334 0.3 0.18697916666666667 0.29907407407407405
0 0.8020833333333334 0.33796296296296297 0.8317708333333333 0.3611111111111111 0.8385416666666666 0.36944444444444446 0.8416666666666667 0.41759259259259257 0.8390625 0.425 0.8317708333333333 0.43148148148148147 0.8104166666666667 0.4287037037037037 0.8 0.4166666666666667 0.7953125 0.35462962962962963 0.796875 0.34074074074074073 0.8015625 0.33796296296296297
0 0.5854166666666667 0.6712962962962963 0.5916666666666667 0.6759259259259259 0.6125 0.6777777777777778 0.6213541666666667 0.6888888888888889 0.6276041666666666 0.7175925925925926 0.628125 0.7333333333333333 0.625 0.7537037037037037 0.6072916666666667 0.7703703703703704 0.5994791666666667 0.7703703703703704 0.5895833333333333 0.7620370370370371 0.578125 0.7620370370370371 0.5484375 0.7638888888888888 0.5328125 0.7731481481481481 0.528125 0.7722222222222223 0.5145833333333333 0.7583333333333333 0.5098958333333333 0.7462962962962963 0.5114583333333333 0.6907407407407408 0.5135416666666667 0.6833333333333333 0.5182291666666666 0.6777777777777778 0.5354166666666667 0.674074074074074 0.5848958333333333 0.6712962962962963
1 0.8557291666666667 0.175 0.8588541666666667 0.17407407407407408 0.859375 0.17777777777777778 0.8572916666666667 0.19537037037037036 0.8505208333333333 0.21388888888888888 0.8453125 0.22037037037037038 0.8442708333333333 0.21851851851851853 0.8442708333333333 0.2101851851851852 0.8489583333333334 0.18888888888888888 0.8557291666666667 0.17592592592592593
1 0.13802083333333334 0.21851851851851853 0.1484375 0.24537037037037038 0.14739583333333334 0.2518518518518518 0.140625 0.25833333333333336 0.1375 0.25092592592592594 0.13645833333333332 0.23796296296296296 0.13333333333333333 0.22777777777777777 0.13385416666666666 0.22037037037037038 0.1375 0.21851851851851853
1 0.48541666666666666 0.3490740740740741 0.48802083333333335 0.3527777777777778 0.4859375 0.36944444444444446 0.48854166666666665 0.37592592592592594 0.4875 0.37962962962962965 0.48385416666666664 0.37777777777777777 0.48072916666666665 0.3888888888888889 0.4786458333333333 0.3824074074074074 0.47708333333333336 0.35 0.4791666666666667 0.3416666666666667 0.4817708333333333 0.3416666666666667 0.48489583333333336 0.3490740740740741
1 0.20052083333333334 0.1574074074074074 0.21041666666666667 0.18518518518518517 0.20989583333333334 0.18981481481481483 0.20572916666666666 0.18703703703703703 0.20260416666666667 0.1962962962962963 0.20052083333333334 0.19444444444444445 0.196875 0.16574074074074074 0.19791666666666666 0.15833333333333333 0.2 0.1574074074074074
1 0.26953125 0.13796296296296295 0.0109375 0.03148148148148148
1 0.6682291666666667 0.1574074074074074 0.6697916666666667 0.1787037037037037 0.6651041666666667 0.1962962962962963 0.6619791666666667 0.1925925925925926 0.6609375 0.1648148148148148 0.6640625 0.15555555555555556 0.6677083333333333 0.1574074074074074
1 0.09635416666666667 0.30648148148148147 0.1 0.3055555555555556 0.103125 0.3101851851851852 0.10625 0.32592592592592595 0.11145833333333334 0.337037037037037 0.10833333333333334 0.34074074074074073 0.10572916666666667 0.33425925925925926 0.10416666666666667 0.3416666666666667 0.10208333333333333 0.3453703703703704 0.10104166666666667 0.3435185185185185 0.10052083333333334 0.33425925925925926 0.0953125 0.32222222222222224 0.09635416666666667 0.3074074074074074
1 0.2947916666666667 0.13796296296296295 0.29322916666666665 0.13425925925925927 0.2916666666666667 0.13703703703703704 0.29270833333333335 0.14444444444444443 0.290625 0.15 0.28854166666666664 0.15 0.2864583333333333 0.125 0.28958333333333336 0.10462962962962963 0.2942708333333333 0.10925925925925926 0.29583333333333334 0.12314814814814815 0.3 0.13703703703703704 0.2953125 0.13796296296296295
1 0.4083333333333333 0.5740740740740741 0.40989583333333335 0.5666666666666667 0.4078125 0.5259259259259259 0.4114583333333333 0.5157407407407407 0.41458333333333336 0.5166666666666667 0.41822916666666665 0.5305555555555556 0.41875 0.5481481481481482 0.4140625 0.5712962962962963 0.4088541666666667 0.5740740740740741
1 0.20104166666666667 0.25833333333333336 0.20677083333333332 0.2657407407407407 0.209375 0.2759259259259259 0.21145833333333333 0.2935185185185185 0.21145833333333333 0.3 0.20989583333333334 0.30185185185185187 0.20625 0.29907407407407405 0.196875 0.2712962962962963 0.19791666666666666 0.2611111111111111 0.20052083333333334 0.25833333333333336
1 0.515625 0.4537037037037037 0.5182291666666666 0.487962962962963 0.5130208333333334 0.49444444444444446 0.5119791666666667 0.5027777777777778 0.509375 0.5055555555555555 0.5083333333333333 0.45925925925925926 0.5109375 0.4546296296296296 0.5151041666666667 0.4537037037037037
1 0.8354166666666667 0.5083333333333333 0.8364583333333333 0.5120370370370371 0.8291666666666667 0.5546296296296296 0.83125 0.5648148148148148 0.8291666666666667 0.5666666666666667 0.825 0.562962962962963 0.8234375 0.5462962962962963 0.8213541666666667 0.5425925925925926 0.8171875 0.5518518518518518 0.8104166666666667 0.5509259259259259 0.809375 0.5462962962962963 0.8161458333333333 0.5361111111111111 0.8213541666666667 0.5342592592592592 0.8265625 0.5157407407407407 0.8348958333333333 0.5083333333333333
1 0.5708333333333333 0.2833333333333333 0.5786458333333333 0.2962962962962963 0.5755208333333334 0.3212962962962963 0.5708333333333333 0.33425925925925926 0.5677083333333334 0.33425925925925926 0.5671875 0.2935185185185185 0.5708333333333333 0.28425925925925927
1 0.365625 0.05 0.3697916666666667 0.05462962962962963 0.3729166666666667 0.06388888888888888 0.3729166666666667 0.08611111111111111 0.3692708333333333 0.08611111111111111 0.365625 0.06666666666666667 0.365625 0.05092592592592592
1 0.14583333333333334 0.8555555555555555 0.15052083333333333 0.8574074074074074 0.1578125 0.8694444444444445 0.15833333333333333 0.8925925925925926 0.165625 0.9037037037037037 0.16458333333333333 0.9111111111111111 0.1609375 0.9157407407407407 0.14635416666666667 0.8935185185185185 0.14479166666666668 0.8740740740740741 0.1421875 0.8666666666666667 0.14583333333333334 0.8564814814814815
1 0.2786458333333333 0.1574074074074074 0.2828125 0.15833333333333333 0.2875 0.1712962962962963 0.2864583333333333 0.18333333333333332 0.2828125 0.18333333333333332 0.2786458333333333 0.15833333333333333
1 0.5 0.46296296296296297 0.5020833333333333 0.46944444444444444 0.5015625 0.48703703703703705 0.4947916666666667 0.5009259259259259 0.4890625 0.4666666666666667 0.4942708333333333 0.45555555555555555 0.49947916666666664 0.46296296296296297
1 0.2520833333333333 0.14351851851851852 0.2557291666666667 0.1537037037037037 0.2557291666666667 0.1648148148148148 0.2604166666666667 0.17777777777777778 0.2578125 0.17962962962962964 0.2546875 0.17407407407407408 0.2515625 0.18425925925925926 0.24947916666666667 0.1814814814814815 0.24739583333333334 0.16111111111111112 0.24791666666666667 0.14722222222222223 0.2515625 0.14351851851851852
1 0.16197916666666667 0.21296296296296297 0.1671875 0.22314814814814815 0.16822916666666668 0.24814814814814815 0.15833333333333333 0.22777777777777777 0.15729166666666666 0.21388888888888888 0.16145833333333334 0.21296296296296297
1 0.8421875 0.5027777777777778 0.84375 0.5046296296296297 0.8432291666666667 0.5157407407407407 0.834375 0.5509259259259259 0.8307291666666666 0.55 0.8302083333333333 0.5462962962962963 0.834375 0.512962962962963 0.8416666666666667 0.5027777777777778
1 0.6333333333333333 0.14814814814814814 0.6364583333333333 0.15555555555555556 0.6364583333333333 0.1675925925925926 0.6333333333333333 0.18611111111111112 0.6302083333333334 0.18888888888888888 0.6291666666666667 0.18703703703703703 0.6291666666666667 0.15925925925925927 0.6328125 0.14907407407407408
1 0.8322916666666667 0.2796296296296296 0.0125 0.044444444444444446
1 0.45 0.712037037037037 0.45677083333333335 0.7185185185185186 0.4625 0.7305555555555555 0.4578125 0.762962962962963 0.453125 0.775 0.4510416666666667 0.7731481481481481 0.45208333333333334 0.7583333333333333 0.44895833333333335 0.7398148148148148 0.4453125 0.7351851851851852 0.4390625 0.7407407407407407 0.44947916666666665 0.712037037037037
1 0.5041666666666667 0.712037037037037 0.5083333333333333 0.7287037037037037 0.5098958333333333 0.7527777777777778 0.5083333333333333 0.7564814814814815 0.5046875 0.7537037037037037 0.5026041666666666 0.7574074074074074 0.5005208333333333 0.775 0.4984375 0.7768518518518519 0.496875 0.775 0.496875 0.7240740740740741 0.5005208333333333 0.7129629629629629 0.5036458333333333 0.712037037037037
1 0.2140625 0.812037037037037 0.221875 0.8138888888888889 0.22864583333333333 0.8203703703703704 0.23072916666666668 0.8407407407407408 0.22708333333333333 0.8407407407407408 0.22604166666666667 0.8435185185185186 0.22916666666666666 0.8546296296296296 0.22708333333333333 0.8611111111111112 0.22395833333333334 0.8601851851851852 0.21927083333333333 0.8518518518518519 0.2125 0.8240740740740741 0.20833333333333334 0.8175925925925925 0.20989583333333334 0.812037037037037 0.21354166666666666 0.812037037037037
1 0.24114583333333334 0.15185185185185185 0.24322916666666666 0.1574074074074074 0.24583333333333332 0.18518518518518517 0.2421875 0.18518518518518517 0.2375 0.17037037037037037 0.2375 0.1527777777777778 0.240625 0.15185185185185185
1 0.5291666666666667 0.3597222222222222 0.011458333333333333 0.049074074074074076
1 0.47708333333333336 0.44907407407407407 0.48385416666666664 0.4601851851851852 0.48541666666666666 0.4666666666666667 0.48385416666666664 0.4981481481481482 0.47708333333333336 0.5027777777777778 0.47552083333333334 0.4824074074074074 0.4713541666666667 0.4759259259259259 0.47239583333333335 0.46296296296296297 0.4765625 0.45
1 0.22916666666666666 0.15092592592592594 0.23697916666666666 0.17777777777777778 0.23125 0.18518518518518517 0.22864583333333333 0.18518518518518517 0.228125 0.1712962962962963 0.22447916666666667 0.15925925925925927 0.225 0.1527777777777778 0.22864583333333333 0.15092592592592594
1 0.4234375 0.5185185185185185 0.4328125 0.5388888888888889 0.4328125 0.5564814814814815 0.4270833333333333 0.562037037037037 0.425 0.5712962962962963 0.421875 0.5712962962962963 0.41822916666666665 0.5361111111111111 0.41822916666666665 0.5222222222222223 0.42291666666666666 0.5185185185185185
1 0.1890625 0.21944444444444444 0.19375 0.2388888888888889 0.2 0.24722222222222223 0.19947916666666668 0.25 0.19479166666666667 0.2490740740740741 0.1921875 0.25833333333333336 0.1890625 0.2601851851851852 0.18697916666666667 0.24074074074074073 0.1828125 0.22962962962962963 0.184375 0.22037037037037038 0.18854166666666666 0.21944444444444444
1 0.28020833333333334 0.7472222222222222 0.29010416666666666 0.7509259259259259 0.29583333333333334 0.7722222222222223 0.3 0.7805555555555556 0.29375 0.8027777777777778 0.2911458333333333 0.8 0.2916666666666667 0.7870370370370371 0.28541666666666665 0.7768518518518519 0.2791666666666667 0.7759259259259259 0.2755208333333333 0.7694444444444445 0.275 0.7509259259259259 0.2796875 0.7472222222222222
1 0.6744791666666666 0.7972222222222223 0.6786458333333333 0.7564814814814815 0.6838541666666667 0.7472222222222222 0.6885416666666667 0.7444444444444445 0.6921875 0.7351851851851852 0.6958333333333333 0.7351851851851852 0.696875 0.7379629629629629 0.6953125 0.7472222222222222 0.6963541666666667 0.7731481481481481 0.6916666666666667 0.7777777777777778 0.6854166666666667 0.7925925925925926 0.675 0.7972222222222223
1 0.6994791666666667 0.2518518518518518 0.7057291666666666 0.2388888888888889 0.7088541666666667 0.25092592592592594 0.7088541666666667 0.262037037037037 0.7046875 0.2712962962962963 0.703125 0.2916666666666667 0.7005208333333334 0.28888888888888886 0.6994791666666667 0.28055555555555556 0.6979166666666666 0.25833333333333336 0.6994791666666667 0.25277777777777777
1 0.6510416666666666 0.12777777777777777 0.6541666666666667 0.13148148148148148 0.6552083333333333 0.14814814814814814 0.6505208333333333 0.1648148148148148 0.6473958333333333 0.1675925925925926 0.6473958333333333 0.1388888888888889 0.6505208333333333 0.1287037037037037
1 0.16822916666666668 0.24351851851851852 0.16666666666666666 0.23055555555555557 0.17083333333333334 0.22037037037037038 0.17604166666666668 0.22777777777777777 0.18020833333333333 0.24814814814814815 0.17864583333333334 0.25833333333333336 0.1765625 0.25833333333333336 0.17447916666666666 0.25 0.16875 0.24351851851851852
1 0.265625 0.14351851851851852 0.26979166666666665 0.15185185185185185 0.2713541666666667 0.1712962962962963 0.26979166666666665 0.17407407407407408 0.265625 0.1685185185185185 0.2630208333333333 0.15925925925925927 0.2625 0.14814814814814814 0.26510416666666664 0.14351851851851852
1 0.28958333333333336 0.6787037037037037 0.2947916666666667 0.6814814814814815 0.2989583333333333 0.6888888888888889 0.2994791666666667 0.700925925925926 0.30520833333333336 0.7148148148148148 0.30364583333333334 0.7268518518518519 0.30104166666666665 0.7268518518518519 0.29635416666666664 0.7175925925925926 0.290625 0.7157407407407408 0.2828125 0.687962962962963 0.28489583333333335 0.6796296296296296 0.2890625 0.6787037037037037
1 0.5916666666666667 0.4444444444444444 0.5880208333333333 0.4425925925925926 0.5848958333333333 0.4462962962962963 0.5838541666666667 0.44166666666666665 0.5848958333333333 0.40370370370370373 0.5885416666666666 0.39537037037037037 0.5916666666666667 0.39444444444444443 0.5963541666666666 0.4074074074074074 0.5916666666666667 0.44351851851851853
1 0.3463541666666667 0.058333333333333334 0.35052083333333334 0.07407407407407407 0.35052083333333334 0.08888888888888889 0.3453125 0.09351851851851851 0.34375 0.08333333333333333 0.340625 0.07777777777777778 0.34010416666666665 0.06759259259259259 0.3458333333333333 0.058333333333333334
1 0.4239583333333333 0.6851851851851852 0.4296875 0.6898148148148148 0.4328125 0.7083333333333334 0.4317708333333333 0.7231481481481481 0.4270833333333333 0.7351851851851852 0.425 0.7351851851851852 0.425 0.725925925925926 0.4197916666666667 0.7185185185185186 0.4166666666666667 0.7037037037037037 0.41822916666666665 0.687037037037037 0.4234375 0.6851851851851852
1 0.078125 0.3194444444444444 0.09375 0.3574074074074074 0.09114583333333333 0.35833333333333334 0.0875 0.3537037037037037 0.08489583333333334 0.36666666666666664 0.08125 0.3675925925925926 0.08125 0.3574074074074074 0.07395833333333333 0.33240740740740743 0.07447916666666667 0.325 0.07760416666666667 0.32037037037037036
1 0.13177083333333334 0.9537037037037037 0.1453125 0.9527777777777777 0.14947916666666666 0.9555555555555556 0.15364583333333334 0.9648148148148148 0.16145833333333334 0.9666666666666667 0.16145833333333334 0.9722222222222222 0.15833333333333333 0.975925925925926 0.15104166666666666 0.9740740740740741 0.14895833333333333 0.9768518518518519 0.14895833333333333 0.9972222222222222 0.14270833333333333 0.9944444444444445 0.121875 0.9666666666666667 0.12135416666666667 0.9592592592592593 0.12291666666666666 0.9555555555555556 0.12604166666666666 0.9527777777777777 0.13125 0.9537037037037037
1 0.5119791666666667 0.44074074074074077 0.515625 0.44166666666666665 0.5177083333333333 0.44907407407407407 0.5171875 0.4824074074074074 0.51875 0.49074074074074076 0.5145833333333333 0.49166666666666664 0.5119791666666667 0.5018518518518519 0.5083333333333333 0.5046296296296297 0.5088541666666667 0.4666666666666667 0.50625 0.44907407407407407 0.5114583333333333 0.44166666666666665
1 0.5432291666666667 0.38333333333333336 0.5479166666666667 0.39537037037037037 0.5479166666666667 0.4027777777777778 0.5432291666666667 0.4305555555555556 0.540625 0.43425925925925923 0.5385416666666667 0.3907407407407407 0.5395833333333333 0.3851851851851852 0.5427083333333333 0.38333333333333336
1 0.35885416666666664 0.05185185185185185 0.3625 0.05462962962962963 0.36354166666666665 0.06944444444444445 0.36354166666666665 0.08888888888888889 0.359375 0.09074074074074075 0.3567708333333333 0.0712962962962963 0.35885416666666664 0.05277777777777778
1 0.8703125 0.19074074074074074 0.8755208333333333 0.19444444444444445 0.8765625 0.20277777777777778 0.8708333333333333 0.21481481481481482 0.8666666666666667 0.23055555555555557 0.8619791666666666 0.23055555555555557 0.8619791666666666 0.22407407407407406 0.8651041666666667 0.2064814814814815 0.8651041666666667 0.19537037037037036 0.8697916666666666 0.19074074074074074
1 0.5302083333333333 0.46574074074074073 0.5348958333333333 0.4787037037037037 0.5333333333333333 0.49907407407407406 0.5354166666666667 0.5083333333333333 0.5328125 0.5148148148148148 0.5291666666666667 0.5092592592592593 0.5260416666666666 0.5166666666666667 0.5223958333333333 0.5157407407407407 0.5239583333333333 0.5101851851851852 0.5234375 0.48703703703703705 0.5255208333333333 0.4666666666666667 0.5296875 0.46574074074074073
1 0.3765625 0.7537037037037037 0.3932291666666667 0.7685185185185185 0.3848958333333333 0.7851851851851852 0.3828125 0.7981481481481482 0.37916666666666665 0.8 0.3776041666666667 0.7824074074074074 0.3723958333333333 0.7722222222222223 0.3729166666666667 0.7574074074074074 0.37604166666666666 0.7546296296296297
1 0.14375 0.20092592592592592 0.14895833333333333 0.2111111111111111 0.15 0.22314814814814815 0.153125 0.2324074074074074 0.1515625 0.23796296296296296 0.14583333333333334 0.23148148148148148 0.14010416666666667 0.21574074074074073 0.14010416666666667 0.20185185185185187 0.14322916666666666 0.20092592592592592
1 0.559375 0.9111111111111111 0.5671875 0.9314814814814815 0.5640625 0.9611111111111111 0.5604166666666667 0.9611111111111111 0.5536458333333333 0.9527777777777777 0.5505208333333333 0.9601851851851851 0.546875 0.9611111111111111 0.5453125 0.9583333333333334 0.5458333333333333 0.9472222222222222 0.5526041666666667 0.924074074074074 0.5526041666666667 0.9120370370370371 0.5541666666666667 0.9092592592592592 0.5588541666666667 0.9111111111111111
1 0.24166666666666667 0.8203703703703704 0.24947916666666667 0.8277777777777777 0.2484375 0.8518518518518519 0.246875 0.8546296296296296 0.24791666666666667 0.8657407407407407 0.24479166666666666 0.8694444444444445 0.23854166666666668 0.8592592592592593 0.2375 0.850925925925926 0.23385416666666667 0.8453703703703703 0.2296875 0.8314814814814815 0.23072916666666668 0.8203703703703704 0.24114583333333334 0.8203703703703704
1 0.6552083333333333 0.18703703703703703 0.6588541666666666 0.19074074074074074 0.6614583333333334 0.19907407407407407 0.6557291666666667 0.23055555555555557 0.6515625 0.22314814814814815 0.6515625 0.20092592592592592 0.6546875 0.18703703703703703
1 0.2390625 0.8953703703703704 0.2453125 0.8962962962962963 0.24479166666666666 0.9074074074074074 0.253125 0.9203703703703704 0.25885416666666666 0.924074074074074 0.2671875 0.9148148148148149 0.2703125 0.9175925925925926 0.265625 0.9296296296296296 0.2578125 0.9259259259259259 0.253125 0.9314814814814815 0.25 0.9453703703703704 0.24427083333333333 0.9537037037037037 0.240625 0.9527777777777777 0.2390625 0.9314814814814815 0.22864583333333333 0.9111111111111111 0.23229166666666667 0.8962962962962963 0.23854166666666668 0.8953703703703704
1 0.6713541666666667 0.43333333333333335 0.675 0.43333333333333335 0.678125 0.4425925925925926 0.678125 0.4527777777777778 0.6734375 0.47962962962962963 0.6713541666666667 0.48518518518518516 0.6619791666666667 0.48333333333333334 0.6635416666666667 0.45 0.6713541666666667 0.43425925925925923