1 0.8481770833333333 0.22175925925925927 0.0171875 0.04537037037037037
1 0.5734375 0.32037037037037036 0.5770833333333333 0.33796296296296297 0.5713541666666667 0.362962962962963 0.56875 0.35833333333333334 0.565625 0.3333333333333333 0.5677083333333334 0.32314814814814813 0.5729166666666666 0.32037037037037036
1 0.5979166666666667 0.3453703703703704 0.6020833333333333 0.3472222222222222 0.6046875 0.35555555555555557 0.5989583333333334 0.3907407407407407 0.5953125 0.3907407407407407 0.596875 0.37222222222222223 0.5942708333333333 0.35462962962962963 0.5979166666666667 0.34629629629629627
1 0.2046875 0.22407407407407406 0.20729166666666668 0.22870370370370371 0.2078125 0.23703703703703705 0.21354166666666666 0.24722222222222223 0.21354166666666666 0.25833333333333336 0.209375 0.2574074074074074 0.20520833333333333 0.24166666666666667 0.2 0.23425925925925925 0.20052083333333334 0.22592592592592592 0.20416666666666666 0.22407407407407406
1 0.6505208333333333 0.1537037037037037 0.6510416666666666 0.16296296296296298 0.6463541666666667 0.1925925925925926 0.6447916666666667 0.19537037037037036 0.6421875 0.1925925925925926 0.6416666666666667 0.1675925925925926 0.64375 0.15925925925925927 0.65 0.15462962962962962
1 0.6338541666666667 0.29907407407407405 0.6369791666666667 0.30833333333333335 0.6369791666666667 0.325 0.6302083333333334 0.3416666666666667 0.6276041666666666 0.3388888888888889 0.6286458333333333 0.3138888888888889 0.6302083333333334 0.3037037037037037 0.6333333333333333 0.29907407407407405
1 0.6369791666666667 0.22962962962962963 0.6380208333333334 0.24444444444444444 0.6333333333333333 0.2638888888888889 0.6296875 0.2611111111111111 0.6291666666666667 0.23425925925925925 0.6322916666666667 0.22870370370370371 0.6364583333333333 0.22962962962962963
1 0.1375 0.2351851851851852 0.14114583333333333 0.25833333333333336 0.1453125 0.26851851851851855 0.140625 0.2777777777777778 0.13697916666666668 0.2759259259259259 0.1359375 0.26666666666666666 0.13072916666666667 0.25092592592592594 0.13177083333333334 0.24074074074074073 0.13697916666666668 0.2351851851851852
1 0.6645833333333333 0.16203703703703703 0.66875 0.17037037037037037 0.6661458333333333 0.2 0.6645833333333333 0.20277777777777778 0.6614583333333334 0.20185185185185187 0.6614583333333334 0.1712962962962963 0.6645833333333333 0.16296296296296298
1 0.8463541666666666 0.4675925925925926 0.8526041666666667 0.4759259259259259 0.8526041666666667 0.48055555555555557 0.846875 0.4962962962962963 0.84375 0.5157407407407407 0.8411458333333334 0.5148148148148148 0.8411458333333334 0.5064814814814815 0.8385416666666666 0.5018518518518519 0.8354166666666667 0.5111111111111111 0.8317708333333333 0.5083333333333333 0.8390625 0.4759259259259259 0.8427083333333333 0.4685185185185185 0.8458333333333333 0.4675925925925926
1 0.5260416666666666 0.33796296296296297 0.5307291666666667 0.35 0.5307291666666667 0.3768518518518518 0.5291666666666667 0.3814814814814815 0.5255208333333333 0.37222222222222223 0.5223958333333333 0.38796296296296295 0.5192708333333333 0.387037037037037 0.521875 0.36574074074074076 0.5197916666666667 0.3490740740740741 0.5223958333333333 0.3398148148148148 0.5255208333333333 0.33796296296296297
1 0.4640625 0.6722222222222223 0.471875 0.6814814814814815 0.47708333333333336 0.7037037037037037 0.47708333333333336 0.7129629629629629 0.475 0.7148148148148148 0.4703125 0.7064814814814815 0.46875 0.7083333333333334 0.4671875 0.7231481481481481 0.4640625 0.7296296296296296 0.4625 0.7287037037037037 0.4609375 0.6833333333333333 0.46145833333333336 0.675 0.4635416666666667 0.6722222222222223
1 0.6674479166666667 0.21944444444444444 0.009895833333333333 0.040740740740740744
1 0.06041666666666667 0.39351851851851855 0.06302083333333333 0.39814814814814814 0.0640625 0.4064814814814815 0.07291666666666667 0.41759259259259257 0.07239583333333334 0.4212962962962963 0.06979166666666667 0.4222222222222222 0.06354166666666666 0.41574074074074074 0.06041666666666667 0.43148148148148147 0.057291666666666664 0.43148148148148147 0.05677083333333333 0.4148148148148148 0.051041666666666666 0.39814814814814814 0.053125 0.3888888888888889 0.05677083333333333 0.38796296296296295 0.059895833333333336 0.39351851851851855
1 0.8677083333333333 0.5842592592592593 0.8692708333333333 0.5879629629629629 0.8598958333333333 0.6268518518518519 0.8625 0.6370370370370371 0.859375 0.6398148148148148 0.8557291666666667 0.6361111111111111 0.853125 0.6222222222222222 0.8479166666666667 0.6240740740740741 0.8453125 0.6314814814814815 0.840625 0.6296296296296297 0.8395833333333333 0.6240740740740741 0.8473958333333333 0.6212962962962963 0.8578125 0.5916666666666667 0.8625 0.5842592592592593 0.8671875 0.5842592592592593
1 0.19947916666666668 0.1787037037037037 0.20260416666666667 0.17777777777777778 0.20885416666666667 0.18981481481481483 0.2109375 0.20462962962962963 0.20989583333333334 0.21388888888888888 0.20625 0.21481481481481482 0.20520833333333333 0.20277777777777778 0.2 0.19074074074074074 0.19947916666666668 0.17962962962962964
1 0.98515625 0.5976851851851852 0.025520833333333333 0.041666666666666664
1 0.5817708333333333 0.3351851851851852 0.5854166666666667 0.3398148148148148 0.5869791666666667 0.3527777777777778 0.5828125 0.3611111111111111 0.5807291666666666 0.375 0.5776041666666667 0.37962962962962965 0.5755208333333334 0.3490740740740741 0.5776041666666667 0.337037037037037 0.58125 0.3351851851851852
1 0.6484375 0.3861111111111111 0.6510416666666666 0.39351851851851855 0.6515625 0.40370370370370373 0.64375 0.4305555555555556 0.6416666666666667 0.42962962962962964 0.6395833333333333 0.3962962962962963 0.640625 0.3888888888888889 0.6479166666666667 0.3861111111111111
1 0.015104166666666667 0.42592592592592593 0.03802083333333333 0.462037037037037 0.03958333333333333 0.46944444444444444 0.03333333333333333 0.4638888888888889 0.029166666666666667 0.4638888888888889 0.029166666666666667 0.48148148148148145 0.026041666666666668 0.48148148148148145 0.025 0.46944444444444444 0.015625 0.4444444444444444 0.013541666666666667 0.4324074074074074 0.014583333333333334 0.42685185185185187
1 0.23072916666666668 0.18518518518518517 0.23385416666666667 0.18518518518518517 0.2390625 0.1962962962962963 0.24114583333333334 0.2175925925925926 0.23958333333333334 0.22314814814814815 0.23541666666666666 0.22314814814814815 0.23072916666666668 0.18611111111111112
1 0.42135416666666664 0.5055555555555555 0.4265625 0.5212962962962963 0.4265625 0.5416666666666666 0.43020833333333336 0.55 0.4354166666666667 0.5537037037037037 0.43333333333333335 0.5601851851851852 0.43072916666666666 0.5601851851851852 0.421875 0.5472222222222223 0.4203125 0.55 0.421875 0.5574074074074075 0.41458333333333336 0.5601851851851852 0.4166666666666667 0.5388888888888889 0.41302083333333334 0.5342592592592592 0.4119791666666667 0.525 0.4166666666666667 0.5064814814814815 0.42083333333333334 0.5055555555555555
1 0.6265625 0.15092592592592594 0.6296875 0.15185185185185185 0.6322916666666667 0.1574074074074074 0.6302083333333334 0.18055555555555555 0.6276041666666666 0.18425925925925926 0.625 0.18333333333333332 0.6223958333333334 0.16203703703703703 0.6265625 0.15185185185185185
1 0.5614583333333333 0.24166666666666667 0.5630208333333333 0.26666666666666666 0.5604166666666667 0.2861111111111111 0.5588541666666667 0.28703703703703703 0.5557291666666667 0.2861111111111111 0.55625 0.26944444444444443 0.5541666666666667 0.2574074074074074 0.5583333333333333 0.24351851851851852 0.5609375 0.24166666666666667
1 0.11041666666666666 0.31666666666666665 0.1203125 0.32685185185185184 0.11979166666666667 0.3351851851851852 0.12552083333333333 0.34444444444444444 0.12291666666666666 0.3472222222222222 0.11927083333333334 0.3453703703703704 0.11875 0.3537037037037037 0.11614583333333334 0.35555555555555557 0.1078125 0.325 0.1078125 0.3194444444444444 0.10989583333333333 0.31666666666666665
1 0.6375 0.17083333333333334 0.010416666666666666 0.03796296296296296
1 0.6265625 0.17962962962962964 0.6296875 0.18981481481481483 0.6265625 0.21851851851851853 0.6234375 0.22314814814814815 0.621875 0.22037037037037038 0.6223958333333334 0.20925925925925926 0.6192708333333333 0.19166666666666668 0.6203125 0.18518518518518517 0.6260416666666667 0.18055555555555555
1 0.24583333333333332 0.18888888888888888 0.25 0.19814814814814816 0.253125 0.21388888888888888 0.2515625 0.22037037037037038 0.246875 0.21944444444444444 0.24270833333333333 0.2064814814814815 0.2421875 0.18888888888888888 0.2453125 0.18888888888888888
1 0.15052083333333333 0.30092592592592593 0.15729166666666666 0.3037037037037037 0.16145833333333334 0.3111111111111111 0.16458333333333333 0.32685185185185184 0.16458333333333333 0.33796296296296297 0.1625 0.3388888888888889 0.1515625 0.33055555555555555 0.1484375 0.30925925925925923 0.15052083333333333 0.30185185185185187
1 0.6401041666666667 0.2462962962962963 0.64375 0.25555555555555554 0.6401041666666667 0.287962962962963 0.6354166666666666 0.2861111111111111 0.6338541666666667 0.262037037037037 0.6369791666666667 0.24722222222222223 0.6395833333333333 0.2462962962962963
1 0.4359375 0.2037037037037037 0.44166666666666665 0.22314814814814815 0.4390625 0.2518518518518518 0.4354166666666667 0.25092592592592594 0.4296875 0.22037037037037038 0.4317708333333333 0.20462962962962963 0.4354166666666667 0.2037037037037037
1 0.5395833333333333 0.37592592592592594 0.5427083333333333 0.3768518518518518 0.5484375 0.38981481481481484 0.5447916666666667 0.4046296296296296 0.5442708333333334 0.41759259259259257 0.5432291666666667 0.4203703703703704 0.5380208333333333 0.41944444444444445 0.5385416666666667 0.4009259259259259 0.534375 0.39351851851851855 0.534375 0.38981481481481484 0.5395833333333333 0.3768518518518518
1 0.13333333333333333 0.3 0.13854166666666667 0.30833333333333335 0.14375 0.32407407407407407 0.14427083333333332 0.33240740740740743 0.140625 0.3388888888888889 0.134375 0.33796296296296297 0.1296875 0.31666666666666665 0.12864583333333332 0.30277777777777776 0.1296875 0.29907407407407405 0.1328125 0.3
1 0.09270833333333334 0.6240740740740741 0.10052083333333334 0.6324074074074074 0.10052083333333334 0.6472222222222223 0.10677083333333333 0.6537037037037037 0.1078125 0.6638888888888889 0.10572916666666667 0.6694444444444444 0.10260416666666666 0.6694444444444444 0.09375 0.6574074074074074 0.08072916666666667 0.6314814814814815 0.0828125 0.625 0.0921875 0.6240740740740741
1 0.8744791666666667 0.20555555555555555 0.8786458333333333 0.20462962962962963 0.88125 0.2101851851851852 0.875 0.2361111111111111 0.871875 0.24444444444444444 0.8692708333333333 0.24537037037037038 0.8703125 0.2175925925925926 0.8744791666666667 0.2064814814814815
1 0.9770833333333333 0.6481481481481481 0.9796875 0.6509259259259259 0.9807291666666667 0.6666666666666666 0.9770833333333333 0.6805555555555556 0.96875 0.687037037037037 0.9567708333333333 0.7037037037037037 0.9541666666666667 0.7027777777777777 0.9520833333333333 0.6953703703703704 0.9473958333333333 0.6944444444444444 0.9453125 0.6898148148148148 0.965625 0.6564814814814814 0.9765625 0.649074074074074
1 0.5916666666666667 0.3101851851851852 0.5942708333333333 0.3111111111111111 0.5979166666666667 0.3212962962962963 0.5958333333333333 0.3472222222222222 0.5932291666666667 0.35648148148148145 0.5901041666666667 0.35648148148148145 0.5869791666666667 0.3472222222222222 0.5869791666666667 0.325 0.5916666666666667 0.3111111111111111
1 0.6229166666666667 0.2462962962962963 0.6276041666666666 0.2537037037037037 0.6286458333333333 0.2611111111111111 0.6229166666666667 0.287962962962963 0.6192708333333333 0.2898148148148148 0.6182291666666667 0.28703703703703703 0.6171875 0.26481481481481484 0.6197916666666666 0.2490740740740741 0.6223958333333334 0.24722222222222223
1 0.884375 0.23981481481481481 0.8854166666666666 0.25092592592592594 0.8765625 0.2777777777777778 0.8729166666666667 0.2833333333333333 0.8713541666666667 0.27314814814814814 0.875 0.25092592592592594 0.8838541666666667 0.23981481481481481
1 0.625 0.3592592592592593 0.628125 0.3638888888888889 0.6291666666666667 0.37962962962962965 0.6203125 0.4111111111111111 0.6182291666666667 0.40925925925925927 0.6203125 0.3851851851851852 0.6161458333333333 0.37962962962962965 0.6161458333333333 0.37592592592592594 0.6197916666666666 0.3648148148148148 0.6244791666666667 0.3592592592592593
1 0.56875 0.32222222222222224 0.5671875 0.3037037037037037 0.5692708333333333 0.2962962962962963 0.5734375 0.29259259259259257 0.5760416666666667 0.30648148148148147 0.5744791666666667 0.3388888888888889 0.5739583333333333 0.3287037037037037 0.5692708333333333 0.32222222222222224
1 0.3489583333333333 0.09722222222222222 0.008333333333333333 0.03148148148148148
1 0.19270833333333334 0.18703703703703703 0.2 0.2101851851851852 0.19791666666666666 0.21666666666666667 0.19270833333333334 0.21388888888888888 0.18645833333333334 0.19537037037037036 0.1875 0.18796296296296297 0.1921875 0.18703703703703703
1 0.6322916666666667 0.21666666666666667 0.009375 0.03518518518518519
1 0.625 0.9407407407407408 0.6296875 0.9527777777777777 0.6296875 0.9731481481481481 0.6322916666666667 0.9861111111111112 0.6322916666666667 0.9907407407407407 0.6307291666666667 0.9916666666666667 0.6213541666666667 0.9842592592592593 0.6098958333333333 0.9888888888888889 0.6046875 0.9851851851851852 0.6145833333333334 0.9777777777777777 0.6140625 0.9527777777777777 0.6197916666666666 0.9407407407407408 0.6244791666666667 0.9407407407407408
1 0.659375 0.3685185185185185 0.6619791666666667 0.39351851851851855 0.6546875 0.41759259259259257 0.6520833333333333 0.4064814814814815 0.6515625 0.3861111111111111 0.6546875 0.3731481481481482 0.6588541666666666 0.3685185185185185
1 0.6463541666666667 0.2601851851851852 0.6510416666666666 0.25833333333333336 0.6541666666666667 0.26944444444444443 0.6510416666666666 0.3 0.65 0.3037037037037037 0.6463541666666667 0.3055555555555556 0.6442708333333333 0.27685185185185185 0.6463541666666667 0.2611111111111111
1 0.515625 0.9268518518518518 0.5239583333333333 0.9351851851851852 0.5270833333333333 0.9425925925925925 0.528125 0.9537037037037037 0.5255208333333333 0.9629629629629629 0.5276041666666667 0.9703703703703703 0.5260416666666666 0.9740740740740741 0.515625 0.9703703703703703 0.5109375 0.9638888888888889 0.5109375 0.9314814814814815 0.5151041666666667 0.9268518518518518
1 0.209375 0.2222222222222222 0.21458333333333332 0.23055555555555557 0.21666666666666667 0.24444444444444444 0.2203125 0.25092592592592594 0.21302083333333333 0.25462962962962965 0.2109375 0.24444444444444444 0.20625 0.23703703703703705 0.20572916666666666 0.22592592592592592 0.20885416666666667 0.22314814814814815
1 0.3380208333333333 0.09814814814814815 0.34270833333333334 0.1037037037037037 0.3453125 0.11944444444444445 0.34479166666666666 0.1287037037037037 0.3416666666666667 0.13055555555555556 0.3375 0.10925925925925926 0.3380208333333333 0.09907407407407408