1 0.6541666666666667 0.1712962962962963 0.6526041666666667 0.14166666666666666 0.6572916666666667 0.12962962962962962 0.6614583333333334 0.14537037037037037 0.6578125 0.16203703703703703 0.6578125 0.1712962962962963 0.6546875 0.1712962962962963
1 0.15052083333333333 0.2 0.15416666666666667 0.2074074074074074 0.15572916666666667 0.21666666666666667 0.16145833333333334 0.225 0.16302083333333334 0.23148148148148148 0.1609375 0.2324074074074074 0.15729166666666666 0.22685185185185186 0.15520833333333334 0.22962962962962963 0.15416666666666667 0.2388888888888889 0.15104166666666666 0.2361111111111111 0.15052083333333333 0.2222222222222222 0.14635416666666667 0.2111111111111111 0.14739583333333334 0.20092592592592592 0.15 0.20092592592592592
1 0.5234375 0.25 0.5260416666666666 0.24814814814814815 0.5307291666666667 0.2601851851851852 0.5307291666666667 0.2898148148148148 0.5291666666666667 0.29259259259259257 0.5255208333333333 0.29074074074074074 0.5223958333333333 0.2833333333333333 0.521875 0.2740740740740741 0.5234375 0.25092592592592594
1 0.8598958333333333 0.16666666666666666 0.8614583333333333 0.175 0.8578125 0.19907407407407407 0.8494791666666667 0.2064814814814815 0.8463541666666666 0.2064814814814815 0.8458333333333333 0.20277777777777778 0.8510416666666667 0.17777777777777778 0.859375 0.16666666666666666
1 0.6578125 0.08611111111111111 0.6609375 0.09074074074074075 0.6578125 0.11666666666666667 0.6541666666666667 0.11481481481481481 0.6536458333333334 0.10185185185185185 0.6536458333333334 0.09074074074074075 0.6572916666666667 0.08703703703703704
1 0.55 0.3296296296296296 0.5536458333333333 0.34074074074074073 0.5536458333333333 0.35648148148148145 0.55 0.37407407407407406 0.5463541666666667 0.37222222222222223 0.5463541666666667 0.3638888888888889 0.5427083333333333 0.3472222222222222 0.5458333333333333 0.3314814814814815 0.5494791666666666 0.3296296296296296
1 0.6958333333333333 0.9990740740740741 0.6947916666666667 0.9898148148148148 0.6994791666666667 0.9824074074074074 0.7026041666666667 0.9666666666666667 0.6979166666666666 0.9592592592592593 0.7015625 0.9564814814814815 0.7130208333333333 0.9574074074074074 0.71875 0.9740740740740741 0.7192708333333333 0.9842592592592593 0.7166666666666667 0.9925925925925926 0.7130208333333333 0.9935185185185185 0.709375 0.9990740740740741 0.6963541666666667 0.9990740740740741
1 0.671875 0.24166666666666667 0.6713541666666667 0.21944444444444444 0.6770833333333334 0.20555555555555555 0.6791666666666667 0.2064814814814815 0.68125 0.21574074074074073 0.6802083333333333 0.2462962962962963 0.6776041666666667 0.24814814814814815 0.6723958333333333 0.24166666666666667
1 0.7526041666666666 0.3055555555555556 0.7546875 0.32314814814814813 0.7526041666666666 0.3333333333333333 0.7494791666666667 0.33796296296296297 0.7479166666666667 0.3611111111111111 0.7453125 0.35555555555555557 0.7447916666666666 0.3435185185185185 0.7385416666666667 0.34814814814814815 0.7375 0.34444444444444444 0.7427083333333333 0.3333333333333333 0.7421875 0.3212962962962963 0.7479166666666667 0.31296296296296294 0.7494791666666667 0.30648148148148147 0.7520833333333333 0.3055555555555556
1 0.28229166666666666 0.10277777777777777 0.2864583333333333 0.10462962962962963 0.28958333333333336 0.11018518518518519 0.2916666666666667 0.12685185185185185 0.2942708333333333 0.13333333333333333 0.28854166666666664 0.14074074074074075 0.2859375 0.14074074074074075 0.28125 0.11666666666666667 0.28229166666666666 0.1037037037037037
1 0.4473958333333333 0.8425925925925926 0.453125 0.8472222222222222 0.45625 0.8592592592592593 0.45364583333333336 0.8657407407407407 0.4484375 0.8703703703703703 0.446875 0.8805555555555555 0.4427083333333333 0.8833333333333333 0.4427083333333333 0.8675925925925926 0.4390625 0.8555555555555555 0.43802083333333336 0.8416666666666667 0.4390625 0.8333333333333334 0.44375 0.8314814814814815 0.446875 0.8425925925925926
1 0.13697916666666668 0.24074074074074073 0.14583333333333334 0.25092592592592594 0.14739583333333334 0.26296296296296295 0.15260416666666668 0.275 0.15052083333333333 0.2777777777777778 0.14114583333333333 0.2712962962962963 0.13645833333333332 0.24814814814814815 0.13697916666666668 0.24166666666666667
1 0.3104166666666667 0.15092592592592594 0.3151041666666667 0.1648148148148148 0.3171875 0.19166666666666668 0.3140625 0.18981481481481483 0.3104166666666667 0.1787037037037037 0.30833333333333335 0.1574074074074074 0.3098958333333333 0.15185185185185185
1 0.13020833333333334 0.25555555555555554 0.13854166666666667 0.2657407407407407 0.1421875 0.2796296296296296 0.14739583333333334 0.287962962962963 0.14739583333333334 0.29259259259259257 0.14375 0.2935185185185185 0.14322916666666666 0.28888888888888886 0.14010416666666667 0.2851851851851852 0.13697916666666668 0.29259259259259257 0.13697916666666668 0.29814814814814816 0.13385416666666666 0.3 0.13333333333333333 0.28425925925925927 0.1296875 0.275 0.12760416666666666 0.25925925925925924 0.1296875 0.25555555555555554
1 0.296875 0.10185185185185185 0.29739583333333336 0.11666666666666667 0.29322916666666665 0.125 0.29322916666666665 0.13518518518518519 0.28854166666666664 0.09814814814814815 0.29322916666666665 0.09444444444444444 0.29635416666666664 0.10185185185185185
1 0.36041666666666666 0.5731481481481482 0.3692708333333333 0.5814814814814815 0.3692708333333333 0.5990740740740741 0.37395833333333334 0.6083333333333333 0.3729166666666667 0.6129629629629629 0.36614583333333334 0.6111111111111112 0.359375 0.6 0.35625 0.587037037037037 0.35104166666666664 0.5861111111111111 0.3572916666666667 0.5740740740740741 0.35989583333333336 0.5731481481481482
1 0.20052083333333334 0.2074074074074074 0.20625 0.21666666666666667 0.2078125 0.23055555555555557 0.21302083333333333 0.24074074074074073 0.20989583333333334 0.24722222222222223 0.20625 0.2490740740740741 0.20520833333333333 0.2388888888888889 0.19739583333333333 0.21666666666666667 0.196875 0.2101851851851852 0.2 0.2074074074074074
1 0.7223958333333333 0.46944444444444444 0.721875 0.46296296296296297 0.7291666666666666 0.4583333333333333 0.734375 0.4398148148148148 0.7427083333333333 0.4287037037037037 0.74375 0.42407407407407405 0.7458333333333333 0.425 0.7458333333333333 0.44166666666666665 0.7375 0.47314814814814815 0.7364583333333333 0.4842592592592593 0.7322916666666667 0.4842592592592593 0.7322916666666667 0.4703703703703704 0.7307291666666667 0.46574074074074073 0.7229166666666667 0.46944444444444444
1 0.38177083333333334 0.028703703703703703 0.3848958333333333 0.03888888888888889 0.3848958333333333 0.053703703703703705 0.3802083333333333 0.05925925925925926 0.3765625 0.02962962962962963 0.3796875 0.026851851851851852 0.38125 0.028703703703703703
1 0.2203125 0.14351851851851852 0.225 0.14722222222222223 0.22760416666666666 0.17777777777777778 0.21979166666666666 0.18055555555555555 0.21770833333333334 0.1574074074074074 0.21979166666666666 0.14444444444444443
1 0.16145833333333334 0.18333333333333332 0.16510416666666666 0.1925925925925926 0.16822916666666668 0.2101851851851852 0.16822916666666668 0.21851851851851853 0.16614583333333333 0.22037037037037038 0.16354166666666667 0.21944444444444444 0.16302083333333334 0.21296296296296297 0.15625 0.19722222222222222 0.15729166666666666 0.18333333333333332 0.1609375 0.18333333333333332
1 0.3875 0.524074074074074 0.39114583333333336 0.5351851851851852 0.3927083333333333 0.5527777777777778 0.39010416666666664 0.5601851851851852 0.390625 0.5694444444444444 0.38697916666666665 0.5731481481481482 0.3802083333333333 0.55 0.37916666666666665 0.5370370370370371 0.37916666666666665 0.5314814814814814 0.38177083333333334 0.5268518518518519 0.38697916666666665 0.524074074074074
1 0.5786458333333333 0.39814814814814814 0.58125 0.4009259259259259 0.5848958333333333 0.4148148148148148 0.5848958333333333 0.42685185185185187 0.5833333333333334 0.4305555555555556 0.5765625 0.42592592592592593 0.5729166666666666 0.41759259259259257 0.575 0.40185185185185185 0.578125 0.39814814814814814
1 0.3104166666666667 0.6037037037037037 0.3125 0.6055555555555555 0.31666666666666665 0.6296296296296297 0.32135416666666666 0.6407407407407407 0.32135416666666666 0.6481481481481481 0.3182291666666667 0.6527777777777778 0.3171875 0.6601851851851852 0.3140625 0.6583333333333333 0.31354166666666666 0.6527777777777778 0.30364583333333334 0.6277777777777778 0.30520833333333336 0.6064814814814815 0.3098958333333333 0.6037037037037037
1 0.3026041666666667 0.11898148148148148 0.008333333333333333 0.032407407407407406
1 0.20260416666666667 0.15925925925925927 0.20989583333333334 0.17037037037037037 0.21145833333333333 0.1935185185185185 0.20989583333333334 0.19537037037037036 0.20729166666666668 0.19074074074074074 0.20104166666666667 0.16574074074074074 0.20052083333333334 0.16111111111111112 0.20208333333333334 0.16018518518518518
1 0.46119791666666665 0.42962962962962964 0.013020833333333334 0.053703703703703705
1 0.011979166666666667 0.3962962962962963 0.008854166666666666 0.4 0.008854166666666666 0.4083333333333333 0.0171875 0.42777777777777776 0.025 0.4351851851851852 0.024479166666666666 0.44166666666666665 0.01875 0.44722222222222224 0.0140625 0.4462962962962963 0.0078125 0.43703703703703706 0 0.41388888888888886 0 0.4083333333333333 0.008854166666666666 0.3972222222222222 0.011458333333333333 0.3972222222222222
1 0.6645833333333333 0.175 0.6682291666666667 0.175 0.6703125 0.18888888888888888 0.6682291666666667 0.20925925925925926 0.6614583333333334 0.21574074074074073 0.6614583333333334 0.18796296296296297 0.6645833333333333 0.17592592592592593
1 0.64375 0.10648148148148148 0.646875 0.10740740740740741 0.6489583333333333 0.11481481481481481 0.64375 0.14722222222222223 0.6401041666666667 0.14722222222222223 0.640625 0.11851851851851852 0.64375 0.10740740740740741
1 0.234375 0.15185185185185185 0.24166666666666667 0.1638888888888889 0.2453125 0.19166666666666668 0.240625 0.19444444444444445 0.2375 0.18611111111111112 0.23385416666666667 0.16574074074074074 0.23385416666666667 0.1527777777777778
1 0.6307291666666667 0.30277777777777776 0.634375 0.3138888888888889 0.634375 0.3212962962962963 0.6302083333333334 0.3453703703703704 0.6265625 0.3453703703703704 0.6234375 0.3509259259259259 0.6213541666666667 0.35 0.6239583333333333 0.32685185185185184 0.6229166666666667 0.3138888888888889 0.6276041666666666 0.30277777777777776 0.6302083333333334 0.30277777777777776
1 0.11927083333333334 0.30648148148148147 0.019791666666666666 0.044444444444444446
1 0.5880208333333333 0.29074074074074074 0.5916666666666667 0.29259259259259257 0.5947916666666667 0.3074074074074074 0.5921875 0.3296296296296296 0.5848958333333333 0.33796296296296297 0.5848958333333333 0.30462962962962964 0.5880208333333333 0.2916666666666667
1 0.571875 0.37962962962962965 0.5744791666666667 0.39537037037037037 0.5729166666666666 0.4185185185185185 0.5677083333333334 0.4148148148148148 0.565625 0.40370370370370373 0.5666666666666667 0.3824074074074074 0.5677083333333334 0.37962962962962965 0.5713541666666667 0.37962962962962965
1 0.8791666666666667 0.17407407407407408 0.8796875 0.18888888888888888 0.871875 0.2074074074074074 0.8692708333333333 0.21944444444444444 0.8666666666666667 0.2222222222222222 0.8630208333333333 0.22037037037037038 0.865625 0.1925925925925926 0.8765625 0.17314814814814813 0.8786458333333333 0.17407407407407408
1 0.6791666666666667 0.8203703703703704 0.68125 0.8240740740740741 0.6828125 0.8462962962962963 0.6760416666666667 0.8611111111111112 0.671875 0.8814814814814815 0.6692708333333334 0.8833333333333333 0.6619791666666667 0.8694444444444445 0.6635416666666667 0.8490740740740741 0.665625 0.8416666666666667 0.6744791666666666 0.8296296296296296 0.675 0.8231481481481482 0.6786458333333333 0.8203703703703704
1 0.47239583333333335 0.4064814814814815 0.47760416666666666 0.41944444444444445 0.475 0.4537037037037037 0.471875 0.4527777777777778 0.4671875 0.4324074074074074 0.4666666666666667 0.4083333333333333 0.46927083333333336 0.4046296296296296 0.471875 0.4064814814814815
1 0.5364583333333334 0.3212962962962963 0.540625 0.3351851851851852 0.540625 0.34444444444444444 0.5359375 0.3731481481481482 0.5333333333333333 0.3731481481481482 0.5338541666666666 0.36574074074074076 0.5307291666666667 0.3490740740740741 0.5270833333333333 0.3416666666666667 0.5322916666666667 0.32407407407407407 0.5359375 0.3212962962962963
1 0.47708333333333336 0.5925925925925926 0.4822916666666667 0.5944444444444444 0.490625 0.6203703703703703 0.48854166666666665 0.6277777777777778 0.48385416666666664 0.6222222222222222 0.48020833333333335 0.6222222222222222 0.47604166666666664 0.6305555555555555 0.47239583333333335 0.6314814814814815 0.4744791666666667 0.6175925925925926 0.4739583333333333 0.6018518518518519 0.47708333333333336 0.5935185185185186
1 0.5234375 0.562962962962963 0.5286458333333334 0.5768518518518518 0.5291666666666667 0.5898148148148148 0.5234375 0.6074074074074074 0.5161458333333333 0.6175925925925926 0.5135416666666667 0.6148148148148148 0.5161458333333333 0.6055555555555555 0.5166666666666667 0.5879629629629629 0.515625 0.5851851851851851 0.5119791666666667 0.5879629629629629 0.5109375 0.5851851851851851 0.5171875 0.5648148148148148 0.51875 0.562037037037037 0.5229166666666667 0.562962962962963
1 0.6046875 0.20555555555555555 0.6088541666666667 0.21481481481481482 0.6088541666666667 0.225 0.6057291666666667 0.24166666666666667 0.5989583333333334 0.2537037037037037 0.5984375 0.21388888888888888 0.6020833333333333 0.20462962962962963 0.6041666666666666 0.20555555555555555
1 0.5369791666666667 0.5953703703703703 0.5432291666666667 0.6055555555555555 0.5453125 0.6129629629629629 0.5453125 0.6231481481481481 0.5427083333333333 0.6416666666666667 0.5364583333333334 0.6555555555555556 0.5328125 0.6527777777777778 0.5338541666666666 0.625 0.53125 0.6157407407407407 0.5333333333333333 0.5990740740740741 0.5364583333333334 0.5953703703703703
1 0.5692708333333333 0.25925925925925924 0.5739583333333333 0.26296296296296295 0.5765625 0.275 0.5744791666666667 0.29444444444444445 0.5697916666666667 0.3037037037037037 0.5671875 0.3037037037037037 0.5671875 0.2722222222222222 0.5692708333333333 0.2601851851851852
1 0.18229166666666666 0.7101851851851851 0.19270833333333334 0.7175925925925926 0.19427083333333334 0.7268518518518519 0.19166666666666668 0.7333333333333333 0.1796875 0.7472222222222222 0.17760416666666667 0.7453703703703703 0.175 0.7324074074074074 0.175 0.7157407407407408 0.17708333333333334 0.7101851851851851 0.18177083333333333 0.7101851851851851
1 0.6994791666666667 0.3416666666666667 0.7072916666666667 0.3314814814814815 0.7104166666666667 0.3435185185185185 0.7104166666666667 0.35462962962962963 0.6994791666666667 0.3851851851851852 0.6994791666666667 0.37222222222222223 0.696875 0.36018518518518516 0.6994791666666667 0.3425925925925926
1 0.334375 0.6129629629629629 0.3416666666666667 0.6212962962962963 0.3421875 0.6370370370370371 0.3458333333333333 0.6472222222222223 0.3453125 0.6527777777777778 0.3385416666666667 0.6509259259259259 0.33541666666666664 0.6583333333333333 0.33125 0.6527777777777778 0.3307291666666667 0.6351851851851852 0.3265625 0.6157407407407407 0.3265625 0.612037037037037 0.3307291666666667 0.6083333333333333 0.3338541666666667 0.6129629629629629