1 0.2604166666666667 0.9435185185185185 0.26458333333333334 0.9555555555555556 0.26927083333333335 0.9555555555555556 0.2755208333333333 0.9685185185185186 0.27708333333333335 0.9833333333333333 0.2734375 0.987037037037037 0.2677083333333333 0.9851851851851852 0.265625 0.9796296296296296 0.25833333333333336 0.9824074074074074 0.2546875 0.975925925925926 0.253125 0.9490740740740741 0.2552083333333333 0.9444444444444444 0.2598958333333333 0.9435185185185185
1 0.8276041666666667 0.09351851851851851 0.8302083333333333 0.10740740740740741 0.821875 0.13796296296296295 0.8177083333333334 0.1361111111111111 0.8177083333333334 0.11944444444444445 0.8208333333333333 0.10462962962962963 0.8270833333333333 0.09444444444444444
1 0.46510416666666665 0.6472222222222223 0.4671875 0.6240740740740741 0.46041666666666664 0.6166666666666667 0.45989583333333334 0.6129629629629629 0.4671875 0.5851851851851851 0.47239583333333335 0.5879629629629629 0.47604166666666664 0.5981481481481481 0.4765625 0.6074074074074074 0.4703125 0.6388888888888888 0.465625 0.6472222222222223
1 0.20989583333333334 0.8981481481481481 0.21666666666666667 0.9037037037037037 0.22291666666666668 0.899074074074074 0.23020833333333332 0.9037037037037037 0.2375 0.9037037037037037 0.23125 0.9212962962962963 0.23489583333333333 0.925 0.2421875 0.925 0.24322916666666666 0.9314814814814815 0.2375 0.937037037037037 0.2296875 0.9388888888888889 0.21666666666666667 0.9305555555555556 0.2125 0.9157407407407407 0.20520833333333333 0.9111111111111111 0.20416666666666666 0.9074074074074074 0.20625 0.9 0.209375 0.899074074074074
1 0.3880208333333333 0.8694444444444445 0.3885416666666667 0.8824074074074074 0.39375 0.9 0.39375 0.9138888888888889 0.39166666666666666 0.9212962962962963 0.38697916666666665 0.9259259259259259 0.37916666666666665 0.9148148148148149 0.3765625 0.8851851851851852 0.3796875 0.8768518518518519 0.3848958333333333 0.8694444444444445 0.3875 0.8694444444444445
1 0.6171875 0.18703703703703703 0.6192708333333333 0.18888888888888888 0.6213541666666667 0.20925925925925926 0.6135416666666667 0.22962962962962963 0.6114583333333333 0.22777777777777777 0.6109375 0.2037037037037037 0.6119791666666666 0.19537037037037036 0.6166666666666667 0.18703703703703703
1 0.043229166666666666 0.16666666666666666 0.049479166666666664 0.175 0.05364583333333333 0.19166666666666668 0.053125 0.19814814814814816 0.04739583333333333 0.2037037037037037 0.04375 0.20185185185185187 0.03958333333333333 0.1935185185185185 0.03802083333333333 0.175 0.042708333333333334 0.16666666666666666
1 0.8083333333333333 0.4324074074074074 0.8098958333333334 0.4398148148148148 0.8078125 0.4527777777777778 0.7932291666666667 0.48703703703703705 0.7890625 0.47962962962962963 0.7921875 0.4638888888888889 0.7921875 0.44907407407407407 0.8015625 0.44166666666666665 0.8052083333333333 0.4324074074074074 0.8078125 0.4324074074074074
1 0.28020833333333334 0.9203703703703704 0.29270833333333335 0.9305555555555556 0.29583333333333334 0.9361111111111111 0.2989583333333333 0.9592592592592593 0.29322916666666665 0.9666666666666667 0.29010416666666666 0.9657407407407408 0.28541666666666665 0.9537037037037037 0.278125 0.9481481481481482 0.27760416666666665 0.9351851851851852 0.27291666666666664 0.9287037037037037 0.27291666666666664 0.925 0.2760416666666667 0.9203703703703704 0.2796875 0.9203703703703704
1 0.146875 0.05648148148148148 0.15729166666666666 0.06111111111111111 0.16197916666666667 0.07314814814814814 0.16197916666666667 0.0787037037037037 0.15833333333333333 0.08425925925925926 0.1578125 0.09166666666666666 0.15260416666666668 0.09351851851851851 0.14739583333333334 0.07685185185185185 0.146875 0.05740740740740741
1 0.46875 0.3962962962962963 0.4739583333333333 0.40370370370370373 0.47552083333333334 0.4101851851851852 0.4739583333333333 0.425 0.475 0.4361111111111111 0.4734375 0.4425925925925926 0.4703125 0.42962962962962964 0.4666666666666667 0.44537037037037036 0.4640625 0.44907407407407407 0.4640625 0.40555555555555556 0.4661458333333333 0.3972222222222222 0.46822916666666664 0.3962962962962963
1 0.06744791666666666 0.18287037037037038 0.015104166666666667 0.028703703703703703
1 0.21354166666666666 0.8768518518518519 0.22447916666666667 0.8870370370370371 0.22604166666666667 0.9009259259259259 0.221875 0.9046296296296297 0.2125 0.9027777777777778 0.209375 0.899074074074074 0.20885416666666667 0.8907407407407407 0.20416666666666666 0.8861111111111111 0.20677083333333332 0.8759259259259259 0.21302083333333333 0.8768518518518519
1 0.515625 0.3074074074074074 0.51875 0.3111111111111111 0.5213541666666667 0.32222222222222224 0.5192708333333333 0.3574074074074074 0.5145833333333333 0.3574074074074074 0.5114583333333333 0.3333333333333333 0.5114583333333333 0.32037037037037036 0.5151041666666667 0.30833333333333335
1 0.50625 0.22407407407407406 0.5104166666666666 0.24351851851851852 0.5083333333333333 0.2574074074074074 0.5005208333333333 0.24722222222222223 0.5015625 0.22685185185185186 0.5057291666666667 0.22407407407407406
1 0.1125 0.06296296296296296 0.11614583333333334 0.05925925925925926 0.11979166666666667 0.06111111111111111 0.12395833333333334 0.07407407407407407 0.12552083333333333 0.09259259259259259 0.13072916666666667 0.10555555555555556 0.13020833333333334 0.10925925925925926 0.11822916666666666 0.09907407407407408 0.1125 0.07777777777777778 0.1125 0.06388888888888888
1 0.19270833333333334 0.037037037037037035 0.196875 0.04722222222222222 0.196875 0.06111111111111111 0.20104166666666667 0.07592592592592592 0.19947916666666668 0.08148148148148149 0.19427083333333334 0.08148148148148149 0.19322916666666667 0.075 0.190625 0.07407407407407407 0.1890625 0.0824074074074074 0.18958333333333333 0.06759259259259259 0.18645833333333334 0.046296296296296294 0.1890625 0.03796296296296296 0.1921875 0.037037037037037035
1 0.10572916666666667 0.06388888888888888 0.11041666666666666 0.06944444444444445 0.11770833333333333 0.09166666666666666 0.11770833333333333 0.10833333333333334 0.115625 0.11203703703703703 0.11302083333333333 0.1111111111111111 0.11197916666666667 0.1037037037037037 0.10364583333333334 0.08796296296296297 0.10208333333333333 0.07592592592592592 0.10520833333333333 0.06481481481481481
1 0.9135416666666667 0.5111111111111111 0.915625 0.5138888888888888 0.9145833333333333 0.5351851851851852 0.9057291666666667 0.5444444444444444 0.8973958333333333 0.5611111111111111 0.890625 0.5564814814814815 0.890625 0.5509259259259259 0.8973958333333333 0.5324074074074074 0.9026041666666667 0.525 0.9036458333333334 0.5185185185185185 0.9130208333333333 0.5111111111111111
1 0.34375 0.8925925925925926 0.34791666666666665 0.9 0.34739583333333335 0.9120370370370371 0.3515625 0.9342592592592592 0.3489583333333333 0.9398148148148148 0.3453125 0.9398148148148148 0.3390625 0.9287037037037037 0.3328125 0.9277777777777778 0.325 0.9037037037037037 0.328125 0.8962962962962963 0.3359375 0.8898148148148148 0.3416666666666667 0.8898148148148148 0.34322916666666664 0.8925925925925926
1 0.4395833333333333 0.7898148148148149 0.4484375 0.8037037037037037 0.4479166666666667 0.8175925925925925 0.44375 0.825 0.453125 0.8361111111111111 0.45260416666666664 0.8416666666666667 0.44895833333333335 0.8416666666666667 0.44583333333333336 0.837037037037037 0.4354166666666667 0.8314814814814815 0.4354166666666667 0.8037037037037037 0.43333333333333335 0.7953703703703704 0.434375 0.7916666666666666 0.4390625 0.7898148148148149
1 0.14895833333333333 0.8888888888888888 0.15416666666666667 0.8944444444444445 0.15572916666666667 0.9092592592592592 0.16302083333333334 0.9185185185185185 0.16197916666666667 0.9314814814814815 0.15677083333333333 0.9361111111111111 0.14427083333333332 0.9351851851851852 0.13854166666666667 0.9212962962962963 0.1265625 0.9046296296296297 0.1265625 0.9 0.13072916666666667 0.8944444444444445 0.1484375 0.8888888888888888
1 0.18541666666666667 0.03888888888888889 0.1890625 0.05277777777777778 0.19114583333333332 0.08425925925925926 0.1890625 0.08611111111111111 0.18697916666666667 0.08333333333333333 0.1796875 0.05462962962962963 0.18020833333333333 0.04351851851851852 0.18489583333333334 0.03981481481481482
1 0.3171875 0.9120370370370371 0.32083333333333336 0.9157407407407407 0.3255208333333333 0.9388888888888889 0.3255208333333333 0.9453703703703704 0.32135416666666666 0.950925925925926 0.3177083333333333 0.950925925925926 0.3145833333333333 0.9398148148148148 0.3020833333333333 0.924074074074074 0.303125 0.9148148148148149 0.3104166666666667 0.9074074074074074 0.3140625 0.9074074074074074 0.31666666666666665 0.9120370370370371
1 0.016145833333333335 0.22314814814814815 0.026041666666666668 0.23425925925925925 0.03697916666666667 0.2611111111111111 0.0296875 0.2712962962962963 0.024479166666666666 0.2574074074074074 0.0171875 0.24722222222222223 0.0140625 0.22870370370370371 0.0140625 0.22407407407407406 0.015625 0.22314814814814815
1 0.5026041666666666 0.25 0.50625 0.25462962962962965 0.5067708333333333 0.26851851851851855 0.50625 0.2833333333333333 0.5015625 0.30092592592592593 0.49947916666666664 0.29907407407407405 0.4953125 0.26944444444444443 0.4973958333333333 0.25462962962962965 0.5020833333333333 0.25
1 0.17552083333333332 0.040740740740740744 0.184375 0.07407407407407407 0.184375 0.08055555555555556 0.1796875 0.08425925925925926 0.175 0.08148148148148149 0.1765625 0.0712962962962963 0.1703125 0.05925925925925926 0.17135416666666667 0.04351851851851852 0.175 0.040740740740740744
1 0.16145833333333334 0.0787037037037037 0.16458333333333333 0.08148148148148149 0.17135416666666667 0.10740740740740741 0.171875 0.11388888888888889 0.16875 0.11666666666666667 0.16458333333333333 0.11203703703703703 0.15729166666666666 0.09166666666666666 0.1578125 0.08425925925925926 0.1609375 0.0787037037037037
1 0.7697916666666667 0.15555555555555556 0.7770833333333333 0.16944444444444445 0.7729166666666667 0.19074074074074074 0.7682291666666666 0.1935185185185185 0.7651041666666667 0.20185185185185187 0.7583333333333333 0.2 0.7572916666666667 0.19537037037037036 0.7625 0.16944444444444445 0.7692708333333333 0.15555555555555556
1 0 0.27314814814814814 0.008854166666666666 0.2898148148148148 0.008333333333333333 0.2953703703703704 0.005208333333333333 0.29907407407407405 0 0.2916666666666667 0 0.2740740740740741
1 0.0875 0.13333333333333333 0.0921875 0.13333333333333333 0.09947916666666666 0.14814814814814814 0.10625 0.18425925925925926 0.10208333333333333 0.18425925925925926 0.09947916666666666 0.19166666666666668 0.09739583333333333 0.19074074074074074 0.09427083333333333 0.17407407407407408 0.08489583333333334 0.14814814814814814 0.0875 0.13425925925925927
1 0.13958333333333334 0.07685185185185185 0.15260416666666668 0.09351851851851851 0.15416666666666667 0.10555555555555556 0.16197916666666667 0.11574074074074074 0.16197916666666667 0.11944444444444445 0.16041666666666668 0.11944444444444445 0.153125 0.11388888888888889 0.15104166666666666 0.1287037037037037 0.14895833333333333 0.1259259259259259 0.146875 0.11296296296296296 0.140625 0.10833333333333334 0.13697916666666668 0.09907407407407408 0.134375 0.07962962962962963 0.1359375 0.07407407407407407 0.1390625 0.07685185185185185
1 0.6057291666666667 0.1398148148148148 0.6088541666666667 0.15185185185185185 0.6088541666666667 0.16111111111111112 0.6041666666666666 0.17314814814814813 0.6020833333333333 0.18611111111111112 0.5989583333333334 0.18703703703703703 0.5984375 0.15 0.6020833333333333 0.1388888888888889 0.6052083333333333 0.1398148148148148
1 0.7546875 0.12962962962962962 0.7588541666666667 0.1361111111111111 0.7567708333333333 0.15925925925925927 0.753125 0.16666666666666666 0.7489583333333333 0.16944444444444445 0.746875 0.1675925925925926 0.7463541666666667 0.16203703703703703 0.7473958333333334 0.1388888888888889 0.7510416666666667 0.1287037037037037 0.7541666666666667 0.12962962962962962
1 0.63125 0.18796296296296297 0.6338541666666667 0.19537037037037036 0.6338541666666667 0.20925925925925926 0.6296875 0.23796296296296296 0.6265625 0.23703703703703705 0.6260416666666667 0.22962962962962963 0.6229166666666667 0.22685185185185186 0.6229166666666667 0.22314814814814815 0.6255208333333333 0.22037037037037038 0.6239583333333333 0.2074074074074074 0.6270833333333333 0.18981481481481483 0.6307291666666667 0.18796296296296297
1 0.4875 0.2175925925925926 0.4942708333333333 0.22870370370370371 0.49166666666666664 0.2657407407407407 0.4875 0.26666666666666666 0.48385416666666664 0.2351851851851852 0.484375 0.22685185185185186 0.4875 0.21851851851851853
1 0.8979166666666667 0.4962962962962963 0.8994791666666667 0.5009259259259259 0.8973958333333333 0.5175925925925926 0.8927083333333333 0.5212962962962963 0.8802083333333334 0.5444444444444444 0.878125 0.5425925925925926 0.8796875 0.5185185185185185 0.8869791666666667 0.5027777777777778 0.8973958333333333 0.4962962962962963
1 0.36354166666666665 0.8722222222222222 0.3692708333333333 0.8833333333333333 0.37604166666666666 0.9111111111111111 0.375 0.9175925925925926 0.3692708333333333 0.924074074074074 0.36614583333333334 0.924074074074074 0.365625 0.9148148148148149 0.35885416666666664 0.9092592592592592 0.35520833333333335 0.899074074074074 0.35572916666666665 0.8796296296296297 0.35885416666666664 0.8731481481481481 0.36302083333333335 0.8722222222222222
1 0.075 0.15555555555555556 0.08645833333333333 0.1712962962962963 0.08958333333333333 0.18333333333333332 0.08854166666666667 0.19814814814814816 0.08072916666666667 0.18703703703703703 0.07395833333333333 0.16944444444444445 0.07239583333333334 0.1574074074074074 0.07447916666666667 0.15555555555555556
1 0.140625 0.9574074074074074 0.14739583333333334 0.9629629629629629 0.153125 0.9777777777777777 0.16822916666666668 0.9703703703703703 0.16510416666666666 0.9833333333333333 0.1578125 0.9944444444444445 0.15 0.9907407407407407 0.12552083333333333 0.9629629629629629 0.13020833333333334 0.9574074074074074 0.14010416666666667 0.9574074074074074
1 0.5270833333333333 0.3277777777777778 0.5302083333333333 0.32592592592592595 0.5338541666666666 0.33796296296296297 0.5322916666666667 0.3712962962962963 0.5265625 0.37592592592592594 0.5239583333333333 0.3453703703703704 0.5244791666666667 0.33611111111111114 0.5270833333333333 0.3287037037037037
1 0.8140625 0.11944444444444445 0.8177083333333334 0.11944444444444445 0.8182291666666667 0.13425925925925927 0.8104166666666667 0.15833333333333333 0.8067708333333333 0.16203703703703703 0.8057291666666667 0.1574074074074074 0.8067708333333333 0.13425925925925927 0.8140625 0.12037037037037036
1 0.6265625 0.2722222222222222 0.6328125 0.262037037037037 0.6359375 0.2722222222222222 0.6333333333333333 0.28703703703703703 0.6328125 0.30925925925925923 0.6265625 0.31296296296296294 0.6234375 0.3111111111111111 0.6265625 0.27314814814814814
1 0.24166666666666667 0.020370370370370372 0.24427083333333333 0.021296296296296296 0.24635416666666668 0.028703703703703703 0.24583333333333332 0.04351851851851852 0.25 0.05648148148148148 0.24791666666666667 0.058333333333333334 0.24427083333333333 0.05185185185185185 0.24114583333333334 0.062037037037037036 0.24010416666666667 0.04537037037037037 0.2375 0.03611111111111111 0.2375 0.023148148148148147 0.24114583333333334 0.020370370370370372
1 0.859375 0.2222222222222222 0.8625 0.21944444444444444 0.8645833333333334 0.2222222222222222 0.8651041666666667 0.23425925925925925 0.8583333333333333 0.2518518518518518 0.8541666666666666 0.2574074074074074 0.8520833333333333 0.2675925925925926 0.8484375 0.26851851851851855 0.8463541666666666 0.2657407407407407 0.8520833333333333 0.25092592592592594 0.8536458333333333 0.23425925925925925 0.859375 0.22314814814814815
1 0.51796875 0.27037037037037037 0.011979166666666667 0.04814814814814815
1 0.043229166666666666 0.11851851851851852 0.049479166666666664 0.12129629629629629 0.05520833333333333 0.1287037037037037 0.06354166666666666 0.16111111111111112 0.06041666666666667 0.16296296296296298 0.05572916666666667 0.15648148148148147 0.043229166666666666 0.12777777777777777 0.042708333333333334 0.11944444444444445
1 0.5598958333333334 0.30092592592592593 0.5630208333333333 0.31666666666666665 0.5604166666666667 0.3453703703703704 0.5505208333333333 0.3527777777777778 0.5536458333333333 0.31296296296296294 0.5567708333333333 0.30092592592592593 0.559375 0.30092592592592593
1 0.6265625 0.09166666666666666 0.6317708333333333 0.1 0.6260416666666667 0.13055555555555556 0.6229166666666667 0.13240740740740742 0.6213541666666667 0.11296296296296296 0.621875 0.09722222222222222 0.6260416666666667 0.09259259259259259
1 0.6536458333333334 0.25092592592592594 0.6552083333333333 0.2564814814814815 0.6557291666666667 0.2796296296296296 0.6515625 0.29259259259259257 0.6473958333333333 0.2953703703703704 0.64375 0.2712962962962963 0.6494791666666667 0.25277777777777777 0.653125 0.25092592592592594
1 0.6479166666666667 0.03148148148148148 0.64375 0.06481481481481481 0.640625 0.06944444444444445 0.6380208333333334 0.05740740740740741 0.6385416666666667 0.03888888888888889 0.64375 0.025925925925925925 0.6473958333333333 0.03148148148148148
1 0.17395833333333333 0.9666666666666667 0.16875 0.95 0.16927083333333334 0.9398148148148148 0.16458333333333333 0.937037037037037 0.1609375 0.9407407407407408 0.16041666666666668 0.937037037037037 0.16458333333333333 0.9333333333333333 0.17291666666666666 0.9342592592592592 0.18072916666666666 0.9296296296296296 0.18541666666666667 0.9314814814814815 0.1890625 0.9388888888888889 0.20104166666666667 0.9388888888888889 0.2015625 0.9425925925925925 0.19635416666666666 0.950925925925926 0.1875 0.950925925925926 0.18645833333333334 0.9666666666666667 0.1828125 0.9731481481481481 0.17916666666666667 0.9740740740740741 0.17447916666666666 0.9666666666666667
1 0.7083333333333334 0.1527777777777778 0.7104166666666667 0.15648148148148147 0.7109375 0.17222222222222222 0.7057291666666666 0.18425925925925926 0.7036458333333333 0.19814814814814816 0.7010416666666667 0.19444444444444445 0.7005208333333334 0.1675925925925926 0.7052083333333333 0.15462962962962962 0.7078125 0.1527777777777778
1 0.5989583333333334 0.013888888888888888 0.6005208333333333 0.02962962962962963 0.5979166666666667 0.05 0.5942708333333333 0.05740740740740741 0.590625 0.05648148148148148 0.590625 0.028703703703703703 0.5942708333333333 0.018518518518518517 0.5984375 0.013888888888888888