0 0.771875 0.17037037037037037 0.7828125 0.17222222222222222 0.7880208333333333 0.17777777777777778 0.7932291666666667 0.19907407407407407 0.7953125 0.2212962962962963 0.7979166666666667 0.22777777777777777 0.7973958333333333 0.2324074074074074 0.7932291666666667 0.23703703703703705 0.7979166666666667 0.24814814814814815 0.7979166666666667 0.2722222222222222 0.7932291666666667 0.2759259259259259 0.7921875 0.2824074074074074 0.7869791666666667 0.287962962962963 0.7692708333333333 0.2833333333333333 0.7604166666666666 0.2722222222222222 0.759375 0.24814814814814815 0.7598958333333333 0.24351851851851852 0.7625 0.24259259259259258 0.7895833333333333 0.27314814814814814 0.79375 0.27314814814814814 0.7911458333333333 0.2638888888888889 0.7677083333333333 0.23796296296296296 0.7552083333333334 0.21851851851851853 0.7546875 0.20185185185185187 0.7583333333333333 0.1824074074074074 0.7640625 0.1712962962962963 0.7713541666666667 0.17037037037037037
0 0.3578125 0.45925925925925926 0.3921875 0.4824074074074074 0.42135416666666664 0.49722222222222223 0.42864583333333334 0.5083333333333333 0.4348958333333333 0.5092592592592593 0.440625 0.5148148148148148 0.47708333333333336 0.5324074074074074 0.5140625 0.5601851851851852 0.5166666666666667 0.5740740740740741 0.5119791666666667 0.6287037037037037 0.503125 0.6546296296296297 0.5015625 0.6759259259259259 0.4875 0.7129629629629629 0.46041666666666664 0.6907407407407408 0.4473958333333333 0.6833333333333333 0.43333333333333335 0.687962962962963 0.421875 0.6842592592592592 0.40729166666666666 0.6666666666666666 0.3494791666666667 0.6277777777777778 0.33489583333333334 0.6138888888888889 0.32395833333333335 0.6101851851851852 0.3104166666666667 0.5925925925925926 0.3020833333333333 0.5879629629629629 0.29375 0.5768518518518518 0.2911458333333333 0.5703703703703704 0.28958333333333336 0.5564814814814815 0.290625 0.5324074074074074 0.29270833333333335 0.5222222222222223 0.30885416666666665 0.4842592592592593 0.32395833333333335 0.462037037037037 0.3453125 0.4685185185185185 0.353125 0.45925925925925926 0.3572916666666667 0.45925925925925926
0 0.6197916666666666 0.11388888888888889 0.6244791666666667 0.11851851851851852 0.640625 0.1648148148148148 0.6416666666666667 0.21203703703703702 0.6453125 0.22685185185185186 0.6442708333333333 0.25 0.6416666666666667 0.26481481481481484 0.6375 0.27037037037037037 0.6286458333333333 0.2740740740740741 0.6161458333333333 0.2740740740740741 0.6052083333333333 0.2611111111111111 0.6046875 0.24351851851851852 0.5942708333333333 0.21296296296296297 0.5942708333333333 0.20462962962962963 0.590625 0.1925925925925926 0.5885416666666666 0.17592592592592593 0.5911458333333334 0.14444444444444443 0.5958333333333333 0.12314814814814815 0.6046875 0.11296296296296296 0.6192708333333333 0.11388888888888889
0 0.5583333333333333 0.020370370370370372 0.5666666666666667 0.027777777777777776 0.5708333333333333 0.053703703703703705 0.5739583333333333 0.06018518518518518 0.571875 0.09351851851851851 0.5682291666666667 0.10185185185185185 0.5489583333333333 0.1 0.5447916666666667 0.09444444444444444 0.5427083333333333 0.07037037037037037 0.5432291666666667 0.04259259259259259 0.55 0.021296296296296296 0.5578125 0.020370370370370372
0 0.8703125 0.5824074074074074 0.8994791666666667 0.5981481481481481 0.9213541666666667 0.6157407407407407 0.9567708333333333 0.6592592592592592 0.9630208333333333 0.6814814814814815 0.9630208333333333 0.7064814814814815 0.9572916666666667 0.7203703703703703 0.9390625 0.7287037037037037 0.9286458333333333 0.7268518518518519 0.921875 0.7157407407407408 0.909375 0.7037037037037037 0.8729166666666667 0.6787037037037037 0.8588541666666667 0.662962962962963 0.8458333333333333 0.6574074074074074 0.8380208333333333 0.649074074074074 0.8354166666666667 0.6287037037037037 0.8369791666666667 0.6101851851851852 0.8411458333333334 0.5953703703703703 0.8520833333333333 0.5824074074074074 0.8697916666666666 0.5824074074074074
0 0.19322916666666667 0.3675925925925926 0.2125 0.37592592592592594 0.2375 0.3972222222222222 0.24583333333333332 0.4148148148148148 0.2557291666666667 0.44351851851851853 0.26145833333333335 0.475 0.2526041666666667 0.5009259259259259 0.22864583333333333 0.55 0.21979166666666666 0.5638888888888889 0.2171875 0.5796296296296296 0.21197916666666666 0.5907407407407408 0.19427083333333334 0.6129629629629629 0.10677083333333333 0.7824074074074074 0.10364583333333334 0.7962962962962963 0.096875 0.812962962962963 0.06770833333333333 0.8564814814814815 0.04583333333333333 0.8388888888888889 0 0.7925925925925926 0 0.7546296296296297 0.0020833333333333333 0.7546296296296297 0.004166666666666667 0.7490740740740741 0.004166666666666667 0.7342592592592593 0 0.7305555555555555 0 0.6731481481481482 0.075 0.5546296296296296 0.0890625 0.5287037037037037 0.10260416666666666 0.5111111111111111 0.15052083333333333 0.43425925925925923 0.16302083333333334 0.41944444444444445 0.17135416666666667 0.4 0.18072916666666666 0.387037037037037 0.1890625 0.36944444444444446 0.19270833333333334 0.3675925925925926
0 0.14895833333333333 0.049074074074074076 0.15572916666666667 0.05648148148148148 0.15 0.09166666666666666 0.13125 0.11296296296296296 0.1265625 0.12685185185185185 0.11979166666666667 0.13425925925925927 0.09739583333333333 0.12962962962962962 0.08802083333333334 0.12407407407407407 0.08177083333333333 0.10925925925925926 0.08333333333333333 0.08703703703703704 0.09479166666666666 0.06944444444444445 0.109375 0.05648148148148148 0.13489583333333333 0.04814814814814815 0.1484375 0.049074074074074076
0 0.7901041666666667 0.40370370370370373 0.8354166666666667 0.44907407407407407 0.853125 0.4824074074074074 0.859375 0.487962962962963 0.8697916666666666 0.5046296296296297 0.8729166666666667 0.5231481481481481 0.8666666666666667 0.549074074074074 0.85625 0.562037037037037 0.8385416666666666 0.5648148148148148 0.8286458333333333 0.562037037037037 0.8197916666666667 0.537962962962963 0.8067708333333333 0.5268518518518519 0.7921875 0.5083333333333333 0.7848958333333333 0.4824074074074074 0.7864583333333334 0.4740740740740741 0.7848958333333333 0.4703703703703704 0.7755208333333333 0.4685185185185185 0.7703125 0.4601851851851852 0.7713541666666667 0.45555555555555555 0.7692708333333333 0.45092592592592595 0.7619791666666667 0.46574074074074073 0.7583333333333333 0.462037037037037 0.7572916666666667 0.4388888888888889 0.765625 0.41944444444444445 0.775 0.4074074074074074 0.7822916666666667 0.4027777777777778 0.7895833333333333 0.40370370370370373
0 0.17864583333333334 0.14444444444444443 0.18541666666666667 0.15 0.19270833333333334 0.16203703703703703 0.19322916666666667 0.1685185185185185 0.190625 0.1824074074074074 0.18541666666666667 0.18888888888888888 0.17916666666666667 0.18981481481481483 0.16979166666666667 0.19814814814814816 0.159375 0.2111111111111111 0.1546875 0.22314814814814815 0.14947916666666666 0.22870370370370371 0.13697916666666668 0.22870370370370371 0.1265625 0.22407407407407406 0.11822916666666666 0.21203703703703702 0.11510416666666666 0.19907407407407407 0.115625 0.19166666666666668 0.12708333333333333 0.16666666666666666 0.14375 0.15 0.1578125 0.15 0.16770833333333332 0.14351851851851852 0.178125 0.14444444444444443
0 0.7052083333333333 0.41203703703703703 0.746875 0.46296296296296297 0.7552083333333334 0.47685185185185186 0.7614583333333333 0.4935185185185185 0.7666666666666667 0.4981481481481482 0.7734375 0.5120370370370371 0.7770833333333333 0.5287037037037037 0.7765625 0.5370370370370371 0.7723958333333333 0.5509259259259259 0.7661458333333333 0.5601851851851852 0.7479166666666667 0.5481481481481482 0.7395833333333334 0.5481481481481482 0.734375 0.5555555555555556 0.7317708333333334 0.5555555555555556 0.6927083333333334 0.5009259259259259 0.6854166666666667 0.4981481481481482 0.6786458333333333 0.4888888888888889 0.6760416666666667 0.46944444444444444 0.6723958333333333 0.4583333333333333 0.6776041666666667 0.4388888888888889 0.6911458333333333 0.4185185185185185 0.6958333333333333 0.41388888888888886 0.7046875 0.41203703703703703
0 0.4713541666666667 0.046296296296296294 0.4817708333333333 0.049074074074074076 0.4864583333333333 0.0712962962962963 0.48385416666666664 0.1398148148148148 0.4817708333333333 0.14629629629629629 0.478125 0.14814814814814814 0.4583333333333333 0.14722222222222223 0.4546875 0.14351851851851852 0.45260416666666664 0.13425925925925927 0.45364583333333336 0.1037037037037037 0.4515625 0.09351851851851851 0.4552083333333333 0.08703703703703704 0.45625 0.07222222222222222 0.46041666666666664 0.053703703703703705 0.4661458333333333 0.046296296296296294 0.4708333333333333 0.046296296296296294
0 0.6578125 0.5564814814814815 0.7151041666666667 0.6018518518518519 0.7265625 0.625 0.734375 0.6324074074074074 0.7416666666666667 0.6444444444444445 0.7453125 0.6574074074074074 0.7453125 0.6731481481481482 0.7421875 0.6916666666666667 0.7354166666666667 0.7046296296296296 0.7265625 0.7138888888888889 0.7197916666666667 0.7129629629629629 0.7067708333333333 0.6888888888888889 0.6963541666666667 0.6925925925925925 0.6546875 0.6509259259259259 0.6432291666666666 0.6509259259259259 0.6364583333333333 0.6416666666666667 0.6291666666666667 0.6194444444444445 0.6333333333333333 0.5907407407407408 0.6375 0.575 0.6442708333333333 0.5611111111111111 0.65 0.5555555555555556 0.6572916666666667 0.5564814814814815
0 0.6234375 0.687962962962963 0.6421875 0.6972222222222222 0.6505208333333333 0.6981481481481482 0.6880208333333333 0.7194444444444444 0.721875 0.7481481481481481 0.721875 0.7842592592592592 0.7151041666666667 0.8157407407407408 0.7104166666666667 0.8212962962962963 0.7015625 0.8212962962962963 0.6942708333333333 0.8277777777777777 0.6848958333333334 0.825925925925926 0.6744791666666666 0.812037037037037 0.6348958333333333 0.7870370370370371 0.6276041666666666 0.7833333333333333 0.6161458333333333 0.7833333333333333 0.6010416666666667 0.7648148148148148 0.5979166666666667 0.7546296296296297 0.5979166666666667 0.7444444444444445 0.6057291666666667 0.7037037037037037 0.6119791666666666 0.6907407407407408 0.6229166666666667 0.687962962962963
1 0.44583333333333336 0.5138888888888888 0.43802083333333336 0.5092592592592593 0.43385416666666665 0.5009259259259259 0.43385416666666665 0.4898148148148148 0.43802083333333336 0.48055555555555557 0.4427083333333333 0.48055555555555557 0.44635416666666666 0.49074074074074076 0.44635416666666666 0.512962962962963
1 0.6958333333333333 0 0.7 0.004629629629629629 0.6994791666666667 0.023148148148148147 0.6927083333333334 0.04259259259259259 0.6890625 0.04351851851851852 0.6916666666666667 0.028703703703703703 0.6916666666666667 0.01574074074074074 0.6958333333333333 0.000925925925925926
1 0.2828125 0.8379629629629629 0.2869791666666667 0.837037037037037 0.2875 0.8444444444444444 0.29791666666666666 0.8703703703703703 0.29583333333333334 0.8768518518518519 0.28541666666666665 0.8796296296296297 0.2760416666666667 0.8675925925925926 0.2713541666666667 0.8546296296296296 0.27239583333333334 0.8444444444444444 0.2791666666666667 0.8444444444444444 0.2828125 0.8388888888888889
1 0.5510416666666667 0.1425925925925926 0.5552083333333333 0.1537037037037037 0.5552083333333333 0.1648148148148148 0.5526041666666667 0.1685185185185185 0.5458333333333333 0.1685185185185185 0.5447916666666667 0.16203703703703703 0.5463541666666667 0.14537037037037037 0.5505208333333333 0.1425925925925926
1 0.015625 0.10092592592592593 0.019270833333333334 0.10555555555555556 0.0203125 0.11574074074074074 0.028645833333333332 0.13425925925925927 0.029166666666666667 0.1398148148148148 0.0265625 0.1425925925925926 0.015625 0.125 0.008854166666666666 0.11851851851851852 0.009895833333333333 0.10462962962962963 0.015104166666666667 0.10092592592592593
1 0.5432291666666667 0.1398148148148148 0.5447916666666667 0.15092592592592594 0.54375 0.1675925925925926 0.5364583333333334 0.1814814814814815 0.534375 0.17592592592592593 0.5328125 0.15462962962962962 0.5369791666666667 0.1425925925925926 0.5395833333333333 0.1388888888888889 0.5427083333333333 0.1398148148148148
1 0.5916666666666667 0.06111111111111111 0.5953125 0.07407407407407407 0.5880208333333333 0.10740740740740741 0.5848958333333333 0.10925925925925926 0.5838541666666667 0.07314814814814814 0.5880208333333333 0.06388888888888888 0.5911458333333334 0.062037037037037036
1 0.5953125 0.10092592592592593 0.6015625 0.11203703703703703 0.5963541666666666 0.12222222222222222 0.5916666666666667 0.1425925925925926 0.5901041666666667 0.125 0.5953125 0.10185185185185185
1 0.7375 0.006481481481481481 0.740625 0.011111111111111112 0.7401041666666667 0.019444444444444445 0.7333333333333333 0.044444444444444446 0.7307291666666667 0.04814814814814815 0.728125 0.04259259259259259 0.7307291666666667 0.012962962962962963 0.7333333333333333 0.007407407407407408 0.7369791666666666 0.006481481481481481
1 0.9265625 0.7861111111111111 0.9390625 0.7925925925925926 0.9421875 0.8 0.9270833333333334 0.8148148148148148 0.9151041666666667 0.8462962962962963 0.9119791666666667 0.8425925925925926 0.9114583333333334 0.8379629629629629 0.915625 0.8157407407407408 0.9026041666666667 0.8055555555555556 0.9020833333333333 0.8018518518518518 0.9036458333333334 0.7981481481481482 0.9140625 0.7972222222222223 0.9182291666666667 0.7861111111111111 0.9260416666666667 0.7861111111111111
1 0.9114583333333334 0.45092592592592595 0.9151041666666667 0.4546296296296296 0.9135416666666667 0.4685185185185185 0.9114583333333334 0.4759259259259259 0.8994791666666667 0.49537037037037035 0.8979166666666667 0.5027777777777778 0.89375 0.5018518518518519 0.890625 0.4962962962962963 0.8828125 0.49907407407407406 0.8822916666666667 0.49444444444444446 0.8916666666666667 0.48333333333333334 0.9015625 0.46111111111111114 0.9109375 0.45185185185185184
1 0.4010416666666667 0.9324074074074075 0.4046875 0.9351851851851852 0.40729166666666666 0.9425925925925925 0.40677083333333336 0.9527777777777777 0.40208333333333335 0.9601851851851851 0.40260416666666665 0.9712962962962963 0.4010416666666667 0.9740740740740741 0.39010416666666664 0.9648148148148148 0.38333333333333336 0.9638888888888889 0.3828125 0.9601851851851851 0.38385416666666666 0.9453703703703704 0.3859375 0.9407407407407408 0.4005208333333333 0.9324074074074075
1 0 0.16111111111111112 0.0046875 0.1648148148148148 0.018229166666666668 0.18796296296296297 0.011979166666666667 0.20092592592592592 0.010416666666666666 0.2 0 0.18333333333333332 0 0.16203703703703703
1 0.43411458333333336 0.4009259259259259 0.0140625 0.044444444444444446
1 0.008333333333333333 0.49722222222222223 0.0125 0.5018518518518519 0.019270833333333334 0.5212962962962963 0.027083333333333334 0.5333333333333333 0.030729166666666665 0.5462962962962963 0.0265625 0.549074074074074 0.019270833333333334 0.5342592592592592 0.015625 0.5314814814814814 0 0.5342592592592592 0 0.49907407407407406 0.0078125 0.49722222222222223
1 0.39114583333333336 0.46111111111111114 0.39739583333333334 0.4685185185185185 0.39947916666666666 0.4787037037037037 0.39895833333333336 0.48333333333333334 0.39427083333333335 0.487962962962963 0.39010416666666664 0.48333333333333334 0.38697916666666665 0.4740740740740741 0.38697916666666665 0.4648148148148148 0.390625 0.46111111111111114
1 0.0234375 0.05648148148148148 0.030208333333333334 0.06851851851851852 0.0390625 0.0962962962962963 0.04010416666666667 0.1037037037037037 0.03802083333333333 0.10648148148148148 0.035416666666666666 0.10648148148148148 0.018229166666666668 0.075 0.017708333333333333 0.06111111111111111 0.022916666666666665 0.05648148148148148
1 0.2708333333333333 0.8787037037037037 0.27760416666666665 0.8944444444444445 0.27239583333333334 0.9055555555555556 0.2635416666666667 0.8935185185185185 0.2640625 0.8842592592592593 0.26197916666666665 0.8814814814814815 0.2604166666666667 0.8953703703703704 0.26145833333333335 0.9009259259259259 0.2557291666666667 0.9027777777777778 0.24739583333333334 0.8805555555555555 0.25416666666666665 0.8629629629629629 0.25833333333333336 0.8592592592592593 0.2604166666666667 0.8629629629629629 0.26197916666666665 0.8796296296296297 0.265625 0.8787037037037037 0.2682291666666667 0.8722222222222222 0.2703125 0.8787037037037037
1 0.8635416666666667 0.4074074074074074 0.8692708333333333 0.41574074074074074 0.8692708333333333 0.4203703703703704 0.8536458333333333 0.4564814814814815 0.8453125 0.4527777777777778 0.8416666666666667 0.44722222222222224 0.840625 0.44074074074074077 0.8526041666666667 0.42685185185185187 0.8598958333333333 0.40925925925925927 0.8630208333333333 0.4074074074074074
1 0.5223958333333333 0.18518518518518517 0.5223958333333333 0.15 0.5255208333333333 0.1361111111111111 0.5302083333333333 0.13796296296296295 0.5322916666666667 0.15462962962962962 0.528125 0.17777777777777778 0.5229166666666667 0.18518518518518517
1 0.06041666666666667 0.4898148148148148 0.07447916666666667 0.49074074074074076 0.07760416666666667 0.4935185185185185 0.08125 0.5009259259259259 0.08125 0.5166666666666667 0.09114583333333333 0.524074074074074 0.08333333333333333 0.5268518518518519 0.08072916666666667 0.5324074074074074 0.0765625 0.5324074074074074 0.0734375 0.5222222222222223 0.0640625 0.5138888888888888 0.06041666666666667 0.49074074074074076
1 0.08697916666666666 0.017592592592592594 0.09322916666666667 0.028703703703703703 0.09375 0.03981481481481482 0.09791666666666667 0.05555555555555555 0.0953125 0.06388888888888888 0.09322916666666667 0.062037037037037036 0.09166666666666666 0.05092592592592592 0.08333333333333333 0.03518518518518519 0.0828125 0.021296296296296296 0.08645833333333333 0.017592592592592594
1 0.43385416666666665 0.4185185185185185 0.4401041666666667 0.42777777777777776 0.44166666666666665 0.4462962962962963 0.4359375 0.462037037037037 0.4354166666666667 0.4703703703703704 0.4328125 0.4722222222222222 0.4317708333333333 0.45185185185185184 0.428125 0.4425925925925926 0.428125 0.43148148148148147 0.43125 0.41944444444444445 0.43333333333333335 0.4185185185185185
1 0.04739583333333333 0.10648148148148148 0.05416666666666667 0.11296296296296296 0.06041666666666667 0.125 0.06510416666666667 0.1537037037037037 0.057291666666666664 0.15092592592592594 0.053125 0.13518518518518519 0.04791666666666667 0.1259259259259259 0.04479166666666667 0.11203703703703703 0.046875 0.10648148148148148
1 0.2203125 0.5953703703703703 0.22395833333333334 0.5944444444444444 0.23385416666666667 0.6027777777777777 0.23854166666666668 0.6175925925925926 0.24166666666666667 0.6370370370370371 0.234375 0.649074074074074 0.23072916666666668 0.6472222222222223 0.22552083333333334 0.6277777777777778 0.21979166666666666 0.6185185185185185 0.2203125 0.5962962962962963
1 0.6265625 0.004629629629629629 0.6302083333333334 0.008333333333333333 0.628125 0.027777777777777776 0.6239583333333333 0.03981481481481482 0.6192708333333333 0.03888888888888889 0.621875 0.019444444444444445 0.6265625 0.005555555555555556
1 0.10989583333333333 0.38981481481481484 0.11927083333333334 0.4009259259259259 0.12135416666666667 0.4148148148148148 0.12760416666666666 0.4222222222222222 0.12708333333333333 0.4324074074074074 0.1234375 0.4388888888888889 0.12135416666666667 0.43796296296296294 0.10677083333333333 0.4074074074074074 0.103125 0.3907407407407407 0.109375 0.38981481481481484
1 0.7072916666666667 0.23333333333333334 0.7119791666666667 0.24444444444444444 0.7130208333333333 0.2537037037037037 0.70625 0.2675925925925926 0.7010416666666667 0.24444444444444444 0.7036458333333333 0.2351851851851852 0.7067708333333333 0.23333333333333334
1 0.42864583333333334 0.48148148148148145 0.43333333333333335 0.4842592592592593 0.4348958333333333 0.5046296296296297 0.42864583333333334 0.5055555555555555 0.425 0.5 0.42864583333333334 0.4824074074074074
1 0.09166666666666666 0.4083333333333333 0.1015625 0.41759259259259257 0.10625 0.4305555555555556 0.1140625 0.4425925925925926 0.10416666666666667 0.44166666666666665 0.10729166666666666 0.4638888888888889 0.103125 0.4638888888888889 0.10104166666666667 0.45 0.08958333333333333 0.42592592592592593 0.08802083333333334 0.4111111111111111 0.09114583333333333 0.40925925925925927
1 0.20677083333333332 0.9694444444444444 0.21354166666666666 0.9722222222222222 0.21875 0.9787037037037037 0.21927083333333333 0.9814814814814815 0.21510416666666668 0.987037037037037 0.21927083333333333 0.9935185185185185 0.21875 0.9990740740740741 0.20416666666666666 0.9990740740740741 0.19895833333333332 0.9953703703703703 0.1859375 0.9731481481481481 0.18697916666666667 0.962037037037037 0.2015625 0.95 0.20416666666666666 0.9527777777777777 0.203125 0.9638888888888889 0.20625 0.9694444444444444
1 0.7479166666666667 0.025 0.7536458333333333 0.03518518518518519 0.7536458333333333 0.046296296296296294 0.75 0.06388888888888888 0.7463541666666667 0.07037037037037037 0.7411458333333333 0.07314814814814814 0.7401041666666667 0.062037037037037036 0.7421875 0.05648148148148148 0.74375 0.02962962962962963 0.7473958333333334 0.025925925925925925
1 0.5671875 0.3055555555555556 0.5619791666666667 0.29444444444444445 0.5625 0.2740740740740741 0.565625 0.26296296296296295 0.5708333333333333 0.25833333333333336 0.5744791666666667 0.26851851851851855 0.5729166666666666 0.28888888888888886 0.5677083333333334 0.30462962962962964
1 0.578125 0.17962962962962964 0.58125 0.17962962962962964 0.5848958333333333 0.19444444444444445 0.5848958333333333 0.20925925925925926 0.58125 0.21666666666666667 0.58125 0.22407407407407406 0.5786458333333333 0.22777777777777777 0.5760416666666667 0.225 0.575 0.2037037037037037 0.578125 0.18055555555555555
1 0.5640625 0.29907407407407405 0.5651041666666666 0.30833333333333335 0.5604166666666667 0.33796296296296297 0.5546875 0.34074074074074073 0.5520833333333334 0.3388888888888889 0.553125 0.29907407407407405 0.5567708333333333 0.29074074074074074 0.5604166666666667 0.29074074074074074 0.5635416666666667 0.29907407407407405
1 0.7078125 0.6898148148148148 0.7125 0.7074074074074074 0.7109375 0.7148148148148148 0.703125 0.7296296296296296 0.6989583333333333 0.7277777777777777 0.696875 0.7231481481481481 0.696875 0.7101851851851851 0.7026041666666667 0.6935185185185185 0.7072916666666667 0.6898148148148148
1 0.2109375 0.9175925925925926 0.2203125 0.9351851851851852 0.21302083333333333 0.9398148148148148 0.20989583333333334 0.95 0.19583333333333333 0.9490740740740741 0.1875 0.9305555555555556 0.18697916666666667 0.924074074074074 0.18854166666666666 0.9194444444444444 0.1921875 0.9175925925925926 0.19947916666666668 0.9212962962962963 0.20208333333333334 0.9148148148148149 0.21041666666666667 0.9175925925925926
1 0.5104166666666666 0.23935185185185184 0.059375 0.18425925925925926
1 0.12916666666666668 0 0.13333333333333333 0 0.13958333333333334 0.023148148148148147 0.146875 0.032407407407407406 0.14322916666666666 0.03611111111111111 0.13958333333333334 0.03148148148148148 0.13958333333333334 0.03981481481481482 0.13697916666666668 0.04259259259259259 0.12760416666666666 0.009259259259259259 0.12916666666666668 0.000925925925925926
1 0.6125 0.007407407407407408 0.6151041666666667 0.024074074074074074 0.609375 0.05462962962962963 0.6067708333333334 0.05277777777777778 0.6052083333333333 0.024074074074074074 0.6088541666666667 0.008333333333333333 0.6119791666666666 0.007407407407407408
1 0.7385416666666667 0.18518518518518517 0.7442708333333333 0.1638888888888889 0.7479166666666667 0.1638888888888889 0.75 0.18333333333333332 0.7421875 0.20462962962962963 0.7375 0.2064814814814815 0.7390625 0.18611111111111112
1 0.7958333333333333 0.07962962962962963 0.7973958333333333 0.08333333333333333 0.796875 0.09537037037037037 0.7854166666666667 0.12222222222222222 0.7807291666666667 0.11944444444444445 0.7848958333333333 0.09166666666666666 0.790625 0.07685185185185185 0.7932291666666667 0.07592592592592592 0.7953125 0.07962962962962963
1 0.2359375 0.8768518518518519 0.24791666666666667 0.8870370370370371 0.25052083333333336 0.9 0.2552083333333333 0.9064814814814814 0.2552083333333333 0.9175925925925926 0.2515625 0.9231481481481482 0.2453125 0.9212962962962963 0.24010416666666667 0.9092592592592592 0.23072916666666668 0.9018518518518519 0.22395833333333334 0.8870370370370371 0.22395833333333334 0.8824074074074074 0.2265625 0.8777777777777778 0.23541666666666666 0.8768518518518519
1 0.7848958333333333 0.3685185185185185 0.7864583333333334 0.37407407407407406 0.784375 0.3861111111111111 0.7796875 0.4027777777777778 0.7765625 0.40555555555555556 0.7713541666666667 0.4027777777777778 0.76875 0.3962962962962963 0.7755208333333333 0.3768518518518518 0.7807291666666667 0.36944444444444446 0.784375 0.3685185185185185