0 0.6234375 0.8212962962962963 0.6296875 0.8305555555555556 0.6364583333333333 0.8648148148148148 0.6338541666666667 0.9268518518518518 0.6270833333333333 0.9324074074074075 0.6197916666666666 0.924074074074074 0.6177083333333333 0.8898148148148148 0.6119791666666666 0.8592592592592593 0.6125 0.8379629629629629 0.6145833333333334 0.8277777777777777 0.6192708333333333 0.8212962962962963 0.6229166666666667 0.8212962962962963
0 0.0609375 0.14814814814814814 0.075 0.15648148148148147 0.08541666666666667 0.16944444444444445 0.09010416666666667 0.18333333333333332 0.0890625 0.19166666666666668 0.08229166666666667 0.2064814814814815 0.06979166666666667 0.23055555555555557 0.065625 0.23425925925925925 0.051041666666666666 0.23148148148148148 0.0421875 0.22407407407407406 0.03958333333333333 0.21944444444444444 0.03333333333333333 0.1925925925925926 0.035416666666666666 0.17685185185185184 0.03958333333333333 0.1685185185185185 0.0546875 0.15092592592592594 0.06041666666666667 0.14814814814814814
0 0.9328125 0.49444444444444446 0.9557291666666666 0.49907407407407406 0.9875 0.5175925925925926 0.9958333333333333 0.5435185185185185 0.978125 0.5703703703703704 0.9515625 0.5574074074074075 0.9260416666666667 0.537962962962963 0.9151041666666667 0.5370370370370371 0.9104166666666667 0.5333333333333333 0.9161458333333333 0.5074074074074074 0.9322916666666666 0.49444444444444446
0 0.73125 0.33055555555555555 0.7453125 0.3416666666666667 0.7703125 0.3685185185185185 0.8067708333333333 0.42962962962962964 0.8078125 0.44907407407407407 0.8005208333333333 0.47129629629629627 0.79375 0.48055555555555557 0.7765625 0.4842592592592593 0.7708333333333334 0.4842592592592593 0.7651041666666667 0.4787037037037037 0.7588541666666667 0.4601851851851852 0.7375 0.4398148148148148 0.7244791666666667 0.4212962962962963 0.7140625 0.4203703703703704 0.7078125 0.4111111111111111 0.7057291666666666 0.39814814814814814 0.7005208333333334 0.38425925925925924 0.7020833333333333 0.36574074074074076 0.7057291666666666 0.35555555555555557 0.7166666666666667 0.33796296296296297 0.725 0.33055555555555555 0.7307291666666667 0.33055555555555555
0 0.9119791666666667 0.5370370370370371 0.9286458333333333 0.5407407407407407 0.9630208333333333 0.5657407407407408 0.9739583333333334 0.5694444444444444 0.9817708333333334 0.5861111111111111 0.9994791666666667 0.6092592592592593 0.9994791666666667 0.6805555555555556 0.9828125 0.687962962962963 0.971875 0.6861111111111111 0.9630208333333333 0.6759259259259259 0.9619791666666667 0.6675925925925926 0.9645833333333333 0.6583333333333333 0.9645833333333333 0.65 0.9567708333333333 0.6398148148148148 0.9489583333333333 0.6435185185185185 0.9354166666666667 0.6435185185185185 0.91875 0.6268518518518519 0.9036458333333334 0.6305555555555555 0.8921875 0.6185185185185185 0.8864583333333333 0.5925925925925926 0.8880208333333334 0.562037037037037 0.8973958333333333 0.5407407407407407 0.9114583333333334 0.5370370370370371
0 0.675 0.24722222222222223 0.6864583333333333 0.25277777777777777 0.6963541666666667 0.26666666666666666 0.7041666666666667 0.2833333333333333 0.7041666666666667 0.3111111111111111 0.6979166666666666 0.33425925925925926 0.678125 0.3314814814814815 0.6760416666666667 0.32314814814814813 0.6625 0.3101851851851852 0.6557291666666667 0.2962962962962963 0.6614583333333334 0.25555555555555554 0.6671875 0.25 0.6744791666666666 0.24814814814814815
0 0 0.6074074074074074 0.029166666666666667 0.6111111111111112 0.033854166666666664 0.6185185185185185 0.03333333333333333 0.6370370370370371 0.030208333333333334 0.6518518518518519 0.009895833333333333 0.6962962962962963 0.005729166666666666 0.7166666666666667 0 0.7222222222222222 0 0.6083333333333333
0 0.20677083333333332 0.006481481481481481 0.2109375 0.008333333333333333 0.21822916666666667 0.021296296296296296 0.22395833333333334 0.046296296296296294 0.21614583333333334 0.06296296296296296 0.20989583333333334 0.0712962962962963 0.203125 0.075 0.1921875 0.07222222222222222 0.18489583333333334 0.062037037037037036 0.18125 0.03981481481481482 0.18125 0.028703703703703703 0.18541666666666667 0.020370370370370372 0.20625 0.006481481481481481
0 0.40260416666666665 0.48703703703703705 0.4401041666666667 0.5046296296296297 0.5703125 0.5777777777777777 0.5723958333333333 0.5833333333333334 0.5723958333333333 0.5925925925925926 0.5692708333333333 0.6194444444444445 0.5661458333333333 0.625 0.5677083333333334 0.6296296296296297 0.5651041666666666 0.6342592592592593 0.5604166666666667 0.6620370370370371 0.5604166666666667 0.6962962962962963 0.546875 0.7287037037037037 0.5255208333333333 0.7203703703703703 0.5026041666666666 0.7055555555555556 0.490625 0.7027777777777777 0.484375 0.7092592592592593 0.4739583333333333 0.7083333333333334 0.4484375 0.687037037037037 0.4083333333333333 0.662962962962963 0.4010416666666667 0.6611111111111111 0.3802083333333333 0.6425925925925926 0.365625 0.637962962962963 0.353125 0.6222222222222222 0.33958333333333335 0.6148148148148148 0.3328125 0.5972222222222222 0.3333333333333333 0.5722222222222222 0.340625 0.5444444444444444 0.35520833333333335 0.5046296296296297 0.3614583333333333 0.4935185185185185 0.3651041666666667 0.49166666666666664 0.378125 0.4935185185185185 0.38697916666666665 0.5027777777777778 0.396875 0.48703703703703705 0.40208333333333335 0.48703703703703705
0 0.6286458333333333 0.3037037037037037 0.6453125 0.32314814814814813 0.6536458333333334 0.33796296296296297 0.6692708333333334 0.3574074074074074 0.6755208333333333 0.37592592592592594 0.6869791666666667 0.39351851851851855 0.6890625 0.4027777777777778 0.6875 0.42314814814814816 0.6791666666666667 0.4398148148148148 0.6734375 0.4444444444444444 0.6630208333333333 0.4398148148148148 0.65 0.44351851851851853 0.6411458333333333 0.42407407407407405 0.6166666666666667 0.387037037037037 0.6046875 0.3768518518518518 0.6057291666666667 0.3592592592592593 0.5984375 0.34444444444444444 0.5984375 0.3296296296296296 0.6109375 0.3101851851851852 0.61875 0.30277777777777776 0.628125 0.3037037037037037
0 0.5333333333333333 0.10277777777777777 0.5369791666666667 0.10462962962962963 0.5421875 0.11481481481481481 0.5489583333333333 0.15 0.5510416666666667 0.17407407407407408 0.5489583333333333 0.19444444444444445 0.5463541666666667 0.19814814814814816 0.5364583333333334 0.20092592592592592 0.5291666666666667 0.20092592592592592 0.51875 0.18796296296296297 0.5151041666666667 0.17037037037037037 0.5135416666666667 0.14722222222222223 0.5151041666666667 0.11296296296296296 0.5223958333333333 0.1037037037037037 0.5328125 0.10277777777777777
0 0.7885416666666667 0.7620370370370371 0.8078125 0.7703703703703704 0.8239583333333333 0.7731481481481481 0.8625 0.7916666666666666 0.8697916666666666 0.7962962962962963 0.8729166666666667 0.8083333333333333 0.8744791666666667 0.8037037037037037 0.8776041666666666 0.8037037037037037 0.8973958333333333 0.8175925925925925 0.9020833333333333 0.8296296296296296 0.9046875 0.8527777777777777 0.9057291666666667 0.875 0.9036458333333334 0.8870370370370371 0.9005208333333333 0.8944444444444445 0.8729166666666667 0.9027777777777778 0.8635416666666667 0.9018518518518519 0.853125 0.8916666666666667 0.8520833333333333 0.8777777777777778 0.8505208333333333 0.8833333333333333 0.8416666666666667 0.8851851851851852 0.8078125 0.8666666666666667 0.7880208333333333 0.8629629629629629 0.7723958333333333 0.8462962962962963 0.765625 0.8277777777777777 0.7661458333333333 0.7861111111111111 0.775 0.7675925925925926 0.7822916666666667 0.7620370370370371 0.7880208333333333 0.7620370370370371
0 0.2791666666666667 0.13518518518518519 0.28958333333333336 0.125 0.3072916666666667 0.12222222222222222 0.3072916666666667 0.1259259259259259 0.3015625 0.13703703703703704 0.2828125 0.16666666666666666 0.2791666666666667 0.1648148148148148 0.27760416666666665 0.15462962962962962 0.2791666666666667 0.1361111111111111
0 0.10364583333333334 0.062037037037037036 0.1140625 0.07037037037037037 0.12395833333333334 0.08796296296296297 0.1265625 0.09814814814814815 0.12291666666666666 0.11296296296296296 0.1125 0.13333333333333333 0.10625 0.1398148148148148 0.08802083333333334 0.13425925925925927 0.07708333333333334 0.1 0.07760416666666667 0.09166666666666666 0.08489583333333334 0.07777777777777778 0.09739583333333333 0.06388888888888888 0.103125 0.062037037037037036
0 0.596875 0.6101851851851852 0.6020833333333333 0.6111111111111112 0.6052083333333333 0.6157407407407407 0.6057291666666667 0.6481481481481481 0.6078125 0.6583333333333333 0.60625 0.6638888888888889 0.5958333333333333 0.6611111111111111 0.584375 0.6518518518518519 0.5765625 0.6425925925925926 0.5697916666666667 0.6287037037037037 0.5708333333333333 0.6212962962962963 0.58125 0.612037037037037 0.5963541666666666 0.6101851851851852
0 0.5989583333333334 0.825925925925926 0.6020833333333333 0.8287037037037037 0.60625 0.8435185185185186 0.6067708333333334 0.8555555555555555 0.6041666666666666 0.8638888888888889 0.6041666666666666 0.8722222222222222 0.6078125 0.8935185185185185 0.6046875 0.9148148148148149 0.5994791666666667 0.9222222222222223 0.59375 0.9222222222222223 0.5895833333333333 0.9185185185185185 0.584375 0.8944444444444445 0.5880208333333333 0.8638888888888889 0.5885416666666666 0.8416666666666667 0.5921875 0.8314814814814815 0.5984375 0.825925925925926
0 0.1328125 0.7583333333333333 0.14791666666666667 0.7675925925925926 0.14947916666666666 0.7712962962962963 0.14791666666666667 0.7768518518518519 0.12395833333333334 0.8037037037037037 0.10729166666666666 0.8148148148148148 0.090625 0.8138888888888889 0.08697916666666666 0.8111111111111111 0.078125 0.7944444444444444 0.08072916666666667 0.7796296296296297 0.0875 0.7675925925925926 0.0921875 0.7638888888888888 0.1015625 0.7620370370370371 0.109375 0.7657407407407407 0.11770833333333333 0.7583333333333333 0.13229166666666667 0.7583333333333333
0 0.4640625 0.13425925925925927 0.47291666666666665 0.14074074074074075 0.4765625 0.15555555555555556 0.47604166666666664 0.20277777777777778 0.4739583333333333 0.21481481481481482 0.4671875 0.22870370370370371 0.4635416666666667 0.22870370370370371 0.45625 0.21296296296296297 0.45208333333333334 0.18981481481481483 0.453125 0.14351851851851852 0.4557291666666667 0.13796296296296295 0.4635416666666667 0.13425925925925927
0 0.5885416666666666 0.2064814814814815 0.5927083333333333 0.2101851851851852 0.5958333333333333 0.22314814814814815 0.6057291666666667 0.22037037037037038 0.6067708333333334 0.24814814814814815 0.6020833333333333 0.2638888888888889 0.5973958333333333 0.25462962962962965 0.5890625 0.2518518518518518 0.584375 0.23796296296296296 0.5833333333333334 0.21296296296296297 0.5880208333333333 0.2074074074074074
0 0.5328125 0.4111111111111111 0.54375 0.4212962962962963 0.5776041666666667 0.46944444444444444 0.5838541666666667 0.4888888888888889 0.5958333333333333 0.5092592592592593 0.5989583333333334 0.5185185185185185 0.5989583333333334 0.5370370370370371 0.5958333333333333 0.5527777777777778 0.5890625 0.5638888888888889 0.5770833333333333 0.5740740740740741 0.5604166666666667 0.5694444444444444 0.5536458333333333 0.5611111111111111 0.5520833333333334 0.5518518518518518 0.5348958333333333 0.5194444444444445 0.5213541666666667 0.49907407407407406 0.5151041666666667 0.4962962962962963 0.5098958333333333 0.4898148148148148 0.5036458333333333 0.46296296296296297 0.5046875 0.44074074074074077 0.5145833333333333 0.42314814814814816 0.5322916666666667 0.41203703703703703
0 0.540625 0 0.5692708333333333 0 0.5791666666666667 0.024074074074074074 0.5822916666666667 0.05185185185185185 0.5822916666666667 0.07314814814814814 0.5864583333333333 0.09351851851851851 0.5854166666666667 0.11203703703703703 0.5817708333333333 0.11944444444444445 0.5776041666666667 0.12407407407407407 0.5645833333333333 0.12685185185185185 0.5598958333333334 0.12314814814814815 0.5416666666666666 0.075 0.5380208333333333 0.044444444444444446 0.540625 0.021296296296296296 0.540625 0.000925925925925926
0 0.7453125 0.49166666666666664 0.7755208333333333 0.5046296296296297 0.8 0.5203703703703704 0.8286458333333333 0.5555555555555556 0.8333333333333334 0.5740740740740741 0.83125 0.6018518518518519 0.8255208333333334 0.6129629629629629 0.809375 0.6231481481481481 0.8041666666666667 0.6222222222222222 0.7921875 0.6074074074074074 0.7791666666666667 0.5962962962962963 0.7380208333333333 0.5694444444444444 0.7276041666666667 0.5703703703703704 0.7192708333333333 0.5601851851851852 0.7177083333333333 0.5509259259259259 0.7182291666666667 0.5305555555555556 0.7234375 0.5074074074074074 0.7307291666666667 0.49444444444444446 0.7447916666666666 0.49166666666666664
0 0.5223958333333333 0.1925925925925926 0.5296875 0.20462962962962963 0.5395833333333333 0.2361111111111111 0.5395833333333333 0.2564814814814815 0.5364583333333334 0.26851851851851855 0.5359375 0.2796296296296296 0.5328125 0.287962962962963 0.5291666666666667 0.28703703703703703 0.5260416666666666 0.27870370370370373 0.5203125 0.27314814814814814 0.509375 0.2537037037037037 0.5052083333333334 0.25277777777777777 0.5015625 0.24722222222222223 0.5 0.23981481481481481 0.5010416666666667 0.21851851851851853 0.5057291666666667 0.19907407407407407 0.515625 0.19166666666666668 0.521875 0.1925925925925926
0 0.228125 0.09351851851851851 0.23072916666666668 0.09722222222222222 0.234375 0.11203703703703703 0.23229166666666667 0.13148148148148148 0.21927083333333333 0.14074074074074075 0.20520833333333333 0.1574074074074074 0.20104166666666667 0.1638888888888889 0.2 0.17407407407407408 0.19427083333333334 0.1824074074074074 0.1734375 0.1814814814814815 0.16041666666666668 0.175 0.15260416666666668 0.15555555555555556 0.15416666666666667 0.13796296296296295 0.1640625 0.11944444444444445 0.18229166666666666 0.09814814814814815 0.18854166666666666 0.09537037037037037 0.19947916666666668 0.0962962962962963 0.21145833333333333 0.08796296296296297 0.2203125 0.08796296296296297 0.22760416666666666 0.09351851851851851
0 0.07447916666666667 0.7388888888888889 0.08125 0.7416666666666667 0.08541666666666667 0.7518518518518519 0.08697916666666666 0.7620370370370371 0.08333333333333333 0.774074074074074 0.07760416666666667 0.7833333333333333 0.06666666666666667 0.787962962962963 0.065625 0.7953703703703704 0.0671875 0.7972222222222223 0.0609375 0.8074074074074075 0.059895833333333336 0.8027777777777778 0.0640625 0.7962962962962963 0.06041666666666667 0.7898148148148149 0.058854166666666666 0.7972222222222223 0.05364583333333333 0.7953703703703704 0.050520833333333334 0.8046296296296296 0.04375 0.8101851851851852 0.035416666666666666 0.812037037037037 0.029166666666666667 0.812037037037037 0.025 0.8074074074074075 0.024479166666666666 0.7851851851851852 0.03177083333333333 0.7666666666666667 0.029166666666666667 0.7574074074074074 0.0328125 0.7527777777777778 0.034895833333333334 0.7546296296296297 0.0375 0.7703703703703704 0.0375 0.7833333333333333 0.03958333333333333 0.7861111111111111 0.04583333333333333 0.7712962962962963 0.05364583333333333 0.774074074074074 0.058854166666666666 0.7722222222222223 0.058333333333333334 0.7592592592592593 0.05520833333333333 0.7518518518518519 0.05677083333333333 0.7472222222222222 0.0640625 0.7462962962962963 0.06927083333333334 0.7388888888888889 0.07395833333333333 0.7388888888888889
0 0.7552083333333334 0.15648148148148147 0.7723958333333333 0.16018518518518518 0.7765625 0.1685185185185185 0.7796875 0.19907407407407407 0.7791666666666667 0.2037037037037037 0.7739583333333333 0.20925925925925926 0.7796875 0.22037037037037038 0.7807291666666667 0.24074074074074073 0.7786458333333334 0.24259259259259258 0.765625 0.22962962962962963 0.759375 0.23055555555555557 0.7645833333333333 0.23981481481481481 0.778125 0.2537037037037037 0.7807291666666667 0.25833333333333336 0.7802083333333333 0.2657407407407407 0.7734375 0.2759259259259259 0.7682291666666666 0.2777777777777778 0.7520833333333333 0.2712962962962963 0.7432291666666667 0.25925925925925924 0.7473958333333334 0.22592592592592592 0.753125 0.22037037037037038 0.7510416666666667 0.2111111111111111 0.7432291666666667 0.2 0.74375 0.1787037037037037 0.7473958333333334 0.1638888888888889 0.7510416666666667 0.15833333333333333 0.7546875 0.1574074074074074
0 0.9859375 0.8759259259259259 0.9994791666666667 0.8796296296296297 0.9994791666666667 0.9185185185185185 0.9791666666666666 0.9194444444444444 0.9697916666666667 0.9166666666666666 0.9572916666666667 0.9037037037037037 0.9453125 0.9 0.9427083333333334 0.8935185185185185 0.965625 0.8796296296296297 0.9854166666666667 0.8759259259259259
0 0.6713541666666667 0.4462962962962963 0.6854166666666667 0.46111111111111114 0.6973958333333333 0.4824074074074074 0.6989583333333333 0.5120370370370371 0.6932291666666667 0.5287037037037037 0.6921875 0.5435185185185185 0.6796875 0.5351851851851852 0.6682291666666667 0.5324074074074074 0.6380208333333334 0.5046296296296297 0.6369791666666667 0.49444444444444446 0.6395833333333333 0.4777777777777778 0.6526041666666667 0.44814814814814813 0.659375 0.44166666666666665 0.6708333333333333 0.4462962962962963
0 0.9385416666666667 0.44537037037037036 0.9692708333333333 0.47962962962962963 0.9807291666666667 0.48703703703703705 0.990625 0.5055555555555555 0.9994791666666667 0.5101851851851852 0.9994791666666667 0.5462962962962963 0.9947916666666666 0.5425925925925926 0.9901041666666667 0.5222222222222223 0.9854166666666667 0.5157407407407407 0.9526041666666667 0.4981481481481482 0.9307291666666667 0.4925925925925926 0.9302083333333333 0.48703703703703705 0.940625 0.47314814814814815 0.9411458333333333 0.4666666666666667 0.9296875 0.4666666666666667 0.9286458333333333 0.45740740740740743 0.9317708333333333 0.44907407407407407 0.9380208333333333 0.44537037037037036
0 0.8932291666666666 0.6574074074074074 0.9317708333333333 0.6805555555555556 0.9536458333333333 0.6981481481481482 0.9557291666666666 0.7157407407407408 0.9588541666666667 0.7212962962962963 0.975 0.7333333333333333 0.9807291666666667 0.7416666666666667 0.9859375 0.7824074074074074 0.984375 0.8138888888888889 0.9807291666666667 0.8185185185185185 0.965625 0.8222222222222222 0.95 0.8175925925925925 0.9328125 0.7953703703703704 0.8989583333333333 0.7759259259259259 0.8869791666666667 0.762962962962963 0.88125 0.7657407407407407 0.8734375 0.7638888888888888 0.8666666666666667 0.7518518518518519 0.8578125 0.7435185185185185 0.85625 0.7268518518518519 0.8588541666666667 0.7166666666666667 0.8583333333333333 0.7027777777777777 0.8614583333333333 0.675 0.8828125 0.6564814814814814 0.8927083333333333 0.6574074074074074
0 0.6401041666666667 0.6833333333333333 0.64375 0.687962962962963 0.6515625 0.6861111111111111 0.6614583333333334 0.6916666666666667 0.6708333333333333 0.7148148148148148 0.6791666666666667 0.7203703703703703 0.6791666666666667 0.737037037037037 0.6682291666666667 0.7444444444444445 0.6578125 0.7444444444444445 0.6265625 0.7203703703703703 0.625 0.7129629629629629 0.6260416666666667 0.7055555555555556 0.6307291666666667 0.6981481481481482 0.6338541666666667 0.6861111111111111 0.6395833333333333 0.6833333333333333
0 0.7046875 0.85 0.7161458333333334 0.8592592592592593 0.7166666666666667 0.8787037037037037 0.7135416666666666 0.9046296296296297 0.7229166666666667 0.9101851851851852 0.7239583333333334 0.9148148148148149 0.7203125 0.9296296296296296 0.7166666666666667 0.9361111111111111 0.7036458333333333 0.9453703703703704 0.6958333333333333 0.9444444444444444 0.69375 0.9388888888888889 0.6927083333333334 0.9018518518518519 0.69375 0.8740740740740741 0.7010416666666667 0.8518518518518519 0.7041666666666667 0.85
0 0.5791666666666667 0.3111111111111111 0.5885416666666666 0.3212962962962963 0.6036458333333333 0.35833333333333334 0.603125 0.38333333333333336 0.5973958333333333 0.4 0.5953125 0.4166666666666667 0.5932291666666667 0.41759259259259257 0.5848958333333333 0.4111111111111111 0.5640625 0.37777777777777777 0.5572916666666666 0.3731481481481482 0.5546875 0.3648148148148148 0.5546875 0.3490740740740741 0.5604166666666667 0.32314814814814813 0.5651041666666666 0.31666666666666665 0.5786458333333333 0.3111111111111111
0 0.49375 0 0.509375 0 0.5088541666666667 0.012037037037037037 0.5015625 0.024074074074074074 0.4953125 0.012962962962962963 0.49375 0.000925925925925926
0 0.5036458333333333 0.799074074074074 0.5114583333333333 0.8240740740740741 0.5192708333333333 0.8314814814814815 0.5213541666666667 0.8481481481481481 0.51875 0.8870370370370371 0.5125 0.899074074074074 0.5072916666666667 0.8972222222222223 0.5046875 0.8787037037037037 0.4979166666666667 0.862037037037037 0.490625 0.8324074074074074 0.4895833333333333 0.8101851851851852 0.49114583333333334 0.8037037037037037 0.49583333333333335 0.7981481481481482 0.503125 0.799074074074074
0 0.6953125 0 0.721875 0 0.7260416666666667 0.022222222222222223 0.7260416666666667 0.06851851851851852 0.7223958333333333 0.08703703703703704 0.7192708333333333 0.08981481481481482 0.6994791666666667 0.08796296296296297 0.6927083333333334 0.07777777777777778 0.690625 0.05925925925925926 0.690625 0.028703703703703703 0.6953125 0.000925925925925926
0 0.030729166666666665 0.006481481481481481 0.03697916666666667 0.025925925925925925 0.03802083333333333 0.03611111111111111 0.030729166666666665 0.044444444444444446 0.0140625 0.05092592592592592 0.0078125 0.049074074074074076 0.0020833333333333333 0.03888888888888889 0.004166666666666667 0.022222222222222223 0.023958333333333335 0.007407407407407408 0.030208333333333334 0.006481481481481481
0 0.6333333333333333 0.2222222222222222 0.6546875 0.25092592592592594 0.6583333333333333 0.262037037037037 0.6588541666666666 0.2722222222222222 0.6557291666666667 0.2935185185185185 0.6510416666666666 0.30648148148148147 0.6473958333333333 0.30925925925925923 0.6401041666666667 0.30833333333333335 0.634375 0.3037037037037037 0.6255208333333333 0.29444444444444445 0.6192708333333333 0.2814814814814815 0.6125 0.27870370370370373 0.6088541666666667 0.27314814814814814 0.6114583333333333 0.25 0.6177083333333333 0.23425925925925925 0.6270833333333333 0.22314814814814815 0.6328125 0.2222222222222222
0 0.7380208333333333 0.5703703703703704 0.7432291666666667 0.5768518518518518 0.7520833333333333 0.5796296296296296 0.7791666666666667 0.5972222222222222 0.7854166666666667 0.6046296296296296 0.7864583333333334 0.6518518518518519 0.78125 0.6611111111111111 0.7697916666666667 0.6648148148148149 0.753125 0.662962962962963 0.7328125 0.6537037037037037 0.7234375 0.6574074074074074 0.715625 0.6518518518518519 0.7130208333333333 0.6305555555555555 0.7166666666666667 0.6027777777777777 0.7296875 0.5805555555555556 0.73125 0.5740740740740741 0.7375 0.5703703703703704
0 0.6520833333333333 0.175 0.671875 0.2064814814814815 0.6713541666666667 0.23333333333333334 0.665625 0.25092592592592594 0.6614583333333334 0.25555555555555554 0.6546875 0.2518518518518518 0.6364583333333333 0.22407407407407406 0.6270833333333333 0.22037037037037038 0.6265625 0.2101851851851852 0.6348958333333333 0.18425925925925926 0.6411458333333333 0.17777777777777778 0.6515625 0.175
0 0.6328125 0.9675925925925926 0.6427083333333333 0.9694444444444444 0.6494791666666667 0.975 0.6526041666666667 0.9944444444444445 0.6489583333333333 0.9990740740740741 0.5895833333333333 0.9990740740740741 0.5895833333333333 0.9842592592592593 0.603125 0.9703703703703703 0.6177083333333333 0.9722222222222222 0.6322916666666667 0.9675925925925926
0 0.3145833333333333 0.1259259259259259 0.3458333333333333 0.13703703703703704 0.3489583333333333 0.14074074074074075 0.35260416666666666 0.15185185185185185 0.359375 0.1962962962962963 0.35885416666666664 0.22314814814814815 0.35260416666666666 0.23425925925925925 0.35208333333333336 0.24166666666666667 0.34322916666666664 0.26481481481481484 0.3338541666666667 0.2833333333333333 0.33177083333333335 0.2953703703703704 0.3098958333333333 0.3333333333333333 0.3 0.3611111111111111 0.28854166666666664 0.38333333333333336 0.2864583333333333 0.39351851851851855 0.2708333333333333 0.42407407407407405 0.2604166666666667 0.4583333333333333 0.25052083333333336 0.47314814814814815 0.246875 0.4861111111111111 0.23489583333333333 0.5092592592592593 0.228125 0.5166666666666667 0.21875 0.5157407407407407 0.19895833333333332 0.5064814814814815 0.17916666666666667 0.48703703703703705 0.175 0.48055555555555557 0.15364583333333334 0.425 0.15208333333333332 0.4074074074074074 0.15989583333333332 0.38981481481481484 0.2708333333333333 0.19074074074074074 0.278125 0.17407407407407408 0.2942708333333333 0.15185185185185185 0.30625 0.1287037037037037 0.3140625 0.1259259259259259
0 0.5255208333333333 0 0.5411458333333333 0 0.5416666666666666 0.018518518518518517 0.5395833333333333 0.024074074074074074 0.5270833333333333 0.022222222222222223 0.525 0.01574074074074074 0.5255208333333333 0.000925925925925926
0 0.4083333333333333 0.812962962962963 0.4109375 0.8175925925925925 0.4114583333333333 0.825 0.4078125 0.8416666666666667 0.39791666666666664 0.8629629629629629 0.39791666666666664 0.8694444444444445 0.39166666666666666 0.8759259259259259 0.39010416666666664 0.8861111111111111 0.3765625 0.9148148148148149 0.3734375 0.9111111111111111 0.3723958333333333 0.9046296296296297 0.3729166666666667 0.8851851851851852 0.37604166666666666 0.8694444444444445 0.3859375 0.850925925925926 0.39375 0.8240740740740741 0.39947916666666666 0.8166666666666667 0.4078125 0.812962962962963
0 0.8458333333333333 0.47129629629629627 0.8552083333333333 0.47685185185185186 0.8526041666666667 0.48703703703703705 0.8536458333333333 0.5055555555555555 0.8510416666666667 0.5101851851851852 0.8520833333333333 0.5138888888888888 0.85625 0.5074074074074074 0.8588541666666667 0.49444444444444446 0.8651041666666667 0.48055555555555557 0.8692708333333333 0.48148148148148145 0.8755208333333333 0.49074074074074076 0.8765625 0.5194444444444445 0.8734375 0.5324074074074074 0.8697916666666666 0.5351851851851852 0.8479166666666667 0.5222222222222223 0.8380208333333333 0.5074074074074074 0.8348958333333333 0.487962962962963 0.8416666666666667 0.4722222222222222 0.8453125 0.47129629629629627
1 0.7630208333333334 0.08333333333333333 0.7661458333333333 0.08796296296296297 0.7645833333333333 0.10555555555555556 0.7583333333333333 0.12777777777777777 0.7526041666666666 0.13333333333333333 0.7484375 0.13055555555555556 0.7526041666666666 0.11666666666666667 0.7526041666666666 0.09814814814814815 0.7546875 0.09074074074074075 0.7625 0.08333333333333333
1 0.41822916666666665 0.42592592592592593 0.42552083333333335 0.44166666666666665 0.425 0.4527777777777778 0.421875 0.462037037037037 0.42291666666666666 0.48518518518518516 0.42135416666666664 0.49166666666666664 0.41875 0.487962962962963 0.41822916666666665 0.46944444444444444 0.41458333333333336 0.46296296296296297 0.4114583333333333 0.462037037037037 0.41041666666666665 0.45 0.4114583333333333 0.43425925925925923 0.41510416666666666 0.42592592592592593 0.41770833333333335 0.42592592592592593
1 0.25 0.8407407407407408 0.2578125 0.85 0.26927083333333335 0.8722222222222222 0.27239583333333334 0.8851851851851852 0.27239583333333334 0.8907407407407407 0.26927083333333335 0.8944444444444445 0.25833333333333336 0.8925925925925926 0.2546875 0.8851851851851852 0.24791666666666667 0.8851851851851852 0.24479166666666666 0.8796296296296297 0.2453125 0.8453703703703703 0.24947916666666667 0.8407407407407408
1 0.58125 0.1574074074074074 0.584375 0.17407407407407408 0.5817708333333333 0.19166666666666668 0.5822916666666667 0.2064814814814815 0.5765625 0.21203703703703702 0.5723958333333333 0.20925925925925926 0.5729166666666666 0.17685185185185184 0.578125 0.16018518518518518 0.5807291666666666 0.1574074074074074
1 0.008333333333333333 0.12037037037037036 0.015625 0.1259259259259259 0.022395833333333334 0.1398148148148148 0.024479166666666666 0.15 0.023958333333333335 0.15833333333333333 0.01875 0.16574074074074074 0.015104166666666667 0.1638888888888889 0.004166666666666667 0.13425925925925927 0.0036458333333333334 0.125 0.005208333333333333 0.12129629629629629 0.0078125 0.12129629629629629
1 0.5895833333333333 0.17314814814814813 0.5921875 0.1925925925925926 0.5885416666666666 0.20925925925925926 0.5848958333333333 0.21296296296296297 0.5848958333333333 0.2222222222222222 0.584375 0.21296296296296297 0.58125 0.2074074074074074 0.5807291666666666 0.19444444444444445 0.5848958333333333 0.17592592592592593 0.5890625 0.17314814814814813
1 0.041666666666666664 0.08055555555555556 0.04895833333333333 0.09166666666666666 0.053125 0.10648148148148148 0.053125 0.11388888888888889 0.0515625 0.11574074074074074 0.04895833333333333 0.11574074074074074 0.03958333333333333 0.10092592592592593 0.0328125 0.07685185185185185 0.036458333333333336 0.07407407407407407 0.04114583333333333 0.08055555555555556
1 0.48385416666666664 0.31203703703703706 0.48541666666666666 0.325 0.4828125 0.35185185185185186 0.48072916666666665 0.3574074074074074 0.4786458333333333 0.35555555555555557 0.478125 0.34629629629629627 0.4739583333333333 0.3416666666666667 0.47291666666666665 0.3175925925925926 0.47708333333333336 0.3037037037037037 0.48020833333333335 0.30462962962962964 0.48333333333333334 0.31203703703703706
1 0 0.48333333333333334 0.010416666666666666 0.487962962962963 0.0234375 0.5111111111111111 0.022916666666666665 0.5157407407407407 0.018229166666666668 0.5212962962962963 0.014583333333333334 0.5194444444444445 0.008854166666666666 0.5101851851851852 0 0.5055555555555555 0 0.4842592592592593
1 0.12916666666666668 0.46944444444444444 0.13854166666666667 0.48333333333333334 0.1375 0.5055555555555555 0.12291666666666666 0.4962962962962963 0.1203125 0.4898148148148148 0.11927083333333334 0.47314814814814815 0.121875 0.46944444444444444 0.12864583333333332 0.46944444444444444
1 0 0.5092592592592593 0.009375 0.525 0.0125 0.537962962962963 0.011979166666666667 0.5407407407407407 0.008333333333333333 0.5398148148148149 0 0.5314814814814814 0 0.5101851851851852
1 0.13489583333333333 0.2851851851851852 0.14114583333333333 0.2916666666666667 0.14479166666666668 0.3055555555555556 0.15104166666666666 0.31666666666666665 0.14739583333333334 0.3314814814814815 0.14427083333333332 0.33055555555555555 0.14270833333333333 0.32314814814814813 0.1359375 0.31296296296296294 0.1296875 0.2972222222222222 0.12760416666666666 0.2861111111111111 0.1296875 0.2833333333333333 0.134375 0.2851851851851852
1 0.88359375 0.4652777777777778 0.027604166666666666 0.05092592592592592
1 0.6765625 0 0.6817708333333333 0 0.6786458333333333 0.017592592592592594 0.6765625 0.020370370370370372 0.6744791666666666 0.018518518518518517 0.6765625 0.000925925925925926
1 0.04791666666666667 0.7472222222222222 0.05625 0.7527777777777778 0.06302083333333333 0.7694444444444445 0.06614583333333333 0.8009259259259259 0.0609375 0.8083333333333333 0.059375 0.8074074074074075 0.058854166666666666 0.7953703703703704 0.051041666666666666 0.7796296296296297 0.050520833333333334 0.774074074074074 0.04635416666666667 0.774074074074074 0.04583333333333333 0.7787037037037037 0.034895833333333334 0.7972222222222223 0.030208333333333334 0.7972222222222223 0.035416666666666666 0.7787037037037037 0.03333333333333333 0.775 0.0328125 0.7666666666666667 0.029166666666666667 0.7611111111111111 0.029166666666666667 0.7546296296296297 0.03854166666666667 0.7472222222222222 0.04739583333333333 0.7472222222222222
1 0.06145833333333333 0 0.06927083333333334 0 0.07135416666666666 0.002777777777777778 0.0828125 0.03611111111111111 0.08229166666666667 0.040740740740740744 0.07552083333333333 0.04259259259259259 0.06302083333333333 0.018518518518518517 0.059895833333333336 0.006481481481481481 0.06145833333333333 0.000925925925925926
1 0.3932291666666667 0.44537037037037036 0.3958333333333333 0.4527777777777778 0.39791666666666664 0.47129629629629627 0.39479166666666665 0.48703703703703705 0.39114583333333336 0.49074074074074076 0.390625 0.48055555555555557 0.384375 0.46296296296296297 0.38385416666666666 0.44814814814814813 0.38697916666666665 0.4388888888888889 0.39010416666666664 0.4398148148148148 0.3927083333333333 0.44537037037037036
1 0.1203125 0.29814814814814816 0.13020833333333334 0.31296296296296294 0.13697916666666668 0.3351851851851852 0.1375 0.3435185185185185 0.13385416666666666 0.3490740740740741 0.11666666666666667 0.31574074074074077 0.115625 0.29907407407407405 0.11979166666666667 0.29814814814814816
1 0.2552083333333333 0.6 0.25885416666666666 0.6018518518518519 0.265625 0.6157407407407407 0.26979166666666665 0.6370370370370371 0.26927083333333335 0.6435185185185185 0.2635416666666667 0.65 0.2609375 0.65 0.25364583333333335 0.6370370370370371 0.24947916666666667 0.6212962962962963 0.25052083333333336 0.612037037037037 0.24791666666666667 0.6018518518518519 0.25104166666666666 0.5981481481481481 0.2546875 0.6
1 0.4666666666666667 0.2833333333333333 0.4713541666666667 0.29907407407407405 0.471875 0.31296296296296294 0.4713541666666667 0.32314814814814813 0.4661458333333333 0.3277777777777778 0.4661458333333333 0.33796296296296297 0.4640625 0.3416666666666667 0.46145833333333336 0.34074074074074073 0.45989583333333334 0.29907407407407405 0.46197916666666666 0.2861111111111111 0.4661458333333333 0.2833333333333333
1 0.7421875 0.21481481481481482 0.7463541666666667 0.22037037037037038 0.746875 0.2351851851851852 0.7453125 0.23981481481481481 0.7411458333333333 0.24074074074074073 0.7348958333333333 0.25 0.7322916666666667 0.26296296296296295 0.7291666666666666 0.2601851851851852 0.7307291666666667 0.2324074074074074 0.7385416666666667 0.21574074074074073 0.7416666666666667 0.21481481481481482
1 0.5536458333333333 0.11388888888888889 0.5578125 0.11481481481481481 0.5609375 0.13148148148148148 0.5572916666666666 0.1685185185185185 0.5515625 0.1648148148148148 0.5494791666666666 0.1574074074074074 0.5484375 0.13703703703703704 0.5536458333333333 0.11481481481481481
1 0.5984375 0.05462962962962963 0.6010416666666667 0.06388888888888888 0.6010416666666667 0.07314814814814814 0.5973958333333333 0.08518518518518518 0.5958333333333333 0.10185185185185185 0.5921875 0.09907407407407408 0.5921875 0.07777777777777778 0.5953125 0.05740740740740741 0.5979166666666667 0.05555555555555555
1 0.43645833333333334 0.35 0.4395833333333333 0.35648148148148145 0.43802083333333336 0.3962962962962963 0.43645833333333334 0.39814814814814814 0.43385416666666665 0.3972222222222222 0.4296875 0.37407407407407406 0.425 0.37037037037037035 0.42552083333333335 0.35555555555555557 0.42916666666666664 0.3416666666666667 0.4322916666666667 0.3398148148148148 0.4359375 0.35
1 0.07239583333333334 0.4287037037037037 0.08177083333333333 0.43425925925925923 0.10052083333333334 0.4740740740740741 0.10104166666666667 0.4777777777777778 0.0953125 0.48518518518518516 0.09166666666666666 0.4842592592592593 0.084375 0.47314814814814815 0.07239583333333334 0.44907407407407407 0.07083333333333333 0.4388888888888889 0.06666666666666667 0.4324074074074074 0.06770833333333333 0.42777777777777776 0.071875 0.4287037037037037
1 0.5083333333333333 0.1648148148148148 0.5130208333333334 0.1685185185185185 0.5161458333333333 0.18796296296296297 0.5119791666666667 0.1962962962962963 0.5072916666666667 0.19537037037037036 0.50625 0.1787037037037037 0.5083333333333333 0.16574074074074074
1 0.22760416666666666 0.8740740740740741 0.2421875 0.8796296296296297 0.24479166666666666 0.8907407407407407 0.2515625 0.9009259259259259 0.25104166666666666 0.9157407407407407 0.2453125 0.9212962962962963 0.23802083333333332 0.912962962962963 0.22604166666666667 0.9064814814814814 0.21770833333333334 0.8907407407407407 0.21875 0.8824074074074074 0.22708333333333333 0.8740740740740741
1 0.6151041666666667 0 0.6223958333333334 0 0.6229166666666667 0.002777777777777778 0.6203125 0.024074074074074074 0.6161458333333333 0.025925925925925925 0.6135416666666667 0.016666666666666666 0.6151041666666667 0.000925925925925926
1 0.6161458333333333 0.5657407407407408 0.6192708333333333 0.5694444444444444 0.6192708333333333 0.5824074074074074 0.6171875 0.5953703703703703 0.6135416666666667 0.6 0.6125 0.6055555555555555 0.6135416666666667 0.6314814814814815 0.6098958333333333 0.6296296296296297 0.6067708333333334 0.6092592592592593 0.6015625 0.600925925925926 0.6010416666666667 0.5944444444444444 0.6057291666666667 0.5777777777777777 0.615625 0.5666666666666667
1 0.30833333333333335 0.8055555555555556 0.32083333333333336 0.8203703703703704 0.32708333333333334 0.8351851851851851 0.3255208333333333 0.8388888888888889 0.31666666666666665 0.8407407407407408 0.31197916666666664 0.8537037037037037 0.3072916666666667 0.8583333333333333 0.30520833333333336 0.8555555555555555 0.3067708333333333 0.8361111111111111 0.3026041666666667 0.8240740740740741 0.3 0.8203703703703704 0.29322916666666665 0.8240740740740741 0.2953125 0.8231481481481482 0.30104166666666665 0.8055555555555556 0.3078125 0.8055555555555556
1 0.4421875 0.3472222222222222 0.44583333333333336 0.3472222222222222 0.4515625 0.36203703703703705 0.4510416666666667 0.38333333333333336 0.4473958333333333 0.4074074074074074 0.44583333333333336 0.41203703703703703 0.4432291666666667 0.4111111111111111 0.4432291666666667 0.387037037037037 0.4395833333333333 0.36944444444444446 0.4395833333333333 0.3592592592592593 0.4421875 0.34814814814814815
1 0 0.05555555555555555 0.0078125 0.06759259259259259 0.013541666666666667 0.09537037037037037 0.011458333333333333 0.10185185185185185 0 0.0824074074074074 0 0.05648148148148148
1 0.5677083333333334 0.15092592592592594 0.010416666666666666 0.05185185185185185
1 0.5885416666666666 0.04814814814814815 0.5942708333333333 0.05462962962962963 0.5958333333333333 0.06388888888888888 0.5901041666666667 0.08796296296296297 0.5848958333333333 0.09166666666666666 0.5833333333333334 0.05740740740740741 0.5848958333333333 0.05 0.5880208333333333 0.04814814814814815
1 0.14635416666666667 0.9101851851851852 0.15260416666666668 0.9203703703703704 0.165625 0.9314814814814815 0.165625 0.937962962962963 0.15572916666666667 0.950925925925926 0.13333333333333333 0.9342592592592592 0.1234375 0.9212962962962963 0.1328125 0.9111111111111111 0.14583333333333334 0.9101851851851852
1 0.6885416666666667 0.25462962962962965 0.6958333333333333 0.22870370370370371 0.6989583333333333 0.22777777777777777 0.7020833333333333 0.24537037037037038 0.7015625 0.2601851851851852 0.6953125 0.26481481481481484 0.6921875 0.26296296296296295 0.6890625 0.25555555555555554
1 0.3984375 0.9259259259259259 0.4114583333333333 0.9407407407407408 0.4114583333333333 0.9518518518518518 0.40677083333333336 0.9611111111111111 0.39427083333333335 0.9592592592592593 0.3932291666666667 0.9518518518518518 0.3885416666666667 0.9416666666666667 0.3880208333333333 0.9351851851851852 0.39166666666666666 0.9277777777777778 0.39791666666666664 0.9259259259259259
1 0.6416666666666667 0.03981481481481482 0.6432291666666666 0.04537037037037037 0.64375 0.08796296296296297 0.6348958333333333 0.07777777777777778 0.6364583333333333 0.04814814814814815 0.6411458333333333 0.03981481481481482
1 0.36614583333333334 0.43796296296296294 0.3729166666666667 0.44814814814814813 0.375 0.4583333333333333 0.37447916666666664 0.4777777777777778 0.37083333333333335 0.4861111111111111 0.36614583333333334 0.4824074074074074 0.3625 0.4648148148148148 0.35885416666666664 0.45740740740740743 0.36041666666666666 0.4398148148148148 0.365625 0.43796296296296294
1 0.5463541666666667 0.09722222222222222 0.55 0.10092592592592593 0.5536458333333333 0.1111111111111111 0.55 0.13055555555555556 0.546875 0.13703703703703704 0.54375 0.12129629629629629 0.54375 0.10925925925925926 0.5463541666666667 0.09814814814814815
1 0.2 0.9527777777777777 0.20364583333333333 0.9564814814814815 0.203125 0.9657407407407408 0.20989583333333334 0.9703703703703703 0.215625 0.9805555555555555 0.21197916666666666 0.9842592592592593 0.21614583333333334 0.9898148148148148 0.21197916666666666 0.9972222222222222 0.19947916666666668 0.9944444444444445 0.18333333333333332 0.9768518518518519 0.18333333333333332 0.9712962962962963 0.18854166666666666 0.9601851851851851 0.19583333333333333 0.9527777777777777 0.19947916666666668 0.9527777777777777
1 0.9416666666666667 0.4638888888888889 0.9432291666666667 0.4703703703703704 0.9390625 0.48055555555555557 0.9286458333333333 0.49444444444444446 0.9151041666666667 0.5055555555555555 0.9119791666666667 0.5046296296296297 0.9104166666666667 0.4981481481481482 0.9177083333333333 0.4861111111111111 0.9234375 0.4703703703703704 0.9307291666666667 0.4648148148148148 0.9411458333333333 0.4638888888888889