0 0.8208333333333333 0.2064814814814815 0.8244791666666667 0.2111111111111111 0.8328125 0.20833333333333334 0.8432291666666667 0.21388888888888888 0.8411458333333334 0.23333333333333334 0.8338541666666667 0.2351851851851852 0.8244791666666667 0.2490740740740741 0.8182291666666667 0.24166666666666667 0.8140625 0.24074074074074073 0.8119791666666667 0.22777777777777777 0.8135416666666667 0.2111111111111111 0.8203125 0.2064814814814815
0 0.075 0.25 0.09322916666666667 0.2611111111111111 0.10208333333333333 0.27314814814814814 0.1046875 0.2814814814814815 0.10208333333333333 0.2935185185185185 0.09427083333333333 0.30648148148148147 0.0921875 0.3194444444444444 0.0875 0.32314814814814813 0.08177083333333333 0.3351851851851852 0.078125 0.337037037037037 0.057291666666666664 0.3277777777777778 0.04375 0.2935185185185185 0.04635416666666667 0.2824074074074074 0.0625 0.2564814814814815 0.06770833333333333 0.25092592592592594 0.07447916666666667 0.25
0 0.8203125 0 0.8895833333333333 0 0.890625 0.003703703703703704 0.8895833333333333 0.008333333333333333 0.8817708333333333 0.01574074074074074 0.8645833333333334 0.013888888888888888 0.8588541666666667 0.01574074074074074 0.8520833333333333 0.025 0.84375 0.025925925925925925 0.8182291666666667 0.017592592592592594 0.8171875 0.004629629629629629 0.8203125 0.000925925925925926
0 0.7072916666666667 0 0.725 0 0.7296875 0.016666666666666666 0.7291666666666666 0.027777777777777776 0.7244791666666667 0.03981481481481482 0.7161458333333334 0.04351851851851852 0.7052083333333333 0.04351851851851852 0.7026041666666667 0.008333333333333333 0.7072916666666667 0.000925925925925926
0 0.7666666666666667 0.4685185185185185 0.7802083333333333 0.47314814814814815 0.8041666666666667 0.49074074074074076 0.8197916666666667 0.512962962962963 0.8333333333333334 0.5268518518518519 0.8395833333333333 0.5425925925925926 0.840625 0.5546296296296296 0.8364583333333333 0.5777777777777777 0.83125 0.5888888888888889 0.8260416666666667 0.5925925925925926 0.8072916666666666 0.5888888888888889 0.7994791666666666 0.575925925925926 0.7838541666666666 0.562037037037037 0.7625 0.5472222222222223 0.7510416666666667 0.5462962962962963 0.7442708333333333 0.537962962962963 0.7375 0.5222222222222223 0.7375 0.5074074074074074 0.7411458333333333 0.4898148148148148 0.7510416666666667 0.4648148148148148 0.7661458333333333 0.4685185185185185
0 0.6265625 0.2740740740740741 0.6291666666666667 0.2759259259259259 0.628125 0.2861111111111111 0.6333333333333333 0.2935185185185185 0.6401041666666667 0.2898148148148148 0.6432291666666666 0.2824074074074074 0.6479166666666667 0.2861111111111111 0.6489583333333333 0.32592592592592595 0.6447916666666667 0.3333333333333333 0.6395833333333333 0.3277777777777778 0.6369791666666667 0.31574074074074077 0.6296875 0.3138888888888889 0.6213541666666667 0.30092592592592593 0.6203125 0.2916666666666667 0.6223958333333334 0.2759259259259259 0.6260416666666667 0.2740740740740741
0 0.8244791666666667 0.26851851851851855 0.8302083333333333 0.275 0.8322916666666667 0.287962962962963 0.83125 0.2972222222222222 0.8276041666666667 0.3 0.815625 0.287962962962963 0.8182291666666667 0.2759259259259259 0.8239583333333333 0.26944444444444443
0 0.39427083333333335 0.8972222222222223 0.40260416666666665 0.8824074074074074 0.4078125 0.8629629629629629 0.41354166666666664 0.850925925925926 0.425 0.8462962962962963 0.4270833333333333 0.8518518518518519 0.42552083333333335 0.8694444444444445 0.4125 0.8944444444444445 0.4036458333333333 0.925 0.39791666666666664 0.9324074074074075 0.39375 0.9453703703703704 0.38958333333333334 0.9462962962962963 0.3875 0.9305555555555556 0.390625 0.9055555555555556 0.39427083333333335 0.8981481481481481
0 0.3223958333333333 0.387037037037037 0.325 0.3861111111111111 0.32864583333333336 0.39444444444444443 0.328125 0.41388888888888886 0.31302083333333336 0.4351851851851852 0.3104166666666667 0.44907407407407407 0.3072916666666667 0.4527777777777778 0.30364583333333334 0.45092592592592595 0.30052083333333335 0.4222222222222222 0.303125 0.4046296296296296 0.3072916666666667 0.39444444444444443 0.315625 0.4 0.3223958333333333 0.38796296296296295
0 0.20052083333333334 0.65 0.20729166666666668 0.6583333333333333 0.20625 0.674074074074074 0.19166666666666668 0.7 0.16614583333333333 0.7361111111111112 0.16145833333333334 0.7351851851851852 0.15885416666666666 0.7296296296296296 0.16458333333333333 0.6759259259259259 0.17135416666666667 0.6611111111111111 0.18177083333333333 0.6509259259259259 0.19010416666666666 0.6527777777777778 0.19583333333333333 0.6472222222222223 0.2 0.65
0 0.4401041666666667 0.6074074074074074 0.44635416666666666 0.6166666666666667 0.45416666666666666 0.6564814814814814 0.453125 0.6731481481481482 0.4473958333333333 0.6888888888888889 0.4359375 0.6990740740740741 0.4166666666666667 0.7 0.38177083333333334 0.7203703703703703 0.3723958333333333 0.7342592592592593 0.36354166666666665 0.7407407407407407 0.3458333333333333 0.7351851851851852 0.3416666666666667 0.7314814814814815 0.3375 0.7212962962962963 0.33229166666666665 0.6925925925925925 0.33177083333333335 0.6712962962962963 0.3338541666666667 0.6574074074074074 0.3385416666666667 0.6481481481481481 0.3958333333333333 0.6148148148148148 0.39895833333333336 0.6083333333333333 0.4114583333333333 0.6111111111111112 0.42916666666666664 0.6027777777777777 0.4395833333333333 0.6074074074074074
0 0.3703125 0.33425925925925926 0.3765625 0.33611111111111114 0.3802083333333333 0.35 0.3796875 0.35555555555555557 0.3734375 0.3685185185185185 0.359375 0.3925925925925926 0.35572916666666665 0.3907407407407407 0.35260416666666666 0.36944444444444446 0.35572916666666665 0.35 0.35885416666666664 0.3453703703703704 0.3645833333333333 0.34629629629629627 0.37083333333333335 0.33796296296296297 0.3703125 0.3351851851851852
0 0.5244791666666667 0 0.5572916666666666 0 0.5583333333333333 0.004629629629629629 0.5442708333333334 0.03333333333333333 0.5369791666666667 0.03425925925925926 0.5234375 0.028703703703703703 0.521875 0.011111111111111112 0.5244791666666667 0.000925925925925926
0 0.228125 0.15648148148148147 0.23229166666666667 0.16111111111111112 0.23125 0.1824074074074074 0.209375 0.1814814814814815 0.20260416666666667 0.1712962962962963 0.20260416666666667 0.15092592592592594 0.20572916666666666 0.14537037037037037 0.20989583333333334 0.14444444444444443 0.21458333333333332 0.15925925925925927 0.22760416666666666 0.15648148148148147
0 0.15625 0.12777777777777777 0.159375 0.12962962962962962 0.16458333333333333 0.14074074074074075 0.16614583333333333 0.1574074074074074 0.15572916666666667 0.18518518518518517 0.15364583333333334 0.19722222222222222 0.12708333333333333 0.20555555555555555 0.11927083333333334 0.20277777777777778 0.115625 0.1935185185185185 0.11510416666666666 0.1824074074074074 0.11927083333333334 0.15185185185185185 0.1265625 0.1398148148148148 0.1453125 0.12962962962962962 0.15572916666666667 0.12777777777777777
0 0.8880208333333334 0.6481481481481481 0.9244791666666666 0.675 0.9489583333333333 0.675 0.9666666666666667 0.6851851851851852 0.9713541666666666 0.6898148148148148 0.971875 0.7018518518518518 0.975 0.7074074074074074 0.9963541666666667 0.7240740740740741 0.9973958333333334 0.7296296296296296 0.9994791666666667 0.7305555555555555 0.9994791666666667 0.7916666666666666 0.996875 0.7944444444444444 0.9953125 0.8138888888888889 0.9994791666666667 0.8185185185185185 0.9994791666666667 0.8462962962962963 0.9953125 0.8481481481481481 0.9802083333333333 0.8435185185185186 0.9640625 0.8157407407407408 0.9385416666666667 0.7972222222222223 0.9364583333333333 0.7898148148148149 0.9364583333333333 0.7712962962962963 0.9322916666666666 0.762962962962963 0.9270833333333334 0.762962962962963 0.91875 0.774074074074074 0.9072916666666667 0.7703703703703704 0.9010416666666666 0.7768518518518519 0.8911458333333333 0.7768518518518519 0.8796875 0.7685185185185185 0.875 0.7472222222222222 0.8708333333333333 0.7444444444444445 0.8625 0.7462962962962963 0.8598958333333333 0.7416666666666667 0.8588541666666667 0.7277777777777777 0.8625 0.6796296296296296 0.8770833333333333 0.6555555555555556 0.8828125 0.649074074074074 0.8875 0.6481481481481481
0 0.7432291666666667 0 0.75625 0 0.7546875 0.019444444444444445 0.7515625 0.024074074074074074 0.7484375 0.021296296296296296 0.7432291666666667 0.023148148148148147 0.7395833333333334 0.019444444444444445 0.740625 0.003703703703703704 0.7432291666666667 0.000925925925925926
0 0.8151041666666666 0.39444444444444443 0.8223958333333333 0.39814814814814814 0.8234375 0.4046296296296296 0.8208333333333333 0.4203703703703704 0.8072916666666666 0.4398148148148148 0.8036458333333333 0.4324074074074074 0.8036458333333333 0.4101851851851852 0.8067708333333333 0.4 0.8145833333333333 0.39444444444444443
0 0.2833333333333333 0.5175925925925926 0.28541666666666665 0.5314814814814814 0.28229166666666666 0.549074074074074 0.27239583333333334 0.5675925925925925 0.26510416666666664 0.5740740740740741 0.25833333333333336 0.587037037037037 0.253125 0.5861111111111111 0.25104166666666666 0.5814814814814815 0.25 0.55 0.2515625 0.5435185185185185 0.2552083333333333 0.5370370370370371 0.26510416666666664 0.5416666666666666 0.26927083333333335 0.5388888888888889 0.27239583333333334 0.5333333333333333 0.2713541666666667 0.5185185185185185 0.278125 0.5157407407407407 0.2828125 0.5175925925925926
0 0.640625 0.8648148148148148 0.6479166666666667 0.8694444444444445 0.6546875 0.8972222222222223 0.653125 0.9138888888888889 0.6567708333333333 0.9212962962962963 0.6526041666666667 0.975925925925926 0.6473958333333333 0.9796296296296296 0.6427083333333333 0.9777777777777777 0.640625 0.9731481481481481 0.6359375 0.9407407407407408 0.6354166666666666 0.9231481481481482 0.6317708333333333 0.9074074074074074 0.6338541666666667 0.8740740740740741 0.6369791666666667 0.8666666666666667 0.6401041666666667 0.8657407407407407
0 0.13072916666666667 0.8296296296296296 0.14010416666666667 0.8333333333333334 0.14947916666666666 0.8453703703703703 0.1546875 0.8648148148148148 0.15677083333333333 0.8814814814814815 0.1546875 0.9009259259259259 0.15052083333333333 0.9138888888888889 0.14375 0.9287037037037037 0.13802083333333334 0.9342592592592592 0.13229166666666667 0.9324074074074075 0.11510416666666666 0.9175925925925926 0.07604166666666666 0.8731481481481481 0.0796875 0.8638888888888889 0.09114583333333333 0.8583333333333333 0.11770833333333333 0.8305555555555556 0.13020833333333334 0.8296296296296296
0 0.3625 0.25462962962962965 0.3640625 0.26296296296296295 0.3625 0.27870370370370373 0.35572916666666665 0.29259259259259257 0.3489583333333333 0.30092592592592593 0.34479166666666666 0.30092592592592593 0.3421875 0.2898148148148148 0.34427083333333336 0.25833333333333336 0.34791666666666665 0.2574074074074074 0.35572916666666665 0.26296296296296295 0.3619791666666667 0.25462962962962965
0 0.22760416666666666 0.3398148148148148 0.24166666666666667 0.34814814814814815 0.2625 0.36944444444444446 0.271875 0.3972222222222222 0.27395833333333336 0.41203703703703703 0.2796875 0.43148148148148147 0.2791666666666667 0.4398148148148148 0.26875 0.4666666666666667 0.24010416666666667 0.5175925925925926 0.23229166666666667 0.5453703703703704 0.22083333333333333 0.5555555555555556 0.20989583333333334 0.5722222222222222 0.1703125 0.6435185185185185 0.16197916666666667 0.662962962962963 0.140625 0.6953703703703704 0.13958333333333334 0.7027777777777777 0.12135416666666667 0.7342592592592593 0.11822916666666666 0.7462962962962963 0.10572916666666667 0.7731481481481481 0.09010416666666667 0.787962962962963 0.07708333333333334 0.8138888888888889 0.06927083333333334 0.8222222222222222 0.06041666666666667 0.8398148148148148 0.0546875 0.8453703703703703 0.04635416666666667 0.8425925925925926 0.0328125 0.8305555555555556 0.0067708333333333336 0.8037037037037037 0 0.7925925925925926 0 0.7305555555555555 0.0067708333333333336 0.7231481481481481 0.0078125 0.7129629629629629 0.0046875 0.7092592592592593 0.008854166666666666 0.7064814814814815 0 0.7018518518518518 0 0.6722222222222223 0.016145833333333335 0.6703703703703704 0.01875 0.6675925925925926 0.0171875 0.662962962962963 0 0.6620370370370371 0 0.6398148148148148 0.0421875 0.5796296296296296 0.049479166666666664 0.5740740740740741 0.058854166666666666 0.5722222222222222 0.07552083333333333 0.5527777777777778 0.1171875 0.4898148148148148 0.12239583333333333 0.4759259259259259 0.13958333333333334 0.46296296296296297 0.15416666666666667 0.4351851851851852 0.2125 0.34629629629629627 0.21979166666666666 0.3388888888888889 0.22708333333333333 0.3398148148148148
0 0.7270833333333333 0.899074074074074 0.7369791666666666 0.9055555555555556 0.7395833333333334 0.9101851851851852 0.7401041666666667 0.9388888888888889 0.7359375 0.9592592592592593 0.7375 0.962037037037037 0.7447916666666666 0.9611111111111111 0.7473958333333334 0.9648148148148148 0.7473958333333334 0.9694444444444444 0.7411458333333333 0.987037037037037 0.7317708333333334 0.9990740740740741 0.715625 0.9990740740740741 0.7151041666666667 0.9962962962962963 0.7161458333333334 0.9259259259259259 0.7203125 0.9101851851851852 0.7265625 0.9
0 0.41458333333333336 0.16203703703703703 0.42135416666666664 0.17222222222222222 0.42604166666666665 0.175 0.4276041666666667 0.1814814814814815 0.41770833333333335 0.2 0.415625 0.20833333333333334 0.4114583333333333 0.2101851851851852 0.4078125 0.18611111111111112 0.41041666666666665 0.17222222222222222 0.41458333333333336 0.16296296296296298
0 0 0.4759259259259259 0.011979166666666667 0.48148148148148145 0.019791666666666666 0.4935185185185185 0.019270833333333334 0.49907407407407406 0.015104166666666667 0.5046296296296297 0 0.5111111111111111 0 0.47685185185185186
0 0.6661458333333333 0.06851851851851852 0.6729166666666667 0.07777777777777778 0.6791666666666667 0.09259259259259259 0.6786458333333333 0.10555555555555556 0.6755208333333333 0.1111111111111111 0.6677083333333333 0.10462962962962963 0.6552083333333333 0.10277777777777777 0.6505208333333333 0.09166666666666666 0.6505208333333333 0.08425925925925926 0.6536458333333334 0.07592592592592592 0.665625 0.06851851851851852
0 0.18958333333333333 0 0.2557291666666667 0 0.2604166666666667 0.018518518518518517 0.2578125 0.05 0.23229166666666667 0.08703703703703704 0.22760416666666666 0.10740740740740741 0.21666666666666667 0.11203703703703703 0.203125 0.1287037037037037 0.18177083333333333 0.12777777777777777 0.17447916666666666 0.12407407407407407 0.16822916666666668 0.11296296296296296 0.16302083333333334 0.09351851851851851 0.15729166666666666 0.08055555555555556 0.15104166666666666 0.05462962962962963 0.15677083333333333 0.05092592592592592 0.17239583333333333 0.019444444444444445 0.1828125 0.01574074074074074 0.18958333333333333 0.000925925925925926
0 0.44583333333333336 0.17314814814814813 0.453125 0.18518518518518517 0.4505208333333333 0.21666666666666667 0.44583333333333336 0.21851851851851853 0.4432291666666667 0.20555555555555555 0.4421875 0.1824074074074074 0.4453125 0.17407407407407408
0 0.14166666666666666 0.375 0.15729166666666666 0.387037037037037 0.1703125 0.4083333333333333 0.14010416666666667 0.45555555555555555 0.128125 0.4666666666666667 0.11979166666666667 0.46574074074074073 0.11197916666666667 0.4564814814814815 0.1125 0.44537037037037036 0.1046875 0.425 0.10364583333333334 0.4027777777777778 0.11614583333333334 0.3907407407407407 0.14114583333333333 0.375
0 0.8036458333333333 0.06018518518518518 0.8114583333333333 0.07037037037037037 0.8104166666666667 0.1037037037037037 0.8041666666666667 0.10833333333333334 0.8036458333333333 0.11944444444444445 0.8 0.12037037037037036 0.8 0.1 0.7953125 0.08611111111111111 0.8 0.06666666666666667 0.8036458333333333 0.06111111111111111
0 0.9776041666666667 0.48333333333333334 0.9885416666666667 0.49074074074074076 0.9994791666666667 0.5037037037037037 0.9994791666666667 0.5481481481481482 0.9729166666666667 0.5481481481481482 0.9692708333333333 0.5462962962962963 0.9651041666666667 0.5388888888888889 0.9614583333333333 0.5222222222222223 0.9614583333333333 0.5027777777777778 0.9671875 0.49074074074074076 0.9770833333333333 0.48333333333333334
0 0.8223958333333333 0.7759259259259259 0.8515625 0.7888888888888889 0.8729166666666667 0.8046296296296296 0.8765625 0.8111111111111111 0.8791666666666667 0.8351851851851851 0.8791666666666667 0.8527777777777777 0.8770833333333333 0.8657407407407407 0.8734375 0.8722222222222222 0.859375 0.8768518518518519 0.8302083333333333 0.8694444444444445 0.8177083333333334 0.862037037037037 0.8020833333333334 0.8629629629629629 0.7958333333333333 0.8546296296296296 0.7932291666666667 0.8407407407407408 0.7932291666666667 0.8212962962962963 0.7963541666666667 0.7898148148148149 0.8098958333333334 0.7787037037037037 0.821875 0.7759259259259259
0 0.5947916666666667 0.575 0.5973958333333333 0.5777777777777777 0.6192708333333333 0.5805555555555556 0.6265625 0.5925925925925926 0.6317708333333333 0.6055555555555555 0.6338541666666667 0.6203703703703703 0.6338541666666667 0.6370370370370371 0.6302083333333334 0.6527777777777778 0.621875 0.6611111111111111 0.6130208333333333 0.6648148148148149 0.603125 0.6620370370370371 0.5822916666666667 0.662962962962963 0.5526041666666667 0.6685185185185185 0.54375 0.674074074074074 0.525 0.6685185185185185 0.51875 0.6601851851851852 0.5145833333333333 0.6296296296296297 0.5151041666666667 0.6083333333333333 0.5177083333333333 0.5953703703703703 0.521875 0.5898148148148148 0.5427083333333333 0.5833333333333334 0.5942708333333333 0.575
0 0.4046875 0.21851851851851853 0.415625 0.225 0.4192708333333333 0.2518518518518518 0.41770833333333335 0.262037037037037 0.4114583333333333 0.275 0.40625 0.27870370370370373 0.4010416666666667 0.29074074074074074 0.39739583333333334 0.28703703703703703 0.396875 0.27037037037037037 0.3932291666666667 0.24722222222222223 0.39375 0.23055555555555557 0.39739583333333334 0.21944444444444444 0.4041666666666667 0.21851851851851853
0 0.30625 0 0.3375 0 0.3380208333333333 0.011111111111111112 0.3380208333333333 0.020370370370370372 0.33541666666666664 0.026851851851851852 0.3296875 0.025 0.3140625 0.030555555555555555 0.30625 0.000925925925925926
0 0.5192708333333333 0.8342592592592593 0.5260416666666666 0.850925925925926 0.5286458333333334 0.875 0.5364583333333334 0.8703703703703703 0.5385416666666667 0.8814814814814815 0.5369791666666667 0.925 0.5296875 0.9407407407407408 0.525 0.937037037037037 0.5229166666666667 0.9175925925925926 0.5182291666666666 0.9111111111111111 0.5083333333333333 0.8712962962962963 0.5083333333333333 0.8388888888888889 0.5114583333333333 0.8342592592592593 0.51875 0.8342592592592593
0 0.6208333333333333 0.8694444444444445 0.6265625 0.8898148148148148 0.6239583333333333 0.9222222222222223 0.6270833333333333 0.9435185185185185 0.6234375 0.9629629629629629 0.6192708333333333 0.9685185185185186 0.6119791666666666 0.9685185185185186 0.6083333333333333 0.9629629629629629 0.6020833333333333 0.9351851851851852 0.6052083333333333 0.924074074074074 0.6083333333333333 0.8814814814814815 0.6130208333333333 0.8712962962962963 0.6203125 0.8694444444444445
0 0.5776041666666667 0.007407407407407408 0.5885416666666666 0.03425925925925926 0.5911458333333334 0.04814814814814815 0.5958333333333333 0.06018518518518518 0.5963541666666666 0.0712962962962963 0.5916666666666667 0.0824074074074074 0.5848958333333333 0.0787037037037037 0.575 0.09166666666666666 0.5671875 0.08425925925925926 0.5625 0.06296296296296296 0.5557291666666667 0.046296296296296294 0.55625 0.01574074074074074 0.5635416666666667 0.006481481481481481 0.5770833333333333 0.007407407407407408
0 0.6901041666666666 0.3472222222222222 0.7005208333333334 0.35462962962962963 0.7135416666666666 0.36944444444444446 0.7203125 0.3824074074074074 0.7203125 0.41203703703703703 0.7171875 0.42314814814814816 0.7171875 0.4388888888888889 0.7140625 0.44351851851851853 0.7104166666666667 0.44351851851851853 0.7057291666666666 0.4361111111111111 0.7 0.4351851851851852 0.6744791666666666 0.412962962962963 0.6682291666666667 0.4111111111111111 0.6651041666666667 0.40370370370370373 0.6651041666666667 0.3888888888888889 0.6729166666666667 0.36574074074074076 0.68125 0.35185185185185186 0.6895833333333333 0.3472222222222222
0 0.6135416666666667 0 0.6401041666666667 0 0.6401041666666667 0.018518518518518517 0.6328125 0.05 0.6333333333333333 0.053703703703703705 0.6328125 0.05 0.6291666666666667 0.05 0.6239583333333333 0.05740740740740741 0.609375 0.05648148148148148 0.6041666666666666 0.04722222222222222 0.6072916666666667 0.020370370370370372 0.6104166666666667 0.012037037037037037 0.6104166666666667 0.005555555555555556 0.6135416666666667 0.000925925925925926
0 0.7515625 0.23055555555555557 0.7729166666666667 0.25277777777777777 0.7760416666666666 0.2611111111111111 0.775 0.2861111111111111 0.7708333333333334 0.3037037037037037 0.7692708333333333 0.3212962962962963 0.7651041666666667 0.33796296296296297 0.7583333333333333 0.34444444444444444 0.7364583333333333 0.33611111111111114 0.73125 0.3314814814814815 0.728125 0.3212962962962963 0.7359375 0.28055555555555556 0.7359375 0.2722222222222222 0.740625 0.2611111111111111 0.7447916666666666 0.23796296296296296 0.7484375 0.23055555555555557 0.7510416666666667 0.23055555555555557
0 0.73125 0.05277777777777778 0.7380208333333333 0.05648148148148148 0.7427083333333333 0.06296296296296296 0.7494791666666667 0.10092592592592593 0.75 0.11851851851851852 0.7484375 0.13055555555555556 0.7463541666666667 0.13333333333333333 0.740625 0.13425925925925927 0.7375 0.12685185185185185 0.7307291666666667 0.13518518518518519 0.7234375 0.13333333333333333 0.7197916666666667 0.12777777777777777 0.7125 0.09351851851851851 0.7130208333333333 0.0712962962962963 0.7161458333333334 0.058333333333333334 0.7229166666666667 0.05277777777777778 0.7307291666666667 0.05277777777777778
0 0.2677083333333333 0.21388888888888888 0.2755208333333333 0.22685185185185186 0.2760416666666667 0.23703703703703705 0.25833333333333336 0.26296296296296295 0.2552083333333333 0.26296296296296295 0.24947916666666667 0.2537037037037037 0.24791666666666667 0.24259259259259258 0.2515625 0.2351851851851852 0.2609375 0.23796296296296296 0.26145833333333335 0.23148148148148148 0.25885416666666666 0.21944444444444444 0.26197916666666665 0.21388888888888888 0.2671875 0.21388888888888888
0 0.27239583333333334 0.7611111111111111 0.28020833333333334 0.7703703703703704 0.2911458333333333 0.7731481481481481 0.2942708333333333 0.7787037037037037 0.2942708333333333 0.7861111111111111 0.2838541666666667 0.8046296296296296 0.2765625 0.8101851851851852 0.2703125 0.8074074074074075 0.2755208333333333 0.8166666666666667 0.2786458333333333 0.812962962962963 0.2828125 0.8148148148148148 0.2828125 0.8203703703703704 0.2682291666666667 0.8185185185185185 0.2630208333333333 0.8212962962962963 0.25885416666666666 0.8305555555555556 0.23854166666666668 0.8203703703703704 0.23020833333333332 0.8037037037037037 0.2296875 0.7981481481481482 0.23541666666666666 0.7888888888888889 0.24583333333333332 0.7861111111111111 0.25 0.775 0.2640625 0.7675925925925926 0.26875 0.7601851851851852 0.271875 0.7611111111111111
0 0.9911458333333333 0.5472222222222223 0.9994791666666667 0.5509259259259259 0.9994791666666667 0.6277777777777778 0.9932291666666667 0.6268518518518519 0.984375 0.6194444444444445 0.9755208333333333 0.6222222222222222 0.9666666666666667 0.6203703703703703 0.9598958333333333 0.6064814814814815 0.9609375 0.5712962962962963 0.9671875 0.5638888888888889 0.9739583333333334 0.55 0.990625 0.5472222222222223
0 0.7890625 0.3277777777777778 0.790625 0.3277777777777778 0.7932291666666667 0.35185185185185186 0.7901041666666667 0.35555555555555557 0.7864583333333334 0.38425925925925924 0.7828125 0.3888888888888889 0.7755208333333333 0.3888888888888889 0.771875 0.37407407407407406 0.7734375 0.35555555555555557 0.7791666666666667 0.3425925925925926 0.7869791666666667 0.33425925925925926 0.7890625 0.3287037037037037
1 0.8505208333333333 0.12222222222222222 0.8520833333333333 0.13703703703703704 0.8447916666666667 0.15462962962962962 0.8432291666666667 0.16944444444444445 0.8369791666666667 0.1648148148148148 0.8380208333333333 0.1537037037037037 0.8421875 0.13333333333333333 0.85 0.12222222222222222
1 0.7005208333333334 0.002777777777777778 0.703125 0.011111111111111112 0.7041666666666667 0.03148148148148148 0.703125 0.04259259259259259 0.6973958333333333 0.062037037037037036 0.6947916666666667 0.06018518518518518 0.6958333333333333 0.04259259259259259 0.69375 0.030555555555555555 0.696875 0.006481481481481481 0.7 0.002777777777777778
1 0.058333333333333334 0.10462962962962963 0.06666666666666667 0.11388888888888889 0.06927083333333334 0.1259259259259259 0.075 0.1361111111111111 0.07604166666666666 0.14722222222222223 0.07447916666666667 0.14907407407407408 0.07083333333333333 0.14722222222222223 0.0625 0.13148148148148148 0.05677083333333333 0.1259259259259259 0.0546875 0.11018518518518519 0.0578125 0.10462962962962963
1 0.5677083333333334 0.08518518518518518 0.5729166666666666 0.09444444444444444 0.5734375 0.10092592592592593 0.5697916666666667 0.125 0.5661458333333333 0.13333333333333333 0.5635416666666667 0.13425925925925927 0.5651041666666666 0.11574074074074074 0.5609375 0.10555555555555556 0.5671875 0.08611111111111111
1 0.7802083333333333 0.3888888888888889 0.7828125 0.39444444444444443 0.7796875 0.41574074074074074 0.771875 0.42685185185185187 0.7697916666666667 0.4351851851851852 0.7619791666666667 0.42777777777777776 0.7619791666666667 0.4185185185185185 0.7713541666666667 0.40555555555555556 0.7755208333333333 0.3907407407407407 0.7796875 0.3888888888888889
1 0.8692708333333333 0.9055555555555556 0.8713541666666667 0.9120370370370371 0.86875 0.9287037037037037 0.8630208333333333 0.9453703703703704 0.8598958333333333 0.9481481481481482 0.8515625 0.9435185185185185 0.8442708333333333 0.9351851851851852 0.8453125 0.9185185185185185 0.85 0.9157407407407407 0.8552083333333333 0.9046296296296297 0.86875 0.9055555555555556
1 0.7411458333333333 0.1175925925925926 0.7427083333333333 0.12037037037037036 0.7421875 0.13148148148148148 0.7328125 0.16018518518518518 0.7302083333333333 0.1638888888888889 0.728125 0.1574074074074074 0.7322916666666667 0.14537037037037037 0.734375 0.1287037037037037 0.740625 0.11851851851851852
1 0.32395833333333335 0.6 0.33229166666666665 0.6055555555555555 0.33541666666666664 0.612037037037037 0.3375 0.6342592592592593 0.33489583333333334 0.65 0.3296875 0.6472222222222223 0.32708333333333334 0.6342592592592593 0.32083333333333336 0.6203703703703703 0.3171875 0.6212962962962963 0.31875 0.6027777777777777 0.3234375 0.6
1 0.7583333333333333 0.06666666666666667 0.7640625 0.07777777777777778 0.7640625 0.0824074074074074 0.7526041666666666 0.10925925925925926 0.7510416666666667 0.11018518518518519 0.75 0.10555555555555556 0.7505208333333333 0.09537037037037037 0.7536458333333333 0.07777777777777778 0.7578125 0.06759259259259259
1 0.030729166666666665 0.1712962962962963 0.043229166666666666 0.18333333333333332 0.052083333333333336 0.2064814814814815 0.04739583333333333 0.21666666666666667 0.043229166666666666 0.21851851851851853 0.025520833333333333 0.1814814814814815 0.025 0.17222222222222222 0.030208333333333334 0.1712962962962963
1 0.1953125 0.7981481481481482 0.20260416666666667 0.8009259259259259 0.2109375 0.8166666666666667 0.2109375 0.8240740740740741 0.2015625 0.8361111111111111 0.1984375 0.8361111111111111 0.19427083333333334 0.8296296296296296 0.18541666666666667 0.8240740740740741 0.17604166666666668 0.8074074074074075 0.17864583333333334 0.799074074074074 0.19479166666666667 0.7981481481481482
1 0.3885416666666667 0.5305555555555556 0.39479166666666665 0.5370370370370371 0.39947916666666666 0.55 0.39895833333333336 0.562962962962963 0.3953125 0.5731481481481482 0.39375 0.5888888888888889 0.39114583333333336 0.5916666666666667 0.390625 0.5694444444444444 0.3880208333333333 0.5583333333333333 0.38333333333333336 0.5574074074074075 0.3796875 0.5648148148148148 0.3802083333333333 0.5509259259259259 0.38333333333333336 0.5370370370370371 0.3854166666666667 0.5314814814814814 0.3880208333333333 0.5305555555555556
1 0.45625 0.4935185185185185 0.46510416666666665 0.5157407407407407 0.46510416666666665 0.5203703703703704 0.46145833333333336 0.5287037037037037 0.4635416666666667 0.5407407407407407 0.4588541666666667 0.5425925925925926 0.45625 0.5324074074074074 0.45260416666666664 0.5453703703703704 0.44947916666666665 0.549074074074074 0.44635416666666666 0.5435185185185185 0.4505208333333333 0.5203703703703704 0.4515625 0.4981481481481482 0.453125 0.4935185185185185 0.4557291666666667 0.4935185185185185
1 0.7447916666666666 0.0712962962962963 0.7447916666666666 0.053703703703703705 0.7479166666666667 0.041666666666666664 0.7546875 0.03333333333333333 0.7567708333333333 0.03888888888888889 0.7557291666666667 0.05 0.7479166666666667 0.06944444444444445 0.7447916666666666 0.07222222222222222
1 0.8083333333333333 0.35555555555555557 0.8114583333333333 0.37222222222222223 0.8109375 0.3814814814814815 0.7994791666666666 0.3990740740740741 0.7963541666666667 0.41203703703703703 0.7932291666666667 0.4148148148148148 0.790625 0.41203703703703703 0.790625 0.4083333333333333 0.7942708333333334 0.3768518518518518 0.8052083333333333 0.35555555555555557 0.8078125 0.35555555555555557
1 0.12291666666666666 0.06851851851851852 0.12760416666666666 0.07407407407407407 0.13072916666666667 0.08333333333333333 0.13385416666666666 0.10555555555555556 0.1296875 0.1111111111111111 0.12552083333333333 0.1111111111111111 0.11875 0.08796296296296297 0.11927083333333334 0.07222222222222222 0.12239583333333333 0.06944444444444445
1 0.5375 0.12777777777777777 0.5411458333333333 0.13796296296296295 0.5411458333333333 0.14722222222222223 0.5395833333333333 0.1685185185185185 0.5359375 0.17592592592592593 0.5338541666666666 0.175 0.5322916666666667 0.14074074074074075 0.5338541666666666 0.12962962962962962 0.5369791666666667 0.12777777777777777
1 0.03697916666666667 0.1361111111111111 0.04583333333333333 0.1537037037037037 0.04895833333333333 0.1648148148148148 0.050520833333333334 0.1712962962962963 0.04739583333333333 0.175 0.028645833333333332 0.15 0.029166666666666667 0.14166666666666666 0.0328125 0.1361111111111111 0.036458333333333336 0.1361111111111111
1 0.88125 0.4111111111111111 0.8817708333333333 0.4324074074074074 0.8739583333333333 0.4444444444444444 0.8666666666666667 0.46296296296296297 0.8630208333333333 0.46296296296296297 0.8572916666666667 0.4564814814814815 0.85625 0.44907407407407407 0.865625 0.4351851851851852 0.8703125 0.41944444444444445 0.8807291666666667 0.4111111111111111
1 0.8520833333333333 0.287962962962963 0.8583333333333333 0.2935185185185185 0.8526041666666667 0.3148148148148148 0.8473958333333333 0.31666666666666665 0.8453125 0.3138888888888889 0.8489583333333334 0.2898148148148148 0.8515625 0.28888888888888886
1 0.1125 0.08518518518518518 0.1203125 0.09351851851851851 0.11979166666666667 0.10555555555555556 0.12291666666666666 0.11388888888888889 0.12604166666666666 0.11574074074074074 0.12552083333333333 0.12222222222222222 0.12291666666666666 0.1259259259259259 0.11979166666666667 0.12407407407407407 0.10989583333333333 0.09444444444444444 0.11197916666666667 0.08611111111111111
1 0.5307291666666667 0.12314814814814815 0.5338541666666666 0.13055555555555556 0.5317708333333333 0.1648148148148148 0.5296875 0.17037037037037037 0.5270833333333333 0.16666666666666666 0.525 0.15648148148148147 0.5244791666666667 0.13703703703703704 0.5260416666666666 0.1287037037037037 0.5302083333333333 0.12314814814814815
1 0.5885416666666666 0.09444444444444444 0.5916666666666667 0.10185185185185185 0.5916666666666667 0.10833333333333334 0.5859375 0.1388888888888889 0.5833333333333334 0.13333333333333333 0.58125 0.1037037037037037 0.584375 0.09537037037037037 0.5880208333333333 0.09444444444444444
1 0.003125 0.19907407407407407 0.008333333333333333 0.2 0.01875 0.21203703703703702 0.021354166666666667 0.21851851851851853 0.0203125 0.22962962962962963 0.029166666666666667 0.23703703703703705 0.026041666666666668 0.24814814814814815 0.022395833333333334 0.2518518518518518 0.0203125 0.24166666666666667 0.0078125 0.21944444444444444 0.003125 0.2
1 0.08958333333333333 0.10555555555555556 0.09375 0.10555555555555556 0.1 0.11574074074074074 0.10208333333333333 0.12129629629629629 0.10208333333333333 0.12962962962962962 0.10885416666666667 0.14074074074074075 0.10208333333333333 0.14629629629629629 0.0921875 0.12222222222222222 0.08958333333333333 0.10648148148148148
1 0.07239583333333334 0.11203703703703703 0.08229166666666667 0.12777777777777777 0.08333333333333333 0.13703703703703704 0.0875 0.14351851851851852 0.0875 0.15092592592592594 0.08541666666666667 0.15555555555555556 0.07604166666666666 0.13518518518518519 0.06979166666666667 0.12685185185185185 0.06666666666666667 0.11296296296296296 0.071875 0.11203703703703703
1 0.6005208333333333 0.06851851851851852 0.6041666666666666 0.07407407407407407 0.6046875 0.08425925925925926 0.5994791666666667 0.11666666666666667 0.5973958333333333 0.11574074074074074 0.5958333333333333 0.10925925925925926 0.5942708333333333 0.0824074074074074 0.5979166666666667 0.06944444444444445 0.6 0.06851851851851852
1 0.6890625 0.2814814814814815 0.6994791666666667 0.24444444444444444 0.70625 0.23796296296296296 0.7088541666666667 0.2537037037037037 0.696875 0.29074074074074074 0.6890625 0.28703703703703703 0.6890625 0.2824074074074074
1 0.0625 0.15555555555555556 0.06822916666666666 0.16296296296296298 0.07135416666666666 0.17592592592592593 0.07552083333333333 0.1814814814814815 0.07447916666666667 0.18611111111111112 0.07083333333333333 0.18425925925925926 0.06822916666666666 0.19166666666666668 0.057291666666666664 0.1648148148148148 0.059375 0.15555555555555556 0.06197916666666667 0.15555555555555556
1 0.7963541666666667 0.08981481481481482 0.8 0.09722222222222222 0.8 0.1037037037037037 0.7911458333333333 0.13240740740740742 0.7869791666666667 0.1361111111111111 0.7848958333333333 0.13055555555555556 0.7864583333333334 0.11574074074074074 0.790625 0.09722222222222222 0.7932291666666667 0.09074074074074075 0.7958333333333333 0.08981481481481482
1 0.959375 0.5009259259259259 0.9609375 0.5046296296296297 0.9604166666666667 0.5222222222222223 0.946875 0.5444444444444444 0.9390625 0.5435185185185185 0.9354166666666667 0.5407407407407407 0.934375 0.5351851851851852 0.9401041666666666 0.525 0.9411458333333333 0.5148148148148148 0.9546875 0.5 0.9588541666666667 0.5009259259259259
1 0.5916666666666667 0.17314814814814813 0.5942708333333333 0.1814814814814815 0.5942708333333333 0.19537037037037036 0.5880208333333333 0.22592592592592592 0.5848958333333333 0.22592592592592592 0.584375 0.19074074074074074 0.5859375 0.1814814814814815 0.5911458333333334 0.17314814814814813
1 0.8015625 0.20277777777777778 0.8067708333333333 0.19074074074074074 0.8140625 0.1824074074074074 0.8161458333333333 0.18333333333333332 0.8161458333333333 0.2037037037037037 0.8041666666666667 0.22962962962962963 0.803125 0.23703703703703705 0.8 0.23796296296296296 0.803125 0.21388888888888888 0.8020833333333334 0.2037037037037037
1 0.76875 0.8842592592592593 0.7744791666666667 0.8870370370370371 0.778125 0.8935185185185185 0.778125 0.8981481481481481 0.7703125 0.9111111111111111 0.7697916666666667 0.9231481481481482 0.7588541666666667 0.9277777777777778 0.7505208333333333 0.9148148148148149 0.7515625 0.9083333333333333 0.7625 0.8888888888888888 0.7682291666666666 0.8851851851851852
1 0.5322916666666667 0.7398148148148148 0.5380208333333333 0.7462962962962963 0.5395833333333333 0.7694444444444445 0.54375 0.7787037037037037 0.5432291666666667 0.7851851851851852 0.534375 0.7759259259259259 0.5260416666666666 0.7814814814814814 0.5223958333333333 0.7787037037037037 0.5276041666666667 0.7592592592592593 0.528125 0.7416666666666667 0.5317708333333333 0.7407407407407407
1 0.16354166666666667 0 0.1703125 0 0.17291666666666666 0.009259259259259259 0.171875 0.023148148148148147 0.16927083333333334 0.023148148148148147 0.16458333333333333 0.012962962962962963 0.16354166666666667 0.000925925925925926
1 0.2911458333333333 0.887962962962963 0.303125 0.9111111111111111 0.30364583333333334 0.9277777777777778 0.30052083333333335 0.9305555555555556 0.2859375 0.9259259259259259 0.2796875 0.9111111111111111 0.2791666666666667 0.9 0.28177083333333336 0.8935185185185185 0.290625 0.887962962962963
1 0.09895833333333333 0.05462962962962963 0.10260416666666666 0.05462962962962963 0.10885416666666667 0.06574074074074074 0.1125 0.08333333333333333 0.10885416666666667 0.08888888888888889 0.10520833333333333 0.0824074074074074 0.0984375 0.06666666666666667 0.09895833333333333 0.05555555555555555
1 0.5708333333333333 0.17222222222222222 0.5744791666666667 0.1712962962962963 0.5776041666666667 0.18333333333333332 0.5744791666666667 0.21851851851851853 0.5708333333333333 0.21203703703703702 0.5682291666666667 0.22407407407407406 0.5651041666666666 0.225 0.5671875 0.18888888888888888 0.5708333333333333 0.17314814814814813
1 0.6260416666666667 0.04722222222222222 0.6302083333333334 0.046296296296296294 0.6317708333333333 0.05185185185185185 0.628125 0.0824074074074074 0.6255208333333333 0.08611111111111111 0.6239583333333333 0.08425925925925926 0.6234375 0.05925925925925926 0.6260416666666667 0.04814814814814815
1 0.19739583333333333 0.8398148148148148 0.20260416666666667 0.8453703703703703 0.21197916666666666 0.8657407407407407 0.21041666666666667 0.8740740740740741 0.19947916666666668 0.8824074074074074 0.19583333333333333 0.8805555555555555 0.190625 0.8703703703703703 0.18489583333333334 0.8648148148148148 0.18229166666666666 0.8490740740740741 0.1828125 0.8435185185185186 0.18541666666666667 0.8398148148148148 0.196875 0.8398148148148148
1 0.5052083333333334 0.9425925925925925 0.5114583333333333 0.9435185185185185 0.5192708333333333 0.9546296296296296 0.51875 0.9666666666666667 0.509375 0.9805555555555555 0.5083333333333333 0.9861111111111112 0.5052083333333334 0.9851851851851852 0.4979166666666667 0.9777777777777777 0.4979166666666667 0.9712962962962963 0.5052083333333334 0.9435185185185185
1 0.6020833333333333 0.033796296296296297 0.010416666666666666 0.049074074074074076