0 0.4635416666666667 0.7675925925925926 0.4859375 0.7712962962962963 0.5265625 0.7861111111111111 0.5380208333333333 0.7962962962962963 0.5421875 0.8101851851851852 0.5411458333333333 0.8574074074074074 0.5375 0.8703703703703703 0.5229166666666667 0.8796296296296297 0.5171875 0.8796296296296297 0.5057291666666667 0.8694444444444445 0.48541666666666666 0.8638888888888889 0.46510416666666665 0.8601851851851852 0.4479166666666667 0.8629629629629629 0.4317708333333333 0.8472222222222222 0.43020833333333336 0.8398148148148148 0.43072916666666666 0.8018518518518518 0.43645833333333334 0.7731481481481481 0.44166666666666665 0.7675925925925926 0.4630208333333333 0.7675925925925926
0 0.11302083333333333 0.35833333333333334 0.12083333333333333 0.375 0.11979166666666667 0.38796296296296295 0.10416666666666667 0.4101851851851852 0.10052083333333334 0.425 0.096875 0.43148148148148147 0.07552083333333333 0.4351851851851852 0.06354166666666666 0.43333333333333335 0.057291666666666664 0.42407407407407405 0.05677083333333333 0.40555555555555556 0.0625 0.38981481481481484 0.07395833333333333 0.37222222222222223 0.08541666666666667 0.3675925925925926 0.09739583333333333 0.35833333333333334 0.1125 0.35833333333333334
0 0.5302083333333333 0.2935185185185185 0.5401041666666667 0.29444444444444445 0.5442708333333334 0.3 0.546875 0.30648148148148147 0.55 0.3296296296296296 0.5515625 0.3527777777777778 0.55 0.36666666666666664 0.5364583333333334 0.37222222222222223 0.5302083333333333 0.37037037037037035 0.525 0.3648148148148148 0.5213541666666667 0.3333333333333333 0.521875 0.30462962962962964 0.5260416666666666 0.2953703703703704 0.5296875 0.2935185185185185
0 0.3302083333333333 0.525 0.3390625 0.5296296296296297 0.34375 0.537962962962963 0.3390625 0.5574074074074075 0.33125 0.575 0.328125 0.5740740740740741 0.32708333333333334 0.5694444444444444 0.325 0.5324074074074074 0.32708333333333334 0.525 0.3296875 0.525
0 0.7973958333333333 0.8472222222222222 0.8307291666666666 0.8657407407407407 0.8776041666666666 0.9027777777777778 0.8869791666666667 0.9064814814814814 0.8895833333333333 0.9166666666666666 0.8963541666666667 0.9268518518518518 0.9171875 0.9453703703703704 0.9390625 0.9740740740740741 0.946875 0.9731481481481481 0.95 0.9768518518518519 0.9494791666666667 0.9833333333333333 0.9526041666666667 0.987037037037037 0.9536458333333333 0.9944444444444445 0.9421875 0.9944444444444445 0.9375 0.9990740740740741 0.8895833333333333 0.9990740740740741 0.8869791666666667 0.9962962962962963 0.8552083333333333 0.9990740740740741 0.8479166666666667 0.9953703703703703 0.8229166666666666 0.9712962962962963 0.803125 0.9611111111111111 0.78125 0.9259259259259259 0.7770833333333333 0.9111111111111111 0.778125 0.8833333333333333 0.7833333333333333 0.8638888888888889 0.790625 0.8490740740740741 0.796875 0.8472222222222222
0 0.6979166666666666 0.25833333333333336 0.7078125 0.28055555555555556 0.7161458333333334 0.3175925925925926 0.7140625 0.3351851851851852 0.7083333333333334 0.3416666666666667 0.696875 0.3416666666666667 0.6885416666666667 0.33796296296296297 0.678125 0.3055555555555556 0.6755208333333333 0.2851851851851852 0.6677083333333333 0.275 0.6677083333333333 0.26851851851851855 0.6713541666666667 0.25925925925925924 0.6755208333333333 0.2638888888888889 0.6880208333333333 0.25555555555555554 0.6973958333333333 0.25833333333333336
0 0.9359375 0.6953703703703704 0.9875 0.7361111111111112 0.99375 0.7324074074074074 0.9994791666666667 0.7342592592592593 0.9994791666666667 0.7388888888888889 0.9963541666666667 0.7444444444444445 0.9947916666666666 0.7657407407407407 0.9921875 0.774074074074074 0.9807291666666667 0.7972222222222223 0.9776041666666667 0.7981481481481482 0.959375 0.7953703703703704 0.9505208333333334 0.7898148148148149 0.909375 0.7453703703703703 0.9088541666666666 0.7342592592592593 0.9171875 0.7138888888888889 0.9276041666666667 0.6981481481481482 0.9354166666666667 0.6953703703703704
0 0.36302083333333335 0.13240740740740742 0.36614583333333334 0.14351851851851852 0.36770833333333336 0.1824074074074074 0.36614583333333334 0.19166666666666668 0.3614583333333333 0.19722222222222222 0.35208333333333336 0.1935185185185185 0.34791666666666665 0.14351851851851852 0.3546875 0.1361111111111111 0.3625 0.13240740740740742
0 0.4265625 0.29907407407407405 0.4322916666666667 0.30277777777777776 0.4354166666666667 0.3101851851851852 0.4354166666666667 0.33796296296296297 0.42604166666666665 0.35555555555555557 0.41822916666666665 0.35833333333333334 0.41510416666666666 0.3648148148148148 0.4119791666666667 0.36203703703703705 0.40729166666666666 0.3425925925925926 0.4078125 0.325 0.40989583333333335 0.3148148148148148 0.415625 0.30277777777777776 0.4192708333333333 0.29907407407407405 0.42604166666666665 0.29907407407407405
0 0.18333333333333332 0.5796296296296296 0.18541666666666667 0.5814814814814815 0.18489583333333334 0.5842592592592593 0.17447916666666666 0.5879629629629629 0.16614583333333333 0.6018518518518519 0.14895833333333333 0.6527777777777778 0.12239583333333333 0.662962962962963 0.109375 0.6768518518518518 0.08854166666666667 0.6722222222222223 0.08072916666666667 0.6555555555555556 0.07916666666666666 0.6444444444444445 0.08125 0.6148148148148148 0.08645833333333333 0.6018518518518519 0.09583333333333334 0.5944444444444444 0.13489583333333333 0.5796296296296296 0.14791666666666667 0.5768518518518518 0.1828125 0.5796296296296296
0 0.5083333333333333 0.053703703703703705 0.5151041666666667 0.06388888888888888 0.5125 0.07685185185185185 0.4947916666666667 0.09259259259259259 0.49166666666666664 0.07314814814814814 0.49322916666666666 0.06296296296296296 0.4979166666666667 0.05555555555555555 0.5078125 0.053703703703703705
0 0.0421875 0.7 0.04791666666666667 0.7027777777777777 0.04895833333333333 0.7166666666666667 0.04739583333333333 0.7231481481481481 0.043229166666666666 0.7277777777777777 0.043229166666666666 0.7342592592592593 0.036458333333333336 0.7574074074074074 0.0359375 0.7675925925925926 0.0328125 0.7731481481481481 0.027083333333333334 0.7722222222222223 0.021354166666666667 0.7657407407407407 0.020833333333333332 0.7425925925925926 0.033854166666666664 0.7305555555555555 0.034375 0.7166666666666667 0.027083333333333334 0.7064814814814815 0.027083333333333334 0.7027777777777777 0.034375 0.6990740740740741 0.041666666666666664 0.7
0 0.4041666666666667 0.41759259259259257 0.40260416666666665 0.43796296296296294 0.3953125 0.45092592592592595 0.39375 0.45925925925925926 0.39114583333333336 0.46111111111111114 0.3890625 0.4564814814814815 0.3875 0.4361111111111111 0.3890625 0.4212962962962963 0.39479166666666665 0.41944444444444445 0.3984375 0.4222222222222222 0.4010416666666667 0.41759259259259257 0.4036458333333333 0.41759259259259257
0 0.3807291666666667 0.8777777777777778 0.396875 0.8888888888888888 0.4005208333333333 0.8944444444444445 0.4041666666666667 0.9111111111111111 0.396875 0.9212962962962963 0.37604166666666666 0.9287037037037037 0.35260416666666666 0.9259259259259259 0.35208333333333336 0.9185185185185185 0.3489583333333333 0.9111111111111111 0.3484375 0.899074074074074 0.353125 0.8916666666666667 0.3625 0.8888888888888888 0.3697916666666667 0.8787037037037037 0.3802083333333333 0.8777777777777778
0 0.5786458333333333 0.6888888888888889 0.6125 0.7018518518518518 0.6208333333333333 0.7129629629629629 0.625 0.7620370370370371 0.6213541666666667 0.7666666666666667 0.60625 0.7722222222222223 0.5911458333333334 0.7722222222222223 0.5791666666666667 0.7657407407407407 0.5661458333333333 0.7685185185185185 0.5583333333333333 0.7564814814814815 0.5572916666666666 0.75 0.5598958333333334 0.7268518518518519 0.5666666666666667 0.6953703703703704 0.571875 0.6898148148148148 0.578125 0.6888888888888889
0 0.9026041666666667 0.737037037037037 0.9114583333333334 0.7509259259259259 0.9197916666666667 0.7583333333333333 0.91875 0.7620370370370371 0.921875 0.7981481481481482 0.91875 0.8037037037037037 0.9145833333333333 0.8055555555555556 0.909375 0.8037037037037037 0.896875 0.787962962962963 0.8869791666666667 0.7842592592592592 0.8723958333333334 0.7722222222222223 0.8692708333333333 0.7657407407407407 0.8697916666666666 0.7481481481481481 0.8729166666666667 0.7388888888888889 0.8875 0.7444444444444445 0.8973958333333333 0.737037037037037 0.9020833333333333 0.737037037037037
0 0.6786458333333333 0.8287037037037037 0.6859375 0.8435185185185186 0.6880208333333333 0.8583333333333333 0.69375 0.8731481481481481 0.6932291666666667 0.8768518518518519 0.6890625 0.8833333333333333 0.6796875 0.8777777777777778 0.671875 0.8777777777777778 0.6692708333333334 0.8851851851851852 0.6666666666666666 0.8824074074074074 0.6635416666666667 0.8703703703703703 0.6567708333333333 0.8694444444444445 0.6473958333333333 0.8574074074074074 0.6447916666666667 0.8481481481481481 0.6447916666666667 0.837037037037037 0.6473958333333333 0.8305555555555556 0.6541666666666667 0.8277777777777777 0.659375 0.8305555555555556 0.6598958333333333 0.8398148148148148 0.6635416666666667 0.8518518518518519 0.6682291666666667 0.8537037037037037 0.6703125 0.8481481481481481 0.6703125 0.8379629629629629 0.675 0.8296296296296296 0.678125 0.8287037037037037
0 0.11041666666666666 0.7842592592592592 0.11614583333333334 0.787962962962963 0.11927083333333334 0.7935185185185185 0.11927083333333334 0.799074074074074 0.0953125 0.8453703703703703 0.0828125 0.8592592592592593 0.07760416666666667 0.8583333333333333 0.06770833333333333 0.8453703703703703 0.07083333333333333 0.8342592592592593 0.07916666666666666 0.8212962962962963 0.07760416666666667 0.8138888888888889 0.08489583333333334 0.8166666666666667 0.08333333333333333 0.8194444444444444 0.084375 0.8222222222222222 0.103125 0.8194444444444444 0.10520833333333333 0.812962962962963 0.10208333333333333 0.8027777777777778 0.08802083333333334 0.799074074074074 0.0859375 0.7935185185185185 0.09375 0.7861111111111111 0.10989583333333333 0.7842592592592592
0 0.43802083333333336 0.08333333333333333 0.4421875 0.08796296296296297 0.4427083333333333 0.1 0.4421875 0.10555555555555556 0.43697916666666664 0.1111111111111111 0.425 0.10833333333333334 0.4234375 0.08796296296296297 0.4322916666666667 0.0824074074074074 0.4375 0.08333333333333333
0 0.5130208333333334 0.2212962962962963 0.5244791666666667 0.22592592592592592 0.5265625 0.24074074074074073 0.5208333333333334 0.25833333333333336 0.5119791666666667 0.27314814814814814 0.5036458333333333 0.26944444444444443 0.49114583333333334 0.27037037037037037 0.4895833333333333 0.26851851851851855 0.4895833333333333 0.2611111111111111 0.4947916666666667 0.24259259259259258 0.5010416666666667 0.22962962962962963 0.5072916666666667 0.2222222222222222 0.5125 0.2212962962962963
0 0.2838541666666667 0.5787037037037037 0.2869791666666667 0.5824074074074074 0.28958333333333336 0.5916666666666667 0.29635416666666664 0.5879629629629629 0.30364583333333334 0.5907407407407408 0.3234375 0.6083333333333333 0.33177083333333335 0.6222222222222222 0.34270833333333334 0.6620370370370371 0.3421875 0.687962962962963 0.3385416666666667 0.7055555555555556 0.33125 0.7157407407407408 0.32083333333333336 0.7175925925925926 0.3171875 0.7268518518518519 0.3140625 0.7287037037037037 0.3046875 0.7277777777777777 0.29635416666666664 0.7194444444444444 0.29010416666666666 0.7240740740740741 0.24114583333333334 0.725925925925926 0.23020833333333332 0.7361111111111112 0.2203125 0.7342592592592593 0.20729166666666668 0.7166666666666667 0.17916666666666667 0.7212962962962963 0.175 0.7175925925925926 0.1671875 0.7 0.15885416666666666 0.6712962962962963 0.15208333333333332 0.6574074074074074 0.15208333333333332 0.65 0.1609375 0.6166666666666667 0.17135416666666667 0.5944444444444444 0.178125 0.5879629629629629 0.21458333333333332 0.5824074074074074 0.2833333333333333 0.5787037037037037
0 0.1453125 0.36944444444444446 0.15104166666666666 0.37037037037037035 0.16041666666666668 0.37962962962962965 0.1625 0.3861111111111111 0.16145833333333334 0.39351851851851855 0.15572916666666667 0.4009259259259259 0.140625 0.4111111111111111 0.13541666666666666 0.4046296296296296 0.134375 0.39444444444444443 0.13645833333333332 0.38981481481481484 0.1453125 0.38333333333333336 0.1453125 0.37037037037037035
0 0.2833333333333333 0.5277777777777778 0.296875 0.5342592592592592 0.3046875 0.5537037037037037 0.30625 0.5675925925925925 0.30520833333333336 0.5842592592592593 0.30364583333333334 0.587037037037037 0.29583333333333334 0.5861111111111111 0.29375 0.5888888888888889 0.28958333333333336 0.5888888888888889 0.2838541666666667 0.5787037037037037 0.26197916666666665 0.5787037037037037 0.25625 0.575 0.2578125 0.5638888888888889 0.26458333333333334 0.55 0.2755208333333333 0.5314814814814814 0.2828125 0.5277777777777778
0 0.7114583333333333 0.5916666666666667 0.7317708333333334 0.6083333333333333 0.7447916666666666 0.6231481481481481 0.7661458333333333 0.6546296296296297 0.7703125 0.6685185185185185 0.7864583333333334 0.6981481481481482 0.7895833333333333 0.7129629629629629 0.7869791666666667 0.725 0.7755208333333333 0.7425925925925926 0.76875 0.7472222222222222 0.7630208333333334 0.7462962962962963 0.746875 0.7351851851851852 0.74375 0.7305555555555555 0.7401041666666667 0.7157407407407408 0.7265625 0.6935185185185185 0.7182291666666667 0.6814814814814815 0.7010416666666667 0.6675925925925926 0.6947916666666667 0.6583333333333333 0.6885416666666667 0.6370370370370371 0.6890625 0.6185185185185185 0.6994791666666667 0.5981481481481481 0.70625 0.5916666666666667 0.7109375 0.5916666666666667
0 0.8734375 0.7972222222222223 0.9005208333333333 0.812962962962963 0.9182291666666667 0.8277777777777777 0.9223958333333333 0.8342592592592593 0.9265625 0.8712962962962963 0.9244791666666666 0.8935185185185185 0.9213541666666667 0.9 0.9020833333333333 0.8972222222222223 0.8916666666666667 0.8907407407407407 0.8833333333333333 0.8898148148148148 0.8661458333333333 0.8768518518518519 0.8557291666666667 0.8814814814814815 0.8473958333333333 0.875 0.84375 0.8611111111111112 0.8432291666666667 0.8407407407407408 0.8453125 0.8203703703703704 0.8510416666666667 0.8101851851851852 0.8630208333333333 0.7972222222222223 0.8729166666666667 0.7972222222222223
0 0.5848958333333333 0.06018518518518518 0.5885416666666666 0.07407407407407407 0.5854166666666667 0.07962962962962963 0.58125 0.08055555555555556 0.578125 0.08888888888888889 0.5729166666666666 0.08611111111111111 0.5739583333333333 0.0712962962962963 0.5776041666666667 0.06111111111111111 0.584375 0.06018518518518518
0 0.34739583333333335 0.2212962962962963 0.353125 0.22685185185185186 0.3541666666666667 0.23796296296296296 0.35208333333333336 0.25092592592592594 0.3421875 0.2638888888888889 0.328125 0.2759259259259259 0.3098958333333333 0.2722222222222222 0.3078125 0.2601851851851852 0.3104166666666667 0.25 0.315625 0.23703703703703705 0.32395833333333335 0.22592592592592592 0.346875 0.2212962962962963
0 0.49322916666666666 0.04814814814814815 0.496875 0.053703703703703705 0.49166666666666664 0.06666666666666667 0.4901041666666667 0.08796296296296297 0.4869791666666667 0.09166666666666666 0.47760416666666666 0.09351851851851851 0.475 0.08796296296296297 0.47239583333333335 0.0712962962962963 0.4734375 0.05555555555555555 0.48072916666666665 0.049074074074074076 0.49270833333333336 0.04814814814814815
0 0.5338541666666666 0.14444444444444443 0.5385416666666667 0.15185185185185185 0.5395833333333333 0.1712962962962963 0.5380208333333333 0.17592592592592593 0.5333333333333333 0.1787037037037037 0.5260416666666666 0.1787037037037037 0.5213541666666667 0.16944444444444445 0.5208333333333334 0.15925925925925927 0.5229166666666667 0.1425925925925926 0.528125 0.14074074074074075 0.5333333333333333 0.14444444444444443
0 0.13229166666666667 0.4351851851851852 0.14166666666666666 0.44166666666666665 0.14427083333333332 0.4546296296296296 0.1421875 0.4740740740740741 0.1359375 0.48148148148148145 0.12135416666666667 0.49074074074074076 0.1046875 0.5092592592592593 0.09583333333333334 0.5277777777777778 0.0875 0.5324074074074074 0.071875 0.5287037037037037 0.058333333333333334 0.5148148148148148 0.05520833333333333 0.5 0.059895833333333336 0.48055555555555557 0.078125 0.4583333333333333 0.08802083333333334 0.45 0.10625 0.44537037037037036 0.12135416666666667 0.43425925925925923 0.13177083333333334 0.4351851851851852
0 0.042708333333333334 0.9712962962962963 0.0546875 0.9805555555555555 0.06354166666666666 0.9944444444444445 0.06354166666666666 0.9990740740740741 0.008854166666666666 0.9990740740740741 0.0234375 0.9805555555555555 0.0421875 0.9712962962962963
0 0.5328125 0.375 0.515625 0.39537037037037037 0.5135416666666667 0.4 0.5125 0.4166666666666667 0.5088541666666667 0.42407407407407405 0.4979166666666667 0.43148148148148147 0.4942708333333333 0.42962962962962964 0.49270833333333336 0.4148148148148148 0.4979166666666667 0.38055555555555554 0.5265625 0.3731481481481482 0.5322916666666667 0.375
0 0.4973958333333333 0.11203703703703703 0.5151041666666667 0.1175925925925926 0.51875 0.12314814814814815 0.5203125 0.15555555555555556 0.5171875 0.1675925925925926 0.5203125 0.17314814814814813 0.5177083333333333 0.19444444444444445 0.5161458333333333 0.20185185185185187 0.4979166666666667 0.23333333333333334 0.48802083333333335 0.24444444444444444 0.48385416666666664 0.25462962962962965 0.4708333333333333 0.26666666666666666 0.44635416666666666 0.25925925925925924 0.4432291666666667 0.25462962962962965 0.4432291666666667 0.19166666666666668 0.4453125 0.1648148148148148 0.4505208333333333 0.1537037037037037 0.48333333333333334 0.11666666666666667 0.496875 0.11203703703703703
0 0.9755208333333333 0.6675925925925926 0.9994791666666667 0.6777777777777778 0.9994791666666667 0.7305555555555555 0.99375 0.7305555555555555 0.9885416666666667 0.7351851851851852 0.9635416666666666 0.7175925925925926 0.9447916666666667 0.6990740740740741 0.9458333333333333 0.6842592592592592 0.9557291666666666 0.6703703703703704 0.975 0.6675925925925926
0 0.953125 0.8222222222222222 0.9614583333333333 0.8379629629629629 0.9557291666666666 0.8546296296296296 0.9557291666666666 0.8601851851851852 0.959375 0.8703703703703703 0.9635416666666666 0.8675925925925926 0.9661458333333334 0.8564814814814815 0.9630208333333333 0.8435185185185186 0.9692708333333333 0.850925925925926 0.9776041666666667 0.8518518518518519 0.9807291666666667 0.8583333333333333 0.9828125 0.8703703703703703 0.9822916666666667 0.9055555555555556 0.9776041666666667 0.9092592592592592 0.9666666666666667 0.9101851851851852 0.9588541666666667 0.9092592592592592 0.9515625 0.8944444444444445 0.93125 0.8768518518518519 0.9270833333333334 0.8675925925925926 0.928125 0.850925925925926 0.9322916666666666 0.8444444444444444 0.940625 0.8416666666666667 0.9458333333333333 0.825 0.9494791666666667 0.8212962962962963 0.9526041666666667 0.8222222222222222
0 0.7 0.775 0.7098958333333333 0.7870370370370371 0.715625 0.8138888888888889 0.7125 0.8240740740740741 0.7057291666666666 0.8240740740740741 0.7 0.8185185185185185 0.6958333333333333 0.8203703703703704 0.6802083333333333 0.8138888888888889 0.6677083333333333 0.7962962962962963 0.6677083333333333 0.7805555555555556 0.671875 0.7759259259259259 0.6755208333333333 0.7759259259259259 0.6776041666666667 0.7833333333333333 0.684375 0.7916666666666666 0.684375 0.8037037037037037 0.6895833333333333 0.8046296296296296 0.6973958333333333 0.7944444444444444 0.6963541666666667 0.7851851851851852 0.6994791666666667 0.775
0 0.4921875 0.26944444444444443 0.5057291666666667 0.26944444444444443 0.5109375 0.2722222222222222 0.5119791666666667 0.27685185185185185 0.5130208333333334 0.30833333333333335 0.5109375 0.337037037037037 0.5083333333333333 0.3453703703703704 0.5020833333333333 0.3472222222222222 0.4875 0.34629629629629627 0.4828125 0.33796296296296297 0.48385416666666664 0.30925925925925923 0.4822916666666667 0.30185185185185187 0.4859375 0.29444444444444445 0.48854166666666665 0.2722222222222222 0.49166666666666664 0.26944444444444443
0 0.4088541666666667 0.11296296296296296 0.4125 0.11574074074074074 0.41458333333333336 0.1259259259259259 0.4083333333333333 0.1361111111111111 0.40572916666666664 0.13333333333333333 0.40520833333333334 0.12685185185185185 0.40520833333333334 0.11388888888888889 0.4083333333333333 0.11296296296296296
0 0.55 0.3731481481481482 0.5755208333333334 0.41944444444444445 0.5953125 0.44907407407407407 0.6005208333333333 0.46111111111111114 0.6546875 0.5472222222222223 0.6697916666666667 0.5768518518518518 0.6692708333333334 0.6305555555555555 0.6645833333333333 0.6537037037037037 0.6598958333333333 0.6611111111111111 0.6390625 0.6768518518518518 0.63125 0.6888888888888889 0.6213541666666667 0.6851851851851852 0.6020833333333333 0.6611111111111111 0.5984375 0.6472222222222223 0.5776041666666667 0.6055555555555555 0.5765625 0.5953703703703703 0.571875 0.5898148148148148 0.5645833333333333 0.5722222222222222 0.5578125 0.5638888888888889 0.5583333333333333 0.55 0.5505208333333333 0.5435185185185185 0.5442708333333334 0.5425925925925926 0.5401041666666667 0.5361111111111111 0.5359375 0.5185185185185185 0.5114583333333333 0.462037037037037 0.5145833333333333 0.3990740740740741 0.5291666666666667 0.3814814814814815 0.5463541666666667 0.37222222222222223 0.5494791666666666 0.3731481481481482
0 0.5604166666666667 0.13333333333333333 0.5635416666666667 0.14722222222222223 0.5609375 0.1675925925925926 0.5505208333333333 0.1712962962962963 0.546875 0.1685185185185185 0.5494791666666666 0.15092592592592594 0.5598958333333334 0.13425925925925927
0 0.6854166666666667 0.8962962962962963 0.7020833333333333 0.9277777777777778 0.7 0.9388888888888889 0.6859375 0.9453703703703704 0.6755208333333333 0.9388888888888889 0.659375 0.9398148148148148 0.6505208333333333 0.9314814814814815 0.6463541666666667 0.9194444444444444 0.646875 0.9083333333333333 0.6505208333333333 0.9009259259259259 0.66875 0.9018518518518519 0.675 0.8972222222222223 0.6848958333333334 0.8962962962962963
0 0.5604166666666667 0.09722222222222222 0.5651041666666666 0.09907407407407408 0.5671875 0.10555555555555556 0.5625 0.13055555555555556 0.5604166666666667 0.13425925925925927 0.5453125 0.1287037037037037 0.5463541666666667 0.11296296296296296 0.5526041666666667 0.10185185185185185 0.5598958333333334 0.09814814814814815
0 0.7390625 0.4324074074074074 0.7515625 0.4398148148148148 0.7729166666666667 0.46111111111111114 0.7760416666666666 0.475 0.7776041666666667 0.5055555555555555 0.7703125 0.5166666666666667 0.7479166666666667 0.5120370370370371 0.740625 0.5046296296296297 0.7338541666666667 0.4462962962962963 0.7348958333333333 0.4351851851851852 0.7385416666666667 0.4324074074074074
0 0.7947916666666667 0.49074074074074076 0.790625 0.4981481481481482 0.7932291666666667 0.5027777777777778 0.8 0.4962962962962963 0.8026041666666667 0.5046296296296297 0.8005208333333333 0.5333333333333333 0.7932291666666667 0.5481481481481482 0.7901041666666667 0.5462962962962963 0.7885416666666667 0.5333333333333333 0.7848958333333333 0.5287037037037037 0.7822916666666667 0.5148148148148148 0.7854166666666667 0.5101851851851852 0.7864583333333334 0.5009259259259259 0.7895833333333333 0.49444444444444446 0.7942708333333334 0.49074074074074076
0 0.36302083333333335 0.3527777777777778 0.3723958333333333 0.35648148148148145 0.37604166666666666 0.3638888888888889 0.37916666666666665 0.41388888888888886 0.37552083333333336 0.42592592592592593 0.37447916666666664 0.4388888888888889 0.3723958333333333 0.44537037037037036 0.36822916666666666 0.44814814814814813 0.35625 0.4703703703703704 0.35572916666666665 0.4787037037037037 0.353125 0.48518518518518516 0.3338541666666667 0.49074074074074076 0.32864583333333336 0.4898148148148148 0.32083333333333336 0.48055555555555557 0.31927083333333334 0.47129629629629627 0.31927083333333334 0.44907407407407407 0.3223958333333333 0.43703703703703706 0.32708333333333334 0.39537037037037037 0.3489583333333333 0.35555555555555557 0.3541666666666667 0.35185185185185186 0.3625 0.3527777777777778
0 0.4546875 0.07314814814814814 0.014583333333333334 0.025925925925925925
0 0.8072916666666666 0.6648148148148149 0.8109375 0.6703703703703704 0.8104166666666667 0.6814814814814815 0.8125 0.6888888888888889 0.8203125 0.6981481481481482 0.8239583333333333 0.6916666666666667 0.8265625 0.674074074074074 0.8317708333333333 0.6787037037037037 0.8390625 0.700925925925926 0.8390625 0.7231481481481481 0.8348958333333333 0.7296296296296296 0.8265625 0.7231481481481481 0.821875 0.7101851851851851 0.8135416666666667 0.7074074074074074 0.7989583333333333 0.6925925925925925 0.796875 0.687037037037037 0.796875 0.6787037037037037 0.8020833333333334 0.6638888888888889 0.8067708333333333 0.6648148148148149
1 0.6020833333333333 0.27870370370370373 0.6067708333333334 0.2861111111111111 0.6041666666666666 0.31666666666666665 0.6020833333333333 0.31851851851851853 0.5994791666666667 0.3101851851851852 0.5989583333333334 0.2824074074074074 0.6015625 0.2796296296296296
1 0.0421875 0.325 0.04895833333333333 0.3351851851851852 0.053125 0.36203703703703705 0.051041666666666666 0.36574074074074076 0.04635416666666667 0.36574074074074076 0.03802083333333333 0.3435185185185185 0.0375 0.3277777777777778 0.041666666666666664 0.325
1 0.5432291666666667 0.30277777777777776 0.5390625 0.2935185185185185 0.5401041666666667 0.28055555555555556 0.5432291666666667 0.2814814814814815 0.5463541666666667 0.29074074074074074 0.546875 0.3055555555555556 0.5463541666666667 0.3074074074074074 0.54375 0.30277777777777776
1 0.5708333333333333 0.3685185185185185 0.5739583333333333 0.36944444444444446 0.5770833333333333 0.3824074074074074 0.5729166666666666 0.4064814814814815 0.5697916666666667 0.4064814814814815 0.5671875 0.39351851851851855 0.5671875 0.3824074074074074 0.5708333333333333 0.36944444444444446
1 0.057291666666666664 0.3388888888888889 0.06354166666666666 0.3453703703703704 0.06875 0.37222222222222223 0.06770833333333333 0.37592592592592594 0.06197916666666667 0.3731481481481482 0.0546875 0.3574074074074074 0.05260416666666667 0.34444444444444444 0.05677083333333333 0.3388888888888889
1 0.2755208333333333 0.1787037037037037 0.2760416666666667 0.21388888888888888 0.2713541666666667 0.2101851851851852 0.26979166666666665 0.19166666666666668 0.2703125 0.18055555555555555 0.27239583333333334 0.17685185185185184 0.275 0.1787037037037037
1 0.35260416666666666 0.7722222222222223 0.36041666666666666 0.7824074074074074 0.3645833333333333 0.8018518518518518 0.35572916666666665 0.8222222222222222 0.3494791666666667 0.8064814814814815 0.3463541666666667 0.787962962962963 0.346875 0.7768518518518519 0.35208333333333336 0.7722222222222223
1 0.740625 0.5398148148148149 0.7411458333333333 0.562037037037037 0.7375 0.5768518518518518 0.7286458333333333 0.5898148148148148 0.7265625 0.5888888888888889 0.725 0.5805555555555556 0.728125 0.5518518518518518 0.7296875 0.5462962962962963 0.7348958333333333 0.5407407407407407 0.7401041666666667 0.5398148148148149
1 0.6682291666666667 0.362962962962963 0.6703125 0.3675925925925926 0.6703125 0.38055555555555554 0.6661458333333333 0.4009259259259259 0.6645833333333333 0.40370370370370373 0.6625 0.4009259259259259 0.6619791666666667 0.38333333333333336 0.6651041666666667 0.36574074074074076 0.6677083333333333 0.3638888888888889
1 0 0.4361111111111111 0.005208333333333333 0.4398148148148148 0.011979166666666667 0.4527777777777778 0.013541666666666667 0.4703703703703704 0.013020833333333334 0.4759259259259259 0.008333333333333333 0.47962962962962963 0 0.4648148148148148 0 0.43703703703703706
1 0.20651041666666667 0.24861111111111112 0.0140625 0.03981481481481482
1 0.13072916666666667 0.2564814814814815 0.13385416666666666 0.2601851851851852 0.14114583333333333 0.2824074074074074 0.14114583333333333 0.2861111111111111 0.1375 0.2898148148148148 0.13333333333333333 0.2898148148148148 0.12604166666666666 0.26666666666666666 0.12604166666666666 0.262037037037037 0.13020833333333334 0.2564814814814815
1 0.9598958333333333 0.6305555555555555 0.9645833333333333 0.6333333333333333 0.965625 0.6509259259259259 0.9520833333333333 0.6620370370370371 0.946875 0.6777777777777778 0.9369791666666667 0.6685185185185185 0.9458333333333333 0.6555555555555556 0.9494791666666667 0.6351851851851852 0.959375 0.6314814814814815
1 0.3229166666666667 0.7546296296296297 0.328125 0.7592592592592593 0.3307291666666667 0.7722222222222223 0.3416666666666667 0.7981481481481482 0.33958333333333335 0.8046296296296296 0.33541666666666664 0.8083333333333333 0.334375 0.8231481481481482 0.33229166666666665 0.8287037037037037 0.3296875 0.8277777777777777 0.3302083333333333 0.8166666666666667 0.31875 0.7787037037037037 0.3171875 0.7574074074074074 0.3223958333333333 0.7546296296296297
1 0.24739583333333334 0.42685185185185187 0.25 0.4462962962962963 0.25729166666666664 0.4666666666666667 0.2552083333333333 0.4703703703703704 0.25 0.462037037037037 0.24739583333333334 0.46574074074074073 0.2453125 0.4759259259259259 0.24322916666666666 0.47314814814814815 0.24375 0.45740740740740743 0.24114583333333334 0.43796296296296294 0.24322916666666666 0.4287037037037037 0.246875 0.42685185185185187
1 0.5046875 0.9740740740740741 0.5109375 0.962037037037037 0.5135416666666667 0.9314814814814815 0.515625 0.9287037037037037 0.5192708333333333 0.9287037037037037 0.5213541666666667 0.9324074074074075 0.5265625 0.9768518518518519 0.5192708333333333 0.9703703703703703 0.5083333333333333 0.975925925925926 0.5052083333333334 0.9740740740740741
1 0.5302083333333333 0.9222222222222223 0.5380208333333333 0.9398148148148148 0.5364583333333334 0.9583333333333334 0.5395833333333333 0.9657407407407408 0.5395833333333333 0.9712962962962963 0.5375 0.9731481481481481 0.5333333333333333 0.9722222222222222 0.5291666666666667 0.9629629629629629 0.5255208333333333 0.9666666666666667 0.5260416666666666 0.9527777777777777 0.5234375 0.937962962962963 0.5260416666666666 0.925 0.5296875 0.9222222222222223
1 0.30625 0.7657407407407407 0.31302083333333336 0.7759259259259259 0.31614583333333335 0.8 0.3125 0.8083333333333333 0.31354166666666666 0.8175925925925925 0.3109375 0.825 0.30052083333333335 0.7888888888888889 0.3015625 0.7694444444444445 0.303125 0.7657407407407407 0.30572916666666666 0.7657407407407407
1 0.19895833333333332 0.25462962962962965 0.20052083333333334 0.2490740740740741 0.203125 0.24814814814814815 0.2125 0.2796296296296296 0.20677083333333332 0.2861111111111111 0.203125 0.2861111111111111 0.19947916666666668 0.25555555555555554
1 0.37604166666666666 0.7546296296296297 0.38333333333333336 0.7601851851851852 0.3859375 0.7685185185185185 0.38697916666666665 0.8009259259259259 0.384375 0.8055555555555556 0.3807291666666667 0.8046296296296296 0.3729166666666667 0.7861111111111111 0.3729166666666667 0.7712962962962963 0.37083333333333335 0.7601851851851852 0.3729166666666667 0.7546296296296297 0.37552083333333336 0.7546296296296297
1 0.16197916666666667 0.27037037037037037 0.1671875 0.2796296296296296 0.16822916666666668 0.2898148148148148 0.17291666666666666 0.30277777777777776 0.16458333333333333 0.3148148148148148 0.16302083333333334 0.30462962962962964 0.1578125 0.29444444444444445 0.15677083333333333 0.28055555555555556 0.15729166666666666 0.2722222222222222 0.16145833333333334 0.27037037037037037
1 0.7098958333333333 0.4648148148148148 0.7104166666666667 0.49444444444444446 0.6994791666666667 0.5092592592592593 0.7010416666666667 0.48148148148148145 0.70625 0.4666666666666667 0.709375 0.4648148148148148
1 0.06822916666666666 0.337037037037037 0.078125 0.35185185185185186 0.07760416666666667 0.3712962962962963 0.07447916666666667 0.3712962962962963 0.065625 0.35555555555555557 0.0640625 0.3416666666666667 0.06770833333333333 0.337037037037037
1 0.17604166666666668 0.25555555555555554 0.17916666666666667 0.25833333333333336 0.18020833333333333 0.27314814814814814 0.18333333333333332 0.2824074074074074 0.17864583333333334 0.2898148148148148 0.17291666666666666 0.27037037037037037 0.1734375 0.25833333333333336 0.17552083333333332 0.25555555555555554
1 0.10885416666666667 0.29814814814814816 0.1171875 0.32037037037037036 0.1171875 0.32685185185185184 0.11302083333333333 0.3314814814814815 0.10833333333333334 0.33055555555555555 0.10364583333333334 0.31203703703703706 0.10416666666666667 0.30092592592592593 0.10833333333333334 0.29814814814814816
1 0.5984375 0.4064814814814815 0.5947916666666667 0.3888888888888889 0.5947916666666667 0.3768518518518518 0.5979166666666667 0.3648148148148148 0.6015625 0.362962962962963 0.6052083333333333 0.37592592592592594 0.6026041666666667 0.39537037037037037 0.5989583333333334 0.40555555555555556
1 0.5223958333333333 0.9805555555555555 0.5265625 0.9888888888888889 0.5260416666666666 0.9990740740740741 0.5145833333333333 0.9990740740740741 0.5161458333333333 0.9833333333333333 0.51875 0.9796296296296296 0.521875 0.9805555555555555
1 0.6442708333333333 0.31851851851851853 0.646875 0.3333333333333333 0.640625 0.35462962962962963 0.6375 0.3490740740740741 0.6364583333333333 0.33240740740740743 0.64375 0.31851851851851853
1 0.7036458333333333 0.49444444444444446 0.7104166666666667 0.49166666666666664 0.7140625 0.5101851851851852 0.7140625 0.5222222222222223 0.7098958333333333 0.5296296296296297 0.70625 0.5453703703703704 0.7026041666666667 0.549074074074074 0.6984375 0.5472222222222223 0.7010416666666667 0.512962962962963 0.7041666666666667 0.5055555555555555 0.7036458333333333 0.49537037037037035
1 0.6421875 0.3574074074074074 0.6442708333333333 0.362962962962963 0.6447916666666667 0.37592592592592594 0.640625 0.4009259259259259 0.6380208333333334 0.4027777777777778 0.6359375 0.3675925925925926 0.6390625 0.3574074074074074 0.6416666666666667 0.3574074074074074
1 0.16822916666666668 0.2361111111111111 0.17395833333333333 0.25092592592592594 0.17135416666666667 0.2657407407407407 0.16354166666666667 0.24537037037037038 0.16354166666666667 0.2388888888888889 0.16770833333333332 0.2361111111111111
1 0.5927083333333333 0.9592592592592593 0.6020833333333333 0.9712962962962963 0.6020833333333333 0.9925925925925926 0.5979166666666667 0.9990740740740741 0.5807291666666666 0.9990740740740741 0.58125 0.9944444444444445 0.5869791666666667 0.9861111111111112 0.5885416666666666 0.9601851851851851 0.5921875 0.9592592592592593
1 0.5953125 0.21388888888888888 0.5984375 0.2175925925925926 0.6 0.22592592592592592 0.5958333333333333 0.25 0.5921875 0.25092592592592594 0.5916666666666667 0.225 0.5947916666666667 0.21481481481481482
1 0.6020833333333333 0.24351851851851852 0.6046875 0.25462962962962965 0.603125 0.27870370370370373 0.5989583333333334 0.27870370370370373 0.5973958333333333 0.26851851851851855 0.5979166666666667 0.25277777777777777 0.6015625 0.24444444444444444
1 0.6473958333333333 0.39166666666666666 0.6442708333333333 0.38425925925925924 0.6453125 0.3685185185185185 0.6432291666666666 0.36018518518518516 0.6463541666666667 0.34814814814814815 0.6505208333333333 0.3453703703703704 0.6526041666666667 0.3537037037037037 0.6479166666666667 0.3907407407407407
1 0.2203125 0.21203703703703702 0.22447916666666667 0.21851851851851853 0.22864583333333333 0.2351851851851852 0.2296875 0.24814814814814815 0.22708333333333333 0.25 0.21614583333333334 0.21944444444444444 0.21666666666666667 0.21388888888888888 0.21979166666666666 0.21203703703703702