0 0.7776041666666667 0.17314814814814813 0.7885416666666667 0.1787037037037037 0.7942708333333334 0.19444444444444445 0.8 0.2324074074074074 0.796875 0.2462962962962963 0.8015625 0.262037037037037 0.8005208333333333 0.2722222222222222 0.7973958333333333 0.275 0.7802083333333333 0.2564814814814815 0.7697916666666667 0.25 0.7578125 0.22685185185185186 0.7572916666666667 0.20185185185185187 0.7604166666666666 0.1824074074074074 0.7661458333333333 0.17407407407407408 0.7770833333333333 0.17314814814814813
0 0.6125 0.10185185185185185 0.6192708333333333 0.11851851851851852 0.6192708333333333 0.15 0.6177083333333333 0.1537037037037037 0.6130208333333333 0.15648148148148147 0.6083333333333333 0.14722222222222223 0.6 0.1388888888888889 0.6010416666666667 0.1175925925925926 0.6078125 0.11388888888888889 0.6119791666666666 0.10277777777777777
0 0.5677083333333334 0.06481481481481481 0.5744791666666667 0.06944444444444445 0.578125 0.0787037037037037 0.5833333333333334 0.10185185185185185 0.5848958333333333 0.12222222222222222 0.5833333333333334 0.14537037037037037 0.5796875 0.14907407407407408 0.5697916666666667 0.15 0.5640625 0.14814814814814814 0.553125 0.12685185185185185 0.5494791666666666 0.1 0.5494791666666666 0.08518518518518518 0.5515625 0.07407407407407407 0.5572916666666666 0.06666666666666667 0.5671875 0.06481481481481481
0 0.5890625 0.021296296296296296 0.596875 0.024074074074074074 0.6005208333333333 0.028703703703703703 0.6026041666666667 0.03611111111111111 0.6026041666666667 0.046296296296296294 0.596875 0.08055555555555556 0.5880208333333333 0.08888888888888889 0.58125 0.08148148148148149 0.5802083333333333 0.07222222222222222 0.5817708333333333 0.03796296296296296 0.584375 0.026851851851851852 0.5885416666666666 0.021296296296296296
0 0.20104166666666667 0 0.23958333333333334 0 0.23125 0.014814814814814815 0.22760416666666666 0.016666666666666666 0.20625 0.012962962962962963 0.2015625 0.007407407407407408 0.20104166666666667 0.000925925925925926
0 0.7526041666666666 0.475 0.8036458333333333 0.5361111111111111 0.8083333333333333 0.5518518518518518 0.8276041666666667 0.5833333333333334 0.8291666666666667 0.5944444444444444 0.828125 0.6092592592592593 0.8171875 0.6333333333333333 0.8072916666666666 0.6416666666666667 0.7895833333333333 0.6398148148148148 0.7828125 0.6342592592592593 0.7770833333333333 0.6148148148148148 0.7729166666666667 0.6083333333333333 0.7645833333333333 0.600925925925926 0.7432291666666667 0.5740740740740741 0.7411458333333333 0.5685185185185185 0.7239583333333334 0.5546296296296296 0.7203125 0.5453703703703704 0.7166666666666667 0.5259259259259259 0.7166666666666667 0.5148148148148148 0.7197916666666667 0.5037037037037037 0.7375 0.4759259259259259 0.7432291666666667 0.47314814814814815 0.7520833333333333 0.475
0 0.5791666666666667 0.22962962962962963 0.5885416666666666 0.2537037037037037 0.5927083333333333 0.27037037037037037 0.596875 0.2777777777777778 0.596875 0.28888888888888886 0.6010416666666667 0.31666666666666665 0.5994791666666667 0.32685185185185184 0.5953125 0.3351851851851852 0.5802083333333333 0.3398148148148148 0.5713541666666667 0.3388888888888889 0.56875 0.33425925925925926 0.5604166666666667 0.30925925925925923 0.5505208333333333 0.26851851851851855 0.5505208333333333 0.24259259259259258 0.553125 0.23703703703703705 0.5635416666666667 0.22777777777777777 0.5786458333333333 0.22962962962962963
0 0.634375 0.8555555555555555 0.6380208333333334 0.8611111111111112 0.6401041666666667 0.8703703703703703 0.6427083333333333 0.8870370370370371 0.6416666666666667 0.9027777777777778 0.6442708333333333 0.9074074074074074 0.6411458333333333 0.9638888888888889 0.6348958333333333 0.9675925925925926 0.6302083333333334 0.9657407407407408 0.628125 0.9601851851851851 0.6223958333333334 0.9027777777777778 0.6192708333333333 0.8935185185185185 0.6229166666666667 0.8629629629629629 0.6270833333333333 0.8555555555555555 0.6338541666666667 0.8555555555555555
0 0.85625 0.47314814814814815 0.8760416666666667 0.4861111111111111 0.9125 0.5175925925925926 0.9286458333333333 0.5444444444444444 0.9421875 0.5583333333333333 0.95 0.5703703703703704 0.9536458333333333 0.5842592592592593 0.9536458333333333 0.5972222222222222 0.9505208333333334 0.6138888888888889 0.9432291666666667 0.6268518518518519 0.9354166666666667 0.6314814814814815 0.9244791666666666 0.6314814814814815 0.9213541666666667 0.6203703703703703 0.9088541666666666 0.6157407407407407 0.9020833333333333 0.6027777777777777 0.890625 0.6037037037037037 0.8557291666666667 0.5712962962962963 0.8442708333333333 0.5722222222222222 0.8380208333333333 0.5685185185185185 0.8338541666666667 0.562037037037037 0.8322916666666667 0.549074074074074 0.8234375 0.5277777777777778 0.8244791666666667 0.5046296296296297 0.8328125 0.4842592592592593 0.8385416666666666 0.47685185185185186 0.8557291666666667 0.47314814814814815
0 0.43020833333333336 0.3925925925925926 0.4375 0.4009259259259259 0.4395833333333333 0.41574074074074074 0.43854166666666666 0.44907407407407407 0.4348958333333333 0.44907407407407407 0.4317708333333333 0.4425925925925926 0.42552083333333335 0.44074074074074077 0.42083333333333334 0.4222222222222222 0.42083333333333334 0.4 0.4296875 0.3925925925925926
0 0.7270833333333333 0.28703703703703703 0.7348958333333333 0.29259259259259257 0.7526041666666666 0.3194444444444444 0.7520833333333333 0.3453703703703704 0.7473958333333334 0.35833333333333334 0.746875 0.37037037037037035 0.7447916666666666 0.37592592592592594 0.7109375 0.3453703703703704 0.7020833333333333 0.3425925925925926 0.6994791666666667 0.3351851851851852 0.6989583333333333 0.32407407407407407 0.7088541666666667 0.3 0.7151041666666667 0.29074074074074074 0.7223958333333333 0.2861111111111111 0.7265625 0.28703703703703703
0 0.8244791666666667 0.7101851851851851 0.8598958333333333 0.737037037037037 0.8869791666666667 0.7620370370370371 0.8989583333333333 0.7805555555555556 0.9041666666666667 0.7953703703703704 0.9088541666666666 0.7972222222222223 0.91875 0.8083333333333333 0.921875 0.8166666666666667 0.9239583333333333 0.8342592592592593 0.921875 0.8685185185185185 0.9177083333333333 0.8768518518518519 0.9109375 0.8833333333333333 0.8994791666666667 0.8814814814814815 0.89375 0.8842592592592593 0.8864583333333333 0.8833333333333333 0.8854166666666666 0.8796296296296297 0.8854166666666666 0.8685185185185185 0.8890625 0.8629629629629629 0.89375 0.8425925925925926 0.8895833333333333 0.8453703703703703 0.8890625 0.8555555555555555 0.8854166666666666 0.8592592592592593 0.884375 0.8666666666666667 0.8765625 0.8712962962962963 0.865625 0.8564814814814815 0.8208333333333333 0.812037037037037 0.8067708333333333 0.812037037037037 0.8 0.8064814814814815 0.7963541666666667 0.799074074074074 0.7885416666666667 0.7712962962962963 0.7911458333333333 0.7481481481481481 0.796875 0.7222222222222222 0.8067708333333333 0.7046296296296296 0.8239583333333333 0.7101851851851851
0 0.6552083333333333 0.2101851851851852 0.6625 0.2175925925925926 0.6791666666666667 0.2490740740740741 0.6921875 0.2796296296296296 0.6916666666666667 0.28703703703703703 0.6994791666666667 0.36018518518518516 0.690625 0.38425925925925924 0.6786458333333333 0.3925925925925926 0.671875 0.3925925925925926 0.6572916666666667 0.38055555555555554 0.6541666666666667 0.375 0.6515625 0.3509259259259259 0.6364583333333333 0.32222222222222224 0.6291666666666667 0.3175925925925926 0.6276041666666666 0.3101851851851852 0.628125 0.2953703703703704 0.6223958333333334 0.2824074074074074 0.6307291666666667 0.22592592592592592 0.6395833333333333 0.21574074074074073 0.6546875 0.2101851851851852
0 0.5333333333333333 0 0.5546875 0 0.5572916666666666 0.01574074074074074 0.5572916666666666 0.027777777777777776 0.5536458333333333 0.04722222222222222 0.5447916666666667 0.06296296296296296 0.5395833333333333 0.0787037037037037 0.5307291666666667 0.08055555555555556 0.515625 0.075 0.5140625 0.0712962962962963 0.5140625 0.058333333333333334 0.5177083333333333 0.03518518518518519 0.5239583333333333 0.025 0.5333333333333333 0.000925925925925926
0 0.035416666666666666 0.6925925925925925 0.0546875 0.6944444444444444 0.057291666666666664 0.7027777777777777 0.053125 0.7138888888888889 0.023958333333333335 0.7583333333333333 0.014583333333333334 0.7574074074074074 0.003125 0.7472222222222222 0.003125 0.7231481481481481 0 0.7175925925925926 0 0.7027777777777777 0.0125 0.7027777777777777 0.025520833333333333 0.6916666666666667 0.034895833333333334 0.6925925925925925
0 0.3385416666666667 0.2324074074074074 0.34427083333333336 0.23148148148148148 0.3489583333333333 0.23703703703703705 0.3515625 0.2212962962962963 0.359375 0.22314814814814815 0.36041666666666666 0.22685185185185186 0.35989583333333336 0.24814814814814815 0.3572916666666667 0.25462962962962965 0.3489583333333333 0.2657407407407407 0.3416666666666667 0.27037037037037037 0.3380208333333333 0.26296296296296295 0.3385416666666667 0.23333333333333334
0 0.0625 0.025925925925925925 0.06458333333333334 0.028703703703703703 0.06822916666666666 0.046296296296296294 0.06770833333333333 0.05185185185185185 0.0484375 0.06574074074074074 0.042708333333333334 0.06574074074074074 0.03958333333333333 0.062037037037037036 0.035416666666666666 0.05277777777777778 0.0359375 0.04537037037037037 0.03854166666666667 0.03981481481481482 0.049479166666666664 0.03148148148148148 0.06197916666666667 0.025925925925925925
0 0.609375 0.787962962962963 0.6161458333333333 0.7953703703703704 0.6348958333333333 0.8 0.6447916666666667 0.812962962962963 0.6505208333333333 0.8314814814814815 0.6505208333333333 0.837037037037037 0.646875 0.8416666666666667 0.6307291666666667 0.8388888888888889 0.6171875 0.8425925925925926 0.6057291666666667 0.837037037037037 0.5947916666666667 0.8175925925925925 0.5953125 0.8037037037037037 0.6020833333333333 0.7925925925925926 0.6088541666666667 0.787962962962963
0 0.8833333333333333 0.6222222222222222 0.8921875 0.6314814814814815 0.8973958333333333 0.6416666666666667 0.9046875 0.6388888888888888 0.9072916666666667 0.6342592592592593 0.9135416666666667 0.6342592592592593 0.9119791666666667 0.6231481481481481 0.9213541666666667 0.6259259259259259 0.9239583333333333 0.6518518518518519 0.9203125 0.6657407407407407 0.9197916666666667 0.6759259259259259 0.9145833333333333 0.6777777777777778 0.89375 0.6675925925925926 0.8802083333333334 0.6518518518518519 0.8770833333333333 0.6435185185185185 0.8770833333333333 0.6324074074074074 0.8796875 0.6231481481481481 0.8828125 0.6231481481481481
0 0.6109375 0.8611111111111112 0.6130208333333333 0.8648148148148148 0.6145833333333334 0.8777777777777778 0.6145833333333334 0.8916666666666667 0.6119791666666666 0.9083333333333333 0.6151041666666667 0.9351851851851852 0.6109375 0.9527777777777777 0.6067708333333334 0.9564814814814815 0.5979166666666667 0.9537037037037037 0.5911458333333334 0.9212962962962963 0.5942708333333333 0.9138888888888889 0.5984375 0.8666666666666667 0.6057291666666667 0.8592592592592593 0.6104166666666667 0.8611111111111112
0 0.4322916666666667 0.7277777777777777 0.4375 0.7342592592592593 0.440625 0.7435185185185185 0.4432291666666667 0.762962962962963 0.4484375 0.7685185185185185 0.44947916666666665 0.7796296296296297 0.4421875 0.7907407407407407 0.4244791666666667 0.8037037037037037 0.3875 0.8157407407407408 0.3765625 0.8138888888888889 0.3723958333333333 0.8027777777777778 0.3697916666666667 0.7787037037037037 0.3703125 0.7425925925925926 0.371875 0.7342592592592593 0.3927083333333333 0.7277777777777777 0.4317708333333333 0.7277777777777777
0 0.303125 0 0.32916666666666666 0 0.33645833333333336 0.008333333333333333 0.3390625 0.025925925925925925 0.33645833333333336 0.03611111111111111 0.328125 0.037037037037037035 0.31979166666666664 0.044444444444444446 0.309375 0.06111111111111111 0.28958333333333336 0.05462962962962963 0.28489583333333335 0.04722222222222222 0.284375 0.02962962962962963 0.29322916666666665 0.010185185185185186 0.303125 0.000925925925925926
0 0.4557291666666667 0.462037037037037 0.4578125 0.4666666666666667 0.45989583333333334 0.4842592592592593 0.4666666666666667 0.4925925925925926 0.46927083333333336 0.5 0.46927083333333336 0.5083333333333333 0.4635416666666667 0.5175925925925926 0.45 0.5120370370370371 0.434375 0.47685185185185186 0.4348958333333333 0.4675925925925926 0.4427083333333333 0.45740740740740743 0.45260416666666664 0.45555555555555555 0.4552083333333333 0.462037037037037
0 0.290625 0.19537037037037036 0.3015625 0.20555555555555555 0.30625 0.21481481481481482 0.3072916666666667 0.2222222222222222 0.30364583333333334 0.22777777777777777 0.29583333333333334 0.22777777777777777 0.29322916666666665 0.23333333333333334 0.29322916666666665 0.2388888888888889 0.28958333333333336 0.23796296296296296 0.28802083333333334 0.24074074074074073 0.2760416666666667 0.2361111111111111 0.27239583333333334 0.22777777777777777 0.2708333333333333 0.21666666666666667 0.27291666666666664 0.21481481481481482 0.2828125 0.22870370370370371 0.28958333333333336 0.22777777777777777 0.28958333333333336 0.225 0.2859375 0.22592592592592592 0.2828125 0.21481481481481482 0.284375 0.2101851851851852 0.2838541666666667 0.19907407407407407 0.29010416666666666 0.19537037037037036
0 0.28958333333333336 0.4305555555555556 0.3020833333333333 0.43796296296296294 0.3171875 0.43148148148148147 0.38385416666666666 0.47962962962962963 0.39739583333333334 0.49444444444444446 0.4270833333333333 0.5157407407407407 0.4322916666666667 0.524074074074074 0.46041666666666664 0.5416666666666666 0.4635416666666667 0.5527777777777778 0.46458333333333335 0.5666666666666667 0.4640625 0.6027777777777777 0.46041666666666664 0.6240740740740741 0.4390625 0.6824074074074075 0.4359375 0.687037037037037 0.4317708333333333 0.687037037037037 0.39166666666666666 0.6546296296296297 0.3848958333333333 0.6583333333333333 0.3770833333333333 0.6574074074074074 0.3697916666666667 0.65 0.359375 0.6324074074074074 0.35208333333333336 0.6296296296296297 0.3260416666666667 0.6055555555555555 0.30625 0.5916666666666667 0.29791666666666666 0.5796296296296296 0.28541666666666665 0.5703703703703704 0.2625 0.5435185185185185 0.2552083333333333 0.5425925925925926 0.25 0.5212962962962963 0.25052083333333336 0.5046296296296297 0.253125 0.49074074074074076 0.2828125 0.43425925925925923 0.2890625 0.43148148148148147
0 0.7171875 0.8888888888888888 0.7270833333333333 0.9 0.7270833333333333 0.925 0.7223958333333333 0.9490740740740741 0.7307291666666667 0.9490740740740741 0.7354166666666667 0.9537037037037037 0.7270833333333333 0.9768518518518519 0.7088541666666667 0.9953703703703703 0.7036458333333333 0.9944444444444445 0.7020833333333333 0.9907407407407407 0.703125 0.9175925925925926 0.7088541666666667 0.8962962962962963 0.7130208333333333 0.8888888888888888 0.7166666666666667 0.8888888888888888
0 0.48541666666666666 0.14629629629629629 0.48854166666666665 0.1537037037037037 0.4984375 0.20555555555555555 0.5005208333333333 0.2518518518518518 0.496875 0.262037037037037 0.4791666666666667 0.2675925925925926 0.4739583333333333 0.2675925925925926 0.46770833333333334 0.2611111111111111 0.46510416666666665 0.2222222222222222 0.45989583333333334 0.2 0.459375 0.1648148148148148 0.4625 0.1527777777777778 0.4666666666666667 0.14722222222222223 0.48489583333333336 0.14629629629629629
0 0.28125 0.09444444444444444 0.2890625 0.11574074074074074 0.2875 0.11944444444444445 0.28958333333333336 0.13703703703703704 0.2838541666666667 0.14722222222222223 0.28072916666666664 0.1638888888888889 0.2765625 0.1685185185185185 0.2703125 0.1648148148148148 0.26197916666666665 0.1648148148148148 0.25677083333333334 0.16018518518518518 0.2520833333333333 0.12222222222222222 0.26197916666666665 0.1 0.2671875 0.09351851851851851 0.28072916666666664 0.09444444444444444
0 0.73125 0.3824074074074074 0.7578125 0.4148148148148148 0.7645833333333333 0.42777777777777776 0.7609375 0.4527777777777778 0.7520833333333333 0.4675925925925926 0.7484375 0.46944444444444444 0.7302083333333333 0.4666666666666667 0.7171875 0.45092592592592595 0.70625 0.4462962962962963 0.7026041666666667 0.44074074074074077 0.7020833333333333 0.42592592592592593 0.709375 0.4046296296296296 0.7208333333333333 0.3861111111111111 0.7307291666666667 0.3824074074074074
0 0.9145833333333333 0.6888888888888889 0.9588541666666667 0.7194444444444444 0.9635416666666666 0.7268518518518519 0.9671875 0.75 0.965625 0.7648148148148148 0.9614583333333333 0.7777777777777778 0.9572916666666667 0.7824074074074074 0.9390625 0.7861111111111111 0.9244791666666666 0.775 0.9203125 0.7611111111111111 0.9151041666666667 0.7537037037037037 0.9104166666666667 0.7537037037037037 0.9005208333333333 0.762962962962963 0.8755208333333333 0.7462962962962963 0.8770833333333333 0.7138888888888889 0.8807291666666667 0.7018518518518518 0.9020833333333333 0.687962962962963 0.9140625 0.6888888888888889
0 0.2671875 0.35 0.27239583333333334 0.3574074074074074 0.2755208333333333 0.3453703703703704 0.28020833333333334 0.34444444444444444 0.284375 0.36018518518518516 0.28020833333333334 0.37037037037037035 0.2791666666666667 0.38055555555555554 0.2760416666666667 0.387037037037037 0.26927083333333335 0.3925925925925926 0.26614583333333336 0.4083333333333333 0.26197916666666665 0.41203703703703703 0.2546875 0.39444444444444443 0.25364583333333335 0.38425925925925924 0.25833333333333336 0.362962962962963 0.26666666666666666 0.35
0 0.1390625 0.46111111111111114 0.1546875 0.47314814814814815 0.16927083333333334 0.49166666666666664 0.1703125 0.512962962962963 0.16875 0.5212962962962963 0.16458333333333333 0.5277777777777778 0.146875 0.5370370370370371 0.13072916666666667 0.5611111111111111 0.11302083333333333 0.5777777777777777 0.10520833333333333 0.5935185185185186 0.10625 0.6157407407407407 0.10416666666666667 0.6231481481481481 0.09427083333333333 0.6351851851851852 0.0796875 0.6333333333333333 0.07552083333333333 0.6361111111111111 0.06979166666666667 0.6564814814814814 0.06354166666666666 0.6546296296296297 0.0546875 0.6398148148148148 0.041666666666666664 0.6259259259259259 0.021875 0.5953703703703703 0.020833333333333332 0.5879629629629629 0.05572916666666667 0.5388888888888889 0.0578125 0.5324074074074074 0.057291666666666664 0.5148148148148148 0.06927083333333334 0.5 0.0734375 0.4962962962962963 0.08489583333333334 0.4962962962962963 0.10208333333333333 0.475 0.11927083333333334 0.4777777777777778 0.13229166666666667 0.462037037037037 0.13854166666666667 0.46111111111111114
0 0 0.7518518518518519 0.005729166666666666 0.7518518518518519 0.0203125 0.7611111111111111 0.04479166666666667 0.7851851851851852 0.06354166666666666 0.8083333333333333 0.07916666666666666 0.8342592592592593 0.0703125 0.8583333333333333 0.06822916666666666 0.862037037037037 0.06510416666666667 0.862037037037037 0.059895833333333336 0.8592592592592593 0.011458333333333333 0.8092592592592592 0.005208333333333333 0.8064814814814815 0 0.7981481481481482 0 0.7527777777777778
0 0.9994791666666667 0.6833333333333333 0.9994791666666667 0.7787037037037037 0.9942708333333333 0.7759259259259259 0.9838541666666667 0.7583333333333333 0.9807291666666667 0.7444444444444445 0.9796875 0.7203703703703703 0.9817708333333334 0.7 0.99375 0.6851851851851852 0.9989583333333333 0.6833333333333333
0 0.675 0.462037037037037 0.69375 0.47685185185185186 0.7020833333333333 0.49444444444444446 0.7125 0.5074074074074074 0.7130208333333333 0.5361111111111111 0.7078125 0.549074074074074 0.70625 0.5666666666666667 0.6994791666666667 0.562037037037037 0.6848958333333334 0.5601851851851852 0.6739583333333333 0.5444444444444444 0.6552083333333333 0.5324074074074074 0.6515625 0.5259259259259259 0.6505208333333333 0.5083333333333333 0.6541666666666667 0.4962962962962963 0.6604166666666667 0.47962962962962963 0.6692708333333334 0.4638888888888889 0.6744791666666666 0.462037037037037
0 0.671875 0.42407407407407405 0.6786458333333333 0.4287037037037037 0.6854166666666667 0.42685185185185187 0.6921875 0.4361111111111111 0.7005208333333334 0.46111111111111114 0.7005208333333334 0.47314814814814815 0.6963541666666667 0.48055555555555557 0.6817708333333333 0.4648148148148148 0.6682291666666667 0.46111111111111114 0.6645833333333333 0.4546296296296296 0.6630208333333333 0.44907407407407407 0.6645833333333333 0.4305555555555556 0.6671875 0.42407407407407405 0.6713541666666667 0.42407407407407405
0 0.4119791666666667 0 0.4671875 0 0.46927083333333336 0.002777777777777778 0.4734375 0 0.49895833333333334 0 0.496875 0.007407407407407408 0.48854166666666665 0.016666666666666666 0.4671875 0.053703703703703705 0.4630208333333333 0.06666666666666667 0.44947916666666665 0.08611111111111111 0.44375 0.09074074074074075 0.41770833333333335 0.08148148148148149 0.4109375 0.075 0.41041666666666665 0.06018518518518518 0.4046875 0.021296296296296296 0.4119791666666667 0.000925925925925926
0 0.9609375 0.4842592592592593 0.98125 0.5037037037037037 0.9994791666666667 0.5259259259259259 0.9994791666666667 0.5712962962962963 0.9807291666666667 0.5611111111111111 0.9630208333333333 0.5648148148148148 0.9583333333333334 0.5601851851851852 0.9505208333333334 0.5361111111111111 0.9473958333333333 0.5064814814814815 0.9489583333333333 0.49722222222222223 0.9526041666666667 0.49074074074074076 0.9604166666666667 0.4842592592592593
0 0.5890625 0.6703703703703704 0.5989583333333334 0.6768518518518518 0.6067708333333334 0.6768518518518518 0.6229166666666667 0.6851851851851852 0.6505208333333333 0.7046296296296296 0.6755208333333333 0.7277777777777777 0.6776041666666667 0.7361111111111112 0.6760416666666667 0.7583333333333333 0.6677083333333333 0.7935185185185185 0.6645833333333333 0.799074074074074 0.6536458333333334 0.8 0.6473958333333333 0.8055555555555556 0.6395833333333333 0.8027777777777778 0.6302083333333334 0.7888888888888889 0.6161458333333333 0.7824074074074074 0.5875 0.7620370370370371 0.571875 0.7592592592592593 0.5572916666666666 0.7379629629629629 0.55625 0.7166666666666667 0.5640625 0.6796296296296296 0.5744791666666667 0.6666666666666666 0.5885416666666666 0.6703703703703704
0 0.5510416666666667 0.12962962962962962 0.5567708333333333 0.13518518518518519 0.5651041666666666 0.15185185185185185 0.5677083333333334 0.1648148148148148 0.5677083333333334 0.17685185185185184 0.5635416666666667 0.2 0.5604166666666667 0.20185185185185187 0.5536458333333333 0.1935185185185185 0.546875 0.20277777777777778 0.54375 0.20092592592592592 0.5390625 0.18518518518518517 0.5338541666666666 0.17777777777777778 0.5328125 0.16574074074074074 0.5369791666666667 0.13703703703703704 0.5505208333333333 0.12962962962962962
0 0.7104166666666667 0.7379629629629629 0.734375 0.7472222222222222 0.7416666666666667 0.7611111111111111 0.74375 0.774074074074074 0.7515625 0.7851851851851852 0.7510416666666667 0.7925925925925926 0.7463541666666667 0.8 0.7302083333333333 0.7925925925925926 0.7234375 0.7861111111111111 0.715625 0.7861111111111111 0.709375 0.774074074074074 0.6958333333333333 0.7694444444444445 0.6911458333333333 0.7583333333333333 0.6921875 0.7453703703703703 0.6989583333333333 0.7388888888888889 0.7098958333333333 0.7379629629629629
0 0.49375 0.2962962962962963 0.5166666666666667 0.32407407407407407 0.51875 0.35833333333333334 0.5161458333333333 0.37222222222222223 0.5171875 0.38055555555555554 0.5151041666666667 0.38425925925925924 0.5083333333333333 0.37777777777777777 0.496875 0.37592592592592594 0.484375 0.3592592592592593 0.4734375 0.3592592592592593 0.4703125 0.3527777777777778 0.46927083333333336 0.3388888888888889 0.4734375 0.3074074074074074 0.48385416666666664 0.29444444444444445 0.48802083333333335 0.29259259259259257 0.49322916666666666 0.2962962962962963
0 0.5114583333333333 0.8240740740740741 0.5182291666666666 0.8537037037037037 0.528125 0.8592592592592593 0.5286458333333334 0.887962962962963 0.5260416666666666 0.9 0.5260416666666666 0.9157407407407407 0.5192708333333333 0.9268518518518518 0.5145833333333333 0.925 0.5114583333333333 0.9046296296296297 0.5052083333333334 0.8916666666666667 0.4979166666666667 0.8592592592592593 0.4984375 0.8277777777777777 0.503125 0.8222222222222222 0.5109375 0.8240740740740741
0 0.6864583333333333 0 0.7213541666666666 0 0.7276041666666667 0.024074074074074074 0.7276041666666667 0.030555555555555555 0.7223958333333333 0.04351851851851852 0.7135416666666666 0.046296296296296294 0.7026041666666667 0.044444444444444446 0.6984375 0.03981481481481482 0.7010416666666667 0.02962962962962963 0.7010416666666667 0.014814814814814815 0.6994791666666667 0.011111111111111112 0.6953125 0.025 0.6911458333333333 0.024074074074074074 0.6890625 0.020370370370370372 0.6864583333333333 0.000925925925925926
0 0.7213541666666666 0.5638888888888889 0.7359375 0.5712962962962963 0.7385416666666667 0.5787037037037037 0.7526041666666666 0.5935185185185186 0.7572916666666667 0.6027777777777777 0.759375 0.6111111111111112 0.759375 0.6333333333333333 0.75625 0.65 0.7578125 0.6601851851851852 0.753125 0.6666666666666666 0.7369791666666666 0.6611111111111111 0.7208333333333333 0.6481481481481481 0.7078125 0.6407407407407407 0.6984375 0.6398148148148148 0.6916666666666667 0.6333333333333333 0.6890625 0.6231481481481481 0.690625 0.6064814814814815 0.7010416666666667 0.5898148148148148 0.709375 0.5657407407407408 0.7135416666666666 0.562962962962963 0.7208333333333333 0.5638888888888889
0 0.634375 0.07685185185185185 0.6380208333333334 0.08148148148148149 0.6390625 0.08796296296296297 0.6375 0.09907407407407408 0.634375 0.10555555555555556 0.6203125 0.10555555555555556 0.6140625 0.09907407407407408 0.6125 0.09351851851851851 0.6140625 0.08148148148148149 0.6197916666666666 0.07037037037037037 0.625 0.06944444444444445 0.6296875 0.08148148148148149 0.6338541666666667 0.07685185185185185
0 0.4161458333333333 0.8342592592592593 0.41770833333333335 0.8462962962962963 0.415625 0.8583333333333333 0.3984375 0.8962962962962963 0.39479166666666665 0.9101851851851852 0.3828125 0.9333333333333333 0.3796875 0.9333333333333333 0.378125 0.9268518518518518 0.3802083333333333 0.8925925925925926 0.3927083333333333 0.8694444444444445 0.4005208333333333 0.8444444444444444 0.40625 0.837037037037037 0.415625 0.8342592592592593
0 0.7057291666666666 0.06759259259259259 0.7140625 0.07314814814814814 0.7203125 0.08425925925925926 0.7197916666666667 0.11203703703703703 0.70625 0.1361111111111111 0.6994791666666667 0.13425925925925927 0.6828125 0.14444444444444443 0.6744791666666666 0.15648148148148147 0.6630208333333333 0.1537037037037037 0.6505208333333333 0.1425925925925926 0.6479166666666667 0.12962962962962962 0.6510416666666666 0.11574074074074074 0.6666666666666666 0.09259259259259259 0.6770833333333334 0.0824074074074074 0.6973958333333333 0.06944444444444445 0.7052083333333333 0.06759259259259259
0 0.7692708333333333 0.37592592592592594 0.7760416666666666 0.38055555555555554 0.8020833333333334 0.4101851851851852 0.8005208333333333 0.44166666666666665 0.7953125 0.45555555555555555 0.7963541666666667 0.46296296296296297 0.7932291666666667 0.46944444444444444 0.778125 0.4638888888888889 0.7640625 0.4537037037037037 0.7630208333333334 0.44166666666666665 0.7645833333333333 0.42592592592592593 0.7484375 0.4009259259259259 0.7510416666666667 0.38981481481481484 0.7578125 0.3768518518518518 0.7619791666666667 0.37407407407407406 0.76875 0.37592592592592594
1 0.6994791666666667 0.006481481481481481 0.7015625 0.013888888888888888 0.7020833333333333 0.02962962962962963 0.6984375 0.03611111111111111 0.6958333333333333 0.05 0.6916666666666667 0.05 0.6947916666666667 0.024074074074074074 0.6989583333333333 0.007407407407407408
1 0.5932291666666667 0.15833333333333333 0.5958333333333333 0.17222222222222222 0.5958333333333333 0.18425925925925926 0.5880208333333333 0.2101851851851852 0.5848958333333333 0.20833333333333334 0.58125 0.1787037037037037 0.5880208333333333 0.16111111111111112 0.5927083333333333 0.15833333333333333
1 0.7411458333333333 0.009259259259259259 0.7432291666666667 0.025925925925925925 0.7354166666666667 0.05277777777777778 0.7307291666666667 0.05277777777777778 0.7317708333333334 0.03611111111111111 0.7338541666666667 0.022222222222222223 0.740625 0.010185185185185186
1 0.8869791666666667 0.9675925925925926 0.896875 0.9731481481481481 0.9005208333333333 0.9805555555555555 0.8942708333333333 0.9990740740740741 0.8609375 0.9990740740740741 0.8572916666666667 0.9916666666666667 0.8583333333333333 0.9842592592592593 0.8708333333333333 0.9796296296296296 0.8828125 0.9685185185185186 0.8864583333333333 0.9685185185185186
1 0.7333333333333333 0.16574074074074074 0.016666666666666666 0.04814814814814815
1 0.4010416666666667 0.9398148148148148 0.4041666666666667 0.9407407407407408 0.4083333333333333 0.95 0.4078125 0.9611111111111111 0.40260416666666665 0.9703703703703703 0.403125 0.9824074074074074 0.38697916666666665 0.9787037037037037 0.384375 0.9740740740740741 0.3880208333333333 0.9564814814814815 0.4005208333333333 0.9407407407407408
1 0.020833333333333332 0.1111111111111111 0.027604166666666666 0.1175925925925926 0.0328125 0.13333333333333333 0.034895833333333334 0.14722222222222223 0.0328125 0.15092592592592594 0.029166666666666667 0.15 0.019791666666666666 0.13055555555555556 0.014583333333333334 0.12777777777777777 0.013541666666666667 0.12129629629629629 0.015104166666666667 0.11388888888888889 0.0203125 0.1111111111111111
1 0.4114583333333333 0.43703703703703706 0.4203125 0.4564814814814815 0.41875 0.47962962962962963 0.4140625 0.48333333333333334 0.41458333333333336 0.4925925925925926 0.4119791666666667 0.4981481481481482 0.40989583333333335 0.49722222222222223 0.4046875 0.4638888888888889 0.4046875 0.44907407407407407 0.4078125 0.43796296296296294 0.4109375 0.43703703703703706
1 0.029166666666666667 0.5157407407407407 0.03697916666666667 0.5268518518518519 0.03697916666666667 0.5361111111111111 0.04375 0.5518518518518518 0.040625 0.5574074074074075 0.022916666666666665 0.5453703703703704 0.01875 0.5370370370370371 0.0171875 0.5268518518518519 0.013020833333333334 0.5222222222222223 0.016666666666666666 0.5157407407407407 0.028645833333333332 0.5157407407407407
1 0.8390625 0.40185185185185185 0.8390625 0.40925925925925927 0.8276041666666667 0.44074074074074077 0.8197916666666667 0.4351851851851852 0.8171875 0.42777777777777776 0.8291666666666667 0.4046296296296296 0.834375 0.4009259259259259 0.8385416666666666 0.40185185185185185
1 0.109375 0.03796296296296296 0.11302083333333333 0.041666666666666664 0.12447916666666667 0.07037037037037037 0.12291666666666666 0.07592592592592592 0.11979166666666667 0.06944444444444445 0.11614583333333334 0.06851851851851852 0.115625 0.07777777777777778 0.1140625 0.07962962962962963 0.1125 0.07962962962962963 0.11145833333333334 0.06574074074074074 0.10677083333333333 0.05 0.10625 0.03981481481481482 0.10885416666666667 0.03796296296296296
1 0.030208333333333334 0.06759259259259259 0.0390625 0.08425925925925926 0.04635416666666667 0.10833333333333334 0.04635416666666667 0.11388888888888889 0.04479166666666667 0.11481481481481481 0.04010416666666667 0.1111111111111111 0.025520833333333333 0.0824074074074074 0.025 0.07037037037037037 0.0296875 0.06759259259259259
1 0.8796875 0.4444444444444444 0.8796875 0.4675925925925926 0.8755208333333333 0.47685185185185186 0.8708333333333333 0.48055555555555557 0.8619791666666666 0.4777777777777778 0.8598958333333333 0.46944444444444444 0.86875 0.45092592592592595 0.8755208333333333 0.4444444444444444 0.8791666666666667 0.4444444444444444
1 0.5291666666666667 0.38055555555555554 0.534375 0.4 0.534375 0.4222222222222222 0.5322916666666667 0.425 0.5291666666666667 0.4185185185185185 0.5244791666666667 0.43796296296296294 0.5223958333333333 0.4398148148148148 0.5203125 0.4388888888888889 0.5223958333333333 0.42777777777777776 0.5223958333333333 0.3907407407407407 0.5260416666666666 0.3814814814814815 0.5286458333333334 0.38055555555555554
1 0.8671875 0.41203703703703703 0.8713541666666667 0.41944444444444445 0.8713541666666667 0.4305555555555556 0.8604166666666667 0.44814814814814813 0.8557291666666667 0.46296296296296297 0.8520833333333333 0.46296296296296297 0.8479166666666667 0.4583333333333333 0.8447916666666667 0.44814814814814813 0.8552083333333333 0.4305555555555556 0.8609375 0.4148148148148148 0.8666666666666667 0.41203703703703703
1 0.23645833333333333 0.8814814814814815 0.24114583333333334 0.8870370370370371 0.24791666666666667 0.8888888888888888 0.24947916666666667 0.9 0.25677083333333334 0.9148148148148149 0.25677083333333334 0.925 0.2515625 0.9324074074074075 0.24791666666666667 0.9314814814814815 0.2390625 0.9157407407407407 0.23125 0.912962962962963 0.22916666666666666 0.9018518518518519 0.22291666666666668 0.8935185185185185 0.2234375 0.8861111111111111 0.23020833333333332 0.8814814814814815 0.2359375 0.8814814814814815
1 0.478125 0.37037037037037035 0.48385416666666664 0.3851851851851852 0.48385416666666664 0.40185185185185185 0.4817708333333333 0.41759259259259257 0.47708333333333336 0.4222222222222222 0.4739583333333333 0.4351851851851852 0.47239583333333335 0.4324074074074074 0.4703125 0.38425925925925924 0.47760416666666666 0.37037037037037035
1 0.078125 0.03796296296296296 0.0859375 0.04814814814814815 0.08802083333333334 0.06111111111111111 0.09583333333333334 0.07407407407407407 0.0875 0.08055555555555556 0.08645833333333333 0.07222222222222222 0.07708333333333334 0.05555555555555555 0.07760416666666667 0.03888888888888889
1 0.26979166666666665 0.8268518518518518 0.2755208333333333 0.8305555555555556 0.2828125 0.8296296296296296 0.284375 0.8333333333333334 0.29635416666666664 0.8703703703703703 0.29635416666666664 0.8787037037037037 0.29322916666666665 0.8842592592592593 0.28177083333333336 0.8731481481481481 0.27239583333333334 0.8555555555555555 0.2708333333333333 0.8444444444444444 0.26614583333333336 0.8351851851851851 0.26614583333333336 0.8305555555555556 0.26927083333333335 0.8268518518518518
1 0.1078125 0.1425925925925926 0.11614583333333334 0.1527777777777778 0.12552083333333333 0.18518518518518517 0.11614583333333334 0.18518518518518517 0.10416666666666667 0.1527777777777778 0.10260416666666666 0.14074074074074075 0.10572916666666667 0.1398148148148148 0.10729166666666666 0.1425925925925926
1 0.21145833333333333 0.6018518518518519 0.21770833333333334 0.6064814814814815 0.23072916666666668 0.6416666666666667 0.23020833333333332 0.6453703703703704 0.22708333333333333 0.6453703703703704 0.22395833333333334 0.6398148148148148 0.2203125 0.6388888888888888 0.21979166666666666 0.6481481481481481 0.2171875 0.65 0.21458333333333332 0.6481481481481481 0.2125 0.6361111111111111 0.20416666666666666 0.6194444444444445 0.20416666666666666 0.6018518518518519 0.20572916666666666 0.5990740740740741 0.2109375 0.6018518518518519
1 0.5234375 0.1814814814814815 0.5265625 0.18518518518518517 0.5286458333333334 0.19907407407407407 0.5260416666666666 0.2222222222222222 0.5223958333333333 0.23333333333333334 0.5182291666666666 0.2074074074074074 0.5182291666666666 0.19444444444444445 0.5203125 0.18333333333333332 0.5229166666666667 0.1814814814814815
1 0.5916666666666667 0.12777777777777777 0.5963541666666666 0.12962962962962962 0.5994791666666667 0.1388888888888889 0.5989583333333334 0.14814814814814814 0.5953125 0.16111111111111112 0.5911458333333334 0.16018518518518518 0.5880208333333333 0.1398148148148148 0.5916666666666667 0.1287037037037037
1 0.7416666666666667 0.06481481481481481 0.016666666666666666 0.044444444444444446
1 0.59375 0.19907407407407407 0.5994791666666667 0.17222222222222222 0.6026041666666667 0.1712962962962963 0.6057291666666667 0.1925925925925926 0.6005208333333333 0.2064814814814815 0.5984375 0.2212962962962963 0.5963541666666666 0.21851851851851853 0.5942708333333333 0.2
1 0.8661458333333333 0.9074074074074074 0.8723958333333334 0.9157407407407407 0.8776041666666666 0.9148148148148149 0.8802083333333334 0.9185185185185185 0.8807291666666667 0.924074074074074 0.8729166666666667 0.9444444444444444 0.8671875 0.9425925925925925 0.8661458333333333 0.9305555555555556 0.8640625 0.9388888888888889 0.8578125 0.9462962962962963 0.8505208333333333 0.9444444444444444 0.8458333333333333 0.9314814814814815 0.8489583333333334 0.925 0.8578125 0.9166666666666666 0.8609375 0.9074074074074074 0.865625 0.9074074074074074
1 0.48072916666666665 0.5740740740740741 0.4859375 0.5898148148148148 0.4875 0.6287037037037037 0.484375 0.6277777777777778 0.484375 0.6185185185185185 0.4817708333333333 0.6129629629629629 0.47552083333333334 0.612037037037037 0.47239583333333335 0.5981481481481481 0.47239583333333335 0.5907407407407408 0.4765625 0.5740740740740741 0.48020833333333335 0.5740740740740741
1 0.20572916666666666 0.9574074074074074 0.20572916666666666 0.9703703703703703 0.2171875 0.9805555555555555 0.22083333333333333 0.987037037037037 0.21770833333333334 0.9953703703703703 0.209375 0.9990740740740741 0.1984375 0.9990740740740741 0.1953125 0.9962962962962963 0.1875 0.975925925925926 0.1890625 0.9675925925925926 0.20260416666666667 0.9555555555555556 0.20520833333333333 0.9574074074074074
1 0.5473958333333333 0.31574074074074077 0.55 0.31851851851851853 0.5520833333333334 0.3296296296296296 0.5515625 0.3611111111111111 0.5505208333333333 0.36666666666666664 0.5447916666666667 0.37407407407407406 0.5427083333333333 0.37407407407407406 0.5411458333333333 0.36944444444444446 0.540625 0.3314814814814815 0.546875 0.31574074074074077
1 0.20625 0.9194444444444444 0.21354166666666666 0.924074074074074 0.21770833333333334 0.9333333333333333 0.21510416666666668 0.9388888888888889 0.21770833333333334 0.9425925925925925 0.21041666666666667 0.9564814814814815 0.19791666666666666 0.9527777777777777 0.1890625 0.9324074074074075 0.18958333333333333 0.9268518518518518 0.1921875 0.9231481481481482 0.19635416666666666 0.9231481481481482 0.19947916666666668 0.9277777777777778 0.20208333333333334 0.9212962962962963 0.20572916666666666 0.9203703703703704
1 0.5145833333333333 0.17037037037037037 0.51875 0.19166666666666668 0.515625 0.21296296296296297 0.5119791666666667 0.22037037037037038 0.5083333333333333 0.2 0.5072916666666667 0.18055555555555555 0.5104166666666666 0.1712962962962963 0.5140625 0.17037037037037037
1 0.765625 0.7481481481481481 0.76875 0.7546296296296297 0.7661458333333333 0.775 0.7515625 0.7851851851851852 0.7473958333333334 0.7796296296296297 0.7515625 0.762962962962963 0.7588541666666667 0.7509259259259259 0.7651041666666667 0.7481481481481481
1 0.534375 0.19537037037037036 0.5369791666666667 0.20092592592592592 0.5380208333333333 0.21481481481481482 0.5369791666666667 0.23703703703703705 0.5328125 0.24351851851851852 0.5302083333333333 0.24166666666666667 0.5276041666666667 0.20833333333333334 0.5286458333333334 0.19444444444444445 0.5302083333333333 0.1925925925925926 0.5338541666666666 0.19537037037037036
1 0.553125 0.18981481481481483 0.559375 0.2037037037037037 0.5572916666666666 0.23055555555555557 0.5541666666666667 0.23425925925925925 0.5505208333333333 0.2324074074074074 0.5484375 0.22407407407407406 0.5484375 0.20833333333333334 0.55 0.19722222222222222 0.553125 0.19074074074074074
1 0.11458333333333333 0 0.12239583333333333 0 0.134375 0.040740740740740744 0.13333333333333333 0.046296296296296294 0.128125 0.04351851851851852 0.11458333333333333 0.000925925925925926
1 0.49270833333333336 0.5712962962962963 0.49947916666666664 0.5814814814814815 0.49895833333333334 0.6370370370370371 0.49583333333333335 0.6342592592592593 0.4947916666666667 0.6157407407407407 0.4875 0.6046296296296296 0.48489583333333336 0.5842592592592593 0.48802083333333335 0.5740740740740741 0.4921875 0.5712962962962963
1 0.6104166666666667 0.03425925925925926 0.6135416666666667 0.053703703703703705 0.6104166666666667 0.06296296296296296 0.609375 0.07777777777777778 0.6057291666666667 0.0787037037037037 0.6041666666666666 0.07777777777777778 0.6052083333333333 0.046296296296296294 0.6067708333333334 0.03518518518518519 0.6098958333333333 0.03425925925925926
1 0.6369791666666667 0.025925925925925925 0.6390625 0.03796296296296296 0.6385416666666667 0.053703703703703705 0.6354166666666666 0.05740740740740741 0.6317708333333333 0.05648148148148148 0.6302083333333334 0.040740740740740744 0.63125 0.032407407407407406 0.6369791666666667 0.026851851851851852
1 0.25885416666666666 0.8611111111111112 0.26197916666666665 0.8787037037037037 0.2598958333333333 0.9 0.25416666666666665 0.9 0.24739583333333334 0.8833333333333333 0.25416666666666665 0.8629629629629629 0.25833333333333336 0.8611111111111112
1 0.7109375 0.24444444444444444 0.7145833333333333 0.24444444444444444 0.715625 0.24722222222222223 0.7166666666666667 0.2722222222222222 0.7083333333333334 0.28425925925925927 0.7052083333333333 0.2972222222222222 0.7005208333333334 0.2962962962962963 0.7057291666666666 0.26296296296296295 0.7046875 0.25462962962962965 0.7078125 0.2537037037037037 0.7109375 0.24537037037037038
1 0.5088541666666667 0.6444444444444445 0.5130208333333334 0.6472222222222223 0.515625 0.6546296296296297 0.5151041666666667 0.6787037037037037 0.5098958333333333 0.6842592592592592 0.5041666666666667 0.7074074074074074 0.5015625 0.7101851851851851 0.49947916666666664 0.7037037037037037 0.5036458333333333 0.6805555555555556 0.5015625 0.6731481481481482 0.4973958333333333 0.6787037037037037 0.4979166666666667 0.6657407407407407 0.5010416666666667 0.649074074074074 0.5046875 0.6444444444444445 0.5083333333333333 0.6444444444444445
1 0.7911458333333333 0.08148148148148149 0.796875 0.08055555555555556 0.8 0.09259259259259259 0.796875 0.10833333333333334 0.7885416666666667 0.12685185185185185 0.7848958333333333 0.12777777777777777 0.7869791666666667 0.09814814814814815 0.7911458333333333 0.0824074074074074
1 0.6260416666666667 0 0.6338541666666667 0 0.6302083333333334 0.025925925925925925 0.6265625 0.020370370370370372 0.6260416666666667 0.000925925925925926