0 0.5416666666666666 0.12314814814814815 0.5510416666666667 0.15 0.5572916666666666 0.18981481481481483 0.5552083333333333 0.21666666666666667 0.5510416666666667 0.2212962962962963 0.5291666666666667 0.21944444444444444 0.5255208333333333 0.2111111111111111 0.5197916666666667 0.175 0.5182291666666666 0.14722222222222223 0.5213541666666667 0.12962962962962962 0.5276041666666667 0.12314814814814815 0.5411458333333333 0.12314814814814815
0 0.7703125 0.5222222222222223 0.7848958333333333 0.525 0.8213541666666667 0.5425925925925926 0.8385416666666666 0.5564814814814815 0.8479166666666667 0.5722222222222222 0.8588541666666667 0.5814814814814815 0.8666666666666667 0.5981481481481481 0.8692708333333333 0.6222222222222222 0.8661458333333333 0.6398148148148148 0.8598958333333333 0.65 0.8526041666666667 0.6537037037037037 0.84375 0.6537037037037037 0.7833333333333333 0.6138888888888889 0.7697916666666667 0.6138888888888889 0.7640625 0.6092592592592593 0.7515625 0.5861111111111111 0.7515625 0.5555555555555556 0.7567708333333333 0.5370370370370371 0.765625 0.5231481481481481 0.7697916666666667 0.5222222222222223
0 0.3515625 0.4759259259259259 0.36614583333333334 0.4861111111111111 0.37552083333333336 0.475 0.38229166666666664 0.475 0.40260416666666665 0.4842592592592593 0.4984375 0.5407407407407407 0.5171875 0.5574074074074075 0.5338541666666666 0.562962962962963 0.5432291666666667 0.5703703703703704 0.5453125 0.5740740740740741 0.5453125 0.5805555555555556 0.5416666666666666 0.6175925925925926 0.534375 0.6509259259259259 0.5333333333333333 0.6805555555555556 0.5307291666666667 0.6925925925925925 0.5244791666666667 0.7037037037037037 0.5213541666666667 0.7148148148148148 0.515625 0.7212962962962963 0.47291666666666665 0.6935185185185185 0.4666666666666667 0.6925925925925925 0.46197916666666666 0.6990740740740741 0.45677083333333335 0.700925925925926 0.4484375 0.6990740740740741 0.4390625 0.6907407407407408 0.4328125 0.6759259259259259 0.42083333333333334 0.675 0.40520833333333334 0.6648148148148149 0.37083333333333335 0.6416666666666667 0.359375 0.6305555555555555 0.34322916666666664 0.6231481481481481 0.3338541666666667 0.6111111111111112 0.3171875 0.6 0.3104166666666667 0.5814814814814815 0.3098958333333333 0.5583333333333333 0.31197916666666664 0.5453703703703704 0.3223958333333333 0.5148148148148148 0.33645833333333336 0.4842592592592593 0.3421875 0.4759259259259259 0.35104166666666664 0.4759259259259259
0 0.6479166666666667 0.24814814814814815 0.6552083333333333 0.2564814814814815 0.6671875 0.2796296296296296 0.66875 0.2898148148148148 0.66875 0.30092592592592593 0.6651041666666667 0.3175925925925926 0.6541666666666667 0.33240740740740743 0.6479166666666667 0.33240740740740743 0.640625 0.32685185185185184 0.634375 0.3148148148148148 0.6213541666666667 0.30185185185185187 0.61875 0.2953703703703704 0.6197916666666666 0.2814814814814815 0.6307291666666667 0.24814814814814815 0.6401041666666667 0.24537037037037038 0.6473958333333333 0.24814814814814815
0 0.7088541666666667 0.7296296296296296 0.7291666666666666 0.7361111111111112 0.7567708333333333 0.7509259259259259 0.7895833333333333 0.7703703703703704 0.8052083333333333 0.7861111111111111 0.8072916666666666 0.812037037037037 0.80625 0.8398148148148148 0.8036458333333333 0.8518518518518519 0.8005208333333333 0.8583333333333333 0.7947916666666667 0.862037037037037 0.784375 0.862037037037037 0.7770833333333333 0.8657407407407407 0.7692708333333333 0.8657407407407407 0.7604166666666666 0.8537037037037037 0.7234375 0.8324074074074074 0.7067708333333333 0.8240740740740741 0.6958333333333333 0.8240740740740741 0.68125 0.8074074074074075 0.6776041666666667 0.7944444444444444 0.6770833333333334 0.7851851851851852 0.6817708333333333 0.7444444444444445 0.6885416666666667 0.7305555555555555 0.6927083333333334 0.7268518518518519 0.7083333333333334 0.7296296296296296
0 0.3338541666666667 0.1361111111111111 0.3489583333333333 0.1425925925925926 0.3572916666666667 0.15 0.3619791666666667 0.16944444444444445 0.3645833333333333 0.19537037037037036 0.3625 0.20555555555555555 0.35260416666666666 0.19907407407407407 0.340625 0.19907407407407407 0.33541666666666664 0.19444444444444445 0.32708333333333334 0.2 0.31979166666666664 0.19722222222222222 0.31666666666666665 0.1814814814814815 0.31666666666666665 0.15 0.3255208333333333 0.1361111111111111 0.3333333333333333 0.1361111111111111
0 0.9671875 0.6018518518518519 0.9864583333333333 0.6027777777777777 0.9994791666666667 0.6092592592592593 0.9994791666666667 0.6907407407407408 0.9942708333333333 0.6925925925925925 0.9869791666666666 0.6898148148148148 0.9770833333333333 0.6990740740740741 0.9677083333333333 0.6972222222222222 0.9598958333333333 0.6888888888888889 0.953125 0.6703703703703704 0.9494791666666667 0.6527777777777778 0.9489583333333333 0.6370370370370371 0.9510416666666667 0.6277777777777778 0.9598958333333333 0.6055555555555555 0.9666666666666667 0.6018518518518519
0 0.5838541666666667 0.6305555555555555 0.5916666666666667 0.6314814814814815 0.5973958333333333 0.6416666666666667 0.6 0.6685185185185185 0.6057291666666667 0.6731481481481482 0.6088541666666667 0.6805555555555556 0.6072916666666667 0.6925925925925925 0.5994791666666667 0.6962962962962963 0.5838541666666667 0.6888888888888889 0.5666666666666667 0.6537037037037037 0.5666666666666667 0.6370370370370371 0.5833333333333334 0.6305555555555555
0 0.09791666666666667 0.7981481481481482 0.11458333333333333 0.8092592592592592 0.12604166666666666 0.8287037037037037 0.13072916666666667 0.8305555555555556 0.13229166666666667 0.8379629629629629 0.115625 0.8657407407407407 0.08802083333333334 0.8842592592592593 0.078125 0.8805555555555555 0.040625 0.8444444444444444 0.03697916666666667 0.8333333333333334 0.042708333333333334 0.8203703703703704 0.050520833333333334 0.8148148148148148 0.06614583333333333 0.8064814814814815 0.09739583333333333 0.7981481481481482
0 0.5119791666666667 0.010185185185185186 0.5166666666666667 0.014814814814814815 0.5197916666666667 0.03518518518518519 0.51875 0.06111111111111111 0.5119791666666667 0.08055555555555556 0.5088541666666667 0.07962962962962963 0.5041666666666667 0.07037037037037037 0.4973958333333333 0.049074074074074076 0.49947916666666664 0.013888888888888888 0.5015625 0.010185185185185186 0.5114583333333333 0.010185185185185186
0 0.5401041666666667 0.2324074074074074 0.5536458333333333 0.25462962962962965 0.5604166666666667 0.2759259259259259 0.5604166666666667 0.3 0.5526041666666667 0.3314814814814815 0.5494791666666666 0.3314814814814815 0.5442708333333334 0.3212962962962963 0.5401041666666667 0.32037037037037036 0.5328125 0.3111111111111111 0.528125 0.3 0.51875 0.28888888888888886 0.5171875 0.2824074074074074 0.51875 0.262037037037037 0.5234375 0.24444444444444444 0.5296875 0.2351851851851852 0.5395833333333333 0.2324074074074074
0 0.9427083333333334 0.45925925925925926 0.9494791666666667 0.4638888888888889 0.9625 0.4842592592592593 0.9838541666666667 0.5064814814814815 0.99375 0.5231481481481481 0.9994791666666667 0.5259259259259259 0.9994791666666667 0.5592592592592592 0.9947916666666666 0.5574074074074075 0.9901041666666667 0.5388888888888889 0.9828125 0.5305555555555556 0.9489583333333333 0.5138888888888888 0.9328125 0.5101851851851852 0.9276041666666667 0.49722222222222223 0.9333333333333333 0.4842592592592593 0.934375 0.46574074074074073 0.9421875 0.45925925925925926
0 0.28072916666666664 0.20092592592592592 0.30885416666666665 0.21203703703703702 0.3140625 0.21666666666666667 0.3255208333333333 0.262037037037037 0.32864583333333336 0.2972222222222222 0.32083333333333336 0.3194444444444444 0.2989583333333333 0.36666666666666664 0.296875 0.38333333333333336 0.2760416666666667 0.41388888888888886 0.2671875 0.43796296296296294 0.25 0.46944444444444444 0.24270833333333333 0.4861111111111111 0.24270833333333333 0.49074074074074076 0.221875 0.5324074074074074 0.21354166666666666 0.5601851851851852 0.19791666666666666 0.5851851851851851 0.17552083333333332 0.6333333333333333 0.16979166666666667 0.637962962962963 0.15104166666666666 0.6324074074074074 0.12864583333333332 0.6166666666666667 0.11875 0.6046296296296296 0.11197916666666667 0.5953703703703703 0.10520833333333333 0.5694444444444444 0.096875 0.5527777777777778 0.09166666666666666 0.549074074074074 0.08333333333333333 0.5351851851851852 0.08177083333333333 0.5259259259259259 0.10104166666666667 0.4888888888888889 0.11354166666666667 0.47129629629629627 0.11979166666666667 0.4564814814814815 0.14479166666666668 0.41759259259259257 0.16145833333333334 0.3851851851851852 0.25416666666666665 0.22685185185185186 0.26145833333333335 0.2175925925925926 0.26927083333333335 0.20092592592592592 0.28020833333333334 0.20092592592592592
0 0.7484375 0.35833333333333334 0.7713541666666667 0.37962962962962965 0.79375 0.40555555555555556 0.8046875 0.4287037037037037 0.8213541666666667 0.45185185185185184 0.8244791666666667 0.4601851851851852 0.8244791666666667 0.48148148148148145 0.8177083333333334 0.5009259259259259 0.8067708333333333 0.5120370370370371 0.79375 0.5138888888888888 0.7854166666666667 0.512962962962963 0.7791666666666667 0.5018518518518519 0.7770833333333333 0.49166666666666664 0.7708333333333334 0.4824074074074074 0.74375 0.4546296296296296 0.7307291666666667 0.44907407407407407 0.7229166666666667 0.4398148148148148 0.721875 0.42592592592592593 0.7161458333333334 0.4111111111111111 0.7161458333333334 0.39444444444444443 0.721875 0.37962962962962965 0.7296875 0.3675925925925926 0.740625 0.3574074074074074 0.7479166666666667 0.35833333333333334
0 0.47760416666666666 0.23425925925925925 0.49375 0.24166666666666667 0.5015625 0.26296296296296295 0.5036458333333333 0.2962962962962963 0.4979166666666667 0.3287037037037037 0.49375 0.3277777777777778 0.48854166666666665 0.31574074074074077 0.48333333333333334 0.3111111111111111 0.46979166666666666 0.287962962962963 0.4671875 0.2796296296296296 0.4666666666666667 0.2564814814814815 0.46875 0.23981481481481481 0.4703125 0.2361111111111111 0.47708333333333336 0.23425925925925925
0 0.2765625 0 0.3 0 0.30416666666666664 0.003703703703703704 0.3072916666666667 0.008333333333333333 0.309375 0.019444444444444445 0.309375 0.02962962962962963 0.30572916666666666 0.040740740740740744 0.2984375 0.04351851851851852 0.2838541666666667 0.05925925925925926 0.28072916666666664 0.0712962962962963 0.27760416666666665 0.075 0.2578125 0.07314814814814814 0.24791666666666667 0.06851851851851852 0.24375 0.062037037037037036 0.2421875 0.046296296296296294 0.24427083333333333 0.028703703703703703 0.25625 0.011111111111111112 0.26145833333333335 0.004629629629629629 0.2765625 0.000925925925925926
0 0.5291666666666667 0 0.5557291666666667 0 0.5572916666666666 0.011111111111111112 0.5541666666666667 0.044444444444444446 0.5515625 0.05 0.5322916666666667 0.04814814814814815 0.5296875 0.044444444444444446 0.5291666666666667 0.000925925925925926
0 0.7713541666666667 0.16574074074074074 0.7755208333333333 0.16944444444444445 0.7796875 0.18055555555555555 0.7828125 0.2074074074074074 0.7822916666666667 0.21851851851851853 0.775 0.2175925925925926 0.7739583333333333 0.22037037037037038 0.7833333333333333 0.2324074074074074 0.7848958333333333 0.24259259259259258 0.784375 0.25555555555555554 0.778125 0.25555555555555554 0.7786458333333334 0.25925925925925924 0.7838541666666666 0.26481481481481484 0.7833333333333333 0.275 0.7765625 0.2833333333333333 0.7578125 0.28055555555555556 0.7510416666666667 0.275 0.7463541666666667 0.2657407407407407 0.7479166666666667 0.22685185185185186 0.7614583333333333 0.24166666666666667 0.765625 0.24259259259259258 0.7671875 0.23796296296296296 0.7546875 0.2222222222222222 0.7520833333333333 0.21203703703703702 0.7484375 0.20925925925925926 0.7489583333333333 0.2064814814814815 0.7463541666666667 0.20277777777777778 0.7458333333333333 0.18518518518518517 0.753125 0.16666666666666666 0.7708333333333334 0.16574074074074074
0 0.6213541666666667 0.3888888888888889 0.6333333333333333 0.40370370370370373 0.6494791666666667 0.4324074074074074 0.6510416666666666 0.4583333333333333 0.646875 0.47129629629629627 0.646875 0.4888888888888889 0.6432291666666666 0.49537037037037035 0.6395833333333333 0.49537037037037035 0.634375 0.48703703703703705 0.6229166666666667 0.48055555555555557 0.60625 0.45740740740740743 0.5979166666666667 0.4537037037037037 0.5942708333333333 0.44722222222222224 0.5947916666666667 0.42777777777777776 0.6015625 0.40370370370370373 0.6140625 0.38981481481481484 0.6208333333333333 0.3888888888888889
0 0.8208333333333333 0.6416666666666667 0.8635416666666667 0.6666666666666666 0.8713541666666667 0.674074074074074 0.8729166666666667 0.6962962962962963 0.8682291666666667 0.7305555555555555 0.8630208333333333 0.7351851851851852 0.85 0.737037037037037 0.8385416666666666 0.7361111111111112 0.8192708333333333 0.7175925925925926 0.7979166666666667 0.7175925925925926 0.7932291666666667 0.7101851851851851 0.7927083333333333 0.6722222222222223 0.7958333333333333 0.6574074074074074 0.8140625 0.6407407407407407 0.8203125 0.6416666666666667
0 0.03697916666666667 0.002777777777777778 0.03958333333333333 0.01574074074074074 0.04375 0.025 0.04375 0.03148148148148148 0.0390625 0.037037037037037035 0.019791666666666666 0.04537037037037037 0.011458333333333333 0.03611111111111111 0.009895833333333333 0.02962962962962963 0.011458333333333333 0.016666666666666666 0.036458333333333336 0.002777777777777778
0 0.5609375 0.45555555555555555 0.5786458333333333 0.47314814814814815 0.6057291666666667 0.5064814814814815 0.6177083333333333 0.5305555555555556 0.6307291666666667 0.55 0.6328125 0.562962962962963 0.6307291666666667 0.5842592592592593 0.6197916666666666 0.6074074074074074 0.6114583333333333 0.6129629629629629 0.5947916666666667 0.6101851851851852 0.5911458333333334 0.6064814814814815 0.5760416666666667 0.575925925925926 0.5473958333333333 0.5425925925925926 0.5390625 0.5398148148148149 0.5338541666666666 0.5287037037037037 0.5296875 0.5092592592592593 0.5322916666666667 0.487962962962963 0.5421875 0.4666666666666667 0.5541666666666667 0.4564814814814815 0.5604166666666667 0.45555555555555555
0 0.6572916666666667 0.18888888888888888 0.6786458333333333 0.2222222222222222 0.6760416666666667 0.25462962962962965 0.6713541666666667 0.26666666666666666 0.6651041666666667 0.27037037037037037 0.6609375 0.2675925925925926 0.65 0.2490740740740741 0.6447916666666667 0.24537037037037038 0.6359375 0.24537037037037038 0.6328125 0.24074074074074073 0.6328125 0.22592592592592592 0.6401041666666667 0.20185185185185187 0.6494791666666667 0.19166666666666668 0.6567708333333333 0.18888888888888888
0 0.56875 0.021296296296296296 0.5776041666666667 0.023148148148148147 0.5864583333333333 0.03611111111111111 0.5953125 0.05740740740740741 0.5994791666666667 0.08148148148148149 0.5994791666666667 0.09722222222222222 0.6041666666666666 0.13425925925925927 0.6026041666666667 0.14907407407407408 0.5953125 0.16203703703703703 0.5828125 0.1648148148148148 0.5802083333333333 0.1648148148148148 0.5760416666666667 0.15462962962962962 0.5708333333333333 0.15185185185185185 0.56875 0.14444444444444443 0.5697916666666667 0.13703703703703704 0.55625 0.1111111111111111 0.5546875 0.09537037037037037 0.5505208333333333 0.08148148148148149 0.5557291666666667 0.028703703703703703 0.5619791666666667 0.022222222222222223 0.5682291666666667 0.021296296296296296
0 0.7005208333333334 0.5027777777777778 0.7171875 0.5175925925925926 0.734375 0.5425925925925926 0.7375 0.5509259259259259 0.7375 0.5814814814814815 0.7322916666666667 0.6018518518518519 0.7328125 0.6083333333333333 0.7302083333333333 0.6157407407407407 0.7276041666666667 0.6166666666666667 0.7208333333333333 0.6064814814814815 0.7088541666666667 0.6018518518518519 0.6963541666666667 0.5861111111111111 0.6770833333333334 0.5712962962962963 0.6739583333333333 0.5648148148148148 0.6744791666666666 0.5462962962962963 0.6786458333333333 0.5342592592592592 0.6958333333333333 0.5037037037037037 0.7 0.5027777777777778
0 0.6479166666666667 0.33611111111111114 0.6619791666666667 0.3509259259259259 0.6776041666666667 0.375 0.684375 0.37962962962962965 0.69375 0.3972222222222222 0.6973958333333333 0.41203703703703703 0.7125 0.4398148148148148 0.7130208333333333 0.4564814814814815 0.7098958333333333 0.46944444444444444 0.7 0.4842592592592593 0.690625 0.4898148148148148 0.6802083333333333 0.4898148148148148 0.6713541666666667 0.4842592592592593 0.665625 0.4666666666666667 0.653125 0.44907407407407407 0.6489583333333333 0.4305555555555556 0.6307291666666667 0.3990740740740741 0.6192708333333333 0.38425925925925924 0.6197916666666666 0.3685185185185185 0.6239583333333333 0.35833333333333334 0.6380208333333334 0.34074074074074073 0.6473958333333333 0.33611111111111114
1 0.4322916666666667 0.38981481481481484 0.4354166666666667 0.3925925925925926 0.44114583333333335 0.4064814814814815 0.4390625 0.43703703703703706 0.4354166666666667 0.4546296296296296 0.4322916666666667 0.4564814814814815 0.4322916666666667 0.44074074074074077 0.428125 0.41203703703703703 0.428125 0.40370370370370373 0.4317708333333333 0.3907407407407407
1 0.6817708333333333 0 0.6890625 0 0.6875 0.01574074074074074 0.6791666666666667 0.032407407407407406 0.6786458333333333 0.018518518518518517 0.68125 0.013888888888888888 0.6817708333333333 0.000925925925925926
1 0.2833333333333333 0.812037037037037 0.2869791666666667 0.8222222222222222 0.29375 0.8314814814814815 0.2953125 0.8444444444444444 0.30104166666666665 0.850925925925926 0.30052083333333335 0.8574074074074074 0.29739583333333336 0.8601851851851852 0.2859375 0.8592592592592593 0.27239583333333334 0.825925925925926 0.2734375 0.8157407407407408 0.2828125 0.812037037037037
1 0.11666666666666667 0.32685185185185184 0.12135416666666667 0.33055555555555555 0.12760416666666666 0.3509259259259259 0.13697916666666668 0.3675925925925926 0.13645833333333332 0.37222222222222223 0.13333333333333333 0.3712962962962963 0.12604166666666666 0.3592592592592593 0.12447916666666667 0.36203703703703705 0.12604166666666666 0.3787037037037037 0.12447916666666667 0.38425925925925924 0.121875 0.38333333333333336 0.11822916666666666 0.3592592592592593 0.10885416666666667 0.33796296296296297 0.11041666666666666 0.32685185185185184 0.11614583333333334 0.32685185185185184
1 0.5979166666666667 0 0.6036458333333333 0 0.6020833333333333 0.019444444444444445 0.5979166666666667 0.01574074074074074 0.5979166666666667 0.000925925925925926
1 0.027604166666666666 0.07314814814814814 0.034895833333333334 0.08333333333333333 0.03802083333333333 0.09722222222222222 0.043229166666666666 0.10833333333333334 0.043229166666666666 0.11574074074074074 0.040625 0.11666666666666667 0.036458333333333336 0.11388888888888889 0.023958333333333335 0.09166666666666666 0.021875 0.07407407407407407 0.027083333333333334 0.07314814814814814
1 0.9078125 0.674074074074074 0.9140625 0.6648148148148149 0.9192708333333334 0.6620370370370371 0.9296875 0.662962962962963 0.9328125 0.6685185185185185 0.9322916666666666 0.6787037037037037 0.9296875 0.6851851851851852 0.921875 0.6898148148148148 0.9046875 0.7074074074074074 0.9 0.7064814814814815 0.8994791666666667 0.6981481481481482 0.9078125 0.675
1 0.690625 0.21944444444444444 0.6921875 0.22777777777777777 0.696875 0.23703703703703705 0.6973958333333333 0.24537037037037038 0.6911458333333333 0.25462962962962965 0.6895833333333333 0.2638888888888889 0.6838541666666667 0.2611111111111111 0.6822916666666666 0.24722222222222223 0.6864583333333333 0.22037037037037038 0.6901041666666666 0.21944444444444444
1 0.884375 0.43425925925925923 0.8869791666666667 0.4388888888888889 0.8864583333333333 0.45092592592592595 0.8682291666666667 0.4842592592592593 0.8625 0.48333333333333334 0.8635416666666667 0.4675925925925926 0.875 0.44166666666666665 0.8838541666666667 0.43425925925925923
1 0.4192708333333333 0.3824074074074074 0.42135416666666664 0.38333333333333336 0.421875 0.3888888888888889 0.4270833333333333 0.3990740740740741 0.42552083333333335 0.4425925925925926 0.4197916666666667 0.4351851851851852 0.41770833333333335 0.41944444444444445 0.41458333333333336 0.4148148148148148 0.4114583333333333 0.4148148148148148 0.41354166666666664 0.39537037037037037 0.41875 0.3824074074074074
1 0.026041666666666668 0.42685185185185187 0.029166666666666667 0.4305555555555556 0.035416666666666666 0.43148148148148147 0.04635416666666667 0.45740740740740743 0.050520833333333334 0.46111111111111114 0.051041666666666666 0.46296296296296297 0.04010416666666667 0.4703703703703704 0.03229166666666667 0.4601851851851852 0.025520833333333333 0.44537037037037036 0.024479166666666666 0.43703703703703706 0.020833333333333332 0.43148148148148147 0.020833333333333332 0.42777777777777776 0.025520833333333333 0.42685185185185187
1 0.4640625 0.3453703703703704 0.4703125 0.35555555555555557 0.46822916666666664 0.3861111111111111 0.46510416666666665 0.39537037037037037 0.4630208333333333 0.39537037037037037 0.4630208333333333 0.3851851851851852 0.4588541666666667 0.37962962962962965 0.45729166666666665 0.362962962962963 0.4583333333333333 0.34814814814814815 0.4635416666666667 0.3453703703703704
1 0.5432291666666667 0.1 0.546875 0.1 0.5505208333333333 0.11296296296296296 0.5489583333333333 0.1287037037037037 0.546875 0.13148148148148148 0.54375 0.12777777777777777 0.5421875 0.12222222222222222 0.5432291666666667 0.10092592592592593
1 0.7213541666666666 0.33796296296296297 0.7223958333333333 0.34444444444444444 0.7203125 0.35833333333333334 0.7130208333333333 0.3787037037037037 0.703125 0.375 0.7010416666666667 0.36203703703703705 0.7098958333333333 0.3453703703703704 0.7208333333333333 0.33796296296296297
1 0.1234375 0.3111111111111111 0.13489583333333333 0.3194444444444444 0.13802083333333334 0.3351851851851852 0.1453125 0.3435185185185185 0.14583333333333334 0.34814814814814815 0.14166666666666666 0.35185185185185186 0.14166666666666666 0.36018518518518516 0.14010416666666667 0.36203703703703705 0.12864583333333332 0.34074074074074073 0.12239583333333333 0.32222222222222224 0.12291666666666666 0.31203703703703706
1 0.24895833333333334 0.8518518518518519 0.2520833333333333 0.8537037037037037 0.2546875 0.862037037037037 0.25833333333333336 0.8583333333333333 0.25885416666666666 0.8629629629629629 0.2671875 0.8740740740740741 0.26979166666666665 0.8907407407407407 0.265625 0.899074074074074 0.26197916666666665 0.899074074074074 0.25625 0.8888888888888888 0.25729166666666664 0.8759259259259259 0.2557291666666667 0.8731481481481481 0.2526041666666667 0.8759259259259259 0.253125 0.8842592592592593 0.2515625 0.887962962962963 0.24739583333333334 0.887962962962963 0.240625 0.8777777777777778 0.240625 0.8685185185185185 0.24427083333333333 0.8555555555555555 0.2484375 0.8518518518518519
1 0.7760416666666666 0.09166666666666666 0.7796875 0.10092592592592593 0.7802083333333333 0.10925925925925926 0.7729166666666667 0.1287037037037037 0.7708333333333334 0.1398148148148148 0.7677083333333333 0.14074074074074075 0.7666666666666667 0.13703703703703704 0.7682291666666666 0.11018518518518519 0.7697916666666667 0.10277777777777777 0.7755208333333333 0.09259259259259259
1 0.45989583333333334 0.9564814814814815 0.4666666666666667 0.95 0.46979166666666666 0.950925925925926 0.4713541666666667 0.9555555555555556 0.4708333333333333 0.9805555555555555 0.4635416666666667 0.9925925925925926 0.45729166666666665 0.9907407407407407 0.459375 0.9805555555555555 0.4578125 0.9629629629629629 0.45989583333333334 0.9574074074074074
1 0.23072916666666668 0.8740740740740741 0.24114583333333334 0.8824074074074074 0.24270833333333333 0.8916666666666667 0.24791666666666667 0.9018518518518519 0.24791666666666667 0.9111111111111111 0.24479166666666666 0.9175925925925926 0.24114583333333334 0.9175925925925926 0.2375 0.9101851851851852 0.22760416666666666 0.9083333333333333 0.21979166666666666 0.8962962962962963 0.21614583333333334 0.8842592592592593 0.21666666666666667 0.8787037037037037 0.22239583333333332 0.8722222222222222 0.23020833333333332 0.8740740740740741
1 0.06666666666666667 0 0.0828125 0 0.08541666666666667 0.009259259259259259 0.08489583333333334 0.018518518518518517 0.0890625 0.03148148148148148 0.08645833333333333 0.03888888888888889 0.08177083333333333 0.03888888888888889 0.0796875 0.02962962962962963 0.06666666666666667 0.000925925925925926
1 0.3854166666666667 0.4546296296296296 0.39010416666666664 0.4638888888888889 0.39010416666666664 0.4787037037037037 0.38645833333333335 0.4787037037037037 0.3765625 0.4703703703703704 0.378125 0.4537037037037037 0.38125 0.45185185185185184 0.3848958333333333 0.4546296296296296
1 0.2296875 0.5916666666666667 0.23697916666666666 0.5962962962962963 0.24114583333333334 0.6027777777777777 0.24427083333333333 0.6138888888888889 0.24427083333333333 0.6296296296296297 0.25 0.6407407407407407 0.24791666666666667 0.6472222222222223 0.2375 0.637962962962963 0.2265625 0.6194444444444445 0.225 0.5944444444444444 0.22916666666666666 0.5916666666666667
1 0.45364583333333336 0.3138888888888889 0.4588541666666667 0.325 0.45989583333333334 0.33425925925925926 0.459375 0.3416666666666667 0.4546875 0.3527777777777778 0.44947916666666665 0.375 0.446875 0.37407407407407406 0.44895833333333335 0.35555555555555557 0.44895833333333335 0.32685185185185184 0.4505208333333333 0.3175925925925926 0.453125 0.3138888888888889
1 0.7364583333333333 0.2111111111111111 0.7416666666666667 0.21851851851851853 0.7421875 0.22407407407407406 0.7286458333333333 0.25092592592592594 0.7270833333333333 0.25092592592592594 0.7270833333333333 0.24537037037037038 0.7307291666666667 0.22870370370370371 0.7317708333333334 0.21296296296296297 0.7333333333333333 0.20925925925925926 0.7359375 0.2111111111111111
1 0.6317708333333333 0.030555555555555555 0.6333333333333333 0.032407407407407406 0.6348958333333333 0.04722222222222222 0.6333333333333333 0.07314814814814814 0.63125 0.07592592592592592 0.6296875 0.07592592592592592 0.6255208333333333 0.062037037037037036 0.6260416666666667 0.044444444444444446 0.6291666666666667 0.03148148148148148 0.63125 0.030555555555555555
1 0.027604166666666666 0.1 0.04114583333333333 0.1259259259259259 0.0390625 0.13425925925925927 0.0328125 0.1388888888888889 0.026041666666666668 0.125 0.022395833333333334 0.10925925925925926 0.021875 0.10092592592592593 0.024479166666666666 0.09814814814814815 0.027083333333333334 0.1
1 0.7380208333333333 0.012962962962962963 0.7427083333333333 0.017592592592592594 0.7432291666666667 0.025925925925925925 0.7401041666666667 0.04259259259259259 0.7359375 0.04814814814814815 0.7317708333333334 0.06018518518518518 0.7286458333333333 0.05925925925925926 0.7286458333333333 0.05185185185185185 0.7322916666666667 0.03796296296296296 0.7348958333333333 0.014814814814814815 0.7375 0.012962962962962963
1 0.5786458333333333 0.19907407407407407 0.58125 0.20555555555555555 0.5828125 0.22685185185185186 0.5739583333333333 0.2601851851851852 0.5708333333333333 0.25555555555555554 0.5723958333333333 0.2490740740740741 0.5708333333333333 0.2222222222222222 0.5744791666666667 0.20925925925925926 0.5744791666666667 0.20277777777777778 0.578125 0.19907407407407407
1 0.42135416666666664 0.47314814814814815 0.42864583333333334 0.47129629629629627 0.4348958333333333 0.4842592592592593 0.43072916666666666 0.4981481481481482 0.4244791666666667 0.49722222222222223 0.41822916666666665 0.48703703703703705 0.42135416666666664 0.4740740740740741
1 0.49635416666666665 0.19166666666666668 0.5 0.20277777777777778 0.5020833333333333 0.21944444444444444 0.49895833333333334 0.22407407407407406 0.4979166666666667 0.23425925925925925 0.4953125 0.23796296296296296 0.4921875 0.2351851851851852 0.4895833333333333 0.20462962962962963 0.4921875 0.19444444444444445 0.49583333333333335 0.19166666666666668
1 0.64375 0.6157407407407407 0.6463541666666667 0.6194444444444445 0.6463541666666667 0.6370370370370371 0.640625 0.6546296296296297 0.6421875 0.6787037037037037 0.6401041666666667 0.6796296296296296 0.6375 0.6759259259259259 0.6333333333333333 0.6583333333333333 0.6270833333333333 0.6574074074074074 0.6260416666666667 0.6527777777777778 0.6354166666666666 0.6268518518518519 0.6432291666666666 0.6166666666666667
1 0.19270833333333334 0.9111111111111111 0.19947916666666668 0.9111111111111111 0.20677083333333332 0.9212962962962963 0.19427083333333334 0.9175925925925926 0.19583333333333333 0.9222222222222223 0.20625 0.9277777777777778 0.20677083333333332 0.9314814814814815 0.203125 0.9388888888888889 0.203125 0.9490740740740741 0.19375 0.9462962962962963 0.18645833333333334 0.937962962962963 0.18489583333333334 0.9287037037037037 0.18072916666666666 0.9222222222222223 0.18125 0.9166666666666666 0.18489583333333334 0.9120370370370371 0.1921875 0.9157407407407407 0.19270833333333334 0.9120370370370371
1 0.553125 0.11944444444444445 0.5578125 0.12129629629629629 0.5614583333333333 0.12962962962962962 0.5619791666666667 0.13796296296296295 0.5609375 0.17314814814814813 0.5588541666666667 0.17777777777777778 0.5557291666666667 0.17685185185185184 0.55 0.14351851851851852 0.55 0.12962962962962962 0.553125 0.12037037037037036
1 0.3921875 0.9287037037037037 0.3963541666666667 0.9342592592592592 0.4010416666666667 0.9342592592592592 0.40572916666666664 0.9388888888888889 0.40677083333333336 0.95 0.4036458333333333 0.9638888888888889 0.4015625 0.9657407407407408 0.39166666666666666 0.9629629629629629 0.3828125 0.9453703703703704 0.3828125 0.9388888888888889 0.3854166666666667 0.9324074074074075 0.3880208333333333 0.9287037037037037 0.39166666666666666 0.9287037037037037
1 0 0.04722222222222222 0.008854166666666666 0.05277777777777778 0.021875 0.09259259259259259 0.021875 0.09814814814814815 0.018229166666666668 0.1 0.008854166666666666 0.08055555555555556 0 0.06851851851851852 0 0.04814814814814815
1 0.5708333333333333 0.20462962962962963 0.5677083333333334 0.19907407407407407 0.5666666666666667 0.18796296296296297 0.5713541666666667 0.15833333333333333 0.575 0.15555555555555556 0.5786458333333333 0.1675925925925926 0.578125 0.18888888888888888 0.5760416666666667 0.19814814814814816 0.5713541666666667 0.2037037037037037
1 0.5833333333333334 0 0.5880208333333333 0 0.590625 0.010185185185185186 0.5880208333333333 0.03333333333333333 0.5848958333333333 0.03333333333333333 0.5807291666666666 0.024074074074074074 0.5807291666666666 0.008333333333333333 0.5833333333333334 0.000925925925925926
1 0.35833333333333334 0.45 0.3640625 0.45740740740740743 0.36770833333333336 0.4685185185185185 0.36822916666666666 0.47685185185185186 0.36614583333333334 0.4824074074074074 0.36302083333333335 0.4824074074074074 0.35572916666666665 0.4740740740740741 0.3515625 0.4527777777777778 0.353125 0.44907407407407407 0.3578125 0.45
1 0.18333333333333332 0.9546296296296296 0.1859375 0.9564814814814815 0.19166666666666668 0.950925925925926 0.19947916666666668 0.950925925925926 0.20052083333333334 0.9601851851851851 0.20885416666666667 0.9694444444444444 0.21145833333333333 0.9768518518518519 0.20989583333333334 0.9833333333333333 0.21145833333333333 0.9925925925925926 0.2078125 0.9962962962962963 0.2 0.9953703703703703 0.18854166666666666 0.987037037037037 0.175 0.9703703703703703 0.175 0.9648148148148148 0.16822916666666668 0.9657407407407408 0.1671875 0.9601851851851851 0.17135416666666667 0.9555555555555556 0.17604166666666668 0.9527777777777777 0.1828125 0.9546296296296296
1 0.93125 0.46296296296296297 0.9338541666666667 0.4666666666666667 0.9328125 0.4861111111111111 0.9145833333333333 0.5157407407407407 0.9088541666666666 0.5064814814814815 0.9135416666666667 0.47685185185185186 0.9244791666666666 0.46296296296296297 0.9307291666666667 0.46296296296296297