1 0.85625 0.19814814814814816 0.8572916666666667 0.20833333333333334 0.853125 0.21666666666666667 0.8520833333333333 0.23148148148148148 0.8494791666666667 0.2351851851851852 0.8432291666666667 0.2361111111111111 0.8411458333333334 0.2361111111111111 0.8401041666666667 0.2324074074074074 0.8453125 0.20833333333333334 0.8520833333333333 0.19907407407407407 0.8557291666666667 0.19814814814814816
1 0.17916666666666667 0.2388888888888889 0.18385416666666668 0.24259259259259258 0.1875 0.2611111111111111 0.18229166666666666 0.27037037037037037 0.18020833333333333 0.26851851851851855 0.1765625 0.24537037037037038 0.1765625 0.24074074074074073 0.17864583333333334 0.2388888888888889
1 0.6505208333333333 0.13703703703703704 0.6520833333333333 0.15 0.6473958333333333 0.17222222222222222 0.6447916666666667 0.16944444444444445 0.64375 0.14722222222222223 0.6473958333333333 0.13796296296296295 0.65 0.13796296296296295
1 0.3885416666666667 0.8092592592592592 0.3932291666666667 0.8157407407407408 0.39739583333333334 0.8166666666666667 0.40260416666666665 0.8314814814814815 0.4005208333333333 0.8472222222222222 0.3953125 0.8527777777777777 0.390625 0.8685185185185185 0.3880208333333333 0.8675925925925926 0.3890625 0.8462962962962963 0.3828125 0.8222222222222222 0.38333333333333336 0.8111111111111111 0.3880208333333333 0.8092592592592592
1 0.1453125 0.23055555555555557 0.14791666666666667 0.22870370370370371 0.1578125 0.24166666666666667 0.159375 0.262037037037037 0.15677083333333333 0.26666666666666666 0.14791666666666667 0.24444444444444444 0.14583333333333334 0.23148148148148148
1 0.603125 0.24166666666666667 0.60625 0.24166666666666667 0.6109375 0.2574074074074074 0.6098958333333333 0.2657407407407407 0.6015625 0.287962962962963 0.5989583333333334 0.25092592592592594 0.603125 0.24259259259259258
1 0.1171875 0.2824074074074074 0.12291666666666666 0.29074074074074074 0.12708333333333333 0.3101851851851852 0.12291666666666666 0.3148148148148148 0.11770833333333333 0.30925925925925923 0.11197916666666667 0.2898148148148148 0.11197916666666667 0.28055555555555556 0.11666666666666667 0.2824074074074074
1 0.6619791666666667 0.175 0.6640625 0.19074074074074074 0.6614583333333334 0.20833333333333334 0.6583333333333333 0.21481481481481482 0.6557291666666667 0.21296296296296297 0.6557291666666667 0.18888888888888888 0.6588541666666666 0.17685185185185184 0.6614583333333334 0.175
1 0.19375 0.2 0.014583333333333334 0.03148148148148148
1 0.6690104166666667 0.21574074074074073 0.008854166666666666 0.040740740740740744
1 0.8533854166666667 0.4930555555555556 0.0203125 0.05277777777777778
1 0.6494791666666667 0.17777777777777778 0.6510416666666666 0.17685185185185184 0.6546875 0.18518518518518517 0.6526041666666667 0.21388888888888888 0.6442708333333333 0.21296296296296297 0.6494791666666667 0.1787037037037037
1 0.2234375 0.21944444444444444 0.23125 0.24722222222222223 0.23072916666666668 0.2537037037037037 0.22760416666666666 0.25555555555555554 0.2203125 0.24537037037037038 0.21614583333333334 0.23055555555555557 0.21666666666666667 0.22037037037037038 0.22291666666666668 0.21944444444444444
1 0.078125 0.3537037037037037 0.08541666666666667 0.36018518518518516 0.0953125 0.37962962962962965 0.0953125 0.3861111111111111 0.08802083333333334 0.39444444444444443 0.07604166666666666 0.3648148148148148 0.07552083333333333 0.35555555555555557 0.07760416666666667 0.3537037037037037
1 0.5130208333333334 0.2712962962962963 0.5166666666666667 0.29259259259259257 0.5140625 0.31296296296296294 0.5119791666666667 0.3175925925925926 0.5083333333333333 0.31666666666666665 0.5088541666666667 0.3037037037037037 0.5067708333333333 0.28888888888888886 0.509375 0.2722222222222222 0.5125 0.2712962962962963
1 0.13802083333333334 0.29259259259259257 0.14375 0.29814814814814816 0.14791666666666667 0.3074074074074074 0.14010416666666667 0.32037037037037036 0.1375 0.31666666666666665 0.134375 0.29907407407407405 0.134375 0.2935185185185185 0.1375 0.29259259259259257
1 0.5083333333333333 0.03425925925925926 0.5114583333333333 0.04259259259259259 0.5098958333333333 0.06296296296296296 0.5083333333333333 0.06481481481481481 0.5067708333333333 0.062037037037037036 0.5052083333333334 0.049074074074074076 0.5052083333333334 0.040740740740740744 0.5078125 0.03518518518518519
1 0.659375 0.2861111111111111 0.6651041666666667 0.2916666666666667 0.6661458333333333 0.3037037037037037 0.6588541666666666 0.33425925925925926 0.6567708333333333 0.33240740740740743 0.6541666666666667 0.31574074074074077 0.6541666666666667 0.2972222222222222 0.6567708333333333 0.28703703703703703 0.6588541666666666 0.2861111111111111
1 0.04791666666666667 0.38425925925925924 0.0578125 0.40185185185185185 0.06041666666666667 0.4212962962962963 0.0578125 0.425 0.043229166666666666 0.3962962962962963 0.04479166666666667 0.3851851851851852 0.04739583333333333 0.38425925925925924
1 0.16458333333333333 0.2518518518518518 0.16354166666666667 0.24259259259259258 0.1578125 0.22777777777777777 0.15885416666666666 0.21388888888888888 0.16145833333333334 0.2101851851851852 0.1671875 0.22685185185185186 0.16927083333333334 0.24444444444444444 0.16822916666666668 0.25 0.16510416666666666 0.25092592592592594
1 0.9479166666666666 0.6370370370370371 0.9515625 0.6425925925925926 0.9510416666666667 0.6537037037037037 0.94375 0.6675925925925926 0.9416666666666667 0.6805555555555556 0.9375 0.6916666666666667 0.9348958333333334 0.6916666666666667 0.9307291666666667 0.6805555555555556 0.9244791666666666 0.6796296296296296 0.9239583333333333 0.674074074074074 0.9421875 0.637962962962963 0.9473958333333333 0.6370370370370371
1 0.5338541666666666 0.48333333333333334 0.5395833333333333 0.4962962962962963 0.5401041666666667 0.5194444444444445 0.5395833333333333 0.524074074074074 0.5348958333333333 0.5287037037037037 0.5328125 0.5388888888888889 0.5302083333333333 0.5370370370370371 0.5307291666666667 0.5185185185185185 0.5286458333333334 0.5120370370370371 0.5234375 0.5083333333333333 0.5234375 0.5046296296296297 0.5291666666666667 0.48703703703703705 0.5333333333333333 0.48333333333333334
1 0.06354166666666666 0.37962962962962965 0.0734375 0.3907407407407407 0.07604166666666666 0.4046296296296296 0.08177083333333333 0.4074074074074074 0.08333333333333333 0.4111111111111111 0.08072916666666667 0.41388888888888886 0.07447916666666667 0.40925925925925927 0.07291666666666667 0.41203703703703703 0.07447916666666667 0.4212962962962963 0.07291666666666667 0.4222222222222222 0.07083333333333333 0.4222222222222222 0.0578125 0.387037037037037 0.059375 0.38055555555555554 0.06302083333333333 0.37962962962962965
1 0.203125 0.21388888888888888 0.20625 0.21388888888888888 0.2109375 0.2212962962962963 0.21197916666666666 0.2324074074074074 0.21770833333333334 0.24074074074074073 0.21197916666666666 0.24259259259259258 0.20989583333333334 0.24814814814814815 0.20729166666666668 0.24722222222222223 0.20260416666666667 0.22685185185185186 0.203125 0.21481481481481482
1 0.13020833333333334 0.31296296296296294 0.13541666666666666 0.32314814814814813 0.13385416666666666 0.3287037037037037 0.13020833333333334 0.3314814814814815 0.1265625 0.33055555555555555 0.125 0.32222222222222224 0.12552083333333333 0.3138888888888889 0.1296875 0.31296296296296294
1 0.225 0.5944444444444444 0.2265625 0.5981481481481481 0.22447916666666667 0.600925925925926 0.2203125 0.6018518518518519 0.21666666666666667 0.5962962962962963 0.209375 0.6083333333333333 0.20572916666666666 0.6074074074074074 0.20520833333333333 0.600925925925926 0.20833333333333334 0.5888888888888889 0.203125 0.5833333333333334 0.20260416666666667 0.5740740740740741 0.209375 0.5509259259259259 0.2125 0.5537037037037037 0.2140625 0.5638888888888889 0.22447916666666667 0.5944444444444444
1 0.7182291666666667 0.9574074074074074 0.725 0.9768518518518519 0.7239583333333334 0.9925925925925926 0.7182291666666667 0.9990740740740741 0.7114583333333333 0.9990740740740741 0.70625 0.9935185185185185 0.6989583333333333 0.9972222222222222 0.6921875 0.9907407407407407 0.7005208333333334 0.9861111111111112 0.7135416666666666 0.9583333333333334 0.7177083333333333 0.9574074074074074
1 0.5296875 0.25833333333333336 0.5333333333333333 0.27685185185185185 0.5322916666666667 0.2953703703703704 0.5291666666666667 0.30833333333333335 0.5260416666666666 0.30648148148148147 0.5255208333333333 0.2833333333333333 0.5260416666666666 0.2657407407407407 0.5291666666666667 0.25833333333333336
1 0.10677083333333333 0.3287037037037037 0.11197916666666667 0.3333333333333333 0.1140625 0.34074074074074073 0.10885416666666667 0.35648148148148145 0.10572916666666667 0.35555555555555557 0.1015625 0.3435185185185185 0.10104166666666667 0.3296296296296296 0.10625 0.3287037037037037
1 0.18333333333333332 0.4222222222222222 0.19114583333333332 0.43148148148148147 0.19427083333333334 0.4462962962962963 0.19114583333333332 0.4685185185185185 0.18802083333333333 0.4666666666666667 0.184375 0.44814814814814813 0.18229166666666666 0.4444444444444444 0.178125 0.4462962962962963 0.17604166666666668 0.4398148148148148 0.1765625 0.42314814814814816 0.1828125 0.4222222222222222
1 0.4427083333333333 0.20185185185185187 0.4479166666666667 0.21851851851851853 0.44375 0.25092592592592594 0.44114583333333335 0.24722222222222223 0.43854166666666666 0.22314814814814815 0.4390625 0.20462962962962963 0.4421875 0.20185185185185187
1 0.23541666666666666 0.2111111111111111 0.2421875 0.22407407407407406 0.24427083333333333 0.24351851851851852 0.24322916666666666 0.2462962962962963 0.240625 0.2462962962962963 0.23333333333333334 0.23148148148148148 0.23229166666666667 0.21296296296296297 0.23489583333333333 0.2111111111111111
1 0.2703125 0.1638888888888889 0.27239583333333334 0.1675925925925926 0.2734375 0.18333333333333332 0.2755208333333333 0.18888888888888888 0.2734375 0.1962962962962963 0.265625 0.18703703703703703 0.26614583333333336 0.1787037037037037 0.2640625 0.1675925925925926 0.265625 0.16296296296296298 0.26979166666666665 0.1638888888888889
1 0.3489583333333333 0.07962962962962963 0.35208333333333336 0.08148148148148149 0.3536458333333333 0.08888888888888889 0.3546875 0.10833333333333334 0.35208333333333336 0.1111111111111111 0.3484375 0.10925925925925926 0.3484375 0.08055555555555556
1 0.6614583333333334 0.2111111111111111 0.665625 0.21944444444444444 0.665625 0.22685185185185186 0.6609375 0.25 0.6583333333333333 0.2518518518518518 0.6567708333333333 0.25092592592592594 0.6572916666666667 0.2175925925925926 0.6609375 0.2111111111111111
1 0.63125 0.25925925925925924 0.6333333333333333 0.2611111111111111 0.634375 0.2722222222222222 0.6296875 0.3 0.6265625 0.2962962962962963 0.625 0.2740740740740741 0.6260416666666667 0.26481481481481484 0.6307291666666667 0.25925925925925924
1 0.8625 0.20462962962962963 0.8661458333333333 0.2175925925925926 0.859375 0.24537037037037038 0.8546875 0.24537037037037038 0.8526041666666667 0.24166666666666667 0.853125 0.21944444444444444 0.8552083333333333 0.21203703703703702 0.8619791666666666 0.20462962962962963
1 0.8598958333333333 0.512962962962963 0.8609375 0.5157407407407407 0.8578125 0.5222222222222223 0.8520833333333333 0.5546296296296296 0.8520833333333333 0.5685185185185185 0.8473958333333333 0.5666666666666667 0.8453125 0.5481481481481482 0.8369791666666667 0.5527777777777778 0.8333333333333334 0.5592592592592592 0.8302083333333333 0.5583333333333333 0.8286458333333333 0.5518518518518518 0.8390625 0.5398148148148149 0.8479166666666667 0.5212962962962963 0.8557291666666667 0.512962962962963 0.859375 0.512962962962963
1 0.6088541666666667 0.26851851851851855 0.6130208333333333 0.287962962962963 0.6109375 0.3074074074074074 0.6036458333333333 0.3175925925925926 0.6015625 0.31666666666666665 0.603125 0.2814814814814815 0.6052083333333333 0.2722222222222222 0.6083333333333333 0.26944444444444443
1 0.5854166666666667 0.2462962962962963 0.5895833333333333 0.2611111111111111 0.5880208333333333 0.29074074074074074 0.5848958333333333 0.29074074074074074 0.5833333333333334 0.275 0.5828125 0.2537037037037037 0.5848958333333333 0.2462962962962963
1 0.71015625 0.7240740740740741 0.024479166666666666 0.5425925925925926
1 0.6239583333333333 0.2462962962962963 0.6265625 0.2490740740740741 0.6270833333333333 0.262037037037037 0.6197916666666666 0.28425925925925927 0.6192708333333333 0.2972222222222222 0.6151041666666667 0.2962962962962963 0.6161458333333333 0.275 0.6145833333333334 0.2657407407407407 0.6161458333333333 0.2574074074074074 0.6234375 0.2462962962962963
1 0.6302083333333334 0.2222222222222222 0.6307291666666667 0.18518518518518517 0.6338541666666667 0.1787037037037037 0.6364583333333333 0.17962962962962964 0.6395833333333333 0.18796296296296297 0.6369791666666667 0.21296296296296297 0.6302083333333334 0.22314814814814815
1 0.634375 0.15555555555555556 0.6380208333333334 0.1648148148148148 0.6369791666666667 0.17685185185185184 0.6348958333333333 0.18055555555555555 0.6307291666666667 0.17962962962962964 0.6286458333333333 0.17222222222222222 0.6296875 0.1638888888888889 0.6338541666666667 0.15555555555555556
1 0.6473958333333333 0.17592592592592593 0.65 0.1824074074074074 0.6494791666666667 0.1962962962962963 0.646875 0.21296296296296297 0.6447916666666667 0.21481481481481482 0.6427083333333333 0.21203703703703702 0.6416666666666667 0.18611111111111112 0.64375 0.17777777777777778 0.646875 0.17592592592592593
1 0.6197916666666666 0.23055555555555557 0.6229166666666667 0.2361111111111111 0.6234375 0.24444444444444444 0.6161458333333333 0.25555555555555554 0.6130208333333333 0.2518518518518518 0.6125 0.24351851851851852 0.615625 0.23333333333333334 0.6192708333333333 0.23055555555555557
1 0.6473958333333333 0.2388888888888889 0.6510416666666666 0.24166666666666667 0.6520833333333333 0.2490740740740741 0.6489583333333333 0.2759259259259259 0.6442708333333333 0.275 0.6442708333333333 0.25555555555555554 0.6473958333333333 0.23981481481481481
1 0.20052083333333334 0.22685185185185186 0.20364583333333333 0.23425925925925925 0.20885416666666667 0.2611111111111111 0.20260416666666667 0.2675925925925926 0.19947916666666668 0.2657407407407407 0.19635416666666666 0.23796296296296296 0.19635416666666666 0.22962962962962963 0.2 0.22685185185185186
1 0.29322916666666665 0.9 0.3 0.9083333333333333 0.30364583333333334 0.9212962962962963 0.30052083333333335 0.9388888888888889 0.296875 0.9453703703703704 0.28020833333333334 0.9074074074074074 0.2828125 0.9 0.29270833333333335 0.9
1 0.6723958333333333 0.2722222222222222 0.678125 0.287962962962963 0.6786458333333333 0.30462962962962964 0.6713541666666667 0.33240740740740743 0.6682291666666667 0.33240740740740743 0.6682291666666667 0.2953703703703704 0.6703125 0.28703703703703703 0.6692708333333334 0.2777777777777778 0.671875 0.2722222222222222