0 0.51875 0.8583333333333333 0.5255208333333333 0.8805555555555555 0.528125 0.899074074074074 0.5291666666666667 0.9009259259259259 0.5328125 0.8962962962962963 0.5364583333333334 0.9 0.5369791666666667 0.9212962962962963 0.5338541666666666 0.937037037037037 0.5348958333333333 0.9490740740740741 0.5276041666666667 0.9657407407407408 0.521875 0.9592592592592593 0.51875 0.9388888888888889 0.5151041666666667 0.9324074074074075 0.5083333333333333 0.9064814814814814 0.5057291666666667 0.8870370370370371 0.5052083333333334 0.8712962962962963 0.5067708333333333 0.862037037037037 0.5119791666666667 0.8574074074074074 0.5182291666666666 0.8583333333333333
0 0.6666666666666666 0.09444444444444444 0.671875 0.10277777777777777 0.6755208333333333 0.12222222222222222 0.671875 0.13518518518518519 0.6520833333333333 0.1259259259259259 0.6473958333333333 0.11666666666666667 0.646875 0.11203703703703703 0.6505208333333333 0.10277777777777777 0.6609375 0.09444444444444444 0.6661458333333333 0.09444444444444444
0 0.18072916666666666 0.07314814814814814 0.19895833333333332 0.07962962962962963 0.2046875 0.08703703703703704 0.21770833333333334 0.12222222222222222 0.22083333333333333 0.1361111111111111 0.2203125 0.14537037037037037 0.20885416666666667 0.1648148148148148 0.20364583333333333 0.1814814814814815 0.19583333333333333 0.1824074074074074 0.18802083333333333 0.19166666666666668 0.18541666666666667 0.20092592592592592 0.18177083333333333 0.2 0.17447916666666666 0.2074074074074074 0.15729166666666666 0.23148148148148148 0.1515625 0.24166666666666667 0.15104166666666666 0.25092592592592594 0.1484375 0.2574074074074074 0.14479166666666668 0.2601851851851852 0.13697916666666668 0.25925925925925924 0.11822916666666666 0.28425925925925927 0.10364583333333334 0.29444444444444445 0.09739583333333333 0.29444444444444445 0.06979166666666667 0.2824074074074074 0.06614583333333333 0.26851851851851855 0.05364583333333333 0.24722222222222223 0.04739583333333333 0.23148148148148148 0.04583333333333333 0.22037037037037038 0.046875 0.21296296296296297 0.09895833333333333 0.1537037037037037 0.11302083333333333 0.14166666666666666 0.11614583333333334 0.13518518518518519 0.1203125 0.13518518518518519 0.13020833333333334 0.11944444444444445 0.1375 0.11388888888888889 0.17083333333333334 0.07407407407407407 0.18020833333333333 0.07314814814814814
0 0.35260416666666666 0.3574074074074074 0.36041666666666666 0.36666666666666664 0.3640625 0.3824074074074074 0.3697916666666667 0.3907407407407407 0.371875 0.4046296296296296 0.36770833333333336 0.4111111111111111 0.35625 0.4074074074074074 0.34375 0.38333333333333336 0.34322916666666664 0.37037037037037035 0.3489583333333333 0.3592592592592593 0.35208333333333336 0.3574074074074074
0 0.2635416666666667 0.06759259259259259 0.26614583333333336 0.07222222222222222 0.2677083333333333 0.09166666666666666 0.27239583333333334 0.11018518518518519 0.26197916666666665 0.10555555555555556 0.25729166666666664 0.09907407407407408 0.2552083333333333 0.09166666666666666 0.25625 0.07777777777777778 0.2630208333333333 0.06759259259259259
0 0 0.2611111111111111 0.011979166666666667 0.2574074074074074 0.0328125 0.27314814814814814 0.041666666666666664 0.2851851851851852 0.03958333333333333 0.29907407407407405 0.016145833333333335 0.3388888888888889 0.011979166666666667 0.34074074074074073 0 0.33796296296296297 0 0.262037037037037
0 0.4203125 0.4935185185185185 0.44583333333333336 0.4981481481481482 0.45625 0.5074074074074074 0.45989583333333334 0.5166666666666667 0.4609375 0.5259259259259259 0.46145833333333336 0.5537037037037037 0.45989583333333334 0.562037037037037 0.45625 0.5685185185185185 0.44114583333333335 0.5824074074074074 0.4348958333333333 0.5824074074074074 0.421875 0.575 0.4010416666666667 0.5768518518518518 0.38645833333333335 0.5787037037037037 0.37864583333333335 0.5879629629629629 0.3729166666666667 0.5898148148148148 0.35520833333333335 0.5777777777777777 0.35208333333333336 0.5685185185185185 0.35052083333333334 0.5342592592592592 0.35208333333333336 0.5185185185185185 0.35520833333333335 0.5083333333333333 0.3619791666666667 0.5009259259259259 0.3734375 0.49722222222222223 0.4041666666666667 0.4925925925925926 0.4197916666666667 0.4935185185185185
0 0.23958333333333334 0.2574074074074074 0.24635416666666668 0.2675925925925926 0.24739583333333334 0.2861111111111111 0.24583333333333332 0.29259259259259257 0.2359375 0.3074074074074074 0.22864583333333333 0.33055555555555555 0.2234375 0.35648148148148145 0.21614583333333334 0.36203703703703705 0.20416666666666666 0.3638888888888889 0.18854166666666666 0.3638888888888889 0.18385416666666668 0.35833333333333334 0.18072916666666666 0.3472222222222222 0.18177083333333333 0.3314814814814815 0.1921875 0.2953703703703704 0.2 0.2777777777777778 0.21614583333333334 0.2601851851851852 0.22916666666666666 0.25555555555555554 0.2390625 0.2574074074074074
0 0.89375 0.5861111111111111 0.9104166666666667 0.5935185185185186 0.9395833333333333 0.6194444444444445 0.9484375 0.6305555555555555 0.95 0.6546296296296297 0.9411458333333333 0.6824074074074075 0.9369791666666667 0.687037037037037 0.9145833333333333 0.6833333333333333 0.8911458333333333 0.6648148148148149 0.8755208333333333 0.6648148148148149 0.86875 0.6574074074074074 0.865625 0.6416666666666667 0.86875 0.6129629629629629 0.878125 0.6037037037037037 0.8869791666666667 0.5888888888888889 0.8932291666666666 0.587037037037037
0 0.23645833333333333 0 0.2484375 0 0.24895833333333334 0.008333333333333333 0.2546875 0.027777777777777776 0.25364583333333335 0.03611111111111111 0.24114583333333334 0.05462962962962963 0.22760416666666666 0.05 0.22395833333333334 0.037037037037037035 0.22291666666666668 0.016666666666666666 0.2265625 0.009259259259259259 0.23645833333333333 0.000925925925925926
0 0.2984375 0.10185185185185185 0.30416666666666664 0.11018518518518519 0.3067708333333333 0.13425925925925927 0.3046875 0.15 0.3 0.1574074074074074 0.29739583333333336 0.1675925925925926 0.29375 0.17037037037037037 0.28072916666666664 0.16666666666666666 0.2755208333333333 0.16111111111111112 0.27239583333333334 0.14444444444444443 0.271875 0.1259259259259259 0.2828125 0.10833333333333334 0.2947916666666667 0.10092592592592593 0.29791666666666666 0.10185185185185185
0 0.46197916666666666 0.6907407407407408 0.478125 0.6925925925925925 0.4859375 0.6981481481481482 0.4984375 0.6981481481481482 0.5046875 0.7148148148148148 0.5052083333333334 0.7222222222222222 0.5046875 0.7277777777777777 0.4973958333333333 0.7351851851851852 0.4796875 0.7351851851851852 0.44947916666666665 0.7268518518518519 0.446875 0.7166666666666667 0.4484375 0.6990740740740741 0.45260416666666664 0.6935185185185185 0.46145833333333336 0.6907407407407408
0 0 0.6814814814814815 0.008333333333333333 0.6842592592592592 0.015104166666666667 0.6814814814814815 0.034375 0.6842592592592592 0.046875 0.6953703703703704 0.051041666666666666 0.7055555555555556 0.05 0.7175925925925926 0.043229166666666666 0.7379629629629629 0.0203125 0.7759259259259259 0.0203125 0.7935185185185185 0.017708333333333333 0.8027777777777778 0.013020833333333334 0.8111111111111111 0 0.8194444444444444 0 0.6824074074074075
0 0.35885416666666664 0.028703703703703703 0.3723958333333333 0.03796296296296296 0.37395833333333334 0.05 0.3697916666666667 0.06666666666666667 0.3609375 0.07685185185185185 0.35572916666666665 0.08796296296296297 0.33645833333333336 0.08518518518518518 0.3328125 0.07222222222222222 0.3328125 0.05648148148148148 0.3380208333333333 0.03888888888888889 0.34427083333333336 0.028703703703703703 0.3484375 0.025 0.35833333333333334 0.028703703703703703
0 0.7010416666666667 0.3824074074074074 0.728125 0.42962962962962964 0.7359375 0.4564814814814815 0.7494791666666667 0.48703703703703705 0.7479166666666667 0.5064814814814815 0.7447916666666666 0.5148148148148148 0.7380208333333333 0.5231481481481481 0.7260416666666667 0.5296296296296297 0.7197916666666667 0.5296296296296297 0.7052083333333333 0.5203703703703704 0.7026041666666667 0.5157407407407407 0.7 0.49722222222222223 0.6875 0.4703703703703704 0.6791666666666667 0.45555555555555555 0.6708333333333333 0.45 0.6671875 0.44351851851851853 0.6661458333333333 0.41388888888888886 0.6703125 0.3972222222222222 0.6822916666666666 0.3851851851851852 0.6921875 0.3814814814814815 0.7005208333333334 0.3824074074074074
0 0.990625 0.675 0.01875 0.07037037037037037
0 0.3067708333333333 0.02962962962962963 0.315625 0.046296296296296294 0.31614583333333335 0.05740740740740741 0.31875 0.062037037037037036 0.32395833333333335 0.06759259259259259 0.328125 0.062037037037037036 0.32708333333333334 0.08425925925925926 0.32447916666666665 0.08981481481481482 0.31614583333333335 0.09259259259259259 0.30416666666666664 0.10462962962962963 0.29375 0.10092592592592593 0.2760416666666667 0.11481481481481481 0.2677083333333333 0.09537037037037037 0.2635416666666667 0.0712962962962963 0.2640625 0.06111111111111111 0.29010416666666666 0.032407407407407406 0.30625 0.02962962962962963
0 0.16145833333333334 0.4148148148148148 0.1765625 0.4324074074074074 0.18385416666666668 0.44907407407407407 0.18333333333333332 0.4601851851851852 0.18177083333333333 0.46296296296296297 0.1703125 0.4648148148148148 0.16666666666666666 0.4861111111111111 0.1546875 0.49537037037037035 0.15104166666666666 0.49444444444444446 0.14427083333333332 0.4787037037037037 0.13802083333333334 0.4759259259259259 0.134375 0.4842592592592593 0.1390625 0.5009259259259259 0.13541666666666666 0.5037037037037037 0.1296875 0.5009259259259259 0.12708333333333333 0.487962962962963 0.12239583333333333 0.4824074074074074 0.11927083333333334 0.4722222222222222 0.11927083333333334 0.4398148148148148 0.12708333333333333 0.4305555555555556 0.14947916666666666 0.41759259259259257 0.1609375 0.4148148148148148
0 0.9703125 0.5055555555555555 0.9994791666666667 0.5333333333333333 0.9994791666666667 0.5851851851851851 0.990625 0.5824074074074074 0.9755208333333333 0.587037037037037 0.96875 0.5805555555555556 0.9661458333333334 0.5675925925925925 0.9619791666666667 0.5601851851851852 0.9572916666666667 0.5361111111111111 0.959375 0.5157407407407407 0.9635416666666666 0.5092592592592593 0.9697916666666667 0.5064814814814815
0 0.30572916666666666 0 0.3463541666666667 0 0.34479166666666666 0.008333333333333333 0.3260416666666667 0.027777777777777776 0.309375 0.019444444444444445 0.3067708333333333 0.014814814814814815 0.30572916666666666 0.000925925925925926
0 0.63125 0.023148148148148147 0.634375 0.025 0.6369791666666667 0.03148148148148148 0.6348958333333333 0.053703703703703705 0.6265625 0.07777777777777778 0.6192708333333333 0.08518518518518518 0.6052083333333333 0.08148148148148149 0.6015625 0.07777777777777778 0.6020833333333333 0.06018518518518518 0.6057291666666667 0.04537037037037037 0.6166666666666667 0.022222222222222223 0.625 0.020370370370370372 0.6307291666666667 0.023148148148148147
0 0.7276041666666667 0.10925925925925926 0.7390625 0.11296296296296296 0.7421875 0.11851851851851852 0.7442708333333333 0.13055555555555556 0.7463541666666667 0.14814814814814814 0.7463541666666667 0.17962962962962964 0.7447916666666666 0.18888888888888888 0.7380208333333333 0.1962962962962963 0.7171875 0.1935185185185185 0.7140625 0.18518518518518517 0.7125 0.15648148148148147 0.7135416666666666 0.1259259259259259 0.7182291666666667 0.11203703703703703 0.7270833333333333 0.10925925925925926
0 0.7135416666666666 0.030555555555555555 0.7239583333333334 0.03981481481481482 0.7302083333333333 0.05462962962962963 0.7348958333333333 0.0712962962962963 0.7385416666666667 0.09537037037037037 0.7375 0.10740740740740741 0.7197916666666667 0.11018518518518519 0.7135416666666666 0.12129629629629629 0.709375 0.12037037037037036 0.70625 0.11574074074074074 0.6979166666666666 0.08703703703703704 0.6973958333333333 0.06111111111111111 0.6994791666666667 0.05 0.7041666666666667 0.03981481481481482 0.7088541666666667 0.032407407407407406 0.7130208333333333 0.03148148148148148
0 0.7494791666666667 0.2537037037037037 0.7708333333333334 0.2814814814814815 0.7625 0.32685185185185184 0.7541666666666667 0.337037037037037 0.7348958333333333 0.3287037037037037 0.7286458333333333 0.32222222222222224 0.7260416666666667 0.3138888888888889 0.7270833333333333 0.29814814814814816 0.7328125 0.2861111111111111 0.7369791666666666 0.2657407407407407 0.7447916666666666 0.25277777777777777 0.7489583333333333 0.2537037037037037
0 0.346875 0 0.37135416666666665 0 0.3729166666666667 0.011111111111111112 0.3729166666666667 0.027777777777777776 0.37135416666666665 0.030555555555555555 0.359375 0.030555555555555555 0.34739583333333335 0.022222222222222223 0.346875 0.000925925925925926
1 0.13385416666666666 0.0962962962962963 0.13802083333333334 0.10277777777777777 0.1390625 0.10925925925925926 0.13333333333333333 0.11666666666666667 0.13072916666666667 0.11388888888888889 0.1296875 0.10648148148148148 0.1296875 0.09907407407407408 0.13333333333333333 0.0962962962962963
1 0.5921875 0.20277777777777778 0.5942708333333333 0.16296296296296298 0.5989583333333334 0.15092592592592594 0.6020833333333333 0.15185185185185185 0.6036458333333333 0.1712962962962963 0.5994791666666667 0.1925925925925926 0.5953125 0.20185185185185187 0.5927083333333333 0.20277777777777778
1 0.103125 0.11944444444444445 0.10885416666666667 0.14351851851851852 0.10260416666666666 0.15 0.09583333333333334 0.12037037037037036 0.0984375 0.11666666666666667 0.10260416666666666 0.11944444444444445
1 0.8489583333333334 0.18333333333333332 0.8505208333333333 0.19907407407407407 0.8447916666666667 0.2175925925925926 0.8411458333333334 0.21666666666666667 0.8401041666666667 0.20185185185185187 0.8484375 0.18333333333333332
1 0.7776041666666667 0.7083333333333334 0.7848958333333333 0.7129629629629629 0.7869791666666667 0.7268518518518519 0.7859375 0.737037037037037 0.7760416666666666 0.7425925925925926 0.7645833333333333 0.7638888888888888 0.7619791666666667 0.7638888888888888 0.7614583333333333 0.7583333333333333 0.7677083333333333 0.7444444444444445 0.7666666666666667 0.7277777777777777 0.7682291666666666 0.7166666666666667 0.771875 0.7092592592592593 0.7770833333333333 0.7083333333333334
1 0.1578125 0.019444444444444445 0.16458333333333333 0.028703703703703703 0.16614583333333333 0.03888888888888889 0.16510416666666666 0.05277777777777778 0.16145833333333334 0.05648148148148148 0.15833333333333333 0.05185185185185185 0.15208333333333332 0.025 0.15364583333333334 0.019444444444444445 0.15729166666666666 0.019444444444444445
1 0.29010416666666666 0.9148148148148149 0.29322916666666665 0.925 0.2994791666666667 0.9333333333333333 0.2984375 0.9425925925925925 0.30104166666666665 0.95 0.29739583333333336 0.9564814814814815 0.29375 0.9564814814814815 0.2911458333333333 0.9490740740740741 0.28229166666666666 0.9472222222222222 0.2786458333333333 0.9416666666666667 0.27708333333333335 0.9324074074074075 0.278125 0.9175925925925926 0.2838541666666667 0.912962962962963 0.28958333333333336 0.9148148148148149
1 0.03854166666666667 0.2074074074074074 0.044270833333333336 0.21574074074074073 0.04635416666666667 0.23055555555555557 0.051041666666666666 0.24074074074074073 0.05 0.24444444444444444 0.03333333333333333 0.21851851851851853 0.03229166666666667 0.2037037037037037 0.0359375 0.2037037037037037 0.03802083333333333 0.2074074074074074
1 0.3140625 0.11944444444444445 0.3171875 0.12037037037037036 0.321875 0.13055555555555556 0.3234375 0.14629629629629629 0.31979166666666664 0.15833333333333333 0.31614583333333335 0.15833333333333333 0.31145833333333334 0.1361111111111111 0.3140625 0.12037037037037036
1 0.1765625 0.46296296296296297 0.190625 0.4935185185185185 0.19114583333333332 0.4981481481481482 0.18541666666666667 0.5083333333333333 0.17604166666666668 0.49444444444444446 0.16927083333333334 0.49074074074074076 0.16875 0.4703703703703704 0.17135416666666667 0.4648148148148148 0.17604166666666668 0.46296296296296297
1 0.4041666666666667 0.6342592592592593 0.415625 0.6574074074074074 0.41041666666666665 0.6675925925925926 0.4083333333333333 0.6851851851851852 0.40520833333333334 0.6907407407407408 0.40260416666666665 0.6898148148148148 0.4010416666666667 0.6824074074074075 0.4010416666666667 0.6675925925925926 0.39739583333333334 0.6481481481481481 0.39739583333333334 0.6425925925925926 0.4005208333333333 0.6351851851851852 0.4036458333333333 0.6342592592592593
1 0.1828125 0.025 0.1875 0.028703703703703703 0.19010416666666666 0.040740740740740744 0.1859375 0.06388888888888888 0.18229166666666666 0.062037037037037036 0.1796875 0.044444444444444446 0.1796875 0.030555555555555555 0.18229166666666666 0.025
1 0.04375 0.11944444444444445 0.05364583333333333 0.1361111111111111 0.058854166666666666 0.15648148148148147 0.058333333333333334 0.16111111111111112 0.05364583333333333 0.1574074074074074 0.0421875 0.1361111111111111 0.03958333333333333 0.12314814814814815 0.043229166666666666 0.11944444444444445
1 0.853125 0.44351851851851853 0.8546875 0.4546296296296296 0.8536458333333333 0.4675925925925926 0.8380208333333333 0.5009259259259259 0.8348958333333333 0.5 0.8333333333333334 0.4888888888888889 0.8348958333333333 0.4740740740740741 0.840625 0.45092592592592595 0.8526041666666667 0.44351851851851853
1 0.5166666666666667 0.3037037037037037 0.51875 0.3074074074074074 0.5203125 0.3212962962962963 0.5151041666666667 0.35555555555555557 0.5125 0.36018518518518516 0.5098958333333333 0.3175925925925926 0.5130208333333334 0.30648148148148147 0.5161458333333333 0.3037037037037037
1 0.4244791666666667 0.7490740740740741 0.428125 0.7555555555555555 0.43020833333333336 0.7722222222222223 0.4348958333333333 0.7833333333333333 0.41822916666666665 0.8046296296296296 0.4161458333333333 0.8037037037037037 0.41770833333333335 0.7768518518518519 0.415625 0.7611111111111111 0.41822916666666665 0.7509259259259259 0.4239583333333333 0.7490740740740741
1 0.17135416666666667 0.9055555555555556 0.19479166666666667 0.9185185185185185 0.1921875 0.925 0.18072916666666666 0.937962962962963 0.178125 0.9518518518518518 0.175 0.9564814814814815 0.17135416666666667 0.9314814814814815 0.15625 0.9157407407407407 0.15677083333333333 0.9111111111111111 0.16145833333333334 0.9055555555555556 0.17083333333333334 0.9055555555555556
1 0.1640625 0.05185185185185185 0.16875 0.0712962962962963 0.16822916666666668 0.07592592592592592 0.16458333333333333 0.08055555555555556 0.16041666666666668 0.07314814814814814 0.159375 0.06666666666666667 0.15989583333333332 0.053703703703703705 0.16354166666666667 0.05185185185185185
1 0.3104166666666667 0.8981481481481481 0.3177083333333333 0.9009259259259259 0.32447916666666665 0.9083333333333333 0.32760416666666664 0.9157407407407407 0.328125 0.9342592592592592 0.325 0.9425925925925925 0.32135416666666666 0.9453703703703704 0.31614583333333335 0.9324074074074075 0.30833333333333335 0.925 0.30833333333333335 0.9138888888888889 0.30364583333333334 0.9074074074074074 0.3046875 0.899074074074074 0.3098958333333333 0.8981481481481481
1 0.8458333333333333 0.1537037037037037 0.8494791666666667 0.13240740740740742 0.8588541666666667 0.11296296296296296 0.8604166666666667 0.11574074074074074 0.8588541666666667 0.12962962962962962 0.8505208333333333 0.1527777777777778 0.8463541666666666 0.1537037037037037
1 0.5583333333333333 0.09074074074074075 0.5630208333333333 0.10185185185185185 0.5635416666666667 0.12129629629629629 0.5567708333333333 0.1398148148148148 0.5546875 0.13703703703703704 0.5546875 0.10185185185185185 0.5578125 0.09074074074074075
1 0.2 0.6175925925925926 0.21197916666666666 0.6231481481481481 0.21770833333333334 0.6444444444444445 0.22708333333333333 0.6564814814814814 0.2265625 0.6611111111111111 0.21875 0.6694444444444444 0.2140625 0.6675925925925926 0.21041666666666667 0.6592592592592592 0.20625 0.6564814814814814 0.20104166666666667 0.6425925925925926 0.19947916666666668 0.6296296296296297 0.19635416666666666 0.6240740740740741 0.19635416666666666 0.6194444444444445 0.19947916666666668 0.6175925925925926
1 0.49947916666666664 0.26851851851851855 0.503125 0.26851851851851855 0.5083333333333333 0.28055555555555556 0.5041666666666667 0.31296296296296294 0.5015625 0.31574074074074077 0.4973958333333333 0.2861111111111111 0.49947916666666664 0.26944444444444443
1 0.8104166666666667 0.3277777777777778 0.8135416666666667 0.34074074074074073 0.8125 0.35185185185185186 0.8036458333333333 0.37777777777777777 0.8005208333333333 0.37592592592592594 0.8 0.3712962962962963 0.7963541666666667 0.37407407407407406 0.7958333333333333 0.3685185185185185 0.7989583333333333 0.3592592592592593 0.8005208333333333 0.3351851851851852 0.8036458333333333 0.3287037037037037 0.8098958333333334 0.3277777777777778
1 0.2604166666666667 0.9472222222222222 0.25677083333333334 0.9268518518518518 0.25833333333333336 0.9175925925925926 0.2640625 0.912962962962963 0.27239583333333334 0.9138888888888889 0.2765625 0.925 0.278125 0.9388888888888889 0.28229166666666666 0.9481481481481482 0.2828125 0.9564814814814815 0.2786458333333333 0.9592592592592593 0.27760416666666665 0.9555555555555556 0.271875 0.9527777777777777 0.26875 0.9453703703703704 0.265625 0.950925925925926 0.2609375 0.9472222222222222
1 0.70625 0.2824074074074074 0.7098958333333333 0.3074074074074074 0.7036458333333333 0.3175925925925926 0.6989583333333333 0.3388888888888889 0.6963541666666667 0.3416666666666667 0.69375 0.3398148148148148 0.69375 0.3351851851851852 0.6979166666666666 0.3138888888888889 0.6984375 0.3 0.7020833333333333 0.2824074074074074 0.7057291666666666 0.2824074074074074
1 0.359375 0.1648148148148148 0.353125 0.13703703703703704 0.3546875 0.11944444444444445 0.3578125 0.12222222222222222 0.3614583333333333 0.1361111111111111 0.3625 0.1648148148148148 0.35989583333333336 0.1648148148148148
1 0.6375 0.08055555555555556 0.6390625 0.09166666666666666 0.6333333333333333 0.12129629629629629 0.6286458333333333 0.1175925925925926 0.6286458333333333 0.10277777777777777 0.6302083333333334 0.09259259259259259 0.6369791666666667 0.08055555555555556
1 0.4119791666666667 0.7203703703703703 0.4171875 0.7194444444444444 0.4244791666666667 0.7296296296296296 0.4239583333333333 0.7481481481481481 0.4171875 0.7527777777777778 0.41458333333333336 0.7712962962962963 0.4109375 0.774074074074074 0.4114583333333333 0.7425925925925926 0.40989583333333335 0.7305555555555555 0.4119791666666667 0.7212962962962963
1 0.1140625 0.09722222222222222 0.11770833333333333 0.10185185185185185 0.12135416666666667 0.12222222222222222 0.11979166666666667 0.13148148148148148 0.11770833333333333 0.13333333333333333 0.11614583333333334 0.13333333333333333 0.11614583333333334 0.12685185185185185 0.1140625 0.12314814814814815 0.10885416666666667 0.12314814814814815 0.10833333333333334 0.10092592592592593 0.10989583333333333 0.09722222222222222 0.11354166666666667 0.09722222222222222
1 0.14166666666666666 0.475 0.14739583333333334 0.48148148148148145 0.15208333333333332 0.4935185185185185 0.16354166666666667 0.5111111111111111 0.1625 0.5148148148148148 0.16041666666666668 0.5148148148148148 0.15520833333333334 0.5064814814814815 0.14947916666666666 0.5046296296296297 0.14739583333333334 0.5074074074074074 0.14479166666666668 0.524074074074074 0.14166666666666666 0.5222222222222223 0.1390625 0.5037037037037037 0.13125 0.487962962962963 0.13645833333333332 0.4759259259259259 0.14114583333333333 0.475
1 0.1296875 0.03796296296296296 0.1421875 0.07037037037037037 0.13854166666666667 0.07407407407407407 0.13333333333333333 0.07222222222222222 0.1234375 0.046296296296296294 0.12552083333333333 0.03888888888888889 0.12916666666666668 0.03796296296296296
1 0.20026041666666666 0.024074074074074074 0.011979166666666667 0.037037037037037035
1 0.603125 0.22037037037037038 0.6052083333333333 0.22407407407407406 0.6088541666666667 0.2518518518518518 0.6088541666666667 0.26296296296296295 0.6067708333333334 0.2638888888888889 0.5947916666666667 0.262037037037037 0.5916666666666667 0.25833333333333336 0.5979166666666667 0.24351851851851852 0.5984375 0.23703703703703705 0.5963541666666666 0.23055555555555557 0.6026041666666667 0.22037037037037038
1 0.7333333333333333 0.7212962962962963 0.7401041666666667 0.7064814814814815 0.7411458333333333 0.6916666666666667 0.74375 0.6851851851851852 0.7520833333333333 0.6814814814814815 0.7541666666666667 0.6777777777777778 0.7583333333333333 0.6787037037037037 0.7604166666666666 0.6833333333333333 0.7598958333333333 0.700925925925926 0.7578125 0.7101851851851851 0.7479166666666667 0.7231481481481481 0.7411458333333333 0.7212962962962963 0.734375 0.725925925925926 0.7333333333333333 0.7222222222222222
1 0.1703125 0.03518518518518519 0.013541666666666667 0.04259259259259259
1 0.33541666666666664 0.8935185185185185 0.3421875 0.8981481481481481 0.3484375 0.9212962962962963 0.3489583333333333 0.9287037037037037 0.34322916666666664 0.9342592592592592 0.3411458333333333 0.9342592592592592 0.3296875 0.9120370370370371 0.3296875 0.8981481481481481 0.33125 0.8944444444444445 0.33489583333333334 0.8935185185185185
1 0.10260416666666666 0.08333333333333333 0.10729166666666666 0.09722222222222222 0.10989583333333333 0.11944444444444445 0.10885416666666667 0.12407407407407407 0.096875 0.09907407407407408 0.09791666666666667 0.08425925925925926 0.10208333333333333 0.08333333333333333
1 0.5828125 0.2722222222222222 0.5864583333333333 0.2916666666666667 0.5817708333333333 0.30185185185185187 0.5786458333333333 0.3277777777777778 0.5760416666666667 0.33055555555555555 0.5734375 0.3287037037037037 0.575 0.3074074074074074 0.5723958333333333 0.30092592592592593 0.5723958333333333 0.29259259259259257 0.5744791666666667 0.2833333333333333 0.5822916666666667 0.2722222222222222
1 0.5682291666666667 0.12037037037037036 0.571875 0.1287037037037037 0.5729166666666666 0.14074074074074075 0.5692708333333333 0.1675925925925926 0.5671875 0.1712962962962963 0.5635416666666667 0.1675925925925926 0.5630208333333333 0.1537037037037037 0.5635416666666667 0.13333333333333333 0.5651041666666666 0.12222222222222222 0.5677083333333334 0.12037037037037036
1 0.6166666666666667 0.6648148148148149 0.6197916666666666 0.6768518518518518 0.6197916666666666 0.687037037037037 0.6166666666666667 0.7027777777777777 0.6088541666666667 0.7018518518518518 0.6020833333333333 0.712037037037037 0.5989583333333334 0.7101851851851851 0.5989583333333334 0.7018518518518518 0.6041666666666666 0.6925925925925925 0.6109375 0.6675925925925926 0.6161458333333333 0.6648148148148149
1 0.5848958333333333 0.08796296296296297 0.5880208333333333 0.0824074074074074 0.5916666666666667 0.0824074074074074 0.5947916666666667 0.09444444444444444 0.5911458333333334 0.11574074074074074 0.5848958333333333 0.13148148148148148 0.5848958333333333 0.08888888888888889
1 0.7864583333333334 0.16203703703703703 0.7880208333333333 0.1648148148148148 0.7864583333333334 0.1824074074074074 0.7807291666666667 0.19444444444444445 0.7791666666666667 0.2074074074074074 0.7776041666666667 0.20833333333333334 0.7744791666666667 0.20277777777777778 0.7786458333333334 0.17407407407407408 0.7828125 0.16296296296296298 0.7859375 0.16203703703703703
1 0.19947916666666668 0.18333333333333332 0.20364583333333333 0.18888888888888888 0.2078125 0.2064814814814815 0.2171875 0.21666666666666667 0.21875 0.22314814814814815 0.21614583333333334 0.22592592592592592 0.20989583333333334 0.21851851851851853 0.2078125 0.2212962962962963 0.20729166666666668 0.22777777777777777 0.203125 0.22870370370370371 0.20104166666666667 0.21203703703703702 0.19635416666666666 0.19907407407407407 0.19739583333333333 0.18518518518518517 0.19895833333333332 0.18425925925925926
1 0.2484375 0.9388888888888889 0.2546875 0.9425925925925925 0.25833333333333336 0.9518518518518518 0.25885416666666666 0.975925925925926 0.2546875 0.9805555555555555 0.240625 0.9712962962962963 0.23541666666666666 0.95 0.23802083333333332 0.9407407407407408 0.24791666666666667 0.9388888888888889