0 0.5140625 0.4166666666666667 0.51875 0.41944444444444445 0.5260416666666666 0.43425925925925923 0.5375 0.4777777777777778 0.5442708333333334 0.5148148148148148 0.54375 0.5277777777777778 0.5401041666666667 0.5351851851851852 0.5192708333333333 0.5416666666666666 0.5119791666666667 0.5416666666666666 0.5067708333333333 0.5361111111111111 0.50625 0.5194444444444445 0.5005208333333333 0.5027777777777778 0.49947916666666664 0.48703703703703705 0.49270833333333336 0.462037037037037 0.49114583333333334 0.43796296296296294 0.4947916666666667 0.4212962962962963 0.5 0.41759259259259257 0.5135416666666667 0.4166666666666667
0 0.5703125 0.4083333333333333 0.578125 0.4212962962962963 0.5848958333333333 0.44074074074074077 0.5854166666666667 0.46111111111111114 0.5776041666666667 0.487962962962963 0.571875 0.4787037037037037 0.5645833333333333 0.4759259259259259 0.5572916666666666 0.45925925925925926 0.5505208333333333 0.45555555555555555 0.5484375 0.44907407407407407 0.5489583333333333 0.43425925925925923 0.553125 0.41203703703703703 0.5614583333333333 0.4074074074074074 0.5697916666666667 0.4083333333333333
0 0.040625 0.4527777777777778 0.042708333333333334 0.45555555555555555 0.051041666666666666 0.45555555555555555 0.071875 0.47129629629629627 0.07708333333333334 0.47962962962962963 0.07864583333333333 0.4888888888888889 0.078125 0.49444444444444446 0.06458333333333334 0.5194444444444445 0.04791666666666667 0.5398148148148149 0.03177083333333333 0.5361111111111111 0.025 0.5314814814814814 0.0203125 0.5157407407407407 0.0203125 0.49722222222222223 0.021875 0.49074074074074076 0.041666666666666664 0.45925925925925926 0.03229166666666667 0.4564814814814815 0.04010416666666667 0.4527777777777778
0 0.7348958333333333 0.6675925925925926 0.7619791666666667 0.687962962962963 0.7755208333333333 0.7046296296296296 0.7932291666666667 0.7351851851851852 0.796875 0.7472222222222222 0.796875 0.7694444444444445 0.79375 0.7814814814814814 0.7833333333333333 0.7935185185185185 0.7723958333333333 0.7935185185185185 0.765625 0.7898148148148149 0.75625 0.774074074074074 0.7255208333333333 0.7453703703703703 0.7104166666666667 0.7388888888888889 0.7057291666666666 0.7314814814814815 0.7026041666666667 0.7138888888888889 0.7130208333333333 0.6787037037037037 0.7171875 0.6722222222222223 0.7270833333333333 0.6648148148148149 0.734375 0.6675925925925926
0 0.5739583333333333 0.2972222222222222 0.5791666666666667 0.3037037037037037 0.5880208333333333 0.34444444444444444 0.5885416666666666 0.362962962962963 0.5833333333333334 0.37037037037037035 0.5630208333333333 0.36944444444444446 0.5536458333333333 0.3296296296296296 0.5536458333333333 0.30462962962962964 0.5567708333333333 0.29444444444444445 0.5708333333333333 0.29259259259259257 0.5734375 0.2972222222222222
0 0 0.4722222222222222 0.008854166666666666 0.46944444444444444 0.034895833333333334 0.4527777777777778 0.04583333333333333 0.4527777777777778 0.050520833333333334 0.45555555555555555 0.0515625 0.45925925925925926 0.0328125 0.475 0.029166666666666667 0.48148148148148145 0.026041666666666668 0.4888888888888889 0.0296875 0.49074074074074076 0.0296875 0.4935185185185185 0.0234375 0.5009259259259259 0.021354166666666667 0.512962962962963 0.023958333333333335 0.5287037037037037 0.008333333333333333 0.5518518518518518 0.0020833333333333333 0.5555555555555556 0 0.5555555555555556 0 0.47314814814814815
0 0.8177083333333334 0.6296296296296297 0.825 0.649074074074074 0.8270833333333333 0.6620370370370371 0.8239583333333333 0.6916666666666667 0.8213541666666667 0.6990740740740741 0.81875 0.7 0.815625 0.6972222222222222 0.79375 0.6509259259259259 0.79375 0.6425925925925926 0.7979166666666667 0.6333333333333333 0.8171875 0.6296296296296297
0 0.103125 0.7777777777777778 0.1171875 0.7861111111111111 0.12708333333333333 0.8 0.128125 0.8185185185185185 0.12291666666666666 0.8425925925925926 0.11666666666666667 0.8537037037037037 0.1 0.8722222222222222 0.0578125 0.9407407407407408 0.04375 0.9666666666666667 0.041666666666666664 0.9851851851851852 0.03854166666666667 0.9935185185185185 0.0328125 0.9990740740740741 0.005208333333333333 0.9990740740740741 0 0.9953703703703703 0 0.9574074074074074 0.0026041666666666665 0.9537037037037037 0.0020833333333333333 0.9462962962962963 0 0.9453703703703704 0 0.8833333333333333 0.008854166666666666 0.8740740740740741 0.03802083333333333 0.8296296296296296 0.052083333333333336 0.8203703703703704 0.07239583333333334 0.7916666666666666 0.08697916666666666 0.7787037037037037 0.10260416666666666 0.7777777777777778
0 0.5364583333333334 0.15462962962962962 0.5416666666666666 0.1648148148148148 0.5401041666666667 0.18888888888888888 0.5375 0.1962962962962963 0.5291666666666667 0.2074074074074074 0.5255208333333333 0.2064814814814815 0.5239583333333333 0.17962962962962964 0.5182291666666666 0.16666666666666666 0.5260416666666666 0.1527777777777778 0.5359375 0.15462962962962962
0 0.546875 0.28055555555555556 0.5427083333333333 0.275 0.5375 0.25833333333333336 0.5390625 0.22777777777777777 0.5427083333333333 0.22407407407407406 0.55 0.225 0.5546875 0.2388888888888889 0.5541666666666667 0.2657407407407407 0.55 0.27870370370370373 0.5473958333333333 0.2796296296296296
0 0.2552083333333333 0.6324074074074074 0.265625 0.6370370370370371 0.27239583333333334 0.6453703703703704 0.28020833333333334 0.6675925925925926 0.2796875 0.6861111111111111 0.2760416666666667 0.6962962962962963 0.2703125 0.700925925925926 0.253125 0.7305555555555555 0.2421875 0.7379629629629629 0.23489583333333333 0.7481481481481481 0.23020833333333332 0.7472222222222222 0.22916666666666666 0.7351851851851852 0.22239583333333332 0.7157407407407408 0.221875 0.6851851851851852 0.24114583333333334 0.6444444444444445 0.25 0.6333333333333333 0.2546875 0.6324074074074074
0 0.7588541666666667 0.40185185185185185 0.7635416666666667 0.4046296296296296 0.7671875 0.4111111111111111 0.7708333333333334 0.42962962962962964 0.7697916666666667 0.43796296296296294 0.7583333333333333 0.43333333333333335 0.7484375 0.42407407407407405 0.7411458333333333 0.425 0.7463541666666667 0.43333333333333335 0.7552083333333334 0.43703703703703706 0.7734375 0.4527777777777778 0.7760416666666666 0.462037037037037 0.7796875 0.49722222222222223 0.7755208333333333 0.5083333333333333 0.7692708333333333 0.5120370370370371 0.7619791666666667 0.5120370370370371 0.7432291666666667 0.5009259259259259 0.7453125 0.4787037037037037 0.7411458333333333 0.4703703703703704 0.740625 0.46111111111111114 0.7359375 0.4425925925925926 0.7375 0.42962962962962964 0.7411458333333333 0.425 0.7390625 0.4166666666666667 0.7401041666666667 0.4064814814814815 0.7442708333333333 0.40185185185185185 0.7583333333333333 0.40185185185185185
0 0.603125 0.011111111111111112 0.6083333333333333 0.01574074074074074 0.6067708333333334 0.03518518518518519 0.6078125 0.058333333333333334 0.60625 0.06666666666666667 0.5984375 0.07685185185185185 0.5786458333333333 0.06481481481481481 0.5776041666666667 0.05462962962962963 0.5802083333333333 0.030555555555555555 0.5875 0.013888888888888888 0.59375 0.009259259259259259 0.6026041666666667 0.011111111111111112
0 0.39895833333333336 0.4648148148148148 0.4010416666666667 0.4685185185185185 0.4010416666666667 0.48518518518518516 0.39895833333333336 0.49444444444444446 0.38385416666666666 0.5157407407407407 0.3807291666666667 0.5120370370370371 0.3796875 0.5009259259259259 0.38333333333333336 0.4703703703703704 0.38697916666666665 0.4685185185185185 0.39114583333333336 0.47314814814814815 0.39479166666666665 0.4685185185185185 0.3958333333333333 0.46296296296296297 0.3984375 0.4648148148148148
0 0.5609375 0.17407407407407408 0.565625 0.1824074074074074 0.5677083333333334 0.19166666666666668 0.5677083333333334 0.20277777777777778 0.5640625 0.21666666666666667 0.5609375 0.2212962962962963 0.546875 0.21851851851851853 0.5421875 0.21203703703703702 0.5427083333333333 0.19907407407407407 0.55 0.1787037037037037 0.5604166666666667 0.17407407407407408
0 0.609375 0.42407407407407405 0.6161458333333333 0.42777777777777776 0.6317708333333333 0.46296296296296297 0.6234375 0.5055555555555555 0.6192708333333333 0.5064814814814815 0.5911458333333334 0.4638888888888889 0.5916666666666667 0.44907407407407407 0.5979166666666667 0.42962962962962964 0.6088541666666667 0.425
0 0.5046875 0.16574074074074074 0.515625 0.1675925925925926 0.5208333333333334 0.17314814814814813 0.5239583333333333 0.1824074074074074 0.5255208333333333 0.20833333333333334 0.5234375 0.23703703703703705 0.5171875 0.2638888888888889 0.509375 0.3138888888888889 0.5020833333333333 0.325 0.47291666666666665 0.3212962962962963 0.46927083333333336 0.3074074074074074 0.46927083333333336 0.28055555555555556 0.47239583333333335 0.25 0.48333333333333334 0.21666666666666667 0.49322916666666666 0.175 0.4984375 0.16666666666666666 0.5041666666666667 0.16574074074074074
0 0.0390625 0.6287037037037037 0.06666666666666667 0.6370370370370371 0.078125 0.6472222222222223 0.0921875 0.6685185185185185 0.0984375 0.6824074074074075 0.10104166666666667 0.6953703703703704 0.10052083333333334 0.7194444444444444 0.096875 0.7277777777777777 0.08385416666666666 0.7398148148148148 0.08072916666666667 0.7555555555555555 0.07760416666666667 0.7601851851851852 0.0640625 0.762962962962963 0.05260416666666667 0.7583333333333333 0.0453125 0.7722222222222223 0.0020833333333333333 0.8009259259259259 0 0.8009259259259259 0 0.7361111111111112 0.0020833333333333333 0.7351851851851852 0 0.7333333333333333 0 0.637962962962963 0.013020833333333334 0.6333333333333333 0.019270833333333334 0.6453703703703704 0.025520833333333333 0.6296296296296297 0.03854166666666667 0.6287037037037037
0 0.5453125 0.08981481481481482 0.5484375 0.09444444444444444 0.546875 0.12685185185185185 0.5427083333333333 0.1388888888888889 0.5359375 0.14814814814814814 0.5255208333333333 0.14814814814814814 0.5213541666666667 0.14074074074074075 0.5223958333333333 0.12314814814814815 0.528125 0.0962962962962963 0.5354166666666667 0.08981481481481482 0.5447916666666667 0.08981481481481482
0 0.9796875 0.662962962962963 0.9994791666666667 0.6712962962962963 0.9994791666666667 0.7324074074074074 0.9885416666666667 0.725925925925926 0.9765625 0.7296296296296296 0.9708333333333333 0.7148148148148148 0.9458333333333333 0.6898148148148148 0.9453125 0.6833333333333333 0.9484375 0.675 0.9588541666666667 0.6638888888888889 0.9791666666666666 0.662962962962963
0 0.6135416666666667 0.5120370370370371 0.6197916666666666 0.5194444444444445 0.6333333333333333 0.5481481481481482 0.6567708333333333 0.6203703703703703 0.659375 0.6398148148148148 0.6583333333333333 0.6509259259259259 0.6515625 0.6620370370370371 0.6421875 0.6675925925925926 0.6333333333333333 0.6666666666666666 0.6161458333333333 0.6574074074074074 0.6125 0.6481481481481481 0.6119791666666666 0.6333333333333333 0.6 0.5981481481481481 0.5953125 0.5888888888888889 0.5875 0.5805555555555556 0.5864583333333333 0.5416666666666666 0.5880208333333333 0.5324074074074074 0.5979166666666667 0.5166666666666667 0.6130208333333333 0.5120370370370371
0 0.390625 0.649074074074074 0.39427083333333335 0.6564814814814814 0.39791666666666664 0.6805555555555556 0.40260416666666665 0.6916666666666667 0.40260416666666665 0.7 0.39010416666666664 0.7129629629629629 0.37447916666666664 0.7212962962962963 0.35885416666666664 0.7240740740740741 0.35208333333333336 0.7333333333333333 0.34739583333333335 0.7324074074074074 0.3385416666666667 0.7240740740740741 0.3375 0.6666666666666666 0.33958333333333335 0.6592592592592592 0.35104166666666664 0.6509259259259259 0.3697916666666667 0.6462962962962963 0.3859375 0.6453703703703704 0.39010416666666664 0.649074074074074
0 0.6770833333333334 0.5037037037037037 0.696875 0.5287037037037037 0.7270833333333333 0.6018518518518519 0.7270833333333333 0.6111111111111112 0.7203125 0.6277777777777778 0.7151041666666667 0.6333333333333333 0.7041666666666667 0.637962962962963 0.6921875 0.6351851851851852 0.684375 0.6296296296296297 0.68125 0.6231481481481481 0.6776041666666667 0.600925925925926 0.6526041666666667 0.562962962962963 0.65 0.5370370370370371 0.6505208333333333 0.5287037037037037 0.6541666666666667 0.5194444444444445 0.6635416666666667 0.5083333333333333 0.6765625 0.5037037037037037
0 0.5614583333333333 0.1425925925925926 0.5640625 0.15092592592592594 0.5630208333333333 0.16296296296296298 0.5598958333333334 0.16944444444444445 0.5536458333333333 0.17314814814814813 0.55 0.17037037037037037 0.55 0.16018518518518518 0.5578125 0.14444444444444443 0.5609375 0.1425925925925926
0 0.190625 0.7490740740740741 0.19947916666666668 0.7583333333333333 0.19947916666666668 0.7787037037037037 0.1875 0.8092592592592592 0.171875 0.837037037037037 0.16770833333333332 0.8361111111111111 0.1625 0.8148148148148148 0.165625 0.7759259259259259 0.171875 0.7546296296296297 0.18177083333333333 0.7555555555555555 0.19010416666666666 0.7490740740740741
0 0.6192708333333333 0.6796296296296296 0.6239583333333333 0.6805555555555556 0.6286458333333333 0.6888888888888889 0.6333333333333333 0.7212962962962963 0.6369791666666667 0.7166666666666667 0.6380208333333334 0.7 0.64375 0.6925925925925925 0.6536458333333334 0.7175925925925926 0.6526041666666667 0.7287037037037037 0.6541666666666667 0.7333333333333333 0.6526041666666667 0.7472222222222222 0.646875 0.75 0.6375 0.7351851851851852 0.6197916666666666 0.7148148148148148 0.615625 0.7055555555555556 0.615625 0.6925925925925925 0.6192708333333333 0.6805555555555556
0 0.28854166666666664 0.7907407407407407 0.29791666666666666 0.8037037037037037 0.3067708333333333 0.8101851851851852 0.30572916666666666 0.8231481481481482 0.26875 0.8425925925925926 0.25833333333333336 0.8379629629629629 0.2546875 0.8314814814814815 0.2552083333333333 0.8157407407407408 0.26875 0.7888888888888889 0.28802083333333334 0.7907407407407407
1 0.0921875 0.36203703703703705 0.08958333333333333 0.3537037037037037 0.09010416666666667 0.3435185185185185 0.09479166666666666 0.3416666666666667 0.09739583333333333 0.35185185185185186 0.09635416666666667 0.3592592592592593 0.09270833333333334 0.3611111111111111
1 0.659375 0.2865740740740741 0.00625 0.03796296296296296
1 0.3765625 0.9333333333333333 0.38333333333333336 0.9435185185185185 0.3885416666666667 0.9703703703703703 0.3854166666666667 0.9731481481481481 0.3802083333333333 0.9685185185185186 0.3770833333333333 0.9694444444444444 0.3734375 0.9861111111111112 0.3697916666666667 0.9916666666666667 0.36822916666666666 0.9898148148148148 0.3697916666666667 0.9666666666666667 0.3671875 0.962037037037037 0.3625 0.9629629629629629 0.3625 0.9592592592592593 0.36666666666666664 0.9518518518518518 0.36666666666666664 0.9361111111111111 0.3729166666666667 0.9305555555555556 0.37604166666666666 0.9333333333333333
1 0.5921875 0.24444444444444444 0.5947916666666667 0.2518518518518518 0.5942708333333333 0.2657407407407407 0.5921875 0.275 0.5885416666666666 0.2796296296296296 0.5869791666666667 0.2564814814814815 0.5916666666666667 0.24444444444444444
1 0.775 0.28888888888888886 0.7755208333333333 0.3037037037037037 0.7692708333333333 0.32685185185185184 0.7671875 0.32407407407407407 0.7651041666666667 0.30277777777777776 0.771875 0.28888888888888886 0.7744791666666667 0.28888888888888886
1 0.13333333333333333 0.2537037037037037 0.14270833333333333 0.2824074074074074 0.1375 0.2861111111111111 0.13333333333333333 0.28055555555555556 0.12708333333333333 0.26296296296296295 0.12864583333333332 0.25555555555555554 0.1328125 0.2537037037037037
1 0.6002604166666666 0.30972222222222223 0.0109375 0.03796296296296296
1 0.8661458333333333 0.6657407407407407 0.86875 0.6675925925925926 0.86875 0.6722222222222223 0.8645833333333334 0.6814814814814815 0.8609375 0.7 0.85625 0.7092592592592593 0.8552083333333333 0.7175925925925926 0.8526041666666667 0.7185185185185186 0.8453125 0.7018518518518518 0.8453125 0.6953703703703704 0.8520833333333333 0.6925925925925925 0.8520833333333333 0.6805555555555556 0.85625 0.6712962962962963 0.8588541666666667 0.6675925925925926 0.865625 0.6657407407407407
1 0.47291666666666665 0.5046296296296297 0.4786458333333333 0.5037037037037037 0.4822916666666667 0.512962962962963 0.47760416666666666 0.5324074074074074 0.47291666666666665 0.5314814814814814 0.4713541666666667 0.5185185185185185 0.47291666666666665 0.5055555555555555
1 0.4979166666666667 0.5074074074074074 0.5020833333333333 0.5083333333333333 0.5057291666666667 0.5222222222222223 0.503125 0.5546296296296296 0.5010416666666667 0.5564814814814815 0.4953125 0.5370370370370371 0.4953125 0.5157407407407407 0.4979166666666667 0.5083333333333333
1 0.7932291666666667 0.5148148148148148 0.7973958333333333 0.5074074074074074 0.8005208333333333 0.5064814814814815 0.8052083333333333 0.5231481481481481 0.8046875 0.5314814814814814 0.8 0.5472222222222223 0.7932291666666667 0.5518518518518518 0.7895833333333333 0.5509259259259259 0.7942708333333334 0.5324074074074074 0.7921875 0.525 0.7932291666666667 0.5157407407407407
1 0.7151041666666667 0.5296296296296297 0.7197916666666667 0.5305555555555556 0.7234375 0.5527777777777778 0.7229166666666667 0.5601851851851852 0.7192708333333333 0.5648148148148148 0.7145833333333333 0.5657407407407408 0.7098958333333333 0.5592592592592592 0.7151041666666667 0.5305555555555556
1 0.7520833333333333 0.5601851851851852 0.7552083333333334 0.5592592592592592 0.7583333333333333 0.5657407407407408 0.7619791666666667 0.5583333333333333 0.765625 0.5583333333333333 0.76875 0.5768518518518518 0.7677083333333333 0.587037037037037 0.7609375 0.5925925925925926 0.7588541666666667 0.5962962962962963 0.7583333333333333 0.6055555555555555 0.7552083333333334 0.6064814814814815 0.7536458333333333 0.5953703703703703 0.7557291666666667 0.587037037037037 0.7557291666666667 0.5740740740740741 0.7520833333333333 0.5611111111111111
1 0 0.4305555555555556 0.008333333333333333 0.43703703703703706 0.019270833333333334 0.45925925925925926 0.011458333333333333 0.45740740740740743 0.0046875 0.4675925925925926 0 0.4564814814814815 0 0.43148148148148147
1 0.23072916666666668 0.23981481481481481 0.22708333333333333 0.2222222222222222 0.22708333333333333 0.2111111111111111 0.22916666666666666 0.20925925925925926 0.23229166666666667 0.21296296296296297 0.23489583333333333 0.22592592592592592 0.234375 0.2388888888888889 0.23125 0.23981481481481481
1 0.07135416666666666 0.2972222222222222 0.07864583333333333 0.3037037037037037 0.078125 0.32037037037037036 0.08229166666666667 0.3314814814814815 0.08020833333333334 0.33796296296296297 0.075 0.3416666666666667 0.07447916666666667 0.3296296296296296 0.06770833333333333 0.3111111111111111 0.06666666666666667 0.3 0.07083333333333333 0.2972222222222222
1 0.8682291666666667 0.6157407407407407 0.8729166666666667 0.6148148148148148 0.8744791666666667 0.6333333333333333 0.8734375 0.6435185185185185 0.8625 0.6648148148148149 0.8583333333333333 0.6648148148148149 0.8588541666666667 0.6555555555555556 0.8552083333333333 0.6564814814814814 0.8520833333333333 0.6620370370370371 0.8494791666666667 0.6611111111111111 0.8505208333333333 0.6546296296296297 0.8588541666666667 0.6407407407407407 0.859375 0.6259259259259259 0.8682291666666667 0.6166666666666667
1 0.3421875 0.8972222222222223 0.35572916666666665 0.9175925925925926 0.3614583333333333 0.9407407407407408 0.3609375 0.9472222222222222 0.35208333333333336 0.9601851851851851 0.3494791666666667 0.9574074074074074 0.3494791666666667 0.9490740740740741 0.34427083333333336 0.9481481481481482 0.3411458333333333 0.9398148148148148 0.3411458333333333 0.925 0.3380208333333333 0.9037037037037037 0.3416666666666667 0.8972222222222223
1 0.4635416666666667 0.4962962962962963 0.46927083333333336 0.5101851851851852 0.46822916666666664 0.5277777777777778 0.471875 0.5435185185185185 0.4703125 0.5537037037037037 0.46979166666666666 0.5444444444444444 0.4671875 0.537962962962963 0.4625 0.55 0.46041666666666664 0.5527777777777778 0.459375 0.5509259259259259 0.46145833333333336 0.5296296296296297 0.4583333333333333 0.5101851851851852 0.45989583333333334 0.49722222222222223 0.4630208333333333 0.4962962962962963
1 0.4875 0.5407407407407407 0.49166666666666664 0.5481481481481482 0.4953125 0.5638888888888889 0.48802083333333335 0.5935185185185186 0.484375 0.5935185185185186 0.4859375 0.5740740740740741 0.48072916666666665 0.5666666666666667 0.48072916666666665 0.5555555555555556 0.4869791666666667 0.5416666666666666
1 0.7411458333333333 0.6166666666666667 0.7385416666666667 0.6064814814814815 0.7375 0.5787037037037037 0.7401041666666667 0.5703703703703704 0.7479166666666667 0.5592592592592592 0.75 0.5601851851851852 0.7546875 0.5787037037037037 0.7546875 0.587037037037037 0.7494791666666667 0.5953703703703703 0.7447916666666666 0.6166666666666667 0.7416666666666667 0.6166666666666667
1 0.10364583333333334 0.5907407407407408 0.11770833333333333 0.625 0.11822916666666666 0.6324074074074074 0.115625 0.6435185185185185 0.1125 0.6425925925925926 0.10833333333333334 0.6296296296296297 0.09895833333333333 0.6157407407407407 0.1 0.5925925925925926 0.103125 0.5907407407407408
1 0.15416666666666667 0.2574074074074074 0.16197916666666667 0.2814814814814815 0.16197916666666667 0.2861111111111111 0.1578125 0.29074074074074074 0.15416666666666667 0.287962962962963 0.15052083333333333 0.27685185185185185 0.15052083333333333 0.25833333333333336 0.15364583333333334 0.2574074074074074
1 0.48072916666666665 0.5111111111111111 0.4875 0.5157407407407407 0.4895833333333333 0.5268518518518519 0.4890625 0.5435185185185185 0.48072916666666665 0.5518518518518518 0.4786458333333333 0.5314814814814814 0.48072916666666665 0.5120370370370371
1 0.5989583333333334 0.24444444444444444 0.6015625 0.2564814814814815 0.6015625 0.26481481481481484 0.5994791666666667 0.26944444444444443 0.5942708333333333 0.2657407407407407 0.5947916666666667 0.2490740740740741 0.5984375 0.24444444444444444
1 0.12395833333333334 0.3037037037037037 0.13229166666666667 0.3138888888888889 0.134375 0.32407407407407407 0.13333333333333333 0.3314814814814815 0.1296875 0.33425925925925926 0.1265625 0.3416666666666667 0.11979166666666667 0.3111111111111111 0.11979166666666667 0.3074074074074074 0.1234375 0.3037037037037037
1 0.6171875 0.2611111111111111 0.615625 0.2861111111111111 0.6130208333333333 0.29259259259259257 0.6098958333333333 0.28888888888888886 0.6098958333333333 0.26481481481481484 0.6125 0.25555555555555554 0.6166666666666667 0.2611111111111111
1 0.7416666666666667 0.4722222222222222 0.7453125 0.47685185185185186 0.7458333333333333 0.487962962962963 0.7375 0.5222222222222223 0.734375 0.5175925925925926 0.7333333333333333 0.5074074074074074 0.7359375 0.4824074074074074 0.7411458333333333 0.4722222222222222
1 0.109375 0.3138888888888889 0.11302083333333333 0.3101851851851852 0.11979166666666667 0.32407407407407407 0.1203125 0.3416666666666667 0.115625 0.3416666666666667 0.11041666666666666 0.32407407407407407 0.10989583333333333 0.3148148148148148
1 0.04010416666666667 0.3851851851851852 0.04895833333333333 0.4 0.05 0.412962962962963 0.05677083333333333 0.4212962962962963 0.05520833333333333 0.42592592592592593 0.04895833333333333 0.42314814814814816 0.046875 0.4351851851851852 0.044270833333333336 0.43333333333333335 0.0421875 0.41574074074074074 0.0359375 0.40185185185185185 0.036458333333333336 0.39166666666666666 0.03958333333333333 0.3851851851851852
1 0.6234375 0.30648148148148147 0.6265625 0.3212962962962963 0.6239583333333333 0.325 0.6229166666666667 0.33796296296296297 0.6197916666666666 0.3388888888888889 0.6182291666666667 0.34814814814814815 0.6161458333333333 0.35 0.6145833333333334 0.3490740740740741 0.6140625 0.3194444444444444 0.6192708333333333 0.30648148148148147 0.6229166666666667 0.30648148148148147
1 0.25104166666666666 0.17962962962962964 0.2552083333333333 0.18055555555555555 0.26145833333333335 0.18888888888888888 0.25729166666666664 0.20277777777777778 0.26145833333333335 0.21296296296296297 0.25833333333333336 0.22037037037037038 0.2552083333333333 0.2222222222222222 0.24895833333333334 0.19166666666666668 0.25104166666666666 0.18055555555555555
1 0.7958333333333333 0.37592592592592594 0.7947916666666667 0.3648148148148148 0.796875 0.34814814814814815 0.803125 0.3351851851851852 0.8052083333333333 0.34074074074074073 0.8052083333333333 0.3537037037037037 0.8036458333333333 0.36203703703703705 0.7963541666666667 0.37592592592592594
1 0.609375 0.26296296296296295 0.6109375 0.26666666666666666 0.6104166666666667 0.2898148148148148 0.6057291666666667 0.29814814814814816 0.6015625 0.275 0.6041666666666666 0.2638888888888889 0.6088541666666667 0.26296296296296295
1 0.16458333333333333 0.2722222222222222 0.16875 0.2722222222222222 0.1796875 0.30277777777777776 0.16979166666666667 0.30833333333333335 0.1703125 0.2935185185185185 0.16614583333333333 0.28425925925925927 0.16458333333333333 0.27314814814814814
1 0.32760416666666664 0.14074074074074075 0.33125 0.15092592592592594 0.3307291666666667 0.1675925925925926 0.32760416666666664 0.175 0.325 0.17222222222222222 0.321875 0.15925925925925927 0.3223958333333333 0.14629629629629629 0.32447916666666665 0.14074074074074075 0.32708333333333334 0.14074074074074075
1 0.32447916666666665 0.9490740740740741 0.32864583333333336 0.9555555555555556 0.3328125 0.9694444444444444 0.3338541666666667 0.9916666666666667 0.33177083333333335 0.9990740740740741 0.3203125 0.9990740740740741 0.31666666666666665 0.975 0.3140625 0.9685185185185186 0.3140625 0.9583333333333334 0.3203125 0.9472222222222222 0.32395833333333335 0.9490740740740741