0 0.8307291666666666 0.17777777777777778 0.8427083333333333 0.18888888888888888 0.84375 0.19537037037037036 0.8421875 0.2064814814814815 0.8348958333333333 0.22685185185185186 0.8197916666666667 0.24537037037037038 0.8140625 0.25925925925925924 0.8072916666666666 0.26296296296296295 0.7947916666666667 0.25833333333333336 0.784375 0.2490740740740741 0.7817708333333333 0.24351851851851852 0.78125 0.22962962962962963 0.7901041666666667 0.21574074074074073 0.79375 0.20555555555555555 0.8098958333333334 0.18333333333333332 0.8223958333333333 0.17592592592592593 0.8302083333333333 0.17777777777777778
0 0.125 0.15648148148148147 0.14427083333333332 0.17685185185185184 0.15885416666666666 0.20833333333333334 0.159375 0.22037037037037038 0.15208333333333332 0.23055555555555557 0.15104166666666666 0.24259259259259258 0.12604166666666666 0.26296296296296295 0.090625 0.3055555555555556 0.08229166666666667 0.3175925925925926 0.08125 0.3287037037037037 0.078125 0.3351851851851852 0.07291666666666667 0.3398148148148148 0.06041666666666667 0.3398148148148148 0.0359375 0.36944444444444446 0.020833333333333332 0.3814814814814815 0.014583333333333334 0.38055555555555554 0.008333333333333333 0.375 0.0046875 0.3685185185185185 0.0036458333333333334 0.35555555555555557 0 0.35 0 0.2601851851851852 0.03125 0.22314814814814815 0.06875 0.1925925925925926 0.07604166666666666 0.1824074074074074 0.09583333333333334 0.16574074074074074 0.10104166666666667 0.1574074074074074 0.11145833333333334 0.1527777777777778 0.12447916666666667 0.15648148148148147
0 0.27760416666666665 0.4537037037037037 0.28489583333333335 0.45925925925925926 0.2942708333333333 0.48055555555555557 0.2953125 0.49722222222222223 0.29375 0.5027777777777778 0.2828125 0.5222222222222223 0.2713541666666667 0.5231481481481481 0.2598958333333333 0.5305555555555556 0.2328125 0.5546296296296296 0.22604166666666667 0.5685185185185185 0.2203125 0.5740740740740741 0.20208333333333334 0.5722222222222222 0.19270833333333334 0.5638888888888889 0.18489583333333334 0.5398148148148149 0.18333333333333332 0.5305555555555556 0.184375 0.5222222222222223 0.20520833333333333 0.49444444444444446 0.22447916666666667 0.47685185185185186 0.24635416666666668 0.46296296296296297 0.2598958333333333 0.46111111111111114 0.2713541666666667 0.4537037037037037 0.27708333333333335 0.4537037037037037
0 0.5494791666666666 0.026851851851851852 0.553125 0.028703703703703703 0.5567708333333333 0.03888888888888889 0.5578125 0.058333333333333334 0.5473958333333333 0.10092592592592593 0.5432291666666667 0.10462962962962963 0.525 0.10185185185185185 0.5223958333333333 0.09814814814814815 0.5223958333333333 0.08055555555555556 0.5244791666666667 0.06296296296296296 0.528125 0.058333333333333334 0.5375 0.02962962962962963 0.5427083333333333 0.025925925925925925 0.5489583333333333 0.026851851851851852
0 0.28958333333333336 0.1037037037037037 0.2984375 0.11203703703703703 0.30052083333333335 0.11944444444444445 0.30052083333333335 0.13333333333333333 0.296875 0.1398148148148148 0.27708333333333335 0.15833333333333333 0.2703125 0.175 0.259375 0.17685185185185184 0.24791666666666667 0.175 0.23958333333333334 0.1675925925925926 0.23802083333333332 0.13703703703703704 0.24010416666666667 0.12962962962962962 0.2578125 0.10833333333333334 0.2890625 0.1037037037037037
0 0.628125 0.037037037037037035 0.6333333333333333 0.03888888888888889 0.6380208333333334 0.04537037037037037 0.6385416666666667 0.06018518518518518 0.634375 0.07592592592592592 0.6265625 0.09444444444444444 0.6229166666666667 0.09814814814814815 0.6151041666666667 0.09814814814814815 0.6057291666666667 0.09351851851851851 0.6036458333333333 0.0787037037037037 0.6057291666666667 0.06759259259259259 0.6151041666666667 0.04259259259259259 0.6203125 0.037037037037037035 0.6276041666666666 0.037037037037037035
1 0.8067708333333333 0.16944444444444445 0.8078125 0.1814814814814815 0.8057291666666667 0.18981481481481483 0.8026041666666667 0.19722222222222222 0.79375 0.2064814814814815 0.7984375 0.17962962962962964 0.8036458333333333 0.16944444444444445 0.80625 0.16944444444444445
1 0.34270833333333334 0.8935185185185185 0.3489583333333333 0.9037037037037037 0.3484375 0.9148148148148149 0.35208333333333336 0.9351851851851852 0.35208333333333336 0.9416666666666667 0.3453125 0.9472222222222222 0.34322916666666664 0.9361111111111111 0.3333333333333333 0.9314814814814815 0.33229166666666665 0.9222222222222223 0.32708333333333334 0.9101851851851852 0.32760416666666664 0.9027777777777778 0.3375 0.8935185185185185 0.3421875 0.8935185185185185
1 0.052083333333333336 0.12314814814814815 0.057291666666666664 0.13148148148148148 0.06145833333333333 0.14907407407407408 0.06666666666666667 0.16111111111111112 0.06666666666666667 0.16574074074074074 0.06458333333333334 0.1675925925925926 0.0484375 0.13703703703703704 0.046875 0.125 0.0515625 0.12314814814814815
1 0.6 0.07962962962962963 0.6020833333333333 0.08148148148148149 0.6041666666666666 0.09351851851851851 0.5989583333333334 0.11666666666666667 0.596875 0.11944444444444445 0.5953125 0.11944444444444445 0.5947916666666667 0.09074074074074075 0.5994791666666667 0.07962962962962963
1 0.8458333333333333 0.46574074074074073 0.8479166666666667 0.46944444444444444 0.8484375 0.4925925925925926 0.8385416666666666 0.5018518518518519 0.8286458333333333 0.5185185185185185 0.8255208333333334 0.5120370370370371 0.8203125 0.5083333333333333 0.8244791666666667 0.49444444444444446 0.8317708333333333 0.48055555555555557 0.8453125 0.46574074074074073
1 0.8453125 0.11574074074074074 0.846875 0.11851851851851852 0.8463541666666666 0.1287037037037037 0.8390625 0.15555555555555556 0.8328125 0.1574074074074074 0.8317708333333333 0.14722222222222223 0.8380208333333333 0.12685185185185185 0.8447916666666667 0.11666666666666667
1 0.6583333333333333 0.23796296296296296 0.6609375 0.24074074074074073 0.6619791666666667 0.25092592592592594 0.6546875 0.2898148148148148 0.6510416666666666 0.28888888888888886 0.6505208333333333 0.2824074074074074 0.6526041666666667 0.2759259259259259 0.6526041666666667 0.2611111111111111 0.6578125 0.23796296296296296
1 0.2296875 0 0.2359375 0 0.23697916666666666 0.012037037037037037 0.2359375 0.019444444444444445 0.23072916666666668 0.022222222222222223 0.2296875 0.000925925925925926
1 0.28802083333333334 0.9166666666666666 0.3015625 0.9287037037037037 0.30416666666666664 0.937037037037037 0.30625 0.9564814814814815 0.3 0.9666666666666667 0.29791666666666666 0.9648148148148148 0.29583333333333334 0.9537037037037037 0.28541666666666665 0.9407407407407408 0.28489583333333335 0.9314814814814815 0.28072916666666664 0.925 0.28229166666666666 0.9175925925925926 0.2875 0.9166666666666666
1 0.6747395833333333 0.16574074074074074 0.013020833333333334 0.1037037037037037
1 0.046875 0.5824074074074074 0.06197916666666667 0.5842592592592593 0.06770833333333333 0.5907407407407408 0.0671875 0.5962962962962963 0.06354166666666666 0.5944444444444444 0.0609375 0.5888888888888889 0.05520833333333333 0.5916666666666667 0.058854166666666666 0.5981481481481481 0.057291666666666664 0.6138888888888889 0.059375 0.6231481481481481 0.050520833333333334 0.6398148148148148 0.043229166666666666 0.6212962962962963 0.041666666666666664 0.6101851851851852 0.043229166666666666 0.5861111111111111 0.04635416666666667 0.5824074074074074
1 0.1578125 0.7268518518518519 0.16197916666666667 0.725 0.178125 0.7379629629629629 0.18020833333333333 0.7481481481481481 0.18541666666666667 0.7546296296296297 0.18697916666666667 0.7731481481481481 0.1859375 0.7833333333333333 0.1828125 0.7824074074074074 0.175 0.7694444444444445 0.16145833333333334 0.7574074074074074 0.15885416666666666 0.7518518518518519 0.15885416666666666 0.7379629629629629 0.15677083333333333 0.7324074074074074 0.1578125 0.7277777777777777
1 0.45 0.5546296296296296 0.4552083333333333 0.5675925925925925 0.4588541666666667 0.5898148148148148 0.45625 0.6027777777777777 0.45260416666666664 0.5962962962962963 0.44635416666666666 0.6046296296296296 0.4453125 0.5703703703703704 0.446875 0.5583333333333333 0.44947916666666665 0.5546296296296296
1 0.10260416666666666 0.11296296296296296 0.10885416666666667 0.10833333333333334 0.11354166666666667 0.1175925925925926 0.11614583333333334 0.13240740740740742 0.12135416666666667 0.1388888888888889 0.12083333333333333 0.14166666666666666 0.11510416666666666 0.1425925925925926 0.10625 0.13425925925925927 0.103125 0.11388888888888889
1 0.4942708333333333 0.3212962962962963 0.49947916666666664 0.3351851851851852 0.49583333333333335 0.36944444444444446 0.49114583333333334 0.36944444444444446 0.4875 0.36203703703703705 0.4875 0.33240740740740743 0.49166666666666664 0.32222222222222224 0.49375 0.32222222222222224
1 0.7875 0.8712962962962963 0.7911458333333333 0.8777777777777778 0.7927083333333333 0.8972222222222223 0.7890625 0.9046296296296297 0.7817708333333333 0.9074074074074074 0.7723958333333333 0.9175925925925926 0.7609375 0.9027777777777778 0.765625 0.8916666666666667 0.7869791666666667 0.8712962962962963
1 0.13854166666666667 0.062037037037037036 0.14479166666666668 0.07407407407407407 0.14479166666666668 0.08333333333333333 0.14947916666666666 0.10185185185185185 0.14479166666666668 0.10185185185185185 0.1421875 0.09814814814814815 0.1421875 0.08981481481481482 0.13854166666666667 0.08425925925925926 0.13541666666666666 0.0712962962962963 0.13489583333333333 0.062037037037037036 0.13802083333333334 0.062037037037037036
1 0.19947916666666668 0.053703703703703705 0.20260416666666667 0.06388888888888888 0.203125 0.07777777777777778 0.2078125 0.08796296296296297 0.20677083333333332 0.09166666666666666 0.2 0.09537037037037037 0.20052083333333334 0.08611111111111111 0.19427083333333334 0.06666666666666667 0.1953125 0.05555555555555555 0.19895833333333332 0.053703703703703705
1 0.08854166666666667 0.10277777777777777 0.09322916666666667 0.10833333333333334 0.09479166666666666 0.11851851851851852 0.10208333333333333 0.13333333333333333 0.1015625 0.14074074074074075 0.09895833333333333 0.14537037037037037 0.09479166666666666 0.14537037037037037 0.09166666666666666 0.1287037037037037 0.0859375 0.11851851851851852 0.08489583333333334 0.11203703703703703 0.08802083333333334 0.10277777777777777
1 0.8973958333333333 0.5666666666666667 0.9026041666666667 0.5564814814814815 0.9005208333333333 0.5546296296296296 0.8942708333333333 0.5611111111111111 0.8927083333333333 0.5564814814814815 0.9015625 0.5453703703703704 0.9098958333333333 0.5287037037037037 0.9145833333333333 0.5259259259259259 0.9182291666666667 0.5194444444444445 0.921875 0.5212962962962963 0.921875 0.5398148148148149 0.9197916666666667 0.5462962962962963 0.9104166666666667 0.5537037037037037 0.9010416666666666 0.5703703703703704 0.8979166666666667 0.5703703703703704 0.8973958333333333 0.5675925925925925
1 0.8890625 0.5277777777777778 0.025 0.04259259259259259
1 0.459375 0.8324074074074074 0.4630208333333333 0.8388888888888889 0.4635416666666667 0.8490740740740741 0.4583333333333333 0.862037037037037 0.45 0.8740740740740741 0.4427083333333333 0.8657407407407407 0.44635416666666666 0.8592592592592593 0.44427083333333334 0.8388888888888889 0.45208333333333334 0.8305555555555556 0.4588541666666667 0.8324074074074074
1 0.10364583333333334 0.85 0.10572916666666667 0.8527777777777777 0.115625 0.850925925925926 0.12135416666666667 0.8555555555555555 0.140625 0.8898148148148148 0.140625 0.8935185185185185 0.13385416666666666 0.9018518518518519 0.13020833333333334 0.9 0.12291666666666666 0.8888888888888888 0.11302083333333333 0.8916666666666667 0.10052083333333334 0.8805555555555555 0.09739583333333333 0.8731481481481481 0.09895833333333333 0.862037037037037 0.09479166666666666 0.8583333333333333 0.09375 0.8527777777777777 0.09739583333333333 0.8481481481481481 0.103125 0.85
1 0.29791666666666666 0.14629629629629629 0.303125 0.1574074074074074 0.30364583333333334 0.1685185185185185 0.3078125 0.18518518518518517 0.30416666666666664 0.18055555555555555 0.3020833333333333 0.1814814814814815 0.3 0.1925925925925926 0.296875 0.18981481481481483 0.29583333333333334 0.17222222222222222 0.29322916666666665 0.16111111111111112 0.2947916666666667 0.14722222222222223 0.29739583333333336 0.14629629629629629
1 0.3145833333333333 0.9111111111111111 0.3223958333333333 0.9212962962962963 0.32708333333333334 0.9398148148148148 0.3265625 0.9490740740740741 0.321875 0.9555555555555556 0.3182291666666667 0.9546296296296296 0.31666666666666665 0.9462962962962963 0.3026041666666667 0.9259259259259259 0.30416666666666664 0.9194444444444444 0.3140625 0.9111111111111111
1 0.5953125 0.11851851851851852 0.5984375 0.12037037037037036 0.6010416666666667 0.13240740740740742 0.6005208333333333 0.14537037037037037 0.596875 0.16203703703703703 0.5953125 0.16666666666666666 0.5927083333333333 0.1638888888888889 0.5901041666666667 0.13425925925925927 0.5953125 0.11944444444444445
1 0.18958333333333333 0.08055555555555556 0.19010416666666666 0.07777777777777778 0.18802083333333333 0.07685185185185185 0.18802083333333333 0.08148148148148149 0.18541666666666667 0.08611111111111111 0.18229166666666666 0.08148148148148149 0.18020833333333333 0.05185185185185185 0.18177083333333333 0.046296296296296294 0.18541666666666667 0.04537037037037037 0.1875 0.05 0.18854166666666666 0.06296296296296296 0.19375 0.07685185185185185 0.19322916666666667 0.08148148148148149 0.19010416666666666 0.08148148148148149
1 0.37604166666666666 0.8240740740740741 0.38697916666666665 0.8388888888888889 0.38697916666666665 0.8546296296296296 0.38958333333333334 0.8611111111111112 0.38697916666666665 0.8657407407407407 0.36822916666666666 0.862037037037037 0.36822916666666666 0.8277777777777777 0.37552083333333336 0.8240740740740741
1 0.6041666666666666 0.016666666666666666 0.6057291666666667 0.018518518518518517 0.6067708333333334 0.032407407407407406 0.6036458333333333 0.040740740740740744 0.6020833333333333 0.06481481481481481 0.5989583333333334 0.06481481481481481 0.596875 0.03611111111111111 0.5984375 0.023148148148148147 0.6020833333333333 0.014814814814814815 0.6036458333333333 0.016666666666666666
1 0.16458333333333333 0.08518518518518518 0.16979166666666667 0.09722222222222222 0.175 0.12314814814814815 0.1703125 0.1259259259259259 0.1609375 0.09907407407407408 0.16041666666666668 0.09351851851851851 0.1640625 0.08611111111111111
1 0.24114583333333334 0.7277777777777777 0.24739583333333334 0.7342592592592593 0.2520833333333333 0.7342592592592593 0.2546875 0.7472222222222222 0.2526041666666667 0.7694444444444445 0.2484375 0.7731481481481481 0.23645833333333333 0.7509259259259259 0.23072916666666668 0.7351851851851852 0.23072916666666668 0.7305555555555555 0.23385416666666667 0.725925925925926 0.240625 0.7277777777777777
1 0.7932291666666667 0.912962962962963 0.7963541666666667 0.9185185185185185 0.7963541666666667 0.9444444444444444 0.7895833333333333 0.950925925925926 0.7885416666666667 0.9592592592592593 0.7848958333333333 0.962037037037037 0.7791666666666667 0.9592592592592593 0.775 0.9435185185185185 0.7614583333333333 0.9472222222222222 0.7567708333333333 0.9407407407407408 0.7677083333333333 0.9351851851851852 0.7760416666666666 0.924074074074074 0.7890625 0.912962962962963 0.7927083333333333 0.912962962962963
1 0.18854166666666666 0.6824074074074075 0.19947916666666668 0.6898148148148148 0.20625 0.7 0.21145833333333333 0.7194444444444444 0.20989583333333334 0.7342592592592593 0.20572916666666666 0.7342592592592593 0.19895833333333332 0.7277777777777777 0.18645833333333334 0.7083333333333334 0.18333333333333332 0.6833333333333333 0.18802083333333333 0.6824074074074075
1 0.6932291666666667 0.3314814814814815 0.7015625 0.32222222222222224 0.709375 0.2935185185185185 0.7130208333333333 0.2953703703703704 0.7166666666666667 0.3101851851851852 0.7161458333333334 0.31666666666666665 0.7083333333333334 0.3277777777777778 0.7046875 0.34444444444444444 0.7 0.34444444444444444 0.6989583333333333 0.3388888888888889 0.6932291666666667 0.33240740740740743
1 0.26666666666666666 0.9481481481481482 0.27291666666666664 0.9481481481481482 0.2765625 0.9583333333333334 0.28125 0.9629629629629629 0.2838541666666667 0.9796296296296296 0.28177083333333336 0.9842592592592593 0.26666666666666666 0.9796296296296296 0.2609375 0.9657407407407408 0.26197916666666665 0.9564814814814815 0.26666666666666666 0.9490740740740741
1 0.9640625 0.5564814814814815 0.965625 0.5648148148148148 0.9630208333333333 0.5768518518518518 0.9510416666666667 0.5972222222222222 0.9411458333333333 0.5953703703703703 0.9390625 0.5925925925925926 0.9390625 0.5861111111111111 0.9484375 0.5638888888888889 0.9578125 0.5564814814814815 0.9635416666666666 0.5564814814814815
1 0.6473958333333333 0.024074074074074074 0.6494791666666667 0.040740740740740744 0.64375 0.0712962962962963 0.640625 0.06944444444444445 0.640625 0.044444444444444446 0.6421875 0.03333333333333333 0.646875 0.025
1 0.5953125 0.019444444444444445 0.5984375 0.027777777777777776 0.5984375 0.03333333333333333 0.5916666666666667 0.06481481481481481 0.5895833333333333 0.06296296296296296 0.5875 0.040740740740740744 0.5895833333333333 0.025925925925925925 0.5947916666666667 0.020370370370370372
1 0.1328125 0.08981481481481482 0.1375 0.09722222222222222 0.1390625 0.10833333333333334 0.14479166666666668 0.11944444444444445 0.1375 0.13055555555555556 0.12760416666666666 0.09907407407407408 0.12760416666666666 0.09166666666666666 0.12916666666666668 0.08888888888888889 0.13229166666666667 0.08981481481481482
1 0.8677083333333333 0.20833333333333334 0.8697916666666666 0.2101851851851852 0.8708333333333333 0.22685185185185186 0.8578125 0.24814814814814815 0.8557291666666667 0.2564814814814815 0.8526041666666667 0.25833333333333336 0.8505208333333333 0.25462962962962965 0.8557291666666667 0.22685185185185186 0.8630208333333333 0.2111111111111111 0.8671875 0.20833333333333334
1 0.5572916666666666 0.41203703703703703 0.5614583333333333 0.4222222222222222 0.5614583333333333 0.4398148148148148 0.5567708333333333 0.4537037037037037 0.55 0.462037037037037 0.546875 0.44722222222222224 0.5473958333333333 0.42685185185185187 0.55 0.41759259259259257 0.5567708333333333 0.41203703703703703
1 0.24635416666666668 0 0.25416666666666665 0 0.2546875 0.008333333333333333 0.25833333333333336 0.014814814814814815 0.25833333333333336 0.020370370370370372 0.25416666666666665 0.017592592592592594 0.2515625 0.025925925925925925 0.24791666666666667 0.025925925925925925 0.24635416666666668 0.000925925925925926
1 0.9197916666666667 0.49074074074074076 0.91875 0.5055555555555555 0.9114583333333334 0.525 0.9046875 0.5361111111111111 0.9010416666666666 0.5324074074074074 0.8994791666666667 0.5259259259259259 0.9036458333333334 0.5055555555555555 0.9151041666666667 0.49074074074074076 0.9192708333333334 0.49074074074074076
1 0.7760416666666666 0.8398148148148148 0.7796875 0.8453703703703703 0.7786458333333334 0.8703703703703703 0.7765625 0.875 0.7708333333333334 0.8768518518518519 0.7625 0.8861111111111111 0.75625 0.8842592592592593 0.7510416666666667 0.8703703703703703 0.7619791666666667 0.8546296296296296 0.765625 0.8435185185185186 0.7755208333333333 0.8398148148148148
1 0.5151041666666667 0.287962962962963 0.5197916666666667 0.30092592592592593 0.51875 0.3296296296296296 0.5151041666666667 0.325 0.5119791666666667 0.3351851851851852 0.5098958333333333 0.33240740740740743 0.5088541666666667 0.3 0.5119791666666667 0.2898148148148148 0.5145833333333333 0.287962962962963
1 0.21197916666666666 0 0.21979166666666666 0 0.2234375 0.025925925925925925 0.22291666666666668 0.02962962962962963 0.21927083333333333 0.02962962962962963 0.2125 0.009259259259259259 0.21197916666666666 0.000925925925925926
1 0.1 0.09675925925925925 0.015625 0.028703703703703703
1 0.4984375 0.38333333333333336 0.503125 0.38333333333333336 0.5072916666666667 0.39351851851851855 0.5046875 0.42592592592592593 0.5015625 0.4351851851851852 0.4979166666666667 0.4351851851851852 0.49947916666666664 0.4287037037037037 0.496875 0.40370370370370373 0.4984375 0.38425925925925924
1 0.6052083333333333 0.017592592592592594 0.6104166666666667 0.03425925925925926 0.6088541666666667 0.06018518518518518 0.6067708333333334 0.06574074074074074 0.603125 0.06481481481481481 0.6020833333333333 0.06111111111111111 0.6046875 0.03333333333333333 0.6026041666666667 0.020370370370370372 0.6046875 0.018518518518518517
1 0.6921875 0.8666666666666667 0.6953125 0.8833333333333333 0.69375 0.8972222222222223 0.6911458333333333 0.9018518518518519 0.684375 0.9046296296296297 0.6786458333333333 0.9138888888888889 0.6744791666666666 0.9111111111111111 0.6703125 0.9018518518518519 0.6703125 0.8972222222222223 0.675 0.8916666666666667 0.6859375 0.8657407407407407 0.6890625 0.8638888888888889 0.6916666666666667 0.8666666666666667
1 0.7328125 0.36944444444444446 0.7354166666666667 0.37592592592592594 0.734375 0.39166666666666666 0.728125 0.4148148148148148 0.7270833333333333 0.41759259259259257 0.7177083333333333 0.41944444444444445 0.715625 0.4148148148148148 0.7234375 0.3990740740740741 0.7276041666666667 0.37592592592592594 0.7322916666666667 0.36944444444444446
1 0.6229166666666667 0.005555555555555556 0.6270833333333333 0.01574074074074074 0.6244791666666667 0.03333333333333333 0.6197916666666666 0.03333333333333333 0.6203125 0.013888888888888888 0.6229166666666667 0.006481481481481481
1 0.1984375 0.9027777777777778 0.20989583333333334 0.9074074074074074 0.2125 0.925 0.22395833333333334 0.9277777777777778 0.225 0.9324074074074075 0.2234375 0.937037037037037 0.21875 0.937962962962963 0.21510416666666668 0.9351851851851852 0.21302083333333333 0.9268518518518518 0.209375 0.9268518518518518 0.20208333333333334 0.9416666666666667 0.19583333333333333 0.9453703703703704 0.18541666666666667 0.9425925925925925 0.1859375 0.9388888888888889 0.190625 0.9342592592592592 0.19114583333333332 0.9287037037037037 0.1875 0.9194444444444444 0.18229166666666666 0.9148148148148149 0.18229166666666666 0.9101851851851852 0.19166666666666668 0.9027777777777778 0.19791666666666666 0.9027777777777778
1 0.6817708333333333 0.1824074074074074 0.6828125 0.20277777777777778 0.6802083333333333 0.21666666666666667 0.6729166666666667 0.225 0.6708333333333333 0.22407407407407406 0.671875 0.20462962962962963 0.678125 0.18333333333333332 0.68125 0.1824074074074074
1 0.7567708333333333 0.1425925925925926 0.013541666666666667 0.04259259259259259
1 0.5848958333333333 0.046296296296296294 0.5848958333333333 0.017592592592592594 0.5880208333333333 0.008333333333333333 0.5911458333333334 0.005555555555555556 0.59375 0.022222222222222223 0.590625 0.028703703703703703 0.5890625 0.044444444444444446 0.5854166666666667 0.046296296296296294
1 0.24635416666666668 0.9472222222222222 0.25104166666666666 0.9490740740740741 0.253125 0.9583333333333334 0.2604166666666667 0.9694444444444444 0.26145833333333335 0.9824074074074074 0.25833333333333336 0.987037037037037 0.2515625 0.9861111111111112 0.24947916666666667 0.9796296296296296 0.24114583333333334 0.9740740740740741 0.23854166666666668 0.9638888888888889 0.23385416666666667 0.9564814814814815 0.2375 0.9490740740740741 0.24583333333333332 0.9472222222222222