1 0.0421875 0.13055555555555556 0.05 0.14166666666666666 0.05260416666666667 0.1537037037037037 0.051041666666666666 0.16111111111111112 0.04739583333333333 0.16018518518518518 0.043229166666666666 0.1537037037037037 0.03697916666666667 0.13703703703703704 0.03697916666666667 0.13240740740740742 0.041666666666666664 0.13055555555555556
1 0.5984375 0.04259259259259259 0.6005208333333333 0.05648148148148148 0.6 0.07037037037037037 0.5979166666666667 0.07592592592592592 0.5916666666666667 0.08148148148148149 0.5916666666666667 0.05462962962962963 0.5953125 0.04351851851851852 0.5979166666666667 0.04259259259259259
1 0.8489583333333334 0.13425925925925927 0.8526041666666667 0.1361111111111111 0.8505208333333333 0.15 0.8447916666666667 0.17037037037037037 0.8421875 0.17592592592592593 0.8395833333333333 0.175 0.840625 0.15925925925925927 0.8489583333333334 0.13518518518518519
1 0.5651041666666666 0.1712962962962963 0.5708333333333333 0.1824074074074074 0.5708333333333333 0.19537037037037036 0.5677083333333334 0.20185185185185187 0.5661458333333333 0.21574074074074073 0.5640625 0.21944444444444444 0.5619791666666667 0.21574074074074073 0.559375 0.18888888888888888 0.5645833333333333 0.1712962962962963
1 0.8072916666666666 0.912962962962963 0.815625 0.9148148148148149 0.81875 0.9185185185185185 0.8192708333333333 0.937962962962963 0.7942708333333334 0.9537037037037037 0.7875 0.9490740740740741 0.7953125 0.937037037037037 0.7932291666666667 0.9268518518518518 0.8 0.9212962962962963 0.803125 0.9148148148148149 0.8067708333333333 0.9138888888888889
1 0.4401041666666667 0.4287037037037037 0.44583333333333336 0.4425925925925926 0.446875 0.45185185185185184 0.44166666666666665 0.46111111111111114 0.4395833333333333 0.4740740740740741 0.43697916666666664 0.4722222222222222 0.43333333333333335 0.44537037037037036 0.43385416666666665 0.4287037037037037 0.4395833333333333 0.4287037037037037
1 0.30833333333333335 0.9222222222222223 0.3171875 0.9314814814814815 0.321875 0.9546296296296296 0.32135416666666666 0.9611111111111111 0.3151041666666667 0.9666666666666667 0.31302083333333336 0.9638888888888889 0.31302083333333336 0.9583333333333334 0.30104166666666665 0.9435185185185185 0.29791666666666666 0.9351851851851852 0.2994791666666667 0.9268518518518518 0.3078125 0.9222222222222223
1 0.23020833333333332 0.887962962962963 0.24270833333333333 0.9 0.24322916666666666 0.9231481481481482 0.24791666666666667 0.9268518518518518 0.2526041666666667 0.9259259259259259 0.2515625 0.9361111111111111 0.24791666666666667 0.9407407407407408 0.24114583333333334 0.9351851851851852 0.22552083333333334 0.9305555555555556 0.221875 0.925 0.21979166666666666 0.9064814814814814 0.21354166666666666 0.899074074074074 0.2125 0.8935185185185185 0.21666666666666667 0.887962962962963 0.2296875 0.887962962962963
1 0.38177083333333334 0.7305555555555555 0.38958333333333334 0.7388888888888889 0.3958333333333333 0.7527777777777778 0.3963541666666667 0.7592592592592593 0.3932291666666667 0.7712962962962963 0.39895833333333336 0.7842592592592592 0.39895833333333336 0.7916666666666666 0.396875 0.7916666666666666 0.3848958333333333 0.7703703703703704 0.378125 0.7648148148148148 0.3765625 0.7333333333333333 0.38125 0.7305555555555555
1 0.8177083333333334 0.36018518518518516 0.8244791666666667 0.3685185185185185 0.8244791666666667 0.3768518518518518 0.8213541666666667 0.3851851851851852 0.8177083333333334 0.4074074074074074 0.815625 0.40925925925925927 0.8140625 0.40925925925925927 0.8140625 0.3972222222222222 0.8072916666666666 0.4064814814814815 0.8052083333333333 0.40370370370370373 0.8104166666666667 0.38333333333333336 0.809375 0.3712962962962963 0.8171875 0.36018518518518516
1 0.6263020833333334 0.17685185185185184 0.0109375 0.046296296296296294
1 0.8361979166666667 0.1625 0.0109375 0.030555555555555555
1 0.15416666666666667 0.046296296296296294 0.16145833333333334 0.05648148148148148 0.16302083333333334 0.07777777777777778 0.165625 0.08518518518518518 0.16145833333333334 0.08611111111111111 0.15989583333333332 0.0787037037037037 0.153125 0.06666666666666667 0.1515625 0.053703703703703705 0.15364583333333334 0.04722222222222222
1 0.159375 0.08981481481481482 0.1671875 0.12222222222222222 0.16458333333333333 0.12777777777777777 0.1609375 0.1259259259259259 0.15677083333333333 0.1175925925925926 0.1515625 0.0962962962962963 0.15364583333333334 0.08888888888888889 0.15885416666666666 0.08981481481481482
1 0.08854166666666667 0.09351851851851851 0.0921875 0.09722222222222222 0.096875 0.1111111111111111 0.09635416666666667 0.11574074074074074 0.0921875 0.11944444444444445 0.08333333333333333 0.10555555555555556 0.08385416666666666 0.0962962962962963 0.08802083333333334 0.09351851851851851
1 0.84375 0.4666666666666667 0.846875 0.4759259259259259 0.846875 0.48518518518518516 0.8385416666666666 0.5027777777777778 0.8270833333333333 0.48703703703703705 0.8369791666666667 0.475 0.840625 0.4666666666666667 0.8432291666666667 0.4666666666666667
1 0.2838541666666667 0.9231481481481482 0.296875 0.9351851851851852 0.30104166666666665 0.9462962962962963 0.2994791666666667 0.9564814814814815 0.303125 0.9703703703703703 0.29739583333333336 0.9777777777777777 0.28125 0.950925925925926 0.28125 0.9361111111111111 0.278125 0.9314814814814815 0.27760416666666665 0.9259259259259259 0.2833333333333333 0.9231481481481482
1 0.5223958333333333 0.8 0.015625 0.05185185185185185
1 0.16770833333333332 0.887962962962963 0.17239583333333333 0.8925925925925926 0.17760416666666667 0.9055555555555556 0.1890625 0.9101851851851852 0.1890625 0.9148148148148149 0.18541666666666667 0.9231481481481482 0.17864583333333334 0.9259259259259259 0.17135416666666667 0.937962962962963 0.16979166666666667 0.9361111111111111 0.1703125 0.9305555555555556 0.16041666666666668 0.9185185185185185 0.15260416666666668 0.899074074074074 0.1546875 0.8898148148148148 0.1625 0.8861111111111111 0.1671875 0.887962962962963
1 0.15989583333333332 0.06759259259259259 0.16041666666666668 0.053703703703703705 0.16458333333333333 0.049074074074074076 0.16666666666666666 0.05 0.16927083333333334 0.07592592592592592 0.17291666666666666 0.09074074074074075 0.17083333333333334 0.09166666666666666 0.16458333333333333 0.08518518518518518 0.1609375 0.07777777777777778 0.16041666666666668 0.06851851851851852
1 0.6130208333333333 0.012037037037037037 0.6161458333333333 0.025925925925925925 0.6130208333333333 0.04259259259259259 0.6088541666666667 0.05 0.6072916666666667 0.025925925925925925 0.6125 0.012037037037037037
1 0.25833333333333336 0.7166666666666667 0.26875 0.712037037037037 0.278125 0.7305555555555555 0.2869791666666667 0.7314814814814815 0.284375 0.7490740740740741 0.275 0.7657407407407407 0.2640625 0.7277777777777777 0.25833333333333336 0.725 0.25833333333333336 0.7175925925925926
1 0.8453125 0.2064814814814815 0.8489583333333334 0.2064814814814815 0.8505208333333333 0.22777777777777777 0.840625 0.24444444444444444 0.8380208333333333 0.2564814814814815 0.8328125 0.25462962962962965 0.8380208333333333 0.24074074074074073 0.8390625 0.22962962962962963 0.8453125 0.2074074074074074
1 0.6994791666666667 0.2953703703703704 0.7005208333333334 0.32314814814814813 0.6927083333333334 0.33425925925925926 0.6885416666666667 0.3314814814814815 0.6869791666666667 0.32407407407407407 0.6963541666666667 0.2962962962962963 0.6989583333333333 0.2953703703703704
1 0.1296875 0.45092592592592595 0.14270833333333333 0.46296296296296297 0.1453125 0.4740740740740741 0.1453125 0.49074074074074076 0.15 0.4925925925925926 0.15572916666666667 0.5 0.14895833333333333 0.5092592592592593 0.14583333333333334 0.5083333333333333 0.14166666666666666 0.49537037037037035 0.13541666666666666 0.49074074074074076 0.13125 0.48148148148148145 0.12916666666666668 0.46296296296296297 0.1265625 0.45740740740740743 0.1265625 0.4527777777777778 0.12916666666666668 0.45092592592592595
1 0.6088541666666667 0 0.6119791666666666 0.004629629629629629 0.6119791666666666 0.012037037037037037 0.609375 0.027777777777777776 0.6052083333333333 0.028703703703703703 0.6052083333333333 0.007407407407407408 0.6088541666666667 0.000925925925925926
1 0.4046875 0.5685185185185185 0.41458333333333336 0.5777777777777777 0.41302083333333334 0.5916666666666667 0.41458333333333336 0.6138888888888889 0.40520833333333334 0.6185185185185185 0.4005208333333333 0.6046296296296296 0.4 0.5777777777777777 0.4010416666666667 0.5712962962962963 0.4041666666666667 0.5685185185185185
1 0.35 0.8935185185185185 0.3578125 0.9037037037037037 0.35625 0.912962962962963 0.35885416666666664 0.9194444444444444 0.3609375 0.9398148148148148 0.35572916666666665 0.9462962962962963 0.353125 0.9361111111111111 0.3385416666666667 0.925 0.33697916666666666 0.9194444444444444 0.33697916666666666 0.9138888888888889 0.3416666666666667 0.9064814814814814 0.34270833333333334 0.8972222222222223 0.3453125 0.8935185185185185 0.3494791666666667 0.8935185185185185
1 0.5541666666666667 0.7925925925925926 0.5536458333333333 0.8101851851851852 0.5604166666666667 0.8138888888888889 0.5546875 0.8222222222222222 0.5536458333333333 0.8333333333333334 0.5442708333333334 0.8444444444444444 0.540625 0.8398148148148148 0.5421875 0.8287037037037037 0.540625 0.8101851851851852 0.5432291666666667 0.8 0.5505208333333333 0.7916666666666666 0.5536458333333333 0.7925925925925926
1 0.7958333333333333 0.41944444444444445 0.8005208333333333 0.4185185185185185 0.8020833333333334 0.42407407407407405 0.796875 0.44537037037037036 0.7932291666666667 0.4444444444444444 0.7895833333333333 0.4388888888888889 0.7895833333333333 0.4351851851851852 0.7958333333333333 0.4203703703703704
1 0.6197916666666666 0.002777777777777778 0.621875 0.007407407407407408 0.6229166666666667 0.019444444444444445 0.6192708333333333 0.03888888888888889 0.6171875 0.040740740740740744 0.6145833333333334 0.03888888888888889 0.6145833333333334 0.011111111111111112 0.615625 0.003703703703703704 0.6192708333333333 0.002777777777777778
1 0.8104166666666667 0.15925925925925927 0.8140625 0.17592592592592593 0.8036458333333333 0.2037037037037037 0.8 0.2064814814814815 0.7984375 0.20277777777777778 0.8 0.18611111111111112 0.8036458333333333 0.1712962962962963 0.8098958333333334 0.16018518518518518
1 0.6651041666666667 0.262037037037037 0.6682291666666667 0.2740740740740741 0.6651041666666667 0.3 0.6614583333333334 0.29814814814814816 0.6588541666666666 0.2916666666666667 0.659375 0.2777777777777778 0.6619791666666667 0.26481481481481484 0.6645833333333333 0.262037037037037
1 0.24479166666666666 0.9481481481481482 0.25833333333333336 0.9666666666666667 0.2625 0.9564814814814815 0.26614583333333336 0.9555555555555556 0.2734375 0.9685185185185186 0.278125 0.9703703703703703 0.2791666666666667 0.9740740740740741 0.2765625 0.9842592592592593 0.2791666666666667 0.9907407407407407 0.27708333333333335 0.9944444444444445 0.27291666666666664 0.9944444444444445 0.26614583333333336 0.9851851851851852 0.25833333333333336 0.9842592592592593 0.2552083333333333 0.9898148148148148 0.2484375 0.9916666666666667 0.24166666666666667 0.9879629629629629 0.234375 0.9685185185185186 0.23333333333333334 0.9601851851851851 0.2375 0.95 0.24427083333333333 0.9481481481481482
1 0.825 0.32407407407407407 0.8317708333333333 0.3333333333333333 0.8317708333333333 0.34629629629629627 0.8286458333333333 0.3527777777777778 0.8171875 0.3453703703703704 0.8171875 0.33796296296296297 0.8244791666666667 0.32407407407407407