0 0.013020833333333334 0.28703703703703703 0.025 0.2953703703703704 0.027604166666666666 0.30185185185185187 0.027083333333333334 0.3101851851851852 0.018229166666666668 0.32314814814814813 0.0015625 0.3388888888888889 0 0.3388888888888889 0 0.2898148148148148 0.0125 0.28703703703703703
0 0.9609375 0.5185185185185185 0.9640625 0.5203703703703704 0.96875 0.5314814814814814 0.9765625 0.5351851851851852 0.9994791666666667 0.5564814814814815 0.9994791666666667 0.6027777777777777 0.9833333333333333 0.5944444444444444 0.9666666666666667 0.5972222222222222 0.9598958333333333 0.5898148148148148 0.9583333333333334 0.5796296296296296 0.9526041666666667 0.5712962962962963 0.95 0.5370370370370371 0.9526041666666667 0.525 0.9604166666666667 0.5185185185185185
0 0.5364583333333334 0 0.5911458333333334 0 0.5828125 0.022222222222222223 0.5791666666666667 0.03981481481481482 0.5677083333333334 0.062037037037037036 0.5541666666666667 0.06018518518518518 0.5359375 0.05185185185185185 0.5348958333333333 0.010185185185185186 0.5364583333333334 0.000925925925925926
0 0.2296875 0.587037037037037 0.2375 0.5916666666666667 0.24479166666666666 0.6027777777777777 0.25 0.6185185185185185 0.25 0.6361111111111111 0.24114583333333334 0.6416666666666667 0.2375 0.6537037037037037 0.23125 0.6620370370370371 0.21666666666666667 0.6925925925925925 0.20729166666666668 0.6972222222222222 0.190625 0.7138888888888889 0.17916666666666667 0.7314814814814815 0.17135416666666667 0.7490740740740741 0.16197916666666667 0.7564814814814815 0.15052083333333333 0.7509259259259259 0.13645833333333332 0.7509259259259259 0.125 0.7407407407407407 0.11927083333333334 0.7277777777777777 0.11458333333333333 0.7037037037037037 0.115625 0.6898148148148148 0.11979166666666667 0.6777777777777778 0.1359375 0.6574074074074074 0.18541666666666667 0.6074074074074074 0.1984375 0.6037037037037037 0.2203125 0.5879629629629629 0.22916666666666666 0.587037037037037
0 0.775 0.21944444444444444 0.7833333333333333 0.22685185185185186 0.7875 0.2351851851851852 0.7875 0.2490740740740741 0.7807291666666667 0.26944444444444443 0.7796875 0.2722222222222222 0.76875 0.27037037037037037 0.7697916666666667 0.2759259259259259 0.765625 0.2824074074074074 0.7614583333333333 0.2824074074074074 0.7479166666666667 0.27314814814814814 0.746875 0.2759259259259259 0.7526041666666666 0.2851851851851852 0.753125 0.29074074074074074 0.7479166666666667 0.3055555555555556 0.7427083333333333 0.3111111111111111 0.7317708333333334 0.3074074074074074 0.7171875 0.29259259259259257 0.7171875 0.27314814814814814 0.7546875 0.22407407407407406 0.765625 0.2175925925925926 0.7744791666666667 0.21944444444444444
0 0.21510416666666668 0 0.28958333333333336 0 0.2947916666666667 0.024074074074074074 0.2942708333333333 0.032407407407407406 0.2864583333333333 0.04722222222222222 0.27760416666666665 0.05185185185185185 0.2526041666666667 0.0787037037037037 0.23854166666666668 0.10092592592592593 0.21458333333333332 0.11944444444444445 0.19791666666666666 0.1175925925925926 0.18645833333333334 0.11296296296296296 0.18177083333333333 0.10462962962962963 0.178125 0.08055555555555556 0.17291666666666666 0.06851851851851852 0.16927083333333334 0.044444444444444446 0.17083333333333334 0.03981481481481482 0.18958333333333333 0.020370370370370372 0.21510416666666668 0.000925925925925926
0 0.10572916666666667 0.17777777777777778 0.14010416666666667 0.19722222222222222 0.1546875 0.19444444444444445 0.165625 0.19907407407407407 0.16927083333333334 0.20277777777777778 0.17239583333333333 0.21388888888888888 0.17239583333333333 0.23333333333333334 0.16770833333333332 0.2388888888888889 0.1609375 0.23796296296296296 0.14166666666666666 0.25462962962962965 0.1265625 0.28703703703703703 0.11927083333333334 0.287962962962963 0.1125 0.2833333333333333 0.1046875 0.2898148148148148 0.0984375 0.2898148148148148 0.0875 0.2824074074074074 0.07760416666666667 0.2657407407407407 0.0609375 0.22037037037037038 0.0984375 0.1814814814814815 0.10520833333333333 0.1787037037037037
0 0.06666666666666667 0.30185185185185187 0.0890625 0.3101851851851852 0.1140625 0.3296296296296296 0.11666666666666667 0.33425925925925926 0.1140625 0.34814814814814815 0.1203125 0.3685185185185185 0.11666666666666667 0.37777777777777777 0.1046875 0.37962962962962965 0.09166666666666666 0.39166666666666666 0.08541666666666667 0.4027777777777778 0.08489583333333334 0.4203703703703704 0.07916666666666666 0.4287037037037037 0.05364583333333333 0.41759259259259257 0.04010416666666667 0.4046296296296296 0.029166666666666667 0.387037037037037 0.025 0.37222222222222223 0.013020833333333334 0.3537037037037037 0.015104166666666667 0.34629629629629627 0.0515625 0.30648148148148147 0.057291666666666664 0.30185185185185187 0.06614583333333333 0.30185185185185187
0 0.6229166666666667 0.041666666666666664 0.6296875 0.04814814814814815 0.6296875 0.06574074074074074 0.6234375 0.08796296296296297 0.6135416666666667 0.10185185185185185 0.6 0.09907407407407408 0.5958333333333333 0.09537037037037037 0.5953125 0.0787037037037037 0.5973958333333333 0.06851851851851852 0.6083333333333333 0.04259259259259259 0.6125 0.03981481481481482 0.6223958333333334 0.041666666666666664
0 0.7296875 0.13055555555555556 0.7348958333333333 0.13796296296296295 0.7385416666666667 0.1712962962962963 0.7385416666666667 0.19907407407407407 0.7369791666666666 0.20555555555555555 0.7317708333333334 0.21203703703703702 0.7088541666666667 0.20925925925925926 0.70625 0.2037037037037037 0.7052083333333333 0.17592592592592593 0.70625 0.1425925925925926 0.7088541666666667 0.13333333333333333 0.7130208333333333 0.1287037037037037 0.7291666666666666 0.13055555555555556
1 0.6307291666666667 0.07037037037037037 0.63125 0.041666666666666664 0.6369791666666667 0.028703703703703703 0.640625 0.04351851851851852 0.634375 0.06944444444444445 0.63125 0.07037037037037037
1 0.3489583333333333 0.8935185185185185 0.35520833333333335 0.8972222222222223 0.35989583333333336 0.9046296296296297 0.359375 0.9157407407407407 0.3625 0.9407407407407408 0.35572916666666665 0.9462962962962963 0.353125 0.937037037037037 0.34739583333333335 0.9342592592592592 0.34375 0.9194444444444444 0.33958333333333335 0.9111111111111111 0.340625 0.9055555555555556 0.3484375 0.8944444444444445
1 0.7942708333333334 0.387037037037037 0.7973958333333333 0.3962962962962963 0.796875 0.40555555555555556 0.7885416666666667 0.4222222222222222 0.7885416666666667 0.4351851851851852 0.7864583333333334 0.43796296296296294 0.7828125 0.4361111111111111 0.7791666666666667 0.42777777777777776 0.7890625 0.39814814814814814 0.7901041666666667 0.3888888888888889 0.79375 0.387037037037037
1 0.8494791666666667 0.12685185185185185 0.8515625 0.12962962962962962 0.8515625 0.13703703703703704 0.8395833333333333 0.1712962962962963 0.8364583333333333 0.1712962962962963 0.8359375 0.16666666666666666 0.8416666666666667 0.14074074074074075 0.8489583333333334 0.12685185185185185
1 0.7848958333333333 0.924074074074074 0.7901041666666667 0.9314814814814815 0.7890625 0.9555555555555556 0.7802083333333333 0.9657407407407408 0.7765625 0.9629629629629629 0.7760416666666666 0.9564814814814815 0.7713541666666667 0.9564814814814815 0.7651041666666667 0.9638888888888889 0.759375 0.9555555555555556 0.7682291666666666 0.9490740740740741 0.7723958333333333 0.9351851851851852 0.7802083333333333 0.925 0.784375 0.924074074074074
1 0.7734375 0.1712962962962963 0.775 0.18518518518518517 0.76875 0.20555555555555555 0.76875 0.21574074074074073 0.7661458333333333 0.21666666666666667 0.7619791666666667 0.21666666666666667 0.7609375 0.21296296296296297 0.7630208333333334 0.1962962962962963 0.76875 0.17592592592592593 0.7729166666666667 0.1712962962962963
1 0.47291666666666665 0.9175925925925926 0.47708333333333336 0.9222222222222223 0.47708333333333336 0.9444444444444444 0.4708333333333333 0.9555555555555556 0.4661458333333333 0.9574074074074074 0.4630208333333333 0.9657407407407408 0.45989583333333334 0.9629629629629629 0.45729166666666665 0.9314814814814815 0.4666666666666667 0.9175925925925926 0.47239583333333335 0.9175925925925926
1 0.3223958333333333 0.737037037037037 0.32708333333333334 0.7462962962962963 0.3333333333333333 0.7472222222222222 0.334375 0.7666666666666667 0.3302083333333333 0.7805555555555556 0.32447916666666665 0.7777777777777778 0.3140625 0.7546296296296297 0.315625 0.7379629629629629 0.321875 0.737037037037037
1 0.08854166666666667 0.12777777777777777 0.09427083333333333 0.14074074074074075 0.09635416666666667 0.15185185185185185 0.10364583333333334 0.16111111111111112 0.10260416666666666 0.1648148148148148 0.09739583333333333 0.16296296296296298 0.0953125 0.17222222222222222 0.0921875 0.1675925925925926 0.08385416666666666 0.14166666666666666 0.08541666666666667 0.13148148148148148 0.08802083333333334 0.12777777777777777
1 0.022395833333333334 0.23055555555555557 0.04010416666666667 0.25833333333333336 0.03958333333333333 0.262037037037037 0.0375 0.262037037037037 0.03229166666666667 0.2574074074074074 0.030208333333333334 0.2611111111111111 0.0296875 0.2740740740740741 0.018229166666666668 0.24537037037037038 0.017708333333333333 0.2351851851851852 0.021875 0.23055555555555557
1 0.5395833333333333 0.2638888888888889 0.5432291666666667 0.27870370370370373 0.5416666666666666 0.3 0.5395833333333333 0.30648148148148147 0.5359375 0.3074074074074074 0.5333333333333333 0.31666666666666665 0.5317708333333333 0.3148148148148148 0.53125 0.27870370370370373 0.5354166666666667 0.2657407407407407 0.5390625 0.2638888888888889
1 0.3697916666666667 0.07962962962962963 0.37447916666666664 0.09074074074074075 0.3765625 0.11944444444444445 0.3692708333333333 0.1175925925925926 0.3671875 0.11018518518518519 0.365625 0.08425925925925926 0.3692708333333333 0.07962962962962963
1 0 0.5157407407407407 0.00625 0.5222222222222223 0.0067708333333333336 0.5388888888888889 0.01875 0.5564814814814815 0.013541666666666667 0.5583333333333333 0 0.5453703703703704 0 0.5166666666666667
1 0.1671875 0.0712962962962963 0.17135416666666667 0.07777777777777778 0.17239583333333333 0.09166666666666666 0.1765625 0.10462962962962963 0.17552083333333332 0.11018518518518519 0.171875 0.10925925925925926 0.1625 0.0824074074074074 0.16145833333333334 0.07407407407407407 0.16354166666666667 0.07037037037037037 0.16666666666666666 0.0712962962962963
1 0.8666666666666667 0.5212962962962963 0.86875 0.5287037037037037 0.8604166666666667 0.55 0.8588541666666667 0.5611111111111111 0.8557291666666667 0.5537037037037037 0.8505208333333333 0.5583333333333333 0.8453125 0.5694444444444444 0.8380208333333333 0.5666666666666667 0.8364583333333333 0.5638888888888889 0.8375 0.5574074074074075 0.853125 0.5259259259259259 0.8661458333333333 0.5212962962962963
1 0.8322916666666667 0.3712962962962963 0.8354166666666667 0.3824074074074074 0.8213541666666667 0.41203703703703703 0.8171875 0.4083333333333333 0.8161458333333333 0.4027777777777778 0.8260416666666667 0.3731481481481482 0.8276041666666667 0.37037037037037035 0.8317708333333333 0.3712962962962963
1 0.2989583333333333 0.9111111111111111 0.3140625 0.925 0.3171875 0.9351851851851852 0.315625 0.9416666666666667 0.3171875 0.9564814814814815 0.31145833333333334 0.9629629629629629 0.3098958333333333 0.9629629629629629 0.30833333333333335 0.9537037037037037 0.29739583333333336 0.937962962962963 0.29739583333333336 0.9277777777777778 0.29322916666666665 0.9203703703703704 0.29322916666666665 0.9138888888888889 0.2984375 0.9111111111111111
1 0.3421875 0.6268518518518519 0.353125 0.6435185185185185 0.353125 0.6555555555555556 0.35572916666666665 0.6648148148148149 0.35520833333333335 0.6685185185185185 0.3489583333333333 0.6685185185185185 0.3453125 0.6731481481481482 0.3421875 0.6694444444444444 0.33958333333333335 0.649074074074074 0.33541666666666664 0.6333333333333333 0.33645833333333336 0.6268518518518519 0.3416666666666667 0.6268518518518519
1 0.05 0.14074074074074075 0.057291666666666664 0.14166666666666666 0.06041666666666667 0.14814814814814814 0.0671875 0.1814814814814815 0.06302083333333333 0.1824074074074074 0.05677083333333333 0.16944444444444445 0.0515625 0.1638888888888889 0.04895833333333333 0.15462962962962962 0.05 0.14166666666666666
1 0.3177083333333333 0.7787037037037037 0.32083333333333336 0.7833333333333333 0.32760416666666664 0.7814814814814814 0.3302083333333333 0.787962962962963 0.3328125 0.8083333333333333 0.34479166666666666 0.8231481481481482 0.34479166666666666 0.8277777777777777 0.3421875 0.8305555555555556 0.33125 0.8231481481481482 0.33125 0.8351851851851851 0.32447916666666665 0.8314814814814815 0.3177083333333333 0.8148148148148148 0.31614583333333335 0.7925925925925926 0.31197916666666664 0.7851851851851852 0.31354166666666666 0.7787037037037037 0.3171875 0.7787037037037037
1 0.5984375 0.06851851851851852 0.5963541666666666 0.06481481481481481 0.59375 0.046296296296296294 0.5973958333333333 0.026851851851851852 0.5989583333333334 0.025 0.6005208333333333 0.027777777777777776 0.6036458333333333 0.03888888888888889 0.5989583333333334 0.06759259259259259
1 0.4739583333333333 0.38055555555555554 0.47552083333333334 0.37407407407407406 0.47552083333333334 0.32685185185185184 0.47708333333333336 0.32222222222222224 0.48072916666666665 0.32222222222222224 0.48489583333333336 0.3351851851851852 0.4875 0.36574074074074076 0.48072916666666665 0.36574074074074076 0.4791666666666667 0.37592592592592594 0.47708333333333336 0.38055555555555554 0.4744791666666667 0.38055555555555554
1 0.7453125 0.12037037037037036 0.7479166666666667 0.1287037037037037 0.7473958333333334 0.13333333333333333 0.7375 0.15925925925925927 0.7369791666666666 0.12962962962962962 0.740625 0.12037037037037036 0.7447916666666666 0.12037037037037036
1 0 0.35555555555555557 0.004166666666666667 0.36203703703703705 0.010416666666666666 0.3851851851851852 0.009895833333333333 0.39166666666666666 0.0078125 0.39444444444444443 0 0.38425925925925924 0 0.35648148148148145
1 0.07135416666666666 0.15833333333333333 0.07708333333333334 0.16944444444444445 0.08385416666666666 0.19166666666666668 0.07708333333333334 0.20277777777777778 0.07395833333333333 0.20277777777777778 0.07083333333333333 0.1962962962962963 0.06458333333333334 0.1675925925925926 0.065625 0.1574074074074074 0.07083333333333333 0.15833333333333333
1 0.12291666666666666 0.33796296296296297 0.13333333333333333 0.3509259259259259 0.13229166666666667 0.3611111111111111 0.13697916666666668 0.375 0.13697916666666668 0.38333333333333336 0.12239583333333333 0.3685185185185185 0.11614583333333334 0.35462962962962963 0.1140625 0.3416666666666667 0.11770833333333333 0.33611111111111114 0.12239583333333333 0.33796296296296297
1 0.6302083333333334 0.07592592592592592 0.6338541666666667 0.08518518518518518 0.634375 0.09537037037037037 0.6286458333333333 0.11944444444444445 0.6265625 0.12314814814814815 0.6244791666666667 0.11944444444444445 0.625 0.10648148148148148 0.6229166666666667 0.09259259259259259 0.6265625 0.08055555555555556 0.6296875 0.07685185185185185
1 0.6958333333333333 0.3101851851851852 0.6994791666666667 0.3138888888888889 0.7015625 0.33796296296296297 0.6947916666666667 0.34629629629629627 0.6911458333333333 0.3675925925925926 0.6854166666666667 0.36944444444444446 0.6854166666666667 0.3648148148148148 0.6890625 0.3472222222222222 0.6911458333333333 0.3194444444444444 0.6953125 0.3111111111111111
1 0.3260416666666667 0.9101851851851852 0.3333333333333333 0.9212962962962963 0.3380208333333333 0.9425925925925925 0.3375 0.9490740740740741 0.33229166666666665 0.9546296296296296 0.32916666666666666 0.9537037037037037 0.328125 0.9472222222222222 0.32135416666666666 0.9388888888888889 0.3145833333333333 0.9231481481481482 0.31614583333333335 0.9138888888888889 0.3223958333333333 0.9092592592592592 0.3255208333333333 0.9101851851851852
1 0.6416666666666667 0.021296296296296296 0.6442708333333333 0.025 0.6442708333333333 0.030555555555555555 0.6401041666666667 0.04537037037037037 0.6369791666666667 0.028703703703703703 0.6411458333333333 0.021296296296296296
1 0.13333333333333333 0.10185185185185185 0.1359375 0.11388888888888889 0.14010416666666667 0.12222222222222222 0.1359375 0.1259259259259259 0.13333333333333333 0.13333333333333333 0.13072916666666667 0.13148148148148148 0.1265625 0.11388888888888889 0.12239583333333333 0.10648148148148148 0.12604166666666666 0.09537037037037037 0.1296875 0.09537037037037037 0.1328125 0.10185185185185185
1 0.05 0.44351851851851853 0.0640625 0.4564814814814815 0.06979166666666667 0.48055555555555557 0.0765625 0.49537037037037035 0.07552083333333333 0.5018518518518519 0.07239583333333334 0.5009259259259259 0.06302083333333333 0.4842592592592593 0.05 0.46944444444444444 0.04791666666666667 0.4527777777777778 0.0453125 0.4462962962962963 0.049479166666666664 0.44351851851851853
1 0.04635416666666667 0.1361111111111111 0.049479166666666664 0.14166666666666666 0.04895833333333333 0.1537037037037037 0.05364583333333333 0.1712962962962963 0.051041666666666666 0.17592592592592593 0.0421875 0.16111111111111112 0.034895833333333334 0.13796296296296295 0.0359375 0.13240740740740742 0.04583333333333333 0.1361111111111111
1 0.5401041666666667 0.37407407407407406 0.5447916666666667 0.387037037037037 0.5447916666666667 0.3925925925925926 0.5416666666666666 0.4111111111111111 0.5359375 0.4287037037037037 0.5328125 0.4287037037037037 0.5354166666666667 0.4101851851851852 0.5328125 0.38333333333333336 0.5395833333333333 0.37407407407407406
1 0.4859375 0.8532407407407407 0.015625 0.05648148148148148
1 0.8463541666666666 0.2 0.8479166666666667 0.21666666666666667 0.840625 0.2324074074074074 0.8359375 0.25 0.8328125 0.2462962962962963 0.8328125 0.24074074074074073 0.8364583333333333 0.21851851851851853 0.8427083333333333 0.20185185185185187 0.8458333333333333 0.2
1 0.7520833333333333 0.9064814814814814 0.7546875 0.9092592592592592 0.7567708333333333 0.924074074074074 0.7567708333333333 0.9333333333333333 0.7541666666666667 0.9416666666666667 0.7557291666666667 0.9555555555555556 0.7520833333333333 0.9574074074074074 0.7411458333333333 0.9425925925925925 0.7265625 0.9388888888888889 0.7270833333333333 0.9351851851851852 0.740625 0.9212962962962963 0.7390625 0.9148148148148149 0.7364583333333333 0.9148148148148149 0.7515625 0.9064814814814814
1 0.44947916666666665 0.387037037037037 0.45260416666666664 0.38796296296296295 0.45677083333333335 0.4 0.4583333333333333 0.42777777777777776 0.4578125 0.4388888888888889 0.45 0.44722222222222224 0.4473958333333333 0.4462962962962963 0.4484375 0.43425925925925923 0.446875 0.4 0.44947916666666665 0.38796296296296295
1 0.14583333333333334 0.06574074074074074 0.15833333333333333 0.09166666666666666 0.1578125 0.0962962962962963 0.15416666666666667 0.09444444444444444 0.15104166666666666 0.10277777777777777 0.14166666666666666 0.0787037037037037 0.14114583333333333 0.06666666666666667 0.1453125 0.06574074074074074
1 0.5739583333333333 0.15648148148148147 0.5708333333333333 0.15462962962962962 0.5697916666666667 0.12777777777777777 0.571875 0.11203703703703703 0.575 0.10925925925925926 0.5791666666666667 0.125 0.575 0.1425925925925926 0.5744791666666667 0.15555555555555556
1 0.49114583333333334 0.8324074074074074 0.49635416666666665 0.8416666666666667 0.49947916666666664 0.8592592592592593 0.49895833333333334 0.8685185185185185 0.5015625 0.8731481481481481 0.5015625 0.8768518518518519 0.4979166666666667 0.8824074074074074 0.48072916666666665 0.8833333333333333 0.48072916666666665 0.8796296296296297 0.48541666666666666 0.8722222222222222 0.4859375 0.8574074074074074 0.48854166666666665 0.8527777777777777 0.48802083333333335 0.8453703703703703 0.49114583333333334 0.8333333333333334
1 0.25885416666666666 0.9314814814814815 0.2625 0.9388888888888889 0.26927083333333335 0.9425925925925925 0.2703125 0.9583333333333334 0.2734375 0.9675925925925926 0.27239583333333334 0.9768518518518519 0.26510416666666664 0.9712962962962963 0.25833333333333336 0.9722222222222222 0.2520833333333333 0.9657407407407408 0.25 0.9574074074074074 0.25 0.9444444444444444 0.25416666666666665 0.9333333333333333 0.25833333333333336 0.9314814814814815
1 0.4432291666666667 0.9351851851851852 0.45 0.9481481481481482 0.4515625 0.9574074074074074 0.4510416666666667 0.9703703703703703 0.4453125 0.9731481481481481 0.4421875 0.9805555555555555 0.4359375 0.9694444444444444 0.4354166666666667 0.9583333333333334 0.43802083333333336 0.937037037037037 0.4427083333333333 0.9351851851851852
1 0.16145833333333334 0.3962962962962963 0.175 0.4101851851851852 0.17708333333333334 0.41944444444444445 0.18541666666666667 0.43148148148148147 0.18541666666666667 0.4361111111111111 0.18229166666666666 0.4361111111111111 0.175 0.42777777777777776 0.17239583333333333 0.43148148148148147 0.171875 0.44814814814814813 0.16927083333333334 0.44814814814814813 0.16770833333333332 0.4305555555555556 0.1625 0.4074074074074074 0.159375 0.40185185185185185 0.1609375 0.3972222222222222
1 0.6083333333333333 0 0.6135416666666667 0 0.6125 0.016666666666666666 0.6098958333333333 0.024074074074074074 0.6072916666666667 0.022222222222222223 0.6083333333333333 0.000925925925925926
1 0.28072916666666664 0.9333333333333333 0.2859375 0.9398148148148148 0.2890625 0.95 0.29375 0.9527777777777777 0.2916666666666667 0.9629629629629629 0.2942708333333333 0.9740740740740741 0.2890625 0.9777777777777777 0.2828125 0.9666666666666667 0.275 0.9805555555555555 0.271875 0.9805555555555555 0.27395833333333336 0.9675925925925926 0.2713541666666667 0.9592592592592593 0.2713541666666667 0.9462962962962963 0.27395833333333336 0.9351851851851852 0.28020833333333334 0.9333333333333333
1 0.31927083333333334 0.025925925925925925 0.3223958333333333 0.025925925925925925 0.3302083333333333 0.040740740740740744 0.32916666666666666 0.04814814814814815 0.31875 0.05092592592592592 0.3171875 0.03888888888888889 0.31927083333333334 0.026851851851851852