0 0.19583333333333333 0.11666666666666667 0.19791666666666666 0.12129629629629629 0.20572916666666666 0.12129629629629629 0.21458333333333332 0.12962962962962962 0.21875 0.1388888888888889 0.21822916666666667 0.14722222222222223 0.21354166666666666 0.15555555555555556 0.203125 0.1638888888888889 0.1984375 0.1638888888888889 0.1921875 0.15555555555555556 0.18854166666666666 0.14074074074074075 0.1890625 0.12685185185185185 0.19583333333333333 0.1175925925925926
0 0.6177083333333333 0 0.6354166666666666 0 0.6395833333333333 0.007407407407407408 0.6375 0.02962962962962963 0.63125 0.05 0.6239583333333333 0.06111111111111111 0.615625 0.062037037037037036 0.6052083333333333 0.05740740740740741 0.603125 0.053703703703703705 0.6026041666666667 0.04351851851851852 0.6088541666666667 0.016666666666666666 0.6177083333333333 0.000925925925925926
0 0.38958333333333334 0.9018518518518519 0.39895833333333336 0.8851851851851852 0.40989583333333335 0.8537037037037037 0.4161458333333333 0.8481481481481481 0.421875 0.8481481481481481 0.4239583333333333 0.8527777777777777 0.4234375 0.8657407407407407 0.4203125 0.8796296296296297 0.4119791666666667 0.8935185185185185 0.41041666666666665 0.9037037037037037 0.4046875 0.9111111111111111 0.4010416666666667 0.9268518518518518 0.39479166666666665 0.9351851851851852 0.390625 0.9490740740740741 0.38697916666666665 0.9490740740740741 0.384375 0.9398148148148148 0.38697916666666665 0.9083333333333333 0.38958333333333334 0.9027777777777778
0 0.553125 0.03796296296296296 0.5614583333333333 0.040740740740740744 0.5635416666666667 0.06018518518518518 0.5604166666666667 0.09259259259259259 0.5552083333333333 0.1 0.5536458333333333 0.10648148148148148 0.5505208333333333 0.10648148148148148 0.5453125 0.09166666666666666 0.5427083333333333 0.07222222222222222 0.5432291666666667 0.05092592592592592 0.5453125 0.041666666666666664 0.5526041666666667 0.03796296296296296
0 0.6651041666666667 0.07314814814814814 0.6713541666666667 0.0787037037037037 0.6802083333333333 0.09444444444444444 0.6744791666666666 0.11388888888888889 0.6536458333333334 0.10648148148148148 0.6505208333333333 0.10185185185185185 0.6494791666666667 0.08425925925925926 0.653125 0.0787037037037037 0.6645833333333333 0.07314814814814814
0 0.8239583333333333 0 0.853125 0 0.8588541666666667 0.008333333333333333 0.8578125 0.014814814814814815 0.8494791666666667 0.030555555555555555 0.8447916666666667 0.032407407407407406 0.815625 0.023148148148148147 0.8161458333333333 0.010185185185185186 0.8239583333333333 0.000925925925925926
0 0.5447916666666667 0.1175925925925926 0.55 0.11944444444444445 0.5546875 0.13055555555555556 0.5614583333333333 0.16111111111111112 0.5651041666666666 0.19166666666666668 0.5645833333333333 0.2037037037037037 0.5609375 0.2111111111111111 0.5473958333333333 0.21388888888888888 0.5385416666666667 0.21296296296296297 0.5328125 0.20555555555555555 0.53125 0.18518518518518517 0.5255208333333333 0.1537037037037037 0.5270833333333333 0.125 0.5328125 0.11851851851851852 0.5442708333333334 0.1175925925925926
0 0.703125 0.1425925925925926 0.709375 0.15 0.7270833333333333 0.14814814814814814 0.7328125 0.1638888888888889 0.73125 0.17222222222222222 0.7234375 0.17592592592592593 0.709375 0.16574074074074074 0.6994791666666667 0.1648148148148148 0.6963541666666667 0.1527777777777778 0.6994791666666667 0.14444444444444443 0.7026041666666667 0.14351851851851852
0 0.005208333333333333 0.2777777777777778 0.0140625 0.2814814814814815 0.022395833333333334 0.29074074074074074 0.025 0.2962962962962963 0.026041666666666668 0.3074074074074074 0.024479166666666666 0.31666666666666665 0.019270833333333334 0.3287037037037037 0.0015625 0.3453703703703704 0 0.3453703703703704 0 0.27870370370370373 0.0046875 0.2777777777777778
0 0.08177083333333333 0.562037037037037 0.08697916666666666 0.5657407407407408 0.0953125 0.5638888888888889 0.096875 0.5666666666666667 0.0953125 0.5768518518518518 0.08854166666666667 0.5842592592592593 0.07760416666666667 0.612037037037037 0.0671875 0.6166666666666667 0.059895833333333336 0.6268518518518519 0.0546875 0.6296296296296297 0.05 0.6277777777777778 0.046875 0.6222222222222222 0.0453125 0.6083333333333333 0.046875 0.6018518518518519 0.053125 0.5944444444444444 0.05260416666666667 0.587037037037037 0.05572916666666667 0.5851851851851851 0.05520833333333333 0.5777777777777777 0.059895833333333336 0.575925925925926 0.0671875 0.5657407407407408 0.08125 0.562037037037037
0 0.30416666666666664 0.020370370370370372 0.32864583333333336 0.022222222222222223 0.33125 0.025 0.3338541666666667 0.040740740740740744 0.33125 0.05648148148148148 0.32447916666666665 0.05740740740740741 0.3177083333333333 0.06296296296296296 0.3078125 0.08333333333333333 0.2864583333333333 0.07407407407407407 0.28072916666666664 0.06666666666666667 0.28177083333333336 0.046296296296296294 0.284375 0.03796296296296296 0.2916666666666667 0.026851851851851852 0.30364583333333334 0.020370370370370372
0 0.49114583333333334 0.08888888888888889 0.5020833333333333 0.09444444444444444 0.5015625 0.10833333333333334 0.4947916666666667 0.1259259259259259 0.49114583333333334 0.12777777777777777 0.49114583333333334 0.08981481481481482
0 0.7770833333333333 0.5138888888888888 0.825 0.5527777777777778 0.8416666666666667 0.5731481481481482 0.8661458333333333 0.6138888888888889 0.8708333333333333 0.6287037037037037 0.8708333333333333 0.6509259259259259 0.8651041666666667 0.6712962962962963 0.8536458333333333 0.6851851851851852 0.834375 0.6796296296296296 0.8270833333333333 0.6722222222222223 0.8229166666666666 0.6620370370370371 0.7885416666666667 0.6268518518518519 0.7755208333333333 0.6157407407407407 0.7666666666666667 0.6157407407407407 0.7614583333333333 0.612037037037037 0.7578125 0.6064814814814815 0.7536458333333333 0.5925925925925926 0.7473958333333334 0.5833333333333334 0.7463541666666667 0.5638888888888889 0.7515625 0.5462962962962963 0.7677083333333333 0.5175925925925926 0.7723958333333333 0.512962962962963 0.7765625 0.5138888888888888
0 0.46770833333333334 0.023148148148148147 0.4739583333333333 0.03148148148148148 0.47708333333333336 0.040740740740740744 0.47708333333333336 0.05092592592592592 0.4739583333333333 0.05648148148148148 0.46979166666666666 0.05648148148148148 0.4661458333333333 0.06481481481481481 0.4635416666666667 0.06574074074074074 0.45989583333333334 0.058333333333333334 0.45625 0.05648148148148148 0.45416666666666666 0.04351851851851852 0.45989583333333334 0.028703703703703703 0.4671875 0.023148148148148147
0 0.2390625 0.01574074074074074 0.2453125 0.017592592592592594 0.2546875 0.04351851851851852 0.2546875 0.05185185185185185 0.2520833333333333 0.06111111111111111 0.2390625 0.07685185185185185 0.22291666666666668 0.07037037037037037 0.21979166666666666 0.062037037037037036 0.21822916666666667 0.04259259259259259 0.21979166666666666 0.030555555555555555 0.23854166666666668 0.01574074074074074
0 0.28229166666666666 0.007407407407407408 0.2869791666666667 0.012962962962962963 0.29010416666666666 0.028703703703703703 0.28125 0.046296296296296294 0.2791666666666667 0.07037037037037037 0.26666666666666666 0.06851851851851852 0.2635416666666667 0.06481481481481481 0.2578125 0.05 0.25677083333333334 0.03333333333333333 0.2578125 0.026851851851851852 0.2677083333333333 0.012962962962962963 0.28177083333333336 0.007407407407407408
0 0.45989583333333334 0.22314814814814815 0.4635416666666667 0.22685185185185186 0.4635416666666667 0.2324074074074074 0.4578125 0.25925925925925924 0.44947916666666665 0.26851851851851855 0.44583333333333336 0.26666666666666666 0.44427083333333334 0.23333333333333334 0.44895833333333335 0.225 0.453125 0.23148148148148148 0.45729166666666665 0.23148148148148148 0.459375 0.22407407407407406
0 0.0671875 0.1648148148148148 0.07083333333333333 0.1712962962962963 0.07760416666666667 0.17222222222222222 0.0921875 0.1824074074074074 0.09427083333333333 0.18796296296296297 0.09270833333333334 0.19444444444444445 0.08177083333333333 0.2101851851851852 0.07708333333333334 0.21388888888888888 0.07239583333333334 0.21296296296296297 0.0640625 0.1824074074074074 0.0640625 0.16944444444444445 0.06666666666666667 0.16574074074074074
0 0.9489583333333333 0.6777777777777778 0.9994791666666667 0.7166666666666667 0.9994791666666667 0.8296296296296296 0.9942708333333333 0.8287037037037037 0.946875 0.7833333333333333 0.9338541666666667 0.7805555555555556 0.9286458333333333 0.7648148148148148 0.9182291666666667 0.7564814814814815 0.9125 0.7444444444444445 0.9109375 0.7231481481481481 0.9171875 0.6907407407407408 0.934375 0.6796296296296296 0.9484375 0.6777777777777778
0 0.5177083333333333 0.837037037037037 0.5223958333333333 0.8481481481481481 0.5255208333333333 0.8638888888888889 0.5348958333333333 0.8731481481481481 0.5359375 0.8796296296296297 0.5338541666666666 0.9305555555555556 0.5270833333333333 0.9398148148148148 0.5213541666666667 0.9361111111111111 0.51875 0.9185185185185185 0.5125 0.9046296296296297 0.5052083333333334 0.8722222222222222 0.5041666666666667 0.850925925925926 0.5057291666666667 0.8407407407407408 0.5098958333333333 0.8361111111111111 0.5171875 0.837037037037037
0 0.6401041666666667 0.8675925925925926 0.646875 0.8759259259259259 0.6510416666666666 0.8981481481481481 0.6515625 0.9148148148148149 0.6557291666666667 0.9212962962962963 0.6520833333333333 0.9324074074074075 0.6505208333333333 0.9768518518518519 0.6473958333333333 0.9814814814814815 0.640625 0.9814814814814815 0.6369791666666667 0.9731481481481481 0.63125 0.9194444444444444 0.628125 0.9074074074074074 0.6302083333333334 0.8814814814814815 0.6328125 0.8722222222222222 0.6395833333333333 0.8675925925925926
0 0.26875 0.7 0.2760416666666667 0.7055555555555556 0.28489583333333335 0.7212962962962963 0.28802083333333334 0.7379629629629629 0.28854166666666664 0.7583333333333333 0.2828125 0.7787037037037037 0.2765625 0.7851851851851852 0.265625 0.7851851851851852 0.2640625 0.7888888888888889 0.26510416666666664 0.7935185185185185 0.26197916666666665 0.8 0.25416666666666665 0.8 0.234375 0.8101851851851852 0.19791666666666666 0.8324074074074074 0.18697916666666667 0.8425925925925926 0.15833333333333333 0.8453703703703703 0.15260416666666668 0.8388888888888889 0.14479166666666668 0.8185185185185185 0.14375 0.7916666666666666 0.14739583333333334 0.7694444444444445 0.153125 0.7611111111111111 0.17552083333333332 0.7435185185185185 0.21510416666666668 0.7194444444444444 0.24479166666666666 0.7092592592592593 0.25416666666666665 0.7027777777777777 0.2682291666666667 0.700925925925926
0 0.3177083333333333 0.5731481481481482 0.3416666666666667 0.5768518518518518 0.346875 0.587037037037037 0.3546875 0.5953703703703703 0.3572916666666667 0.6111111111111112 0.3640625 0.6222222222222222 0.3645833333333333 0.6287037037037037 0.359375 0.6370370370370371 0.34322916666666664 0.6472222222222223 0.3140625 0.6518518518518519 0.3072916666666667 0.6583333333333333 0.2994791666666667 0.6555555555555556 0.29270833333333335 0.6388888888888888 0.290625 0.6222222222222222 0.2916666666666667 0.5972222222222222 0.296875 0.5796296296296296 0.3171875 0.5731481481481482
0 0.51875 0 0.5291666666666667 0 0.528125 0.011111111111111112 0.5229166666666667 0.019444444444444445 0.5197916666666667 0.014814814814814815 0.51875 0.000925925925925926
0 0.7286458333333333 0.9037037037037037 0.734375 0.9083333333333333 0.7369791666666666 0.9148148148148149 0.7369791666666666 0.937962962962963 0.7333333333333333 0.9629629629629629 0.7416666666666667 0.9648148148148148 0.7442708333333333 0.9694444444444444 0.7401041666666667 0.987037037037037 0.7322916666666667 0.9990740740740741 0.7151041666666667 0.9990740740740741 0.7135416666666666 0.9953703703703703 0.7140625 0.9824074074074074 0.7125 0.9740740740740741 0.7130208333333333 0.9287037037037037 0.721875 0.9037037037037037 0.728125 0.9037037037037037
0 0.24322916666666666 0.4601851851851852 0.27708333333333335 0.47685185185185186 0.290625 0.4861111111111111 0.29739583333333336 0.49444444444444446 0.2989583333333333 0.5101851851851852 0.290625 0.5435185185185185 0.2828125 0.5546296296296296 0.271875 0.5583333333333333 0.2677083333333333 0.5583333333333333 0.2578125 0.5481481481481482 0.24114583333333334 0.5407407407407407 0.22447916666666667 0.5351851851851852 0.21614583333333334 0.5361111111111111 0.20260416666666667 0.5166666666666667 0.20104166666666667 0.5111111111111111 0.2015625 0.49907407407407406 0.209375 0.47685185185185186 0.21666666666666667 0.46574074074074073 0.22239583333333332 0.46111111111111114 0.24270833333333333 0.4601851851851852
0 0.6338541666666667 0.21944444444444444 0.6458333333333334 0.25 0.6578125 0.30648148148148147 0.6578125 0.3148148148148148 0.6546875 0.3277777777777778 0.6505208333333333 0.33240740740740743 0.6369791666666667 0.33611111111111114 0.6286458333333333 0.3351851851851852 0.6197916666666666 0.32407407407407407 0.6052083333333333 0.27314814814814814 0.5984375 0.2638888888888889 0.596875 0.2564814814814815 0.596875 0.23425925925925925 0.6078125 0.20925925925925926 0.6119791666666666 0.20555555555555555 0.6234375 0.20462962962962963 0.6265625 0.2064814814814815 0.6333333333333333 0.21944444444444444
0 0.11979166666666667 0.2175925925925926 0.134375 0.21851851851851853 0.14583333333333334 0.24351851851851852 0.14739583333333334 0.26481481481481484 0.16458333333333333 0.3148148148148148 0.18645833333333334 0.4027777777777778 0.1875 0.41759259259259257 0.17916666666666667 0.4287037037037037 0.1609375 0.4425925925925926 0.14375 0.45 0.13333333333333333 0.44166666666666665 0.12864583333333332 0.42777777777777776 0.11510416666666666 0.4064814814814815 0.10416666666666667 0.38333333333333336 0.0796875 0.2564814814814815 0.09010416666666667 0.23703703703703705 0.11927083333333334 0.21851851851851853
0 0.7223958333333333 0.020370370370370372 0.7307291666666667 0.028703703703703703 0.7375 0.058333333333333334 0.7369791666666666 0.08611111111111111 0.734375 0.09166666666666666 0.7307291666666667 0.09259259259259259 0.71875 0.09259259259259259 0.7098958333333333 0.08796296296296297 0.7015625 0.05092592592592592 0.70625 0.024074074074074074 0.7098958333333333 0.020370370370370372 0.721875 0.020370370370370372
0 0.4328125 0.040740740740740744 0.4395833333333333 0.04259259259259259 0.44375 0.04722222222222222 0.4484375 0.06388888888888888 0.44895833333333335 0.07407407407407407 0.4432291666666667 0.09537037037037037 0.4354166666666667 0.09814814814814815 0.42864583333333334 0.10462962962962963 0.4192708333333333 0.0962962962962963 0.39895833333333336 0.09351851851851851 0.3765625 0.08518518518518518 0.37447916666666664 0.08148148148148149 0.37447916666666664 0.07037037037037037 0.37604166666666666 0.06296296296296296 0.38229166666666664 0.053703703703703705 0.4041666666666667 0.040740740740740744 0.4322916666666667 0.040740740740740744
0 0.975 0.4888888888888889 0.9817708333333334 0.49074074074074076 0.9895833333333334 0.5037037037037037 0.9994791666666667 0.512962962962963 0.9994791666666667 0.5685185185185185 0.9911458333333333 0.5666666666666667 0.9776041666666667 0.5722222222222222 0.9734375 0.5712962962962963 0.9671875 0.5638888888888889 0.9578125 0.5296296296296297 0.9588541666666667 0.5027777777777778 0.9640625 0.49444444444444446 0.9744791666666667 0.4888888888888889
0 0.6338541666666667 0.48333333333333334 0.6635416666666667 0.5037037037037037 0.6682291666666667 0.5046296296296297 0.6760416666666667 0.5 0.6921875 0.5074074074074074 0.6958333333333333 0.524074074074074 0.7161458333333334 0.5398148148148149 0.721875 0.5611111111111111 0.7385416666666667 0.5768518518518518 0.7401041666666667 0.6027777777777777 0.734375 0.6388888888888888 0.7302083333333333 0.6481481481481481 0.7203125 0.6527777777777778 0.7098958333333333 0.6509259259259259 0.703125 0.6407407407407407 0.7005208333333334 0.6314814814814815 0.6760416666666667 0.612037037037037 0.6708333333333333 0.6037037037037037 0.6526041666666667 0.5916666666666667 0.646875 0.5925925925925926 0.640625 0.5990740740740741 0.6333333333333333 0.5981481481481481 0.6260416666666667 0.5879629629629629 0.6229166666666667 0.5722222222222222 0.6203125 0.5694444444444444 0.609375 0.5685185185185185 0.6109375 0.5555555555555556 0.6260416666666667 0.5037037037037037 0.6286458333333333 0.487962962962963 0.6296875 0.4842592592592593 0.6333333333333333 0.48333333333333334
0 0.34270833333333334 0.03148148148148148 0.35 0.03796296296296296 0.3541666666666667 0.05462962962962963 0.35208333333333336 0.06574074074074074 0.34270833333333334 0.07314814814814814 0.3385416666666667 0.07222222222222222 0.33489583333333334 0.05185185185185185 0.33489583333333334 0.03981481481481482 0.3390625 0.032407407407407406 0.3421875 0.03148148148148148
0 0.42239583333333336 0.3962962962962963 0.459375 0.4185185185185185 0.46458333333333335 0.42407407407407405 0.46979166666666666 0.4398148148148148 0.49166666666666664 0.45740740740740743 0.4979166666666667 0.46574074074074073 0.4979166666666667 0.4898148148148148 0.4942708333333333 0.5055555555555555 0.484375 0.524074074074074 0.4708333333333333 0.5342592592592592 0.4625 0.5268518518518519 0.45729166666666665 0.5157407407407407 0.4484375 0.5092592592592593 0.43020833333333336 0.4981481481481482 0.425 0.4962962962962963 0.42135416666666664 0.49907407407407406 0.4114583333333333 0.49444444444444446 0.40729166666666666 0.487962962962963 0.4046875 0.47685185185185186 0.4005208333333333 0.47129629629629627 0.39947916666666666 0.4351851851851852 0.4010416666666667 0.42592592592592593 0.41458333333333336 0.3990740740740741 0.421875 0.3962962962962963
0 0.6119791666666666 0.9217592592592593 0.023958333333333335 0.10092592592592593
0 0.1125 0.862037037037037 0.125 0.8722222222222222 0.13072916666666667 0.8861111111111111 0.13697916666666668 0.9175925925925926 0.13333333333333333 0.937962962962963 0.12239583333333333 0.9305555555555556 0.08072916666666667 0.8842592592592593 0.08020833333333334 0.8796296296296297 0.09895833333333333 0.8648148148148148 0.11197916666666667 0.862037037037037
0 0.6432291666666666 0.17037037037037037 0.6510416666666666 0.17222222222222222 0.6552083333333333 0.1787037037037037 0.6645833333333333 0.20925925925925926 0.6614583333333334 0.23796296296296296 0.6541666666666667 0.25925925925925924 0.6505208333333333 0.25925925925925924 0.6473958333333333 0.25462962962962965 0.6286458333333333 0.2074074074074074 0.6328125 0.17314814814814813 0.6427083333333333 0.17037037037037037
0 0.38125 0.08796296296296297 0.4046875 0.09722222222222222 0.4078125 0.10185185185185185 0.41302083333333334 0.15833333333333333 0.4119791666666667 0.17314814814814813 0.39166666666666666 0.21666666666666667 0.3875 0.23425925925925925 0.3723958333333333 0.25555555555555554 0.35572916666666665 0.29444444444444445 0.3494791666666667 0.30277777777777776 0.3328125 0.33796296296296297 0.3140625 0.3824074074074074 0.29270833333333335 0.4203703703703704 0.28802083333333334 0.42314814814814816 0.27395833333333336 0.4185185185185185 0.2520833333333333 0.40185185185185185 0.246875 0.39351851851851855 0.23958333333333334 0.37222222222222223 0.23125 0.3398148148148148 0.22760416666666666 0.34074074074074073 0.22447916666666667 0.34814814814814815 0.22552083333333334 0.36018518518518516 0.22395833333333334 0.362962962962963 0.2203125 0.34444444444444444 0.2234375 0.3351851851851852 0.23020833333333332 0.325 0.2328125 0.3138888888888889 0.24427083333333333 0.2935185185185185 0.25104166666666666 0.26851851851851855 0.27708333333333335 0.22314814814814815 0.29322916666666665 0.21203703703703702 0.36770833333333336 0.09074074074074075 0.3723958333333333 0.08703703703703704 0.3807291666666667 0.08796296296296297
0 0.99453125 0.6222222222222222 0.0109375 0.03518518518518519
0 0.7578125 0.24537037037037038 0.7729166666666667 0.2611111111111111 0.775 0.26944444444444443 0.7723958333333333 0.2824074074074074 0.7520833333333333 0.337037037037037 0.7494791666666667 0.3490740740740741 0.7432291666666667 0.3537037037037037 0.734375 0.3527777777777778 0.7166666666666667 0.3398148148148148 0.7140625 0.3314814814814815 0.7140625 0.32222222222222224 0.7260416666666667 0.28888888888888886 0.7265625 0.2796296296296296 0.7317708333333334 0.2740740740740741 0.7479166666666667 0.24351851851851852 0.7536458333333333 0.24259259259259258 0.7572916666666667 0.24537037037037038
0 0.45208333333333334 0 0.45989583333333334 0 0.46510416666666665 0.014814814814814815 0.46458333333333335 0.022222222222222223 0.45260416666666664 0.03611111111111111 0.4479166666666667 0.03611111111111111 0.4473958333333333 0.021296296296296296 0.45208333333333334 0.000925925925925926
1 0.2078125 0.9472222222222222 0.21822916666666667 0.9629629629629629 0.21822916666666667 0.9722222222222222 0.215625 0.9805555555555555 0.20625 0.9898148148148148 0.20625 0.9953703703703703 0.19947916666666668 0.9925925925925926 0.203125 0.9879629629629629 0.19270833333333334 0.9703703703703703 0.19270833333333334 0.9638888888888889 0.20364583333333333 0.9481481481481482 0.20729166666666668 0.9472222222222222
1 0.8479166666666667 0.125 0.8494791666666667 0.1398148148148148 0.840625 0.1712962962962963 0.8380208333333333 0.1712962962962963 0.8338541666666667 0.16111111111111112 0.840625 0.13425925925925927 0.8453125 0.12407407407407407 0.8473958333333333 0.125
1 0.42552083333333335 0.7435185185185185 0.42864583333333334 0.75 0.4296875 0.7694444444444445 0.421875 0.7916666666666666 0.41510416666666666 0.8 0.41354166666666664 0.7962962962962963 0.4166666666666667 0.7888888888888889 0.4171875 0.7759259259259259 0.41354166666666664 0.7546296296296297 0.41822916666666665 0.7416666666666667 0.425 0.7435185185185185
1 0.2708333333333333 0.7833333333333333 0.275 0.7861111111111111 0.2869791666666667 0.8055555555555556 0.2869791666666667 0.812037037037037 0.2796875 0.8185185185185185 0.2713541666666667 0.8157407407407408 0.26458333333333334 0.8037037037037037 0.2640625 0.7861111111111111 0.2703125 0.7833333333333333
1 0.371875 0.7509259259259259 0.3770833333333333 0.7583333333333333 0.38177083333333334 0.7712962962962963 0.3776041666666667 0.7814814814814814 0.3776041666666667 0.7925925925925926 0.37395833333333334 0.7962962962962963 0.36614583333333334 0.7898148148148149 0.36041666666666666 0.7666666666666667 0.3614583333333333 0.7564814814814815 0.3645833333333333 0.7481481481481481 0.36822916666666666 0.7472222222222222 0.37135416666666665 0.7509259259259259
1 0.6307291666666667 0.07777777777777778 0.63125 0.09814814814814815 0.6265625 0.11944444444444445 0.6229166666666667 0.12777777777777777 0.6223958333333334 0.08981481481481482 0.6265625 0.0787037037037037 0.6302083333333334 0.07777777777777778
1 0.10364583333333334 0.075 0.11041666666666666 0.0824074074074074 0.10885416666666667 0.11018518518518519 0.10416666666666667 0.10462962962962963 0.0984375 0.09074074074074075 0.09895833333333333 0.07777777777777778 0.103125 0.075
1 0.7864583333333334 0.35 0.7864583333333334 0.3685185185185185 0.7791666666666667 0.38981481481481484 0.7729166666666667 0.4009259259259259 0.7671875 0.3990740740740741 0.7682291666666666 0.387037037037037 0.7822916666666667 0.35185185185185186 0.7859375 0.35
1 0.6875 0.19907407407407407 0.6838541666666667 0.18518518518518517 0.6890625 0.16203703703703703 0.6958333333333333 0.15092592592592594 0.6979166666666666 0.16574074074074074 0.690625 0.19074074074074074 0.6921875 0.2 0.6880208333333333 0.19907407407407407
1 0.128125 0.012962962962962963 0.14010416666666667 0.04259259259259259 0.14010416666666667 0.046296296296296294 0.13697916666666668 0.04722222222222222 0.1296875 0.041666666666666664 0.121875 0.019444444444444445 0.12239583333333333 0.013888888888888888 0.12604166666666666 0.011111111111111112 0.12760416666666666 0.012962962962962963
1 0.4817708333333333 0.3537037037037037 0.48489583333333336 0.36203703703703705 0.484375 0.39166666666666666 0.48020833333333335 0.3925925925925926 0.47708333333333336 0.40555555555555556 0.47552083333333334 0.4046296296296296 0.4734375 0.362962962962963 0.475 0.35648148148148145 0.48125 0.3537037037037037
1 0.8536458333333333 0.9444444444444444 0.8557291666666667 0.9481481481481482 0.8557291666666667 0.9601851851851851 0.8526041666666667 0.9712962962962963 0.83125 0.9851851851851852 0.8255208333333334 0.9824074074074074 0.8255208333333334 0.9694444444444444 0.8276041666666667 0.9657407407407408 0.8359375 0.962037037037037 0.8369791666666667 0.9546296296296296 0.8348958333333333 0.9462962962962963 0.8463541666666666 0.9425925925925925 0.853125 0.9444444444444444
1 0.4583333333333333 0.3333333333333333 0.46041666666666664 0.33796296296296297 0.46041666666666664 0.3490740740740741 0.45625 0.37962962962962965 0.453125 0.3787037037037037 0.44895833333333335 0.3398148148148148 0.45260416666666664 0.3277777777777778 0.4552083333333333 0.3277777777777778 0.4578125 0.3333333333333333
1 0.153125 0.018518518518518517 0.1578125 0.017592592592592594 0.16197916666666667 0.024074074074074074 0.1671875 0.049074074074074076 0.16510416666666666 0.05740740740740741 0.1625 0.05648148148148148 0.1625 0.049074074074074076 0.1546875 0.030555555555555555 0.153125 0.019444444444444445
1 0.05416666666666667 0.5731481481481482 0.065625 0.5935185185185186 0.075 0.5907407407407408 0.07916666666666666 0.5944444444444444 0.07760416666666667 0.6074074074074074 0.07135416666666666 0.6129629629629629 0.0640625 0.6111111111111112 0.051041666666666666 0.5916666666666667 0.0484375 0.5768518518518518 0.050520833333333334 0.5722222222222222 0.05364583333333333 0.5731481481481482
1 0.23541666666666666 0.6731481481481482 0.2390625 0.6777777777777778 0.2453125 0.6944444444444444 0.25052083333333336 0.700925925925926 0.24895833333333334 0.7055555555555556 0.24479166666666666 0.7083333333333334 0.23645833333333333 0.7074074074074074 0.225 0.6814814814814815 0.2265625 0.6731481481481482 0.23489583333333333 0.6731481481481482
1 0.17552083333333332 0 0.18177083333333333 0 0.1875 0.028703703703703703 0.18541666666666667 0.032407407407407406 0.17604166666666668 0.016666666666666666 0.17447916666666666 0.009259259259259259 0.17552083333333332 0.000925925925925926
1 0.6098958333333333 0.07592592592592592 0.6125 0.0824074074074074 0.6135416666666667 0.09537037037037037 0.6088541666666667 0.11851851851851852 0.6057291666666667 0.125 0.6026041666666667 0.12314814814814815 0.6036458333333333 0.08981481481481482 0.609375 0.07592592592592592
1 0.5734375 0 0.5802083333333333 0 0.5822916666666667 0.008333333333333333 0.5786458333333333 0.03518518518518519 0.5744791666666667 0.03981481481481482 0.571875 0.009259259259259259 0.5734375 0.000925925925925926
1 0.10885416666666667 0.7074074074074074 0.11875 0.7194444444444444 0.12395833333333334 0.7324074074074074 0.125 0.7472222222222222 0.121875 0.7555555555555555 0.11614583333333334 0.7537037037037037 0.103125 0.7351851851851852 0.09635416666666667 0.7342592592592593 0.096875 0.7222222222222222 0.09479166666666666 0.712037037037037 0.10833333333333334 0.7074074074074074
1 0.13072916666666667 0.05555555555555555 0.140625 0.0712962962962963 0.14114583333333333 0.08055555555555556 0.14739583333333334 0.09814814814814815 0.14322916666666666 0.1 0.14010416666666667 0.10555555555555556 0.1375 0.10462962962962963 0.13541666666666666 0.09074074074074075 0.1296875 0.07222222222222222 0.12864583333333332 0.05648148148148148 0.13020833333333334 0.05555555555555555
1 0.028645833333333332 0.13425925925925927 0.0328125 0.13240740740740742 0.0359375 0.13518518518518519 0.04583333333333333 0.16296296296296298 0.04583333333333333 0.1685185185185185 0.043229166666666666 0.17314814814814813 0.03229166666666667 0.15185185185185185 0.028125 0.15092592592592594 0.0265625 0.14166666666666666 0.028645833333333332 0.13518518518518519
1 0.8765625 0.41388888888888886 0.8786458333333333 0.41759259259259257 0.8770833333333333 0.4351851851851852 0.8708333333333333 0.4444444444444444 0.8635416666666667 0.4648148148148148 0.85625 0.46296296296296297 0.8536458333333333 0.4583333333333333 0.8536458333333333 0.45 0.8625 0.43333333333333335 0.865625 0.4212962962962963 0.8760416666666667 0.41388888888888886
1 0.3046875 0.7925925925925926 0.3067708333333333 0.8 0.30625 0.8101851851851852 0.30833333333333335 0.8148148148148148 0.30833333333333335 0.8324074074074074 0.30364583333333334 0.8407407407407408 0.3 0.8287037037037037 0.29270833333333335 0.8222222222222222 0.2875 0.812962962962963 0.2859375 0.8009259259259259 0.28958333333333336 0.7944444444444444 0.29635416666666664 0.7907407407407407 0.30416666666666664 0.7925925925925926
1 0.7380208333333333 0.07685185185185185 0.7385416666666667 0.062037037037037036 0.7442708333333333 0.03796296296296296 0.7484375 0.032407407407407406 0.7505208333333333 0.04814814814814815 0.7411458333333333 0.07592592592592592 0.7385416666666667 0.07592592592592592
1 0.8375 0.3333333333333333 0.8411458333333334 0.33425925925925926 0.8463541666666666 0.34444444444444444 0.8401041666666667 0.36574074074074076 0.8380208333333333 0.3685185185185185 0.8322916666666667 0.3675925925925926 0.8322916666666667 0.3537037037037037 0.8375 0.33425925925925926
1 0.446875 0.8018518518518518 0.4505208333333333 0.8148148148148148 0.4557291666666667 0.8240740740740741 0.4505208333333333 0.8314814814814815 0.4583333333333333 0.8379629629629629 0.45989583333333334 0.8425925925925926 0.4578125 0.8444444444444444 0.4432291666666667 0.8388888888888889 0.4348958333333333 0.8398148148148148 0.4390625 0.8277777777777777 0.43645833333333334 0.8037037037037037 0.44635416666666666 0.8018518518518518
1 0.47239583333333335 0.7722222222222223 0.4744791666666667 0.7759259259259259 0.4791666666666667 0.8074074074074075 0.4744791666666667 0.8092592592592592 0.4703125 0.8064814814814815 0.46458333333333335 0.8101851851851852 0.45989583333333334 0.8074074074074075 0.4630208333333333 0.8 0.46458333333333335 0.7787037037037037 0.4661458333333333 0.775 0.471875 0.7722222222222223
1 0.08385416666666666 0.09166666666666666 0.09479166666666666 0.10833333333333334 0.09427083333333333 0.11666666666666667 0.0984375 0.12685185185185185 0.0984375 0.13333333333333333 0.09583333333333334 0.1361111111111111 0.08333333333333333 0.1111111111111111 0.08072916666666667 0.09537037037037037 0.08125 0.09074074074074075 0.08333333333333333 0.09166666666666666
1 0.37083333333333335 0.5055555555555555 0.37604166666666666 0.5111111111111111 0.39166666666666666 0.5416666666666666 0.390625 0.549074074074074 0.3828125 0.549074074074074 0.3802083333333333 0.5546296296296296 0.375 0.5527777777777778 0.36822916666666666 0.5175925925925926 0.365625 0.5120370370370371 0.36666666666666664 0.5064814814814815 0.3703125 0.5055555555555555
1 0.5854166666666667 0 0.5895833333333333 0 0.5916666666666667 0.007407407407407408 0.5916666666666667 0.01574074074074074 0.5848958333333333 0.05092592592592592 0.5822916666666667 0.03796296296296296 0.58125 0.01574074074074074 0.5854166666666667 0.000925925925925926
1 0.6921875 0.25833333333333336 0.6958333333333333 0.25277777777777777 0.6963541666666667 0.24722222222222223 0.6994791666666667 0.2462962962962963 0.703125 0.275 0.6963541666666667 0.2824074074074074 0.6932291666666667 0.30092592592592593 0.6875 0.3 0.6927083333333334 0.25925925925925924
1 0.47760416666666666 0.32222222222222224 0.484375 0.337037037037037 0.48385416666666664 0.34814814814814815 0.4791666666666667 0.35555555555555557 0.475 0.35555555555555557 0.46979166666666666 0.35 0.4703125 0.33611111111111114 0.4739583333333333 0.325 0.47708333333333336 0.32222222222222224
1 0.6369791666666667 0.03425925925925926 0.6411458333333333 0.03796296296296296 0.6421875 0.044444444444444446 0.6416666666666667 0.06388888888888888 0.6369791666666667 0.07592592592592592 0.6333333333333333 0.07685185185185185 0.6328125 0.05185185185185185 0.6369791666666667 0.03518518518518519
1 0.1796875 0.018518518518518517 0.18645833333333334 0.028703703703703703 0.18645833333333334 0.04814814814814815 0.18333333333333332 0.05277777777777778 0.18177083333333333 0.05277777777777778 0.175 0.025925925925925925 0.17552083333333332 0.021296296296296296 0.17916666666666667 0.018518518518518517
1 0.33541666666666664 0.7805555555555556 0.33958333333333335 0.7861111111111111 0.34270833333333334 0.8018518518518518 0.3359375 0.812962962962963 0.328125 0.8333333333333334 0.3260416666666667 0.8277777777777777 0.3229166666666667 0.8 0.32083333333333336 0.7962962962962963 0.3203125 0.7842592592592592 0.32395833333333335 0.7787037037037037 0.33489583333333334 0.7805555555555556
1 0.5786458333333333 0.30462962962962964 0.5802083333333333 0.3277777777777778 0.5760416666666667 0.34814814814814815 0.5708333333333333 0.35555555555555557 0.5677083333333334 0.35462962962962963 0.5708333333333333 0.31666666666666665 0.5744791666666667 0.3055555555555556 0.578125 0.30462962962962964
1 0.18385416666666668 0.9648148148148148 0.19427083333333334 0.9731481481481481 0.19947916666666668 0.9833333333333333 0.196875 0.9925925925925926 0.19375 0.9962962962962963 0.18489583333333334 0.9944444444444445 0.16770833333333332 0.9740740740740741 0.16822916666666668 0.9694444444444444 0.17395833333333333 0.9675925925925926 0.178125 0.962037037037037 0.18333333333333332 0.9648148148148148
1 0.5958333333333333 0.3439814814814815 0.013541666666666667 0.05648148148148148
1 0.5270833333333333 0.9407407407407408 0.5291666666666667 0.9416666666666667 0.5385416666666667 0.9712962962962963 0.5375 0.9777777777777777 0.53125 0.9851851851851852 0.525 0.9851851851851852 0.5213541666666667 0.9787037037037037 0.5223958333333333 0.9657407407407408 0.5203125 0.9490740740740741 0.5234375 0.9416666666666667 0.5265625 0.9407407407407408
1 0.44166666666666665 0.7759259259259259 0.44375 0.787962962962963 0.4359375 0.8046296296296296 0.4317708333333333 0.8018518518518518 0.4270833333333333 0.7824074074074074 0.43020833333333336 0.7703703703703704 0.4296875 0.7620370370370371 0.4317708333333333 0.7592592592592593 0.4354166666666667 0.7611111111111111 0.44114583333333335 0.7759259259259259
1 0.10833333333333334 0.04814814814814815 0.11354166666666667 0.06296296296296296 0.1125 0.07962962962962963 0.10885416666666667 0.07962962962962963 0.10416666666666667 0.07407407407407407 0.10208333333333333 0.06481481481481481 0.1015625 0.049074074074074076 0.10572916666666667 0.04259259259259259 0.1078125 0.04814814814814815
1 0.5953125 0.002777777777777778 0.6015625 0.008333333333333333 0.6036458333333333 0.020370370370370372 0.5994791666666667 0.04814814814814815 0.5953125 0.04814814814814815 0.5927083333333333 0.025925925925925925 0.5953125 0.003703703703703704
1 0.7473958333333334 0.08333333333333333 0.7479166666666667 0.1 0.7380208333333333 0.1287037037037037 0.7354166666666667 0.12777777777777777 0.7354166666666667 0.12407407407407407 0.7395833333333334 0.11018518518518519 0.7401041666666667 0.09166666666666666 0.7442708333333333 0.08333333333333333 0.746875 0.08333333333333333
1 0.696875 0.03888888888888889 0.7 0.041666666666666664 0.6994791666666667 0.05462962962962963 0.6921875 0.08611111111111111 0.6895833333333333 0.08518518518518518 0.690625 0.05092592592592592 0.6921875 0.041666666666666664 0.6963541666666667 0.03888888888888889
1 0.7932291666666667 0.09259259259259259 0.796875 0.09722222222222222 0.7979166666666667 0.10833333333333334 0.7911458333333333 0.1259259259259259 0.7895833333333333 0.1361111111111111 0.7875 0.1388888888888889 0.7833333333333333 0.13796296296296295 0.7822916666666667 0.13055555555555556 0.7875 0.10555555555555556 0.7927083333333333 0.09351851851851851
1 0.2625 0.8185185185185185 0.2682291666666667 0.8212962962962963 0.2760416666666667 0.8194444444444444 0.2791666666666667 0.8222222222222222 0.28229166666666666 0.8314814814814815 0.28177083333333336 0.8351851851851851 0.2869791666666667 0.8379629629629629 0.28958333333333336 0.8435185185185186 0.28802083333333334 0.85 0.2734375 0.8518518518518519 0.27239583333333334 0.8481481481481481 0.26875 0.8685185185185185 0.265625 0.8722222222222222 0.2640625 0.8685185185185185 0.26458333333333334 0.8527777777777777 0.2557291666666667 0.8287037037037037 0.25729166666666664 0.8203703703703704 0.26197916666666665 0.8185185185185185
1 0.9567708333333333 0.5064814814814815 0.9583333333333334 0.5111111111111111 0.9567708333333333 0.5277777777777778 0.9432291666666667 0.55 0.9390625 0.55 0.9322916666666666 0.5425925925925926 0.9317708333333333 0.5361111111111111 0.9364583333333333 0.5287037037037037 0.9390625 0.5148148148148148 0.9416666666666667 0.5111111111111111 0.95625 0.5064814814814815