0 0.5203125 0.6638888888888889 0.5567708333333333 0.675 0.5640625 0.6814814814814815 0.5671875 0.7351851851851852 0.5640625 0.7388888888888889 0.5567708333333333 0.7379629629629629 0.5479166666666667 0.7416666666666667 0.5296875 0.7416666666666667 0.521875 0.7361111111111112 0.5114583333333333 0.7416666666666667 0.5036458333333333 0.7296296296296296 0.5036458333333333 0.7083333333333334 0.5088541666666667 0.6768518518518518 0.5130208333333334 0.6657407407407407 0.5197916666666667 0.6638888888888889
0 0.6265625 0.07592592592592592 0.628125 0.08425925925925926 0.6260416666666667 0.09537037037037037 0.621875 0.1 0.6125 0.10277777777777777 0.6078125 0.10277777777777777 0.6057291666666667 0.09722222222222222 0.6145833333333334 0.07685185185185185 0.6182291666666667 0.07407407407407407 0.6260416666666667 0.07592592592592592
0 0.075 0.4166666666666667 0.08645833333333333 0.42407407407407405 0.0890625 0.4324074074074074 0.08854166666666667 0.4398148148148148 0.08333333333333333 0.44166666666666665 0.0671875 0.43796296296296294 0.049479166666666664 0.4546296296296296 0.04114583333333333 0.46944444444444444 0.0375 0.487962962962963 0.03958333333333333 0.4935185185185185 0.03854166666666667 0.5009259259259259 0.033854166666666664 0.5074074074074074 0.027604166666666666 0.5101851851851852 0.011458333333333333 0.5055555555555555 0.004166666666666667 0.49722222222222223 0.0026041666666666665 0.47962962962962963 0.007291666666666667 0.46296296296296297 0.0328125 0.43425925925925923 0.04791666666666667 0.4305555555555556 0.0640625 0.41759259259259257 0.07447916666666667 0.4166666666666667
0 0.5369791666666667 0.13148148148148148 0.540625 0.13425925925925927 0.5421875 0.14537037037037037 0.5401041666666667 0.16111111111111112 0.5364583333333334 0.1648148148148148 0.5348958333333333 0.16203703703703703 0.525 0.16203703703703703 0.5223958333333333 0.1574074074074074 0.5223958333333333 0.14907407407407408 0.525 0.1398148148148148 0.5291666666666667 0.13425925925925927 0.5364583333333334 0.13148148148148148
0 0.7817708333333333 0.23703703703703705 0.8046875 0.2388888888888889 0.8052083333333333 0.24444444444444444 0.7979166666666667 0.25555555555555554 0.7822916666666667 0.2537037037037037 0.7697916666666667 0.24814814814814815 0.7692708333333333 0.24074074074074073 0.771875 0.2361111111111111 0.78125 0.23703703703703705
0 0.6770833333333334 0.23055555555555557 0.6822916666666666 0.23333333333333334 0.6880208333333333 0.24444444444444444 0.6885416666666667 0.25092592592592594 0.6802083333333333 0.262037037037037 0.675 0.2796296296296296 0.6703125 0.27685185185185185 0.6609375 0.262037037037037 0.6609375 0.25 0.6635416666666667 0.23703703703703705 0.6661458333333333 0.23333333333333334 0.6765625 0.23055555555555557
0 0.5536458333333333 0.2064814814814815 0.55625 0.2175925925925926 0.5536458333333333 0.24537037037037038 0.5489583333333333 0.2601851851851852 0.5453125 0.2638888888888889 0.5286458333333334 0.262037037037037 0.5255208333333333 0.2574074074074074 0.5260416666666666 0.24537037037037038 0.5302083333333333 0.22685185185185186 0.5364583333333334 0.21203703703703702 0.5463541666666667 0.20462962962962963 0.553125 0.2064814814814815
0 0.9296875 0.687037037037037 0.9447916666666667 0.6944444444444444 0.9828125 0.7305555555555555 0.984375 0.7481481481481481 0.98125 0.7694444444444445 0.9739583333333334 0.7759259259259259 0.9625 0.7796296296296297 0.9567708333333333 0.7861111111111111 0.9458333333333333 0.7814814814814814 0.9260416666666667 0.7648148148148148 0.9208333333333333 0.7574074074074074 0.9135416666666667 0.7546296296296297 0.9130208333333333 0.7462962962962963 0.91875 0.7333333333333333 0.9192708333333334 0.725 0.9135416666666667 0.7212962962962963 0.9078125 0.7287037037037037 0.9067708333333333 0.7240740740740741 0.9114583333333334 0.7101851851851851 0.9223958333333333 0.6916666666666667 0.9291666666666667 0.687037037037037
0 0.4921875 0.7435185185185185 0.4984375 0.7481481481481481 0.5036458333333333 0.7611111111111111 0.5088541666666667 0.7657407407407407 0.509375 0.7759259259259259 0.5046875 0.7833333333333333 0.4859375 0.7861111111111111 0.48072916666666665 0.7898148148148149 0.4703125 0.787962962962963 0.4635416666666667 0.7759259259259259 0.4635416666666667 0.7657407407407407 0.4666666666666667 0.7583333333333333 0.478125 0.75 0.47708333333333336 0.7592592592592593 0.48020833333333335 0.7666666666666667 0.484375 0.7675925925925926 0.48489583333333336 0.7518518518518519 0.48802083333333335 0.7435185185185185 0.49166666666666664 0.7435185185185185
0 0.33229166666666665 0.4898148148148148 0.3385416666666667 0.5 0.34270833333333334 0.4898148148148148 0.34375 0.4740740740740741 0.3458333333333333 0.47314814814814815 0.34791666666666665 0.47685185185185186 0.35052083333333334 0.49722222222222223 0.34739583333333335 0.5138888888888888 0.33177083333333335 0.5361111111111111 0.32864583333333336 0.5342592592592592 0.3255208333333333 0.525 0.32708333333333334 0.5 0.33177083333333335 0.4898148148148148
0 0.07447916666666667 0.4398148148148148 0.08802083333333334 0.4425925925925926 0.0921875 0.45740740740740743 0.09635416666666667 0.4638888888888889 0.096875 0.4703703703703704 0.09166666666666666 0.4842592592592593 0.07760416666666667 0.5 0.07447916666666667 0.5083333333333333 0.06770833333333333 0.5166666666666667 0.05572916666666667 0.5148148148148148 0.04635416666666667 0.5083333333333333 0.03854166666666667 0.48703703703703705 0.041666666666666664 0.4675925925925926 0.05 0.4537037037037037 0.06197916666666667 0.44074074074074077 0.07395833333333333 0.4398148148148148
0 0.46197916666666666 0.07407407407407407 0.4703125 0.07962962962962963 0.4739583333333333 0.08703703703703704 0.4739583333333333 0.09166666666666666 0.4703125 0.09814814814814815 0.4609375 0.10555555555555556 0.45625 0.10555555555555556 0.45 0.09722222222222222 0.44583333333333336 0.10185185185185185 0.44427083333333334 0.08796296296296297 0.45260416666666664 0.07592592592592592 0.46145833333333336 0.07407407407407407
0 0.5083333333333333 0.6083333333333333 0.5151041666666667 0.6175925925925926 0.5260416666666666 0.6129629629629629 0.5296875 0.6305555555555555 0.5291666666666667 0.6574074074074074 0.5255208333333333 0.662962962962963 0.521875 0.6601851851851852 0.5083333333333333 0.6305555555555555 0.5083333333333333 0.6092592592592593
0 0.8890625 0.7907407407407407 0.9145833333333333 0.8055555555555556 0.9322916666666666 0.8203703703703704 0.9598958333333333 0.8583333333333333 0.9677083333333333 0.8731481481481481 0.9744791666666667 0.8935185185185185 0.9744791666666667 0.9212962962962963 0.9697916666666667 0.9324074074074075 0.9598958333333333 0.9407407407407408 0.9421875 0.937037037037037 0.9333333333333333 0.9222222222222223 0.8828125 0.8805555555555555 0.8692708333333333 0.8768518518518519 0.8619791666666666 0.8657407407407407 0.859375 0.8555555555555555 0.8588541666666667 0.837037037037037 0.8630208333333333 0.8009259259259259 0.8703125 0.7925925925925926 0.8885416666666667 0.7907407407407407
0 0.59375 0.3675925925925926 0.603125 0.37592592592592594 0.6166666666666667 0.4027777777777778 0.621875 0.4185185185185185 0.6208333333333333 0.4287037037037037 0.6234375 0.4351851851851852 0.625 0.45092592592592595 0.6203125 0.462037037037037 0.6109375 0.46574074074074073 0.5989583333333334 0.46574074074074073 0.5963541666666666 0.46296296296296297 0.5890625 0.4351851851851852 0.5739583333333333 0.4046296296296296 0.5729166666666666 0.38333333333333336 0.5744791666666667 0.3731481481481482 0.5786458333333333 0.3685185185185185 0.5932291666666667 0.3675925925925926
0 0.5067708333333333 0.022222222222222223 0.5098958333333333 0.025925925925925925 0.5109375 0.03796296296296296 0.509375 0.04351851851851852 0.50625 0.044444444444444446 0.4973958333333333 0.04259259259259259 0.4979166666666667 0.028703703703703703 0.5015625 0.023148148148148147 0.50625 0.022222222222222223
0 0.5505208333333333 0.26851851851851855 0.5552083333333333 0.27870370370370373 0.5671875 0.2796296296296296 0.5697916666666667 0.2861111111111111 0.5692708333333333 0.3111111111111111 0.5640625 0.32407407407407407 0.55625 0.32222222222222224 0.5458333333333333 0.3055555555555556 0.5447916666666667 0.29259259259259257 0.5463541666666667 0.2740740740740741 0.5473958333333333 0.26944444444444443 0.55 0.26851851851851855
0 0.475 0.22037037037037038 0.47760416666666666 0.22407407407407406 0.4791666666666667 0.23425925925925925 0.47760416666666666 0.25 0.4703125 0.2611111111111111 0.4666666666666667 0.2574074074074074 0.4661458333333333 0.22962962962962963 0.4703125 0.2222222222222222 0.4744791666666667 0.22037037037037038
0 0.3255208333333333 0.18333333333333332 0.328125 0.18518518518518517 0.32916666666666666 0.19074074074074074 0.3307291666666667 0.21203703703703702 0.328125 0.22037037037037038 0.32083333333333336 0.22685185185185186 0.3072916666666667 0.22314814814814815 0.30572916666666666 0.19907407407407407 0.3067708333333333 0.1925925925925926 0.3109375 0.18703703703703703 0.325 0.18333333333333332
0 0.21666666666666667 0.2759259259259259 0.225 0.2814814814814815 0.225 0.28703703703703703 0.23020833333333332 0.30462962962962964 0.22864583333333333 0.31203703703703706 0.2140625 0.3333333333333333 0.19791666666666666 0.3277777777777778 0.19427083333333334 0.3 0.19583333333333333 0.29259259259259257 0.203125 0.28425925925925927 0.21614583333333334 0.2759259259259259
0 0.3026041666666667 0.6851851851851852 0.3098958333333333 0.6833333333333333 0.3125 0.6861111111111111 0.3145833333333333 0.6935185185185185 0.3140625 0.7148148148148148 0.2942708333333333 0.7620370370370371 0.28958333333333336 0.7620370370370371 0.2859375 0.7518518518518519 0.2869791666666667 0.712037037037037 0.29322916666666665 0.7055555555555556 0.29583333333333334 0.7138888888888889 0.3 0.7148148148148148 0.30520833333333336 0.7018518518518518 0.30520833333333336 0.6944444444444444 0.3026041666666667 0.6861111111111111
0 0.8973958333333333 0.7296296296296296 0.9057291666666667 0.7407407407407407 0.9114583333333334 0.7583333333333333 0.9119791666666667 0.7888888888888889 0.9083333333333333 0.7972222222222223 0.8932291666666666 0.7888888888888889 0.8848958333333333 0.7777777777777778 0.8666666666666667 0.7638888888888888 0.8625 0.7555555555555555 0.8635416666666667 0.7407407407407407 0.8697916666666666 0.7333333333333333 0.8880208333333334 0.7388888888888889 0.8916666666666667 0.7305555555555555 0.896875 0.7296296296296296
0 0.03854166666666667 0.6287037037037037 0.07135416666666666 0.6388888888888888 0.08125 0.6472222222222223 0.1015625 0.6805555555555556 0.10416666666666667 0.6925925925925925 0.1046875 0.7175925925925926 0.09947916666666666 0.7305555555555555 0.08645833333333333 0.7416666666666667 0.08489583333333334 0.7527777777777778 0.08072916666666667 0.7601851851851852 0.0640625 0.762962962962963 0.05677083333333333 0.7592592592592593 0.050520833333333334 0.7722222222222223 0.005208333333333333 0.8037037037037037 0 0.8027777777777778 0 0.7407407407407407 0.003125 0.737037037037037 0 0.7333333333333333 0 0.6953703703703704 0.0026041666666666665 0.6925925925925925 0 0.6907407407407408 0 0.6416666666666667 0.011458333333333333 0.6342592592592593 0.016145833333333335 0.6342592592592593 0.023958333333333335 0.6407407407407407 0.0296875 0.6296296296296297 0.03802083333333333 0.6287037037037037
0 0.5255208333333333 0.18888888888888888 0.5223958333333333 0.1814814814814815 0.5223958333333333 0.1648148148148148 0.5255208333333333 0.15833333333333333 0.5390625 0.15092592592592594 0.5411458333333333 0.1638888888888889 0.5348958333333333 0.1712962962962963 0.5302083333333333 0.18425925925925926 0.5260416666666666 0.18888888888888888
0 0.26510416666666664 0.2490740740740741 0.2703125 0.2675925925925926 0.2703125 0.2777777777777778 0.2609375 0.2972222222222222 0.25729166666666664 0.3 0.24375 0.29814814814814816 0.23697916666666666 0.2759259259259259 0.24010416666666667 0.26481481481481484 0.24791666666666667 0.25092592592592594 0.2526041666666667 0.24722222222222223 0.26458333333333334 0.2490740740740741
0 0.5822916666666667 0.028703703703703703 0.5942708333333333 0.03148148148148148 0.5973958333333333 0.03518518518518519 0.5994791666666667 0.04722222222222222 0.5958333333333333 0.08425925925925926 0.5916666666666667 0.09166666666666666 0.5744791666666667 0.10092592592592593 0.5630208333333333 0.12407407407407407 0.5546875 0.12314814814814815 0.5484375 0.1175925925925926 0.55 0.075 0.553125 0.05277777777777778 0.5567708333333333 0.04537037037037037 0.5635416666666667 0.041666666666666664 0.5708333333333333 0.03148148148148148 0.5817708333333333 0.028703703703703703
0 0.23385416666666667 0.5018518518518519 0.24375 0.5064814814814815 0.24791666666666667 0.5120370370370371 0.24947916666666667 0.5194444444444445 0.24791666666666667 0.5425925925925926 0.23541666666666666 0.5675925925925925 0.22708333333333333 0.5944444444444444 0.221875 0.6046296296296296 0.21666666666666667 0.6277777777777778 0.2 0.6481481481481481 0.178125 0.6481481481481481 0.16822916666666668 0.6425925925925926 0.16458333333333333 0.6296296296296297 0.16770833333333332 0.6129629629629629 0.17864583333333334 0.5740740740740741 0.19322916666666667 0.5361111111111111 0.2015625 0.5287037037037037 0.21302083333333333 0.5083333333333333 0.23333333333333334 0.5018518518518519
0 0.8380208333333333 0.8944444444444445 0.8489583333333334 0.9046296296296297 0.8489583333333334 0.9175925925925926 0.853125 0.9277777777777778 0.8552083333333333 0.9407407407407408 0.859375 0.9444444444444444 0.8640625 0.9416666666666667 0.8625 0.924074074074074 0.8645833333333334 0.9157407407407407 0.8729166666666667 0.9101851851851852 0.884375 0.9425925925925925 0.8854166666666666 0.9611111111111111 0.8807291666666667 0.9675925925925926 0.8729166666666667 0.9666666666666667 0.8515625 0.9527777777777777 0.8375 0.9398148148148148 0.828125 0.9222222222222223 0.8265625 0.9074074074074074 0.8296875 0.8935185185185185 0.8375 0.8944444444444445
0 0.5192708333333333 0.1962962962962963 0.5244791666666667 0.2037037037037037 0.5260416666666666 0.22314814814814815 0.5234375 0.23981481481481481 0.515625 0.25555555555555554 0.5125 0.2518518518518518 0.5072916666666667 0.22777777777777777 0.5005208333333333 0.22314814814814815 0.49947916666666664 0.21944444444444444 0.5083333333333333 0.19537037037037036 0.51875 0.1962962962962963
0 0.7520833333333333 0.562037037037037 0.7583333333333333 0.5666666666666667 0.7619791666666667 0.575 0.7625 0.5888888888888889 0.7661458333333333 0.6 0.765625 0.6064814814814815 0.7619791666666667 0.6101851851851852 0.7578125 0.6092592592592593 0.7536458333333333 0.6018518518518519 0.7557291666666667 0.5787037037037037 0.7526041666666666 0.5722222222222222 0.7473958333333334 0.5703703703703704 0.7515625 0.562037037037037
0 0.4432291666666667 0.25092592592592594 0.44895833333333335 0.2657407407407407 0.4473958333333333 0.2851851851851852 0.43697916666666664 0.3 0.43020833333333336 0.30462962962962964 0.4244791666666667 0.29814814814814816 0.425 0.26296296296296295 0.43333333333333335 0.25 0.4390625 0.24814814814814815 0.4427083333333333 0.25092592592592594
0 0.6333333333333333 0.38796296296296295 0.6369791666666667 0.3990740740740741 0.6385416666666667 0.412962962962963 0.6364583333333333 0.4361111111111111 0.6333333333333333 0.44074074074074077 0.6291666666666667 0.42777777777777776 0.6229166666666667 0.41944444444444445 0.6192708333333333 0.40555555555555556 0.6197916666666666 0.3972222222222222 0.6223958333333334 0.3907407407407407 0.6276041666666666 0.3888888888888889 0.6302083333333334 0.39444444444444443 0.6328125 0.38796296296296295
0 0.18333333333333332 0.3611111111111111 0.18958333333333333 0.36944444444444446 0.18958333333333333 0.387037037037037 0.18177083333333333 0.3925925925925926 0.159375 0.42407407407407405 0.1375 0.4212962962962963 0.13333333333333333 0.41388888888888886 0.13229166666666667 0.4074074074074074 0.13333333333333333 0.38425925925925924 0.14010416666666667 0.3731481481481482 0.15104166666666666 0.362962962962963 0.17708333333333334 0.3592592592592593 0.1828125 0.3611111111111111
0 0.0953125 0.8870370370370371 0.10364583333333334 0.8935185185185185 0.1171875 0.9138888888888889 0.12135416666666667 0.924074074074074 0.12083333333333333 0.9388888888888889 0.11302083333333333 0.9638888888888889 0.1078125 0.9740740740740741 0.1 0.9824074074074074 0.09114583333333333 0.987037037037037 0.08229166666666667 0.9990740740740741 0 0.9990740740740741 0 0.9814814814814815 0.042708333333333334 0.9268518518518518 0.058854166666666666 0.9166666666666666 0.07916666666666666 0.8916666666666667 0.084375 0.887962962962963 0.09479166666666666 0.8870370370370371
0 0.6901041666666666 0.25277777777777777 0.6994791666666667 0.2574074074074074 0.7036458333333333 0.26296296296296295 0.7135416666666666 0.2972222222222222 0.7171875 0.3212962962962963 0.7140625 0.3351851851851852 0.709375 0.3398148148148148 0.6890625 0.33611111111111114 0.6776041666666667 0.3 0.6776041666666667 0.27037037037037037 0.6828125 0.25833333333333336 0.6895833333333333 0.25277777777777777
0 0.9848958333333333 0.7768518518518519 0.9994791666666667 0.7851851851851852 0.9994791666666667 0.8675925925925926 0.9953125 0.8685185185185185 0.9744791666666667 0.8537037037037037 0.9609375 0.8555555555555555 0.9526041666666667 0.8425925925925926 0.9505208333333334 0.8314814814814815 0.9494791666666667 0.8092592592592592 0.9526041666666667 0.7953703703703704 0.9666666666666667 0.7796296296296297 0.9770833333333333 0.7759259259259259 0.984375 0.7768518518518519
0 0.6234375 0.524074074074074 0.6302083333333334 0.5314814814814814 0.6453125 0.562037037037037 0.6463541666666667 0.5879629629629629 0.6421875 0.5990740740740741 0.640625 0.6148148148148148 0.6369791666666667 0.6175925925925926 0.6317708333333333 0.6101851851851852 0.6229166666666667 0.6055555555555555 0.6098958333333333 0.5851851851851851 0.6020833333333333 0.5805555555555556 0.5989583333333334 0.5731481481481482 0.5994791666666667 0.5574074074074075 0.6057291666666667 0.5324074074074074 0.6135416666666667 0.5259259259259259 0.6229166666666667 0.524074074074074
0 0.4984375 0.14814814814814814 0.5026041666666666 0.15555555555555556 0.5015625 0.19166666666666668 0.4979166666666667 0.20185185185185187 0.484375 0.2212962962962963 0.4734375 0.2175925925925926 0.46822916666666664 0.2111111111111111 0.46822916666666664 0.19907407407407407 0.4734375 0.16666666666666666 0.47708333333333336 0.1574074074074074 0.484375 0.14907407407407408 0.49114583333333334 0.14629629629629629 0.4979166666666667 0.14814814814814814
0 0.9734375 0.6638888888888889 0.9994791666666667 0.6731481481481482 0.9994791666666667 0.7240740740740741 0.9859375 0.7287037037037037 0.9802083333333333 0.7277777777777777 0.9625 0.712037037037037 0.9479166666666666 0.6981481481481482 0.9447916666666667 0.6916666666666667 0.9479166666666666 0.6777777777777778 0.9567708333333333 0.6675925925925926 0.9729166666666667 0.6638888888888889
0 0.7432291666666667 0.6074074074074074 0.7484375 0.6092592592592593 0.7619791666666667 0.6222222222222222 0.7791666666666667 0.6435185185185185 0.7880208333333333 0.6574074074074074 0.7942708333333334 0.6759259259259259 0.8072916666666666 0.6953703703703704 0.8140625 0.7101851851851851 0.8145833333333333 0.7231481481481481 0.8130208333333333 0.7305555555555555 0.8020833333333334 0.7527777777777778 0.796875 0.7564814814814815 0.7755208333333333 0.7527777777777778 0.7708333333333334 0.7490740740740741 0.7682291666666666 0.7453703703703703 0.7645833333333333 0.7305555555555555 0.7484375 0.7055555555555556 0.7385416666666667 0.6935185185185185 0.7234375 0.6833333333333333 0.7166666666666667 0.6731481481481482 0.7130208333333333 0.6527777777777778 0.7130208333333333 0.6425925925925926 0.7166666666666667 0.6287037037037037 0.7307291666666667 0.6092592592592593 0.7427083333333333 0.6074074074074074
0 0.6755208333333333 0.5481481481481482 0.6859375 0.5583333333333333 0.6890625 0.5648148148148148 0.6958333333333333 0.5675925925925925 0.6979166666666666 0.6055555555555555 0.6916666666666667 0.6259259259259259 0.6921875 0.6398148148148148 0.6895833333333333 0.6444444444444445 0.6526041666666667 0.6027777777777777 0.6473958333333333 0.5879629629629629 0.6489583333333333 0.5731481481481482 0.6578125 0.55 0.66875 0.5453703703703704 0.675 0.5481481481481482
0 0.4984375 0.22407407407407406 0.5052083333333334 0.22592592592592592 0.5078125 0.22962962962962963 0.5072916666666667 0.23425925925925925 0.5114583333333333 0.2518518518518518 0.5192708333333333 0.2759259259259259 0.5328125 0.35833333333333334 0.5328125 0.4064814814814815 0.5296875 0.425 0.5088541666666667 0.42962962962962964 0.49166666666666664 0.4287037037037037 0.4869791666666667 0.4203703703703704 0.4817708333333333 0.3768518518518518 0.48020833333333335 0.3277777777777778 0.47760416666666666 0.3101851851851852 0.4791666666666667 0.3074074074074074 0.47760416666666666 0.25833333333333336 0.4817708333333333 0.24444444444444444 0.48072916666666665 0.23703703703703705 0.48489583333333336 0.22592592592592592 0.4979166666666667 0.22407407407407406
0 0.5567708333333333 0.5370370370370371 0.5692708333333333 0.5564814814814815 0.5875 0.5972222222222222 0.5921875 0.6018518518518519 0.5932291666666667 0.612037037037037 0.6109375 0.6583333333333333 0.609375 0.6731481481481482 0.6046875 0.6842592592592592 0.5953125 0.6935185185185185 0.5848958333333333 0.6972222222222222 0.5776041666666667 0.6962962962962963 0.5666666666666667 0.6851851851851852 0.5546875 0.6472222222222223 0.5390625 0.6101851851851852 0.5322916666666667 0.6018518518518519 0.528125 0.5879629629629629 0.5260416666666666 0.5601851851851852 0.5291666666666667 0.5462962962962963 0.546875 0.5342592592592592 0.55625 0.5370370370370371
0 0.24635416666666668 0.2361111111111111 0.25052083333333336 0.24814814814814815 0.2390625 0.2675925925925926 0.2390625 0.2824074074074074 0.2375 0.28425925925925927 0.22864583333333333 0.2833333333333333 0.22395833333333334 0.27870370370370373 0.221875 0.25 0.225 0.24351851851851852 0.23385416666666667 0.2361111111111111 0.24583333333333332 0.2361111111111111
0 0.5536458333333333 0.1638888888888889 0.5583333333333333 0.1675925925925926 0.5604166666666667 0.17314814814814813 0.5557291666666667 0.19814814814814816 0.55 0.19907407407407407 0.5385416666666667 0.20833333333333334 0.5296875 0.2064814814814815 0.5270833333333333 0.20277777777777778 0.5265625 0.1925925925925926 0.528125 0.18703703703703703 0.5385416666666667 0.16666666666666666 0.5421875 0.1638888888888889 0.553125 0.1638888888888889
0 0.7005208333333334 0.6620370370370371 0.7166666666666667 0.6777777777777778 0.7453125 0.7185185185185186 0.7567708333333333 0.7425925925925926 0.7770833333333333 0.774074074074074 0.7828125 0.7972222222222223 0.7828125 0.8111111111111111 0.7729166666666667 0.837037037037037 0.7661458333333333 0.8416666666666667 0.7447916666666666 0.8416666666666667 0.7401041666666667 0.8388888888888889 0.7317708333333334 0.825 0.7265625 0.8074074074074075 0.6984375 0.7657407407407407 0.6916666666666667 0.7601851851851852 0.6817708333333333 0.7592592592592593 0.675 0.7462962962962963 0.6739583333333333 0.7287037037037037 0.6703125 0.7111111111111111 0.671875 0.6990740740740741 0.6885416666666667 0.6685185185185185 0.6958333333333333 0.6611111111111111 0.7 0.6620370370370371
0 0.75 0.40370370370370373 0.7625 0.4064814814814815 0.76875 0.41944444444444445 0.76875 0.4388888888888889 0.7458333333333333 0.42777777777777776 0.7427083333333333 0.4287037037037037 0.7734375 0.4583333333333333 0.7765625 0.4722222222222222 0.778125 0.5027777777777778 0.7760416666666666 0.5083333333333333 0.7697916666666667 0.5138888888888888 0.7546875 0.5120370370370371 0.7453125 0.5064814814814815 0.7401041666666667 0.49907407407407406 0.7401041666666667 0.48148148148148145 0.7354166666666667 0.4361111111111111 0.7369791666666666 0.4305555555555556 0.7401041666666667 0.4287037037037037 0.7375 0.4185185185185185 0.7385416666666667 0.4111111111111111 0.7421875 0.40555555555555556 0.7494791666666667 0.40370370370370373
0 0.5255208333333333 0.044444444444444446 0.528125 0.04814814814814815 0.5260416666666666 0.05925925925925926 0.5171875 0.06296296296296296 0.5151041666666667 0.06296296296296296 0.5119791666666667 0.05648148148148148 0.5119791666666667 0.04722222222222222 0.51875 0.041666666666666664 0.525 0.044444444444444446
1 0.8 0.3768518518518518 0.8041666666666667 0.37962962962962965 0.8015625 0.3990740740740741 0.796875 0.4083333333333333 0.796875 0.3907407407407407 0.8 0.37777777777777777
1 0.4661458333333333 0.5740740740740741 0.471875 0.5824074074074074 0.47291666666666665 0.5925925925925926 0.4703125 0.6203703703703703 0.4666666666666667 0.612037037037037 0.4630208333333333 0.625 0.4609375 0.6240740740740741 0.4609375 0.5777777777777777 0.4625 0.5731481481481482 0.465625 0.5740740740740741
1 0.440625 0.6194444444444445 0.44635416666666666 0.6305555555555555 0.446875 0.6361111111111111 0.446875 0.65 0.4432291666666667 0.6675925925925926 0.44114583333333335 0.6666666666666666 0.43385416666666665 0.6416666666666667 0.43645833333333334 0.6203703703703703 0.4401041666666667 0.6194444444444445
1 0.0640625 0.3537037037037037 0.06145833333333333 0.3416666666666667 0.0546875 0.3277777777777778 0.05416666666666667 0.30833333333333335 0.057291666666666664 0.30462962962962964 0.0640625 0.3212962962962963 0.06458333333333334 0.3333333333333333 0.06927083333333334 0.34444444444444444 0.06458333333333334 0.3527777777777778
1 0.6265625 0.31203703703703706 0.6296875 0.325 0.6244791666666667 0.3537037037037037 0.6197916666666666 0.35185185185185186 0.6197916666666666 0.31666666666666665 0.6260416666666667 0.31203703703703706
1 0.421875 0.562962962962963 0.42552083333333335 0.5611111111111111 0.43125 0.575 0.43072916666666666 0.600925925925926 0.4244791666666667 0.6175925925925926 0.4197916666666667 0.5796296296296296 0.421875 0.5638888888888889
1 0.05 0.3416666666666667 0.05364583333333333 0.3472222222222222 0.057291666666666664 0.3611111111111111 0.057291666666666664 0.3768518518518518 0.05260416666666667 0.3768518518518518 0.046875 0.36203703703703705 0.04583333333333333 0.34629629629629627 0.049479166666666664 0.3425925925925926
1 0.09166666666666666 0.33240740740740743 0.1015625 0.3592592592592593 0.0953125 0.37037037037037035 0.0921875 0.36944444444444446 0.0859375 0.33796296296296297 0.08802083333333334 0.3314814814814815 0.09114583333333333 0.33240740740740743
1 0.440625 0.5675925925925925 0.4421875 0.5805555555555556 0.4395833333333333 0.5953703703703703 0.4328125 0.612037037037037 0.43125 0.6101851851851852 0.4322916666666667 0.562962962962963 0.4359375 0.5601851851851852 0.4401041666666667 0.5675925925925925
1 0.12604166666666666 0.3101851851851852 0.13125 0.31666666666666665 0.1390625 0.3453703703703704 0.13697916666666668 0.3509259259259259 0.13333333333333333 0.3472222222222222 0.13020833333333334 0.3527777777777778 0.1265625 0.35185185185185186 0.125 0.32407407407407407 0.12604166666666666 0.3111111111111111
1 0.7958333333333333 0.5314814814814814 0.7979166666666667 0.5435185185185185 0.7921875 0.5611111111111111 0.7927083333333333 0.5805555555555556 0.7901041666666667 0.5833333333333334 0.7859375 0.5657407407407408 0.7828125 0.5731481481481482 0.7796875 0.5675925925925925 0.7838541666666666 0.5574074074074075 0.7838541666666666 0.55 0.7864583333333334 0.5416666666666666 0.7927083333333333 0.5314814814814814 0.7953125 0.5314814814814814
1 0.32760416666666664 0.1638888888888889 0.32395833333333335 0.1425925925925926 0.32447916666666665 0.13703703703703704 0.32760416666666664 0.13240740740740742 0.33125 0.13796296296296295 0.3302083333333333 0.16018518518518518 0.328125 0.1638888888888889
1 0.13020833333333334 0.25555555555555554 0.13385416666666666 0.2574074074074074 0.14166666666666666 0.2861111111111111 0.13385416666666666 0.28703703703703703 0.1265625 0.2657407407407407 0.12708333333333333 0.25925925925925924 0.1296875 0.2564814814814815
1 0.21666666666666667 0.2564814814814815 0.21458333333333332 0.25462962962962965 0.21354166666666666 0.22592592592592592 0.21666666666666667 0.2222222222222222 0.22083333333333333 0.23703703703703705 0.2203125 0.25092592592592594 0.2171875 0.25555555555555554
1 0.9213541666666667 0.6148148148148148 0.9223958333333333 0.6194444444444445 0.9171875 0.6231481481481481 0.9166666666666666 0.6351851851851852 0.9119791666666667 0.6509259259259259 0.9036458333333334 0.6648148148148149 0.9 0.6620370370370371 0.9010416666666666 0.6527777777777778 0.8973958333333333 0.6546296296296297 0.8947916666666667 0.6537037037037037 0.8947916666666667 0.6509259259259259 0.9041666666666667 0.6416666666666667 0.9057291666666667 0.6194444444444445 0.9104166666666667 0.6157407407407407 0.9208333333333333 0.6148148148148148
1 0.8145833333333333 0.4842592592592593 0.81875 0.49074074074074076 0.8197916666666667 0.5018518518518519 0.8078125 0.5351851851851852 0.803125 0.5296296296296297 0.803125 0.5194444444444445 0.8109375 0.48703703703703705 0.8140625 0.4842592592592593
1 0.7479166666666667 0.5694444444444444 0.7552083333333334 0.5731481481481482 0.7572916666666667 0.5842592592592593 0.7515625 0.6037037037037037 0.7473958333333334 0.6074074074074074 0.7395833333333334 0.6055555555555555 0.7411458333333333 0.5851851851851851 0.7442708333333333 0.575 0.7479166666666667 0.5703703703703704
1 0.0640625 0.3611111111111111 0.06979166666666667 0.37037037037037035 0.07083333333333333 0.3814814814814815 0.0765625 0.3990740740740741 0.0734375 0.4009259259259259 0.0609375 0.37962962962962965 0.06041666666666667 0.36574074074074076 0.06354166666666666 0.36203703703703705
1 0.22916666666666666 0.21296296296296297 0.23385416666666667 0.22314814814814815 0.23385416666666667 0.23425925925925925 0.23020833333333332 0.24259259259259258 0.2265625 0.24074074074074073 0.22395833333333334 0.22592592592592592 0.22447916666666667 0.21574074074074073 0.22864583333333333 0.21296296296296297
1 0.5848958333333333 0.2722222222222222 0.5880208333333333 0.27314814814814814 0.5901041666666667 0.2824074074074074 0.5885416666666666 0.30185185185185187 0.5869791666666667 0.3055555555555556 0.5833333333333334 0.30648148148148147 0.5817708333333333 0.2861111111111111 0.5848958333333333 0.27314814814814814
1 0.44583333333333336 0.5777777777777777 0.453125 0.5916666666666667 0.45208333333333334 0.6129629629629629 0.44895833333333335 0.6287037037037037 0.44583333333333336 0.6287037037037037 0.4453125 0.612037037037037 0.44114583333333335 0.5935185185185186 0.4421875 0.5814814814814815 0.4453125 0.5787037037037037
1 0.17291666666666666 0.24444444444444444 0.17864583333333334 0.26481481481481484 0.17708333333333334 0.2712962962962963 0.171875 0.27037037037037037 0.16822916666666668 0.2601851851851852 0.1671875 0.24444444444444444 0.17239583333333333 0.24444444444444444
1 0.8098958333333334 0.6231481481481481 0.8151041666666666 0.6231481481481481 0.8161458333333333 0.6407407407407407 0.8135416666666667 0.6685185185185185 0.8109375 0.6722222222222223 0.8072916666666666 0.6712962962962963 0.8046875 0.6555555555555556 0.7989583333333333 0.6509259259259259 0.8098958333333334 0.6240740740740741
1 0.011979166666666667 0.4064814814814815 0.01875 0.41759259259259257 0.023958333333333335 0.4361111111111111 0.023958333333333335 0.4425925925925926 0.019791666666666666 0.44722222222222224 0.0140625 0.44074074074074077 0.008333333333333333 0.4203703703703704 0.007291666666666667 0.41203703703703703 0.011458333333333333 0.4064814814814815
1 0.6057291666666667 0.275 0.6067708333333334 0.29444444444444445 0.6052083333333333 0.29814814814814816 0.6010416666666667 0.2972222222222222 0.5994791666666667 0.2935185185185185 0.6015625 0.27685185185185185 0.6052083333333333 0.275
1 0.6291666666666667 0.38333333333333336 0.6291666666666667 0.3592592592592593 0.634375 0.34444444444444444 0.6369791666666667 0.34444444444444444 0.6385416666666667 0.3509259259259259 0.6390625 0.37037037037037035 0.6364583333333333 0.3787037037037037 0.6364583333333333 0.387037037037037 0.6333333333333333 0.38796296296296295 0.6296875 0.38333333333333336
1 0.29322916666666665 0.19722222222222222 0.290625 0.18333333333333332 0.290625 0.17037037037037037 0.29270833333333335 0.16666666666666666 0.29739583333333336 0.1787037037037037 0.29739583333333336 0.1962962962962963 0.29375 0.19722222222222222
1 0.8208333333333333 0.6148148148148148 0.8270833333333333 0.6333333333333333 0.828125 0.6472222222222223 0.8171875 0.6509259259259259 0.8151041666666666 0.6268518518518519 0.8203125 0.6157407407407407
1 0.6072916666666667 0.2111111111111111 0.6098958333333333 0.2212962962962963 0.6057291666666667 0.24259259259259258 0.603125 0.24166666666666667 0.603125 0.21481481481481482 0.6052083333333333 0.20925925925925926 0.6067708333333334 0.2111111111111111
1 0.21875 0.20277777777777778 0.221875 0.20925925925925926 0.221875 0.21481481481481482 0.22083333333333333 0.22037037037037038 0.2171875 0.22314814814814815 0.21458333333333332 0.21666666666666667 0.2140625 0.20555555555555555 0.21614583333333334 0.20185185185185187 0.21822916666666667 0.20277777777777778
1 0.6026041666666667 0.2953703703703704 0.6057291666666667 0.30185185185185187 0.60625 0.31574074074074077 0.6020833333333333 0.33425925925925926 0.5984375 0.3314814814814815 0.596875 0.32314814814814813 0.596875 0.3101851851851852 0.6020833333333333 0.2953703703703704
1 0 0.43796296296296294 0.0046875 0.4425925925925926 0.00625 0.45925925925925926 0.005208333333333333 0.4759259259259259 0 0.4777777777777778 0 0.4388888888888889
1 0.3104166666666667 0.18703703703703703 0.30520833333333336 0.1712962962962963 0.30625 0.15925925925925927 0.3104166666666667 0.15833333333333333 0.31354166666666666 0.16666666666666666 0.31354166666666666 0.18518518518518517 0.3109375 0.18611111111111112
1 0.6088541666666667 0.2935185185185185 0.609375 0.25833333333333336 0.6130208333333333 0.2601851851851852 0.6151041666666667 0.275 0.6140625 0.2935185185185185 0.609375 0.2935185185185185
1 0.7119791666666667 0.512962962962963 0.7135416666666666 0.524074074074074 0.7130208333333333 0.5453703703703704 0.70625 0.5527777777777778 0.7015625 0.5453703703703704 0.7 0.537962962962963 0.7072916666666667 0.5148148148148148 0.7114583333333333 0.512962962962963
1 0.15677083333333333 0.5666666666666667 0.159375 0.5833333333333334 0.15104166666666666 0.5879629629629629 0.1484375 0.575 0.1421875 0.562962962962963 0.14114583333333333 0.5555555555555556 0.14479166666666668 0.5370370370370371 0.1484375 0.5388888888888889 0.15260416666666668 0.5583333333333333 0.15625 0.5666666666666667
1 0.6333333333333333 0.31296296296296294 0.6390625 0.3175925925925926 0.6401041666666667 0.3277777777777778 0.6369791666666667 0.33425925925925926 0.6348958333333333 0.3490740740740741 0.6307291666666667 0.3527777777777778 0.6291666666666667 0.35 0.6296875 0.3138888888888889 0.6328125 0.31296296296296294
1 0.8151041666666666 0.37037037037037035 0.8161458333333333 0.3768518518518518 0.8145833333333333 0.3888888888888889 0.8078125 0.40555555555555556 0.8072916666666666 0.41203703703703703 0.8036458333333333 0.4111111111111111 0.8052083333333333 0.3888888888888889 0.8098958333333334 0.3731481481481482 0.8145833333333333 0.37037037037037035
1 0.30885416666666665 0.9601851851851851 0.3151041666666667 0.9648148148148148 0.32083333333333336 0.9824074074074074 0.328125 0.9916666666666667 0.32708333333333334 0.9990740740740741 0.3026041666666667 0.9990740740740741 0.30364583333333334 0.9666666666666667 0.30572916666666666 0.9611111111111111 0.30833333333333335 0.9601851851851851