1 0.8520833333333333 0.19074074074074074 0.8552083333333333 0.18981481481481483 0.8572916666666667 0.19814814814814816 0.8536458333333333 0.20925925925925926 0.853125 0.22407407407407406 0.8510416666666667 0.23055555555555557 0.8520833333333333 0.23425925925925925 0.8484375 0.2361111111111111 0.8421875 0.2324074074074074 0.8447916666666667 0.20925925925925926 0.8520833333333333 0.19166666666666668
1 0.49114583333333334 0.462037037037037 0.49322916666666666 0.47314814814814815 0.4901041666666667 0.4861111111111111 0.49114583333333334 0.5037037037037037 0.4890625 0.5064814814814815 0.4828125 0.5018518518518519 0.4828125 0.48518518518518516 0.4796875 0.4740740740740741 0.4796875 0.4648148148148148 0.4869791666666667 0.44907407407407407 0.490625 0.462037037037037
1 0.5015625 0.5138888888888888 0.5010416666666667 0.49444444444444446 0.4979166666666667 0.4861111111111111 0.496875 0.4740740740740741 0.5015625 0.4546296296296296 0.5052083333333334 0.4546296296296296 0.50625 0.4638888888888889 0.5104166666666666 0.47314814814814815 0.5046875 0.512962962962963 0.5020833333333333 0.5138888888888888
1 0.1921875 0.18518518518518517 0.19583333333333333 0.18611111111111112 0.203125 0.19537037037037036 0.203125 0.2074074074074074 0.20677083333333332 0.21666666666666667 0.20260416666666667 0.2222222222222222 0.19947916666666668 0.2212962962962963 0.1921875 0.19444444444444445 0.1921875 0.18611111111111112
1 0.5260416666666666 0.4777777777777778 0.5276041666666667 0.45092592592592595 0.5255208333333333 0.4388888888888889 0.5286458333333334 0.42685185185185187 0.5322916666666667 0.42685185185185187 0.5364583333333334 0.4361111111111111 0.5375 0.44722222222222224 0.5359375 0.46574074074074073 0.5328125 0.4666666666666667 0.5291666666666667 0.4777777777777778 0.5265625 0.4777777777777778
1 0.6390625 0.16111111111111112 0.64375 0.14814814814814814 0.6473958333333333 0.14814814814814814 0.6494791666666667 0.15648148148148147 0.6453125 0.18425925925925926 0.6432291666666666 0.18611111111111112 0.6411458333333333 0.1814814814814815 0.6395833333333333 0.16203703703703703
1 0.13333333333333333 0.2361111111111111 0.1421875 0.24814814814814815 0.14270833333333333 0.2611111111111111 0.1453125 0.2675925925925926 0.14427083333333332 0.2759259259259259 0.14010416666666667 0.2759259259259259 0.13958333333333334 0.26851851851851855 0.13229166666666667 0.24722222222222223 0.13333333333333333 0.23703703703703705
1 0.6700520833333333 0.20972222222222223 0.009895833333333333 0.04351851851851852
1 0.23072916666666668 0.14722222222222223 0.23385416666666667 0.14814814814814814 0.23958333333333334 0.1712962962962963 0.23958333333333334 0.17777777777777778 0.2375 0.1824074074074074 0.2328125 0.17777777777777778 0.22916666666666666 0.16296296296296298 0.23072916666666668 0.14814814814814814
1 0.8838541666666667 0.4564814814814815 0.8890625 0.4685185185185185 0.8880208333333334 0.48148148148148145 0.878125 0.4962962962962963 0.875 0.5092592592592593 0.8703125 0.5148148148148148 0.8666666666666667 0.5120370370370371 0.8739583333333333 0.48148148148148145 0.8807291666666667 0.46296296296296297 0.878125 0.45925925925925926 0.8833333333333333 0.4564814814814815
1 0.6578125 0.1787037037037037 0.6572916666666667 0.15648148148148147 0.6609375 0.13796296296296295 0.6645833333333333 0.13796296296296295 0.6661458333333333 0.15092592592592594 0.6625 0.17592592592592593 0.6583333333333333 0.1787037037037037
1 0.109375 0.3148148148148148 0.11770833333333333 0.32407407407407407 0.11979166666666667 0.33611111111111114 0.12604166666666666 0.3416666666666667 0.12604166666666666 0.3472222222222222 0.12239583333333333 0.3490740740740741 0.11979166666666667 0.34629629629629627 0.11979166666666667 0.35648148148148145 0.11614583333333334 0.3574074074074074 0.10729166666666666 0.3296296296296296 0.10885416666666667 0.31574074074074077
1 0.15104166666666666 0.23148148148148148 0.16145833333333334 0.23425925925925925 0.16354166666666667 0.25 0.16927083333333334 0.25833333333333336 0.16770833333333332 0.262037037037037 0.16197916666666667 0.262037037037037 0.153125 0.2537037037037037 0.15104166666666666 0.2324074074074074
1 0.1578125 0.262037037037037 0.16145833333333334 0.26944444444444443 0.16666666666666666 0.2962962962962963 0.16666666666666666 0.3 0.1609375 0.30648148148148147 0.1578125 0.30648148148148147 0.15885416666666666 0.2935185185185185 0.153125 0.26944444444444443 0.15416666666666667 0.2638888888888889 0.15729166666666666 0.262037037037037
1 0.4375 0.36203703703703705 0.4401041666666667 0.36944444444444446 0.4421875 0.38796296296296295 0.4401041666666667 0.4 0.44114583333333335 0.4083333333333333 0.4395833333333333 0.4111111111111111 0.4354166666666667 0.40925925925925927 0.4359375 0.3990740740740741 0.4328125 0.3768518518518518 0.43333333333333335 0.362962962962963 0.43697916666666664 0.36203703703703705
1 0.37083333333333335 0.06759259259259259 0.37447916666666664 0.07222222222222222 0.3734375 0.1 0.37083333333333335 0.09814814814814815 0.36822916666666666 0.08888888888888889 0.36822916666666666 0.06944444444444445 0.3703125 0.06759259259259259
1 0.2203125 0.15462962962962962 0.22708333333333333 0.1574074074074074 0.23125 0.1712962962962963 0.23072916666666668 0.18888888888888888 0.22708333333333333 0.18981481481481483 0.22135416666666666 0.17407407407407408 0.2203125 0.15555555555555556
1 0.37447916666666664 0.14907407407407408 0.37916666666666665 0.1648148148148148 0.3796875 0.17962962962962964 0.3765625 0.18796296296296297 0.3729166666666667 0.18425925925925926 0.3692708333333333 0.17037037037037037 0.3697916666666667 0.15462962962962962 0.37395833333333334 0.14907407407407408
1 0.050520833333333334 0.3685185185185185 0.05625 0.37592592592592594 0.06458333333333334 0.3787037037037037 0.07083333333333333 0.3851851851851852 0.0703125 0.39537037037037037 0.07604166666666666 0.40925925925925927 0.07395833333333333 0.41759259259259257 0.07083333333333333 0.41759259259259257 0.06875 0.4111111111111111 0.06302083333333333 0.41203703703703703 0.059375 0.4009259259259259 0.052083333333333336 0.38981481481481484 0.04635416666666667 0.375 0.04635416666666667 0.3712962962962963 0.05 0.3685185185185185
1 0.1234375 0.23981481481481481 0.1296875 0.25277777777777777 0.13229166666666667 0.2712962962962963 0.13072916666666667 0.27685185185185185 0.12552083333333333 0.2722222222222222 0.11822916666666666 0.2537037037037037 0.11979166666666667 0.24166666666666667 0.12291666666666666 0.23981481481481481
1 0.396875 0.950925925925926 0.4088541666666667 0.9638888888888889 0.4114583333333333 0.9740740740740741 0.41041666666666665 0.9824074074074074 0.4171875 0.9879629629629629 0.4171875 0.9944444444444445 0.41510416666666666 0.9962962962962963 0.4 0.9916666666666667 0.3880208333333333 0.9953703703703703 0.38125 0.9935185185185185 0.3828125 0.9888888888888889 0.3880208333333333 0.9879629629629629 0.390625 0.9814814814814815 0.390625 0.975 0.38645833333333335 0.9685185185185186 0.3859375 0.9629629629629629 0.390625 0.9518518518518518 0.3963541666666667 0.950925925925926
1 0.2911458333333333 0.15046296296296297 0.010416666666666666 0.03796296296296296
1 0.4114583333333333 0.18425925925925926 0.41822916666666665 0.19166666666666668 0.4192708333333333 0.1962962962962963 0.41875 0.23425925925925925 0.415625 0.2324074074074074 0.4140625 0.22407407407407406 0.41041666666666665 0.19907407407407407 0.4109375 0.18518518518518517
1 0.4078125 0.19537037037037036 0.4119791666666667 0.20277777777777778 0.4114583333333333 0.23796296296296296 0.4083333333333333 0.2361111111111111 0.4036458333333333 0.2101851851851852 0.4041666666666667 0.20185185185185187 0.40729166666666666 0.1962962962962963
1 0.21302083333333333 0.1814814814814815 0.21822916666666667 0.18425925925925926 0.22135416666666666 0.19166666666666668 0.22135416666666666 0.2175925925925926 0.21822916666666667 0.21944444444444444 0.21302083333333333 0.1925925925925926 0.21302083333333333 0.1824074074074074
1 0.4078125 0.5416666666666666 0.4125 0.5425925925925926 0.42135416666666664 0.5648148148148148 0.42864583333333334 0.562962962962963 0.43072916666666666 0.5666666666666667 0.43020833333333336 0.5694444444444444 0.41770833333333335 0.575925925925926 0.415625 0.5805555555555556 0.41458333333333336 0.5981481481481481 0.4114583333333333 0.5990740740740741 0.41041666666666665 0.5638888888888889 0.40729166666666666 0.55 0.4078125 0.5425925925925926
1 0.0953125 0.3277777777777778 0.1 0.3351851851851852 0.10364583333333334 0.35833333333333334 0.10677083333333333 0.3648148148148148 0.10625 0.36944444444444446 0.10208333333333333 0.3685185185185185 0.0953125 0.35648148148148145 0.09427083333333333 0.3453703703703704 0.09114583333333333 0.33796296296296297 0.09114583333333333 0.3333333333333333 0.09479166666666666 0.3277777777777778
1 0.13697916666666668 0.28703703703703703 0.14270833333333333 0.3055555555555556 0.14895833333333333 0.31203703703703706 0.14947916666666666 0.31666666666666665 0.140625 0.32222222222222224 0.1328125 0.3 0.13333333333333333 0.29074074074074074 0.13645833333333332 0.287962962962963
1 0.2359375 0.19537037037037036 0.24114583333333334 0.2037037037037037 0.24270833333333333 0.21574074074074073 0.24635416666666668 0.22314814814814815 0.24583333333333332 0.22777777777777777 0.24114583333333334 0.23148148148148148 0.2375 0.23148148148148148 0.23229166666666667 0.2074074074074074 0.23229166666666667 0.19907407407407407 0.23541666666666666 0.19537037037037036
1 0.26614583333333336 0.8092592592592592 0.2786458333333333 0.8175925925925925 0.2859375 0.8324074074074074 0.28541666666666665 0.8379629629629629 0.2791666666666667 0.8472222222222222 0.27760416666666665 0.8583333333333333 0.27239583333333334 0.8629629629629629 0.271875 0.8555555555555555 0.265625 0.8481481481481481 0.2640625 0.8314814814814815 0.259375 0.8185185185185185 0.2609375 0.8101851851851852 0.265625 0.8092592592592592
1 0.6791666666666667 0.24768518518518517 0.011458333333333333 0.049074074074074076
1 0.31875 0.9444444444444444 0.32708333333333334 0.9527777777777777 0.32864583333333336 0.9675925925925926 0.3328125 0.9768518518518519 0.33125 0.9833333333333333 0.3229166666666667 0.9787037037037037 0.321875 0.9814814814814815 0.3234375 0.9879629629629629 0.31875 0.9944444444444445 0.31666666666666665 0.9944444444444445 0.3140625 0.9879629629629629 0.3046875 0.9518518518518518 0.30520833333333336 0.9462962962962963 0.3072916666666667 0.9444444444444444 0.31302083333333336 0.9416666666666667 0.3182291666666667 0.9444444444444444
1 0.27239583333333334 0.1425925925925926 0.2765625 0.14166666666666666 0.278125 0.14444444444444443 0.2796875 0.15 0.2791666666666667 0.16203703703703703 0.2828125 0.1712962962962963 0.2755208333333333 0.1787037037037037 0.2755208333333333 0.16666666666666666 0.2713541666666667 0.15185185185185185 0.27239583333333334 0.14351851851851852
1 0.3453125 0.08425925925925926 0.34739583333333335 0.08796296296296297 0.3484375 0.09814814814814815 0.3484375 0.11481481481481481 0.3453125 0.11944444444444445 0.3411458333333333 0.11574074074074074 0.3411458333333333 0.08796296296296297 0.34479166666666666 0.08518518518518518
1 0.22604166666666667 0.20925925925925926 0.011458333333333333 0.03333333333333333
1 0.8416666666666667 0.16296296296296298 0.8447916666666667 0.1685185185185185 0.8447916666666667 0.175 0.8390625 0.2 0.8348958333333333 0.20185185185185187 0.8338541666666667 0.19537037037037036 0.8348958333333333 0.18333333333333332 0.8411458333333334 0.1638888888888889
1 0.9609375 0.6314814814814815 0.9703125 0.6435185185185185 0.9703125 0.649074074074074 0.9640625 0.6592592592592592 0.9619791666666667 0.6712962962962963 0.953125 0.6685185185185185 0.9458333333333333 0.6777777777777778 0.94375 0.674074074074074 0.9526041666666667 0.6342592592592593 0.95625 0.6287037037037037 0.9604166666666667 0.6314814814814815
1 0.5640625 0.41759259259259257 0.5677083333333334 0.4185185185185185 0.5729166666666666 0.4351851851851852 0.5708333333333333 0.4564814814814815 0.5671875 0.46296296296296297 0.5635416666666667 0.4638888888888889 0.5604166666666667 0.4351851851851852 0.5640625 0.4185185185185185
1 0.3177083333333333 0.10277777777777777 0.32395833333333335 0.10740740740740741 0.3234375 0.13240740740740742 0.31875 0.13703703703703704 0.31614583333333335 0.13518518518518519 0.3140625 0.10833333333333334 0.3171875 0.1037037037037037
1 0.39114583333333336 0.8833333333333333 0.3984375 0.8981481481481481 0.40260416666666665 0.9009259259259259 0.40260416666666665 0.9101851851851852 0.409375 0.9166666666666666 0.409375 0.9212962962962963 0.4041666666666667 0.9259259259259259 0.39375 0.9203703703703704 0.39114583333333336 0.924074074074074 0.3885416666666667 0.9398148148148148 0.384375 0.9388888888888889 0.38645833333333335 0.9148148148148149 0.3828125 0.8935185185185185 0.3848958333333333 0.8851851851851852 0.390625 0.8833333333333333
1 0.5177083333333333 0.5314814814814814 0.5265625 0.5509259259259259 0.5265625 0.5564814814814815 0.51875 0.5842592592592593 0.5166666666666667 0.5833333333333334 0.5171875 0.5722222222222222 0.5119791666666667 0.5518518518518518 0.5130208333333334 0.5351851851851852 0.5145833333333333 0.5314814814814814 0.5171875 0.5314814814814814
1 0.6369791666666667 0.11574074074074074 0.6416666666666667 0.13055555555555556 0.6380208333333334 0.1537037037037037 0.6338541666666667 0.15462962962962962 0.6322916666666667 0.14166666666666666 0.6322916666666667 0.12222222222222222 0.6364583333333333 0.11666666666666667
1 0.6541666666666667 0.41759259259259257 0.6541666666666667 0.3768518518518518 0.6572916666666667 0.36574074074074076 0.6614583333333334 0.3648148148148148 0.6635416666666667 0.38055555555555554 0.6604166666666667 0.4009259259259259 0.6546875 0.4166666666666667
1 0.6447916666666667 0.23333333333333334 0.6494791666666667 0.2462962962962963 0.6484375 0.2657407407407407 0.6411458333333333 0.2759259259259259 0.6380208333333334 0.24814814814814815 0.6416666666666667 0.2351851851851852 0.6442708333333333 0.23333333333333334
1 0.2203125 0.8907407407407407 0.23020833333333332 0.8925925925925926 0.23385416666666667 0.8962962962962963 0.2375 0.9120370370370371 0.24375 0.9055555555555556 0.24739583333333334 0.9083333333333333 0.24583333333333332 0.9138888888888889 0.23229166666666667 0.9287037037037037 0.23333333333333334 0.9398148148148148 0.23072916666666668 0.9453703703703704 0.22395833333333334 0.9333333333333333 0.21979166666666666 0.9342592592592592 0.221875 0.9212962962962963 0.21770833333333334 0.9074074074074074 0.2125 0.9 0.215625 0.8907407407407407 0.21979166666666666 0.8907407407407407