0 0.11614583333333334 0.7240740740740741 0.12760416666666666 0.7333333333333333 0.1390625 0.7564814814814815 0.14010416666666667 0.7657407407407407 0.13177083333333334 0.8 0.115625 0.8138888888888889 0.08020833333333334 0.8731481481481481 0.06614583333333333 0.8916666666666667 0.05416666666666667 0.9185185185185185 0.046875 0.9259259259259259 0.03697916666666667 0.9268518518518518 0.019270833333333334 0.9462962962962963 0.015104166666666667 0.9462962962962963 0 0.9287037037037037 0 0.924074074074074 0.0020833333333333333 0.9222222222222223 0 0.9194444444444444 0 0.8398148148148148 0.05625 0.7657407407407407 0.07552083333333333 0.7518518518518519 0.0953125 0.7305555555555555 0.115625 0.7240740740740741
0 0.0359375 0.6064814814814815 0.06458333333333334 0.6157407407407407 0.075 0.625 0.08072916666666667 0.6361111111111111 0.0890625 0.6453703703703704 0.09739583333333333 0.6657407407407407 0.09739583333333333 0.6962962962962963 0.09270833333333334 0.7064814814814815 0.08177083333333333 0.7157407407407408 0.07864583333333333 0.7305555555555555 0.07395833333333333 0.7361111111111112 0.06822916666666666 0.7388888888888889 0.0515625 0.7361111111111112 0.04635416666666667 0.7453703703703703 0.04010416666666667 0.7509259259259259 0.008333333333333333 0.7722222222222223 0.005208333333333333 0.7712962962962963 0.0046875 0.7675925925925926 0 0.7675925925925926 0 0.6342592592592593 0.0015625 0.6333333333333333 0 0.6296296296296297 0 0.6111111111111112 0.005208333333333333 0.6111111111111112 0.015625 0.6203703703703703 0.019270833333333334 0.6083333333333333 0.035416666666666666 0.6064814814814815
1 0.23854166666666668 0.9805555555555555 0.246875 0.9925925925925926 0.259375 0.9916666666666667 0.26145833333333335 0.9944444444444445 0.2609375 0.9990740740740741 0.23020833333333332 0.9990740740740741 0.228125 0.9935185185185185 0.2296875 0.9833333333333333 0.2328125 0.9796296296296296 0.23802083333333332 0.9805555555555555
1 0.5078125 0.5310185185185186 0.010416666666666666 0.04351851851851852
1 0.42135416666666664 0.7481481481481481 0.43020833333333336 0.7620370370370371 0.42864583333333334 0.8 0.4244791666666667 0.8046296296296296 0.42291666666666666 0.7953703703703704 0.41822916666666665 0.7925925925925926 0.4171875 0.787962962962963 0.415625 0.7638888888888888 0.41822916666666665 0.7509259259259259 0.42083333333333334 0.7490740740740741
1 0.08541666666666667 0.2611111111111111 0.0921875 0.2712962962962963 0.09739583333333333 0.29259259259259257 0.09739583333333333 0.2962962962962963 0.09270833333333334 0.3 0.08958333333333333 0.3 0.0890625 0.2861111111111111 0.08229166666666667 0.27314814814814814 0.08177083333333333 0.26481481481481484 0.08489583333333334 0.2611111111111111
1 0.5557291666666667 0.2814814814814815 0.559375 0.2814814814814815 0.5609375 0.28888888888888886 0.5588541666666667 0.30833333333333335 0.5552083333333333 0.30833333333333335 0.5520833333333334 0.29907407407407405 0.5520833333333334 0.29259259259259257 0.5557291666666667 0.2824074074074074
1 0.06458333333333334 0.3 0.07604166666666666 0.3175925925925926 0.07447916666666667 0.33240740740740743 0.07083333333333333 0.33055555555555555 0.06197916666666667 0.3148148148148148 0.057291666666666664 0.31296296296296294 0.05572916666666667 0.30833333333333335 0.0546875 0.29907407407407405 0.0640625 0.3
1 0.13125 0.22685185185185186 0.1359375 0.25092592592592594 0.1359375 0.25462962962962965 0.13229166666666667 0.25833333333333336 0.12864583333333332 0.25833333333333336 0.12604166666666666 0.23981481481481481 0.12291666666666666 0.2324074074074074 0.12395833333333334 0.22685185185185186 0.13072916666666667 0.22685185185185186
1 0.6890625 0.4638888888888889 0.6927083333333334 0.4685185185185185 0.6901041666666666 0.4777777777777778 0.6895833333333333 0.49907407407407406 0.6921875 0.5166666666666667 0.6875 0.5148148148148148 0.6854166666666667 0.5009259259259259 0.68125 0.5037037037037037 0.6791666666666667 0.512962962962963 0.6770833333333334 0.5111111111111111 0.6770833333333334 0.5046296296296297 0.6807291666666667 0.4935185185185185 0.6802083333333333 0.47962962962962963 0.6890625 0.4648148148148148
1 0.5140625 0.49074074074074076 0.011458333333333333 0.044444444444444446
1 0.39375 0.7546296296296297 0.4005208333333333 0.7657407407407407 0.4015625 0.7768518518518519 0.40625 0.7861111111111111 0.4046875 0.7907407407407407 0.396875 0.7898148148148149 0.39375 0.8111111111111111 0.390625 0.8111111111111111 0.3890625 0.7712962962962963 0.39010416666666664 0.7574074074074074 0.3932291666666667 0.7546296296296297
1 0.7848958333333333 0.5879629629629629 0.790625 0.5805555555555556 0.8041666666666667 0.5731481481481482 0.8072916666666666 0.587037037037037 0.8067708333333333 0.6 0.8015625 0.6111111111111112 0.8 0.6222222222222222 0.796875 0.6259259259259259 0.7932291666666667 0.6194444444444445 0.7911458333333333 0.6240740740740741 0.7875 0.6231481481481481 0.79375 0.5879629629629629 0.7854166666666667 0.5888888888888889
1 0.15833333333333333 0.20185185185185187 0.16510416666666666 0.21574074074074073 0.16510416666666666 0.22314814814814815 0.16145833333333334 0.23148148148148148 0.1578125 0.23148148148148148 0.15416666666666667 0.21388888888888888 0.15416666666666667 0.20555555555555555 0.1578125 0.20185185185185187
1 0.7802083333333333 0.32222222222222224 0.7828125 0.32407407407407407 0.7838541666666666 0.3314814814814815 0.7807291666666667 0.3472222222222222 0.7807291666666667 0.3592592592592593 0.7791666666666667 0.3611111111111111 0.7755208333333333 0.35 0.7697916666666667 0.36203703703703705 0.7682291666666666 0.3574074074074074 0.7729166666666667 0.34444444444444444 0.7755208333333333 0.32407407407407407 0.7796875 0.32222222222222224
1 0.5848958333333333 0.27314814814814814 0.5880208333333333 0.275 0.590625 0.2833333333333333 0.590625 0.2916666666666667 0.5848958333333333 0.31574074074074077 0.5802083333333333 0.2898148148148148 0.5848958333333333 0.2740740740740741
1 0.057291666666666664 0.31666666666666665 0.06145833333333333 0.31666666666666665 0.06822916666666666 0.32685185185185184 0.07135416666666666 0.33425925925925926 0.06927083333333334 0.3453703703703704 0.07447916666666667 0.35185185185185186 0.07447916666666667 0.35648148148148145 0.07135416666666666 0.3574074074074074 0.06197916666666667 0.3425925925925926 0.057291666666666664 0.32592592592592595 0.057291666666666664 0.3175925925925926
1 0.2916666666666667 0.35648148148148145 0.2984375 0.36944444444444446 0.29791666666666666 0.3814814814814815 0.30052083333333335 0.3888888888888889 0.2947916666666667 0.4027777777777778 0.29322916666666665 0.4027777777777778 0.29322916666666665 0.3851851851851852 0.2875 0.36944444444444446 0.2875 0.35833333333333334 0.2911458333333333 0.35648148148148145
1 0.5671875 0.30462962962962964 0.5697916666666667 0.3111111111111111 0.5697916666666667 0.3212962962962963 0.5640625 0.3453703703703704 0.5614583333333333 0.3175925925925926 0.5630208333333333 0.3074074074074074 0.5666666666666667 0.30462962962962964
1 0.17604166666666668 0.22962962962962963 0.18177083333333333 0.23703703703703705 0.18229166666666666 0.25 0.18541666666666667 0.25833333333333336 0.18541666666666667 0.2638888888888889 0.18177083333333333 0.2638888888888889 0.17864583333333334 0.26944444444444443 0.171875 0.24074074074074073 0.17239583333333333 0.23055555555555557 0.17552083333333332 0.22962962962962963
1 0.48125 0.48055555555555557 0.48854166666666665 0.5009259259259259 0.484375 0.5101851851851852 0.48125 0.5305555555555556 0.4796875 0.5296296296296297 0.4791666666666667 0.5203703703703704 0.4734375 0.5009259259259259 0.4739583333333333 0.49074074074074076 0.48072916666666665 0.48055555555555557
1 0.0359375 0.2898148148148148 0.03958333333333333 0.2898148148148148 0.050520833333333334 0.32314814814814813 0.04791666666666667 0.3277777777777778 0.044270833333333336 0.3277777777777778 0.041666666666666664 0.31851851851851853 0.035416666666666666 0.30925925925925923 0.033854166666666664 0.30185185185185187 0.0359375 0.29074074074074074
1 0.7828125 0.2361111111111111 0.7848958333333333 0.2518518518518518 0.7791666666666667 0.275 0.7760416666666666 0.2796296296296296 0.7734375 0.2759259259259259 0.775 0.24814814814814815 0.7822916666666667 0.2361111111111111
1 0.5119791666666667 0.5212962962962963 0.5151041666666667 0.5203703703703704 0.5192708333333333 0.5314814814814814 0.5177083333333333 0.5537037037037037 0.5140625 0.5666666666666667 0.509375 0.5703703703703704 0.5119791666666667 0.5222222222222223
1 0.27291666666666664 0.14814814814814814 0.27708333333333335 0.15833333333333333 0.27708333333333335 0.1685185185185185 0.2796875 0.17407407407407408 0.2760416666666667 0.17962962962962964 0.27239583333333334 0.1787037037037037 0.26927083333333335 0.15925925925925927 0.26979166666666665 0.1527777777777778 0.27239583333333334 0.14814814814814814
1 0.38229166666666664 0.8759259259259259 0.3880208333333333 0.8833333333333333 0.3854166666666667 0.9009259259259259 0.3859375 0.9092592592592592 0.38697916666666665 0.9111111111111111 0.39166666666666666 0.9074074074074074 0.3921875 0.9111111111111111 0.3848958333333333 0.9175925925925926 0.3765625 0.9342592592592592 0.37395833333333334 0.9333333333333333 0.375 0.925 0.37083333333333335 0.899074074074074 0.37083333333333335 0.8861111111111111 0.3734375 0.8796296296296297 0.38177083333333334 0.8759259259259259
1 0.05 0.38796296296296295 0.05260416666666667 0.3972222222222222 0.046875 0.4027777777777778 0.043229166666666666 0.40185185185185185 0.0359375 0.3768518518518518 0.036458333333333336 0.36203703703703705 0.04010416666666667 0.36203703703703705 0.04583333333333333 0.37407407407407406 0.049479166666666664 0.38796296296296295
1 0.7973958333333333 0.23148148148148148 0.8010416666666667 0.23703703703703705 0.8010416666666667 0.24166666666666667 0.7932291666666667 0.2675925925925926 0.7901041666666667 0.26481481481481484 0.7901041666666667 0.25462962962962965 0.7932291666666667 0.23703703703703705 0.796875 0.23148148148148148
1 0.16822916666666668 0.24259259259259258 0.175 0.24814814814814815 0.1796875 0.26851851851851855 0.17864583333333334 0.27314814814814814 0.17135416666666667 0.2777777777777778 0.16822916666666668 0.24351851851851852
1 0.3078125 0.7759259259259259 0.3182291666666667 0.7768518518518519 0.3234375 0.7842592592592592 0.32447916666666665 0.7898148148148149 0.321875 0.8009259259259259 0.3234375 0.8175925925925925 0.32083333333333336 0.8212962962962963 0.3140625 0.8138888888888889 0.30572916666666666 0.7925925925925926 0.30416666666666664 0.7805555555555556 0.3072916666666667 0.7759259259259259
1 0.5223958333333333 0.3416666666666667 0.5260416666666666 0.3425925925925926 0.5276041666666667 0.3537037037037037 0.5276041666666667 0.36574074074074076 0.51875 0.3685185185185185 0.51875 0.35555555555555557 0.5223958333333333 0.3425925925925926
1 0.6020833333333333 0.2212962962962963 0.6052083333333333 0.2222222222222222 0.6067708333333334 0.22962962962962963 0.6057291666666667 0.24537037037037038 0.6026041666666667 0.2564814814814815 0.5994791666666667 0.25462962962962965 0.5979166666666667 0.24074074074074073 0.6020833333333333 0.2222222222222222
1 0.4010416666666667 0.899074074074074 0.4088541666666667 0.9037037037037037 0.41302083333333334 0.9111111111111111 0.41041666666666665 0.9148148148148149 0.4114583333333333 0.9324074074074075 0.40572916666666664 0.9527777777777777 0.40208333333333335 0.9527777777777777 0.403125 0.9398148148148148 0.39739583333333334 0.9268518518518518 0.3958333333333333 0.912962962962963 0.3958333333333333 0.9046296296296297 0.4005208333333333 0.9
1 0.4635416666666667 0.6083333333333333 0.4671875 0.6064814814814815 0.4734375 0.6157407407407407 0.47552083333333334 0.6333333333333333 0.4739583333333333 0.6435185185185185 0.4703125 0.6398148148148148 0.46822916666666664 0.6425925925925926 0.4666666666666667 0.6611111111111111 0.4625 0.6648148148148149 0.46197916666666666 0.6148148148148148 0.4635416666666667 0.6092592592592593
1 0.10572916666666667 0.2861111111111111 0.109375 0.2861111111111111 0.11614583333333334 0.29259259259259257 0.11979166666666667 0.29907407407407405 0.12395833333333334 0.31574074074074077 0.13333333333333333 0.3314814814814815 0.1296875 0.33425925925925926 0.12604166666666666 0.32685185185185184 0.12395833333333334 0.33055555555555555 0.12291666666666666 0.34074074074074073 0.11979166666666667 0.3416666666666667 0.11875 0.33240740740740743 0.10885416666666667 0.30925925925925923 0.10572916666666667 0.2962962962962963 0.10572916666666667 0.28703703703703703
1 0.06458333333333334 0.34444444444444444 0.07239583333333334 0.3592592592592593 0.071875 0.36574074074074076 0.078125 0.375 0.0734375 0.37962962962962965 0.07395833333333333 0.3861111111111111 0.071875 0.38796296296296295 0.058333333333333334 0.35555555555555557 0.058854166666666666 0.3472222222222222 0.0640625 0.34444444444444444
1 0.15833333333333333 0.9990740740740741 0.15833333333333333 0.9944444444444445 0.1609375 0.9907407407407407 0.17239583333333333 0.987037037037037 0.18489583333333334 0.9898148148148148 0.1859375 0.9990740740740741 0.15885416666666666 0.9990740740740741
1 0.53359375 0.49027777777777776 0.008854166666666666 0.049074074074074076
1 0.41458333333333336 0.9907407407407407 0.41770833333333335 0.9990740740740741 0.4005208333333333 0.9990740740740741 0.4005208333333333 0.9925925925925926 0.40729166666666666 0.987037037037037 0.4114583333333333 0.9861111111111112 0.4140625 0.9907407407407407
1 0.6125 0.24537037037037038 0.615625 0.24537037037037038 0.6171875 0.2490740740740741 0.6140625 0.2824074074074074 0.6114583333333333 0.28425925925925927 0.6098958333333333 0.28055555555555556 0.6104166666666667 0.25462962962962965 0.6125 0.2462962962962963
1 0.5708333333333333 0.3194444444444444 0.5744791666666667 0.3287037037037037 0.5708333333333333 0.36018518518518516 0.5666666666666667 0.3611111111111111 0.5640625 0.3509259259259259 0.5651041666666666 0.33796296296296297 0.5703125 0.32037037037037036
1 0.30364583333333334 0.1287037037037037 0.3067708333333333 0.12777777777777777 0.30885416666666665 0.13333333333333333 0.30885416666666665 0.14537037037037037 0.3104166666666667 0.14907407407407408 0.3104166666666667 0.15555555555555556 0.30572916666666666 0.1574074074074074 0.3026041666666667 0.1398148148148148 0.30364583333333334 0.12962962962962962
1 0.7828125 0.49444444444444446 0.7895833333333333 0.5037037037037037 0.7895833333333333 0.512962962962963 0.7822916666666667 0.5462962962962963 0.7791666666666667 0.5462962962962963 0.7791666666666667 0.5370370370370371 0.7723958333333333 0.5425925925925926 0.7708333333333334 0.5398148148148149 0.7760416666666666 0.5212962962962963 0.7765625 0.5046296296296297 0.7791666666666667 0.4962962962962963 0.7822916666666667 0.49444444444444446
1 0.5536458333333333 0.3055555555555556 0.5567708333333333 0.30277777777777776 0.5604166666666667 0.3138888888888889 0.5583333333333333 0.3416666666666667 0.55 0.35185185185185186 0.5536458333333333 0.30648148148148147
1 0.6229166666666667 0.487962962962963 0.625 0.49074074074074076 0.6265625 0.5435185185185185 0.6140625 0.5435185185185185 0.6151041666666667 0.525 0.6130208333333333 0.5138888888888888 0.6223958333333334 0.4888888888888889
1 0.2833333333333333 0.13425925925925927 0.2864583333333333 0.15462962962962962 0.2864583333333333 0.16203703703703703 0.284375 0.1648148148148148 0.28125 0.1638888888888889 0.2791666666666667 0.14537037037037037 0.2796875 0.13703703703703704 0.2828125 0.13425925925925927
1 0.5026041666666666 0.5731481481481482 0.5083333333333333 0.5814814814814815 0.5098958333333333 0.5907407407407408 0.5036458333333333 0.6296296296296297 0.5015625 0.6296296296296297 0.5 0.6074074074074074 0.49375 0.6018518518518519 0.49583333333333335 0.5851851851851851 0.5020833333333333 0.5731481481481482
1 0.5682291666666667 0.27870370370370373 0.571875 0.287962962962963 0.5708333333333333 0.3055555555555556 0.56875 0.30833333333333335 0.565625 0.3074074074074074 0.5619791666666667 0.3 0.5635416666666667 0.2861111111111111 0.5677083333333334 0.27870370370370373
1 0.6651041666666667 0.44722222222222224 0.6697916666666667 0.44814814814814813 0.6703125 0.45925925925925926 0.6619791666666667 0.4981481481481482 0.6598958333333333 0.49907407407407406 0.6583333333333333 0.49074074074074076 0.6536458333333334 0.4861111111111111 0.6588541666666666 0.4740740740740741 0.6598958333333333 0.45740740740740743 0.6651041666666667 0.44814814814814813
1 0.5848958333333333 0.175 0.5880208333333333 0.17685185185185184 0.5901041666666667 0.18796296296296297 0.5869791666666667 0.21296296296296297 0.584375 0.21388888888888888 0.5822916666666667 0.18703703703703703 0.5848958333333333 0.17592592592592593
1 0.2869791666666667 0.875 0.2947916666666667 0.8824074074074074 0.3026041666666667 0.9 0.296875 0.9101851851851852 0.29322916666666665 0.9351851851851852 0.28958333333333336 0.9324074074074075 0.28802083333333334 0.9064814814814814 0.28541666666666665 0.9027777777777778 0.2786458333333333 0.9037037037037037 0.2791666666666667 0.8796296296296297 0.28125 0.8759259259259259 0.2864583333333333 0.875
1 0.421875 0.9111111111111111 0.42604166666666665 0.9212962962962963 0.4270833333333333 0.9314814814814815 0.42135416666666664 0.9546296296296296 0.415625 0.9666666666666667 0.41354166666666664 0.9657407407407408 0.41458333333333336 0.9425925925925925 0.4114583333333333 0.9333333333333333 0.4109375 0.9148148148148149 0.41458333333333336 0.9092592592592592 0.42135416666666664 0.9111111111111111
1 0.28177083333333336 0.9546296296296296 0.2864583333333333 0.9583333333333334 0.28958333333333336 0.9722222222222222 0.2947916666666667 0.9777777777777777 0.2916666666666667 0.9842592592592593 0.2859375 0.9833333333333333 0.2828125 0.9861111111111112 0.27760416666666665 0.9990740740740741 0.2734375 0.9990740740740741 0.26979166666666665 0.9703703703703703 0.26510416666666664 0.9601851851851851 0.2703125 0.9555555555555556 0.28125 0.9546296296296296