0 0.425 0.8638888888888889 0.42864583333333334 0.8685185185185185 0.42864583333333334 0.8796296296296297 0.425 0.8925925925925926 0.4161458333333333 0.9092592592592592 0.41458333333333336 0.9138888888888889 0.41510416666666666 0.9212962962962963 0.40989583333333335 0.9268518518518518 0.40572916666666664 0.9416666666666667 0.4 0.9490740740740741 0.39739583333333334 0.9601851851851851 0.3932291666666667 0.9657407407407408 0.390625 0.9638888888888889 0.38958333333333334 0.9574074074074074 0.3921875 0.9212962962962963 0.40260416666666665 0.9055555555555556 0.4088541666666667 0.8833333333333333 0.41510416666666666 0.8694444444444445 0.4244791666666667 0.8648148148148148
0 0.08125 0.19074074074074074 0.1 0.19907407407407407 0.11354166666666667 0.21296296296296297 0.13333333333333333 0.2518518518518518 0.13489583333333333 0.25833333333333336 0.13385416666666666 0.26944444444444443 0.11875 0.2962962962962963 0.11354166666666667 0.3111111111111111 0.0984375 0.3194444444444444 0.043229166666666666 0.3962962962962963 0.04114583333333333 0.4009259259259259 0.040625 0.41203703703703703 0.0359375 0.4222222222222222 0.030729166666666665 0.42592592592592593 0.021875 0.42592592592592593 0.0020833333333333333 0.45185185185185184 0 0.45185185185185184 0 0.2740740740740741 0.03802083333333333 0.23333333333333334 0.046875 0.21851851851851853 0.06979166666666667 0.19444444444444445 0.08072916666666667 0.19074074074074074
0 0.30520833333333336 0.09722222222222222 0.3078125 0.10925925925925926 0.3078125 0.12037037037037036 0.3109375 0.125 0.3109375 0.1361111111111111 0.30364583333333334 0.16111111111111112 0.3 0.1648148148148148 0.2796875 0.1574074074074074 0.27395833333333336 0.1398148148148148 0.2791666666666667 0.11574074074074074 0.2828125 0.11018518518518519 0.29635416666666664 0.09814814814814815 0.3046875 0.09722222222222222
0 0.175 0.42685185185185187 0.18020833333333333 0.4305555555555556 0.1875 0.44537037037037036 0.18333333333333332 0.4740740740740741 0.17291666666666666 0.48518518518518516 0.1453125 0.5370370370370371 0.14375 0.55 0.13854166666666667 0.562037037037037 0.11979166666666667 0.5740740740740741 0.10260416666666666 0.5712962962962963 0.0953125 0.5657407407407408 0.0921875 0.5592592592592592 0.09010416666666667 0.537962962962963 0.09791666666666667 0.5037037037037037 0.103125 0.49722222222222223 0.11302083333333333 0.4740740740740741 0.12916666666666668 0.44907407407407407 0.15416666666666667 0.42685185185185187 0.1640625 0.42407407407407405 0.17447916666666666 0.42685185185185187
0 0.2791666666666667 0 0.284375 0.002777777777777778 0.29270833333333335 0.002777777777777778 0.2947916666666667 0 0.3296875 0 0.33125 0.007407407407407408 0.3307291666666667 0.016666666666666666 0.325 0.026851851851851852 0.3109375 0.03796296296296296 0.30364583333333334 0.03888888888888889 0.2864583333333333 0.027777777777777776 0.2791666666666667 0.000925925925925926
0 0.8567708333333334 0.5046296296296297 0.8869791666666667 0.5305555555555556 0.89375 0.5407407407407407 0.8942708333333333 0.5555555555555556 0.8901041666666667 0.5768518518518518 0.8838541666666667 0.5972222222222222 0.8765625 0.6037037037037037 0.8598958333333333 0.600925925925926 0.84375 0.5796296296296296 0.8359375 0.5731481481481482 0.8265625 0.5787037037037037 0.825 0.5916666666666667 0.8223958333333333 0.5953703703703703 0.8182291666666667 0.5944444444444444 0.8140625 0.5824074074074074 0.8083333333333333 0.5805555555555556 0.8151041666666666 0.5712962962962963 0.8166666666666667 0.5638888888888889 0.8151041666666666 0.5564814814814815 0.8171875 0.5462962962962963 0.8213541666666667 0.5425925925925926 0.8286458333333333 0.5222222222222223 0.8442708333333333 0.5009259259259259 0.85625 0.5046296296296297
0 0.6578125 0.2638888888888889 0.6630208333333333 0.26944444444444443 0.675 0.3 0.6822916666666666 0.32685185185185184 0.6817708333333333 0.337037037037037 0.6890625 0.3648148148148148 0.6880208333333333 0.3768518518518518 0.6817708333333333 0.38981481481481484 0.6760416666666667 0.39444444444444443 0.6666666666666666 0.3962962962962963 0.6572916666666667 0.39537037037037037 0.6473958333333333 0.3861111111111111 0.6427083333333333 0.35555555555555557 0.6364583333333333 0.33055555555555555 0.6286458333333333 0.3148148148148148 0.6291666666666667 0.2972222222222222 0.6328125 0.275 0.6432291666666666 0.2657407407407407 0.6572916666666667 0.2638888888888889
0 0.33828125 0.03981481481481482 0.024479166666666666 0.046296296296296294
0 0.07447916666666667 0.47129629629629627 0.08541666666666667 0.4759259259259259 0.10052083333333334 0.4935185185185185 0.08958333333333333 0.5361111111111111 0.0765625 0.5546296296296296 0.06770833333333333 0.5731481481481482 0.0609375 0.575 0.046875 0.5638888888888889 0.03229166666666667 0.5277777777777778 0.030208333333333334 0.5120370370370371 0.0359375 0.5009259259259259 0.06458333333333334 0.4759259259259259 0.07395833333333333 0.4722222222222222
0 0.1953125 0.08425925925925926 0.19947916666666668 0.09814814814814815 0.19947916666666668 0.10925925925925926 0.18854166666666666 0.13055555555555556 0.184375 0.13425925925925927 0.16822916666666668 0.1287037037037037 0.1625 0.10555555555555556 0.1625 0.08888888888888889 0.18385416666666668 0.0712962962962963 0.18854166666666666 0.0712962962962963 0.19479166666666667 0.08425925925925926
0 0.6484375 0.8851851851851852 0.6526041666666667 0.8935185185185185 0.6578125 0.9203703703703704 0.65625 0.9324074074074075 0.6588541666666666 0.9425925925925925 0.6583333333333333 0.9611111111111111 0.6552083333333333 0.9990740740740741 0.6447916666666667 0.9990740740740741 0.64375 0.9962962962962963 0.6359375 0.9296296296296296 0.6328125 0.9203703703703704 0.6385416666666667 0.8870370370370371 0.6421875 0.8833333333333333 0.6479166666666667 0.8851851851851852
0 0.33697916666666666 0.05740740740740741 0.3453125 0.05740740740740741 0.35572916666666665 0.06851851851851852 0.3572916666666667 0.07407407407407407 0.35260416666666666 0.08518518518518518 0.35104166666666664 0.09722222222222222 0.34322916666666664 0.10740740740740741 0.3411458333333333 0.11851851851851852 0.3385416666666667 0.12222222222222222 0.33177083333333335 0.11574074074074074 0.31927083333333334 0.11018518518518519 0.3171875 0.10555555555555556 0.315625 0.08425925925925926 0.31614583333333335 0.07777777777777778 0.325 0.06018518518518518 0.3302083333333333 0.05648148148148148 0.33645833333333336 0.05740740740740741
0 0.2557291666666667 0.10462962962962963 0.2640625 0.11574074074074074 0.2640625 0.13055555555555556 0.2515625 0.15 0.23854166666666668 0.15925925925925927 0.23072916666666668 0.17314814814814813 0.20989583333333334 0.1712962962962963 0.20625 0.1685185185185185 0.2015625 0.1527777777777778 0.203125 0.14074074074074075 0.21510416666666668 0.1175925925925926 0.2234375 0.10925925925925926 0.246875 0.10185185185185185 0.2552083333333333 0.10462962962962963
0 0.27239583333333334 0.5120370370370371 0.2791666666666667 0.5148148148148148 0.2864583333333333 0.5259259259259259 0.28958333333333336 0.5361111111111111 0.2916666666666667 0.5537037037037037 0.2916666666666667 0.5638888888888889 0.28958333333333336 0.5712962962962963 0.28125 0.5898148148148148 0.27395833333333336 0.5972222222222222 0.25833333333333336 0.5953703703703703 0.22552083333333334 0.6138888888888889 0.21875 0.6194444444444445 0.21354166666666666 0.6314814814814815 0.20729166666666668 0.6361111111111111 0.18802083333333333 0.6314814814814815 0.18177083333333333 0.625 0.175 0.5972222222222222 0.175 0.5777777777777777 0.18072916666666666 0.5546296296296296 0.2203125 0.5268518518518519 0.271875 0.512962962962963
0 0.734375 0.9203703703703704 0.740625 0.925 0.74375 0.9314814814814815 0.7432291666666667 0.9629629629629629 0.7411458333333333 0.9796296296296296 0.7552083333333334 0.9842592592592593 0.7510416666666667 0.9990740740740741 0.7213541666666666 0.9990740740740741 0.7197916666666667 0.9944444444444445 0.7203125 0.9425925925925925 0.7286458333333333 0.9203703703703704 0.7338541666666667 0.9203703703703704
0 0.7359375 0.43425925925925923 0.7432291666666667 0.44537037037037036 0.7619791666666667 0.4648148148148148 0.765625 0.4759259259259259 0.7640625 0.4981481481481482 0.759375 0.5120370370370371 0.7604166666666666 0.525 0.7567708333333333 0.5314814814814814 0.7479166666666667 0.5231481481481481 0.7385416666666667 0.5212962962962963 0.7166666666666667 0.4981481481481482 0.7072916666666667 0.49722222222222223 0.7041666666666667 0.49074074074074076 0.703125 0.4759259259259259 0.7130208333333333 0.4462962962962963 0.7229166666666667 0.43148148148148147 0.7354166666666667 0.43425925925925923
0 0.2989583333333333 0.03518518518518519 0.30833333333333335 0.046296296296296294 0.3067708333333333 0.05092592592592592 0.309375 0.05555555555555555 0.3125 0.07407407407407407 0.3109375 0.09074074074074075 0.3078125 0.09722222222222222 0.29791666666666666 0.09722222222222222 0.28177083333333336 0.1111111111111111 0.2760416666666667 0.125 0.2671875 0.12222222222222222 0.2640625 0.1175925925925926 0.25625 0.0712962962962963 0.26510416666666664 0.058333333333333334 0.28020833333333334 0.04351851851851852 0.28541666666666665 0.03148148148148148 0.290625 0.030555555555555555 0.2984375 0.03518518518518519
0 0.7255208333333333 0.025925925925925925 0.7380208333333333 0.04814814814814815 0.7463541666666667 0.10185185185185185 0.7447916666666666 0.10462962962962963 0.7270833333333333 0.1037037037037037 0.7177083333333333 0.11574074074074074 0.7119791666666667 0.10925925925925926 0.7041666666666667 0.07777777777777778 0.7036458333333333 0.049074074074074076 0.7119791666666667 0.025925925925925925 0.7192708333333333 0.022222222222222223 0.725 0.025925925925925925
0 0.9994791666666667 0.6101851851851852 0.9994791666666667 0.625 0.9973958333333334 0.6259259259259259 0.9994791666666667 0.6277777777777778 0.9994791666666667 0.6972222222222222 0.9838541666666667 0.7027777777777777 0.9755208333333333 0.6990740740740741 0.9703125 0.6888888888888889 0.9692708333333333 0.6638888888888889 0.9708333333333333 0.6453703703703704 0.9739583333333334 0.637962962962963 0.9885416666666667 0.6277777777777778 0.99375 0.6138888888888889 0.9989583333333333 0.6101851851851852
0 0.984375 0.5083333333333333 0.9994791666666667 0.5222222222222223 0.9994791666666667 0.5777777777777777 0.9890625 0.5842592592592593 0.9817708333333334 0.5833333333333334 0.9765625 0.5777777777777777 0.975 0.5675925925925925 0.96875 0.5564814814814815 0.9692708333333333 0.549074074074074 0.965625 0.5296296296296297 0.9666666666666667 0.5148148148148148 0.9708333333333333 0.5074074074074074 0.9796875 0.5027777777777778 0.9838541666666667 0.5083333333333333
0 0.6947916666666667 0.7768518518518519 0.7104166666666667 0.7861111111111111 0.715625 0.7981481481481482 0.721875 0.7962962962962963 0.7260416666666667 0.8037037037037037 0.7276041666666667 0.8092592592592592 0.7270833333333333 0.8268518518518518 0.7213541666666666 0.8342592592592593 0.7072916666666667 0.8314814814814815 0.6817708333333333 0.8175925925925925 0.6677083333333333 0.8074074074074075 0.6651041666666667 0.8027777777777778 0.6645833333333333 0.7907407407407407 0.6708333333333333 0.7787037037037037 0.6942708333333333 0.7768518518518519
0 0.4875 0.524074074074074 0.4947916666666667 0.5314814814814814 0.49895833333333334 0.5555555555555556 0.5078125 0.5740740740740741 0.5078125 0.5796296296296296 0.5041666666666667 0.5888888888888889 0.5010416666666667 0.5907407407407408 0.49114583333333334 0.5861111111111111 0.4875 0.5805555555555556 0.4859375 0.5675925925925925 0.4739583333333333 0.5481481481481482 0.47239583333333335 0.5388888888888889 0.4744791666666667 0.5324074074074074 0.4791666666666667 0.5287037037037037 0.48541666666666666 0.5287037037037037 0.4875 0.525
0 0.51875 0.850925925925926 0.5223958333333333 0.8527777777777777 0.5255208333333333 0.8592592592592593 0.5317708333333333 0.8898148148148148 0.5333333333333333 0.8916666666666667 0.5369791666666667 0.887962962962963 0.5401041666666667 0.8925925925925926 0.540625 0.9111111111111111 0.5380208333333333 0.9296296296296296 0.5385416666666667 0.9444444444444444 0.5364583333333334 0.9527777777777777 0.5322916666666667 0.9592592592592593 0.5270833333333333 0.9564814814814815 0.5244791666666667 0.9351851851851852 0.51875 0.9259259259259259 0.5119791666666667 0.8981481481481481 0.509375 0.8740740740740741 0.5098958333333333 0.8601851851851852 0.5125 0.8537037037037037 0.5182291666666666 0.8518518518518519
0 0.54375 0.737037037037037 0.5536458333333333 0.7342592592592593 0.559375 0.7444444444444445 0.5708333333333333 0.75 0.5739583333333333 0.7574074074074074 0.5723958333333333 0.7685185185185185 0.5666666666666667 0.775 0.5567708333333333 0.7814814814814814 0.5473958333333333 0.7796296296296297 0.5484375 0.7555555555555555 0.5473958333333333 0.7435185185185185 0.5442708333333334 0.7379629629629629
0 0.6213541666666667 0.887962962962963 0.6276041666666666 0.9018518518518519 0.6286458333333333 0.9212962962962963 0.6244791666666667 0.9277777777777778 0.6244791666666667 0.9333333333333333 0.6265625 0.9527777777777777 0.6296875 0.9611111111111111 0.6265625 0.9814814814814815 0.621875 0.9879629629629629 0.615625 0.9879629629629629 0.6114583333333333 0.9842592592592593 0.6046875 0.9564814814814815 0.6104166666666667 0.925 0.6104166666666667 0.9027777777777778 0.6130208333333333 0.8935185185185185 0.6208333333333333 0.887962962962963
0 0.6385416666666667 0.016666666666666666 0.6421875 0.022222222222222223 0.640625 0.04722222222222222 0.6317708333333333 0.0712962962962963 0.6291666666666667 0.07592592592592592 0.6234375 0.0787037037037037 0.6114583333333333 0.07592592592592592 0.6078125 0.07222222222222222 0.6067708333333334 0.05925925925925926 0.6109375 0.03611111111111111 0.6234375 0.013888888888888888 0.6380208333333334 0.016666666666666666
0 0.7375 0.10277777777777777 0.7463541666666667 0.10740740740740741 0.7494791666666667 0.11666666666666667 0.7526041666666666 0.14351851851851852 0.7526041666666666 0.17407407407407408 0.7489583333333333 0.18796296296296297 0.7463541666666667 0.19074074074074074 0.7260416666666667 0.18888888888888888 0.7223958333333333 0.18703703703703703 0.7197916666666667 0.1814814814814815 0.7182291666666667 0.15092592592592594 0.7197916666666667 0.11481481481481481 0.7260416666666667 0.10462962962962963 0.7369791666666666 0.1037037037037037
0 0.7567708333333333 0.22962962962962963 0.7598958333333333 0.22685185185185186 0.7729166666666667 0.22870370370370371 0.7822916666666667 0.2361111111111111 0.784375 0.24444444444444444 0.7828125 0.2675925925925926 0.7786458333333334 0.26851851851851855 0.7645833333333333 0.25833333333333336 0.76875 0.2675925925925926 0.778125 0.2777777777777778 0.7822916666666667 0.287962962962963 0.778125 0.3055555555555556 0.7744791666666667 0.3388888888888889 0.765625 0.34814814814814815 0.7510416666666667 0.3453703703703704 0.7375 0.33425925925925926 0.7354166666666667 0.3212962962962963 0.7401041666666667 0.3037037037037037 0.7432291666666667 0.2759259259259259 0.7479166666666667 0.25555555555555554 0.7567708333333333 0.23055555555555557
1 0.20625 0.9574074074074074 0.20989583333333334 0.9601851851851851 0.21510416666666668 0.9777777777777777 0.22083333333333333 0.9851851851851852 0.22395833333333334 0.9944444444444445 0.22291666666666668 0.9990740740740741 0.20572916666666666 0.9990740740740741 0.2 0.9944444444444445 0.19635416666666666 0.9824074074074074 0.190625 0.9768518518518519 0.19322916666666667 0.9666666666666667 0.20572916666666666 0.9583333333333334
1 0.15885416666666666 0.05740740740740741 0.16354166666666667 0.06018518518518518 0.16614583333333333 0.06574074074074074 0.16666666666666666 0.08148148148148149 0.16197916666666667 0.08888888888888889 0.15677083333333333 0.06944444444444445 0.15677083333333333 0.06018518518518518 0.15833333333333333 0.05740740740740741
1 0.7583333333333333 0.06481481481481481 0.7604166666666666 0.06759259259259259 0.7609375 0.07407407407407407 0.7583333333333333 0.08703703703703704 0.7567708333333333 0.11851851851851852 0.7552083333333334 0.12037037037037036 0.7484375 0.10925925925925926 0.7484375 0.08703703703703704 0.7541666666666667 0.06666666666666667 0.7578125 0.06481481481481481
1 0.353125 0.8657407407407407 0.3567708333333333 0.8777777777777778 0.3625 0.8842592592592593 0.3625 0.8962962962962963 0.35208333333333336 0.9055555555555556 0.35 0.9037037037037037 0.34791666666666665 0.8916666666666667 0.34322916666666664 0.8814814814814815 0.3416666666666667 0.8657407407407407 0.34479166666666666 0.862037037037037 0.35260416666666666 0.8657407407407407
1 0.06302083333333333 0.15185185185185185 0.0484375 0.12129629629629629 0.0484375 0.11203703703703703 0.052083333333333336 0.10925925925925926 0.0609375 0.125 0.0625 0.13703703703703704 0.0671875 0.14907407407407408 0.06354166666666666 0.15185185185185185
1 0.54375 0.225 0.546875 0.24166666666666667 0.5432291666666667 0.26851851851851855 0.5401041666666667 0.27314814814814814 0.5380208333333333 0.27037037037037037 0.5369791666666667 0.2611111111111111 0.5364583333333334 0.2388888888888889 0.5395833333333333 0.22870370370370371 0.5432291666666667 0.225
1 0.6020833333333333 0.041666666666666664 0.6052083333333333 0.05185185185185185 0.6052083333333333 0.05925925925925926 0.5984375 0.08518518518518518 0.5958333333333333 0.0824074074074074 0.59375 0.06111111111111111 0.5989583333333334 0.04259259259259259 0.6015625 0.041666666666666664
1 0.8661458333333333 0.12129629629629629 0.8697916666666666 0.12314814814814815 0.8682291666666667 0.1398148148148148 0.8588541666666667 0.16203703703703703 0.8557291666666667 0.16203703703703703 0.8552083333333333 0.1574074074074074 0.8583333333333333 0.13333333333333333 0.8661458333333333 0.12222222222222222
1 0.13645833333333332 0.03518518518518519 0.14739583333333334 0.06296296296296296 0.14635416666666667 0.06759259259259259 0.14114583333333333 0.07037037037037037 0.13854166666666667 0.06851851851851852 0.13020833333333334 0.04351851851851852 0.13125 0.03611111111111111 0.13333333333333333 0.03333333333333333 0.1359375 0.03518518518518519
1 0.8177083333333334 0.6231481481481481 0.825 0.6231481481481481 0.8270833333333333 0.6259259259259259 0.8286458333333333 0.6425925925925926 0.8265625 0.6537037037037037 0.8244791666666667 0.6574074074074074 0.8197916666666667 0.6564814814814814 0.8098958333333334 0.6675925925925926 0.8067708333333333 0.675 0.8036458333333333 0.6759259259259259 0.8036458333333333 0.6694444444444444 0.8088541666666667 0.6509259259259259 0.8098958333333334 0.6342592592592593 0.8125 0.6268518518518519 0.8171875 0.6240740740740741
1 0.175 0.008333333333333333 0.1796875 0.018518518518518517 0.18229166666666666 0.046296296296296294 0.1765625 0.04351851851851852 0.17447916666666666 0.032407407407407406 0.16770833333333332 0.018518518518518517 0.1703125 0.011111111111111112 0.17447916666666666 0.009259259259259259
1 0.828125 0.3333333333333333 0.8286458333333333 0.3388888888888889 0.8260416666666667 0.3472222222222222 0.8177083333333334 0.362962962962963 0.8135416666666667 0.3768518518518518 0.8109375 0.37592592592592594 0.8119791666666667 0.3685185185185185 0.8104166666666667 0.36574074074074076 0.809375 0.3731481481481482 0.8041666666666667 0.37222222222222223 0.8036458333333333 0.3685185185185185 0.8119791666666667 0.3537037037037037 0.8203125 0.3287037037037037 0.825 0.3287037037037037 0.8276041666666667 0.3333333333333333
1 0.6541666666666667 0.11296296296296296 0.65625 0.12314814814814815 0.6510416666666666 0.15092592592592594 0.6463541666666667 0.15 0.6447916666666667 0.14444444444444443 0.6473958333333333 0.12407407407407407 0.65 0.11481481481481481 0.6536458333333334 0.11296296296296296
1 0.0296875 0.20185185185185187 0.036458333333333336 0.2111111111111111 0.040625 0.22314814814814815 0.04010416666666667 0.22962962962962963 0.036458333333333336 0.23425925925925925 0.0328125 0.23333333333333334 0.0265625 0.21666666666666667 0.026041666666666668 0.20277777777777778 0.029166666666666667 0.20185185185185187
1 0.228125 0.45925925925925926 0.23333333333333334 0.4583333333333333 0.24427083333333333 0.47129629629629627 0.24635416666666668 0.47685185185185186 0.24583333333333332 0.49166666666666664 0.25052083333333336 0.5037037037037037 0.246875 0.5064814814814815 0.23072916666666668 0.4861111111111111 0.228125 0.4601851851851852
1 0.19739583333333333 0.7833333333333333 0.20677083333333332 0.7981481481481482 0.21666666666666667 0.8018518518518518 0.2171875 0.8074074074074075 0.21354166666666666 0.8138888888888889 0.21041666666666667 0.8083333333333333 0.20208333333333334 0.812962962962963 0.19739583333333333 0.8296296296296296 0.19270833333333334 0.8333333333333334 0.190625 0.8314814814814815 0.19270833333333334 0.8194444444444444 0.18697916666666667 0.8055555555555556 0.1859375 0.787962962962963 0.19270833333333334 0.7824074074074074 0.196875 0.7833333333333333
1 0.20989583333333334 0.4666666666666667 0.22083333333333333 0.47685185185185186 0.22395833333333334 0.49166666666666664 0.23385416666666667 0.5101851851851852 0.234375 0.5157407407407407 0.23020833333333332 0.5138888888888888 0.22395833333333334 0.5018518518518519 0.2203125 0.5 0.21875 0.5037037037037037 0.21927083333333333 0.5120370370370371 0.21770833333333334 0.5148148148148148 0.21458333333333332 0.512962962962963 0.21354166666666666 0.4981481481481482 0.20520833333333333 0.4703703703703704 0.20677083333333332 0.4666666666666667 0.209375 0.4666666666666667
1 0.44947916666666665 0.6046296296296296 0.45208333333333334 0.6055555555555555 0.4578125 0.6194444444444445 0.4583333333333333 0.6305555555555555 0.4557291666666667 0.6518518518518519 0.45260416666666664 0.6546296296296297 0.44583333333333336 0.6472222222222223 0.4432291666666667 0.6231481481481481 0.44427083333333334 0.6157407407407407 0.44895833333333335 0.6055555555555555
1 0.20208333333333334 0 0.2109375 0 0.21510416666666668 0.024074074074074074 0.2125 0.028703703703703703 0.209375 0.023148148148148147 0.20625 0.03148148148148148 0.20208333333333334 0.014814814814814815 0.20208333333333334 0.000925925925925926
1 0.5880208333333333 0.19444444444444445 0.5895833333333333 0.2111111111111111 0.5859375 0.23425925925925925 0.5822916666666667 0.2388888888888889 0.58125 0.24537037037037038 0.5786458333333333 0.24444444444444444 0.5796875 0.20555555555555555 0.5848958333333333 0.19444444444444445 0.5875 0.19444444444444445
1 0.11770833333333333 0.8870370370370371 0.121875 0.8972222222222223 0.121875 0.9027777777777778 0.1140625 0.9194444444444444 0.109375 0.9212962962962963 0.09947916666666666 0.9092592592592592 0.09479166666666666 0.9074074074074074 0.09322916666666667 0.9 0.1046875 0.8870370370370371 0.1171875 0.8870370370370371
1 0.25833333333333336 0.14629629629629629 0.265625 0.15925925925925927 0.2677083333333333 0.17407407407407408 0.27395833333333336 0.18518518518518517 0.2755208333333333 0.19537037037037036 0.27239583333333334 0.19537037037037036 0.26927083333333335 0.18703703703703703 0.265625 0.18425925925925926 0.2625 0.19722222222222222 0.25833333333333336 0.19537037037037036 0.2598958333333333 0.17777777777777778 0.2557291666666667 0.15185185185185185 0.25625 0.14722222222222223 0.2578125 0.14722222222222223
1 0.2916666666666667 0.9055555555555556 0.29635416666666664 0.9111111111111111 0.30364583333333334 0.9287037037037037 0.30572916666666666 0.9435185185185185 0.3 0.9490740740740741 0.29322916666666665 0.937962962962963 0.2864583333333333 0.95 0.28489583333333335 0.9490740740740741 0.2859375 0.9388888888888889 0.28125 0.9305555555555556 0.28125 0.9212962962962963 0.28541666666666665 0.9064814814814814 0.2911458333333333 0.9055555555555556
1 0.3848958333333333 0.7138888888888889 0.39375 0.7222222222222222 0.39895833333333336 0.7416666666666667 0.396875 0.7518518518518519 0.3932291666666667 0.7537037037037037 0.390625 0.7490740740740741 0.38958333333333334 0.7509259259259259 0.3859375 0.7675925925925926 0.38177083333333334 0.7648148148148148 0.38333333333333336 0.7444444444444445 0.37916666666666665 0.7296296296296296 0.3796875 0.7194444444444444 0.384375 0.7138888888888889
1 0.8567708333333334 0.44537037037037036 0.8588541666666667 0.45185185185185184 0.853125 0.46944444444444444 0.8520833333333333 0.48055555555555557 0.8380208333333333 0.49722222222222223 0.8359375 0.49444444444444446 0.8359375 0.4898148148148148 0.8421875 0.4638888888888889 0.8473958333333333 0.4527777777777778 0.85625 0.44537037037037036
1 0.15885416666666666 0.925 0.171875 0.9435185185185185 0.18072916666666666 0.9407407407407408 0.18802083333333333 0.9425925925925925 0.18489583333333334 0.9527777777777777 0.17447916666666666 0.9583333333333334 0.16458333333333333 0.975 0.1609375 0.975 0.15104166666666666 0.9629629629629629 0.1515625 0.9574074074074074 0.14739583333333334 0.9416666666666667 0.14947916666666666 0.9277777777777778 0.15416666666666667 0.924074074074074 0.15833333333333333 0.925
1 0.1765625 0.04722222222222222 0.17864583333333334 0.05092592592592592 0.18020833333333333 0.06388888888888888 0.17864583333333334 0.07314814814814814 0.171875 0.06759259259259259 0.16875 0.05740740740740741 0.16875 0.05277777777777778 0.171875 0.04722222222222222 0.17604166666666668 0.04722222222222222
1 0.35885416666666664 0.07777777777777778 0.36302083333333335 0.10833333333333334 0.3625 0.11296296296296296 0.36041666666666666 0.11388888888888889 0.35833333333333334 0.11296296296296296 0.3572916666666667 0.10555555555555556 0.35208333333333336 0.0962962962962963 0.35260416666666666 0.0824074074074074 0.35572916666666665 0.07592592592592592 0.35833333333333334 0.07777777777777778
1 0.5338541666666666 0.19814814814814816 0.5395833333333333 0.21296296296296297 0.5390625 0.22407407407407406 0.5348958333333333 0.24074074074074073 0.5307291666666667 0.2462962962962963 0.5291666666666667 0.2462962962962963 0.5291666666666667 0.20555555555555555 0.5333333333333333 0.19814814814814816
1 0.26145833333333335 0.6416666666666667 0.265625 0.65 0.2703125 0.65 0.2734375 0.6537037037037037 0.2765625 0.6666666666666666 0.2755208333333333 0.6796296296296296 0.28489583333333335 0.6962962962962963 0.28541666666666665 0.700925925925926 0.2791666666666667 0.7027777777777777 0.2755208333333333 0.6925925925925925 0.26875 0.6833333333333333 0.2609375 0.6814814814814815 0.2557291666666667 0.6583333333333333 0.25833333333333336 0.6435185185185185 0.2609375 0.6425925925925926
1 0.11302083333333333 0.06574074074074074 0.12083333333333333 0.08055555555555556 0.12552083333333333 0.10555555555555556 0.1234375 0.10833333333333334 0.10625 0.07777777777777778 0.10833333333333334 0.06851851851851852 0.1125 0.06574074074074074
1 0.58125 0.046296296296296294 0.5859375 0.05925925925925926 0.5817708333333333 0.08888888888888889 0.578125 0.09166666666666666 0.5765625 0.06759259259259259 0.5770833333333333 0.05648148148148148 0.5807291666666666 0.04722222222222222
1 0.2703125 0.7611111111111111 0.27760416666666665 0.7722222222222223 0.2796875 0.7833333333333333 0.28489583333333335 0.7888888888888889 0.28229166666666666 0.7944444444444444 0.2760416666666667 0.799074074074074 0.271875 0.799074074074074 0.26979166666666665 0.7953703703703704 0.2635416666666667 0.7722222222222223 0.25833333333333336 0.7648148148148148 0.26145833333333335 0.7583333333333333 0.26979166666666665 0.7611111111111111
1 0.140625 0.07222222222222222 0.14739583333333334 0.08703703703703704 0.15208333333333332 0.10833333333333334 0.15104166666666666 0.11481481481481481 0.1390625 0.09351851851851851 0.13645833333333332 0.07777777777777778 0.13697916666666668 0.07407407407407407 0.14010416666666667 0.07222222222222222
1 0.7130208333333333 0.2814814814814815 0.715625 0.30462962962962964 0.703125 0.33796296296296297 0.7005208333333334 0.33796296296296297 0.6989583333333333 0.33425925925925926 0.6994791666666667 0.32407407407407407 0.7026041666666667 0.31666666666666665 0.7026041666666667 0.30277777777777776 0.7088541666666667 0.2833333333333333 0.7125 0.2814814814814815
1 0.1578125 0.03981481481481482 0.165625 0.04722222222222222 0.16875 0.06111111111111111 0.16875 0.06481481481481481 0.16510416666666666 0.06481481481481481 0.1578125 0.05740740740740741 0.1578125 0.040740740740740744
1 0.31666666666666665 0.8851851851851852 0.3223958333333333 0.8888888888888888 0.3296875 0.9 0.33125 0.9064814814814814 0.32916666666666666 0.9175925925925926 0.33125 0.9314814814814815 0.325 0.937037037037037 0.3234375 0.9287037037037037 0.31197916666666664 0.9120370370370371 0.3125 0.9 0.30885416666666665 0.8925925925925926 0.30885416666666665 0.8861111111111111 0.31354166666666666 0.8833333333333333 0.31614583333333335 0.8851851851851852
1 0.08385416666666666 0.14629629629629629 0.0921875 0.1574074074074074 0.0953125 0.1685185185185185 0.10104166666666667 0.17777777777777778 0.0953125 0.18796296296296297 0.09114583333333333 0.17407407407407408 0.08489583333333334 0.1675925925925926 0.08125 0.14814814814814814 0.08333333333333333 0.14629629629629629
1 0.057291666666666664 0.1648148148148148 0.06510416666666667 0.175 0.06770833333333333 0.1962962962962963 0.06510416666666667 0.2 0.06145833333333333 0.19907407407407407 0.053125 0.1824074074074074 0.05260416666666667 0.17222222222222222 0.05677083333333333 0.16574074074074074
1 0.8520833333333333 0.14444444444444443 0.010416666666666666 0.025925925925925925
1 0.9661458333333334 0.5333333333333333 0.9692708333333333 0.5481481481481482 0.96875 0.5546296296296296 0.9536458333333333 0.5768518518518518 0.94375 0.5712962962962963 0.9421875 0.5675925925925925 0.9427083333333334 0.5601851851851852 0.9526041666666667 0.5388888888888889 0.9630208333333333 0.5314814814814814 0.965625 0.5333333333333333
1 0.39375 0.11203703703703703 0.39010416666666664 0.08611111111111111 0.390625 0.07314814814814814 0.3932291666666667 0.07037037037037037 0.39791666666666664 0.0824074074074074 0.39791666666666664 0.11018518518518519 0.39427083333333335 0.11203703703703703
1 0.8416666666666667 0.22407407407407406 0.8395833333333333 0.22037037037037038 0.8411458333333334 0.20092592592592592 0.846875 0.1814814814814815 0.8494791666666667 0.17962962962962964 0.8520833333333333 0.18425925925925926 0.853125 0.1925925925925926 0.8421875 0.22314814814814815
1 0.8067708333333333 0.612037037037037 0.8104166666666667 0.6166666666666667 0.8109375 0.6212962962962963 0.8083333333333333 0.6416666666666667 0.7989583333333333 0.6555555555555556 0.7875 0.6592592592592592 0.7854166666666667 0.6574074074074074 0.790625 0.6388888888888888 0.7916666666666666 0.6231481481481481 0.80625 0.6129629629629629
1 0.4739583333333333 0.6407407407407407 0.48072916666666665 0.6361111111111111 0.4875 0.6509259259259259 0.4875 0.6814814814814815 0.48333333333333334 0.6824074074074075 0.48072916666666665 0.6731481481481482 0.4791666666666667 0.687962962962963 0.47552083333333334 0.6925925925925925 0.4739583333333333 0.6416666666666667
1 0.6890625 0.5787037037037037 0.69375 0.5953703703703703 0.6875 0.6111111111111112 0.6755208333333333 0.6305555555555555 0.6723958333333333 0.6296296296296297 0.671875 0.6240740740740741 0.6791666666666667 0.6111111111111112 0.6776041666666667 0.5990740740740741 0.6786458333333333 0.5888888888888889 0.6828125 0.5814814814814815 0.6885416666666667 0.5787037037037037
1 0.18333333333333332 0.012962962962962963 0.18541666666666667 0.011111111111111112 0.19114583333333332 0.025 0.19427083333333334 0.049074074074074076 0.19270833333333334 0.05277777777777778 0.19114583333333332 0.05185185185185185 0.18333333333333332 0.032407407407407406 0.18177083333333333 0.025925925925925925 0.18333333333333332 0.013888888888888888
1 0.5578125 0.3490740740740741 0.5604166666666667 0.36203703703703705 0.5604166666666667 0.3768518518518518 0.5567708333333333 0.3990740740740741 0.546875 0.40925925925925927 0.5489583333333333 0.387037037037037 0.5484375 0.362962962962963 0.5546875 0.3490740740740741 0.5572916666666666 0.3490740740740741
1 0.5885416666666666 0.07222222222222222 0.59375 0.08796296296296297 0.5880208333333333 0.12407407407407407 0.5854166666666667 0.12129629629629629 0.5838541666666667 0.09444444444444444 0.5838541666666667 0.08518518518518518 0.5880208333333333 0.07222222222222222
1 0.8072916666666666 0.1574074074074074 0.8088541666666667 0.17777777777777778 0.80625 0.18796296296296297 0.8 0.19814814814814816 0.7963541666666667 0.21296296296296297 0.7921875 0.20277777777777778 0.7927083333333333 0.19907407407407407 0.796875 0.19166666666666668 0.8 0.1685185185185185 0.8067708333333333 0.1574074074074074
1 0.6645833333333333 0.2722222222222222 0.6583333333333333 0.262037037037037 0.6614583333333334 0.2462962962962963 0.6645833333333333 0.24444444444444444 0.6661458333333333 0.25833333333333336 0.6645833333333333 0.2712962962962963
1 0.28020833333333334 0.9175925925925926 0.28489583333333335 0.9416666666666667 0.2833333333333333 0.9462962962962963 0.26510416666666664 0.9407407407407408 0.2598958333333333 0.9296296296296296 0.26145833333333335 0.9138888888888889 0.2671875 0.9037037037037037 0.27291666666666664 0.9046296296296297 0.2755208333333333 0.9194444444444444 0.2796875 0.9175925925925926
1 0.2526041666666667 0.8194444444444444 0.26510416666666664 0.8240740740740741 0.2671875 0.8277777777777777 0.26666666666666666 0.8351851851851851 0.27239583333333334 0.837037037037037 0.27395833333333336 0.8407407407407408 0.271875 0.8462962962962963 0.26510416666666664 0.850925925925926 0.2630208333333333 0.8611111111111112 0.25833333333333336 0.8666666666666667 0.25677083333333334 0.8648148148148148 0.2557291666666667 0.850925925925926 0.24947916666666667 0.8416666666666667 0.2453125 0.8287037037037037 0.24791666666666667 0.8203703703703704 0.2520833333333333 0.8194444444444444