1 0.2828125 0.9185185185185185 0.28854166666666664 0.9231481481481482 0.29322916666666665 0.9222222222222223 0.29791666666666666 0.9277777777777778 0.2984375 0.9435185185185185 0.30416666666666664 0.950925925925926 0.30364583333333334 0.9564814814814815 0.3 0.9629629629629629 0.29635416666666664 0.9629629629629629 0.28125 0.9453703703703704 0.28125 0.9351851851851852 0.2760416666666667 0.9277777777777778 0.2760416666666667 0.924074074074074 0.27760416666666665 0.9203703703703704 0.28229166666666666 0.9185185185185185
1 0.83125 0.12314814814814815 0.834375 0.12962962962962962 0.8333333333333334 0.14444444444444443 0.8255208333333334 0.15648148148148147 0.8197916666666667 0.1574074074074074 0.8239583333333333 0.13425925925925927 0.8307291666666666 0.12407407407407407
1 0.43854166666666666 0.7564814814814815 0.44427083333333334 0.7685185185185185 0.44635416666666666 0.787962962962963 0.44375 0.799074074074074 0.4359375 0.8074074074074075 0.4328125 0.8064814814814815 0.43020833333333336 0.7981481481481482 0.428125 0.7675925925925926 0.4354166666666667 0.7546296296296297 0.43802083333333336 0.7564814814814815
1 0.403125 0.8222222222222222 0.4114583333333333 0.8314814814814815 0.41510416666666666 0.8416666666666667 0.415625 0.8564814814814815 0.4088541666666667 0.8675925925925926 0.403125 0.8657407407407407 0.4 0.8592592592592593 0.39739583333333334 0.825925925925926 0.4005208333333333 0.8212962962962963 0.40260416666666665 0.8222222222222222
1 0.34010416666666665 0.8898148148148148 0.3453125 0.8944444444444445 0.3484375 0.9037037037037037 0.346875 0.9111111111111111 0.35104166666666664 0.937037037037037 0.3463541666666667 0.9425925925925925 0.34427083333333336 0.9425925925925925 0.34375 0.937037037037037 0.34010416666666665 0.9305555555555556 0.3338541666666667 0.9287037037037037 0.3260416666666667 0.9074074074074074 0.328125 0.899074074074074 0.33958333333333335 0.8898148148148148
1 0.08125 0.09722222222222222 0.08645833333333333 0.10740740740740741 0.0921875 0.12777777777777777 0.09166666666666666 0.13425925925925927 0.08854166666666667 0.1388888888888889 0.07864583333333333 0.11574074074074074 0.07708333333333334 0.09722222222222222 0.08072916666666667 0.09722222222222222
1 0.046875 0.12037037037037036 0.05572916666666667 0.13240740740740742 0.058333333333333334 0.14722222222222223 0.06302083333333333 0.16018518518518518 0.06145833333333333 0.1638888888888889 0.05260416666666667 0.15092592592592594 0.042708333333333334 0.12777777777777777 0.041666666666666664 0.12222222222222222 0.04635416666666667 0.12037037037037036
1 0.64375 0.044444444444444446 0.009375 0.040740740740740744
1 0.17864583333333334 0.049074074074074076 0.18333333333333332 0.05925925925925926 0.184375 0.07592592592592592 0.1890625 0.08055555555555556 0.18333333333333332 0.08888888888888889 0.175 0.06111111111111111 0.17395833333333333 0.046296296296296294 0.17604166666666668 0.04537037037037037 0.178125 0.049074074074074076
1 0.5708333333333333 0.17592592592592593 0.5734375 0.1824074074074074 0.5739583333333333 0.19074074074074074 0.5682291666666667 0.22592592592592592 0.5661458333333333 0.225 0.5645833333333333 0.18518518518518517 0.5671875 0.17685185185185184 0.5703125 0.17592592592592593
1 0.7796875 0.15925925925925927 0.7817708333333333 0.16944444444444445 0.78125 0.1787037037037037 0.7723958333333333 0.2074074074074074 0.7692708333333333 0.20462962962962963 0.76875 0.1925925925925926 0.775 0.1648148148148148 0.7791666666666667 0.15925925925925927
1 0.32447916666666665 0.6240740740740741 0.3333333333333333 0.6453703703703704 0.3333333333333333 0.6509259259259259 0.33125 0.6546296296296297 0.3260416666666667 0.6574074074074074 0.3260416666666667 0.6805555555555556 0.32447916666666665 0.6833333333333333 0.32135416666666666 0.6805555555555556 0.31875 0.6546296296296297 0.3145833333333333 0.649074074074074 0.3104166666666667 0.6555555555555556 0.30833333333333335 0.6537037037037037 0.3104166666666667 0.6370370370370371 0.3140625 0.6268518518518519 0.32395833333333335 0.6240740740740741
1 0.6369791666666667 0.12962962962962962 0.6395833333333333 0.14722222222222223 0.6333333333333333 0.18055555555555555 0.6296875 0.17685185185185184 0.6291666666666667 0.14722222222222223 0.6364583333333333 0.13055555555555556
1 0.3494791666666667 0.8240740740740741 0.35885416666666664 0.8305555555555556 0.3614583333333333 0.8416666666666667 0.3729166666666667 0.8527777777777777 0.37395833333333334 0.8574074074074074 0.37083333333333335 0.8601851851851852 0.3619791666666667 0.8583333333333333 0.3567708333333333 0.8611111111111112 0.35208333333333336 0.8722222222222222 0.3484375 0.875 0.34427083333333336 0.8731481481481481 0.34739583333333335 0.8657407407407407 0.34791666666666665 0.8518518518518519 0.34739583333333335 0.8416666666666667 0.34375 0.837037037037037 0.34270833333333334 0.8314814814814815 0.3489583333333333 0.8240740740740741
1 0.5432291666666667 0.30277777777777776 0.5484375 0.32222222222222224 0.5395833333333333 0.3592592592592593 0.5380208333333333 0.35833333333333334 0.5380208333333333 0.35185185185185186 0.5401041666666667 0.337037037037037 0.5369791666666667 0.31666666666666665 0.5427083333333333 0.3037037037037037
1 0.8072916666666666 0.4351851851851852 0.809375 0.4388888888888889 0.8072916666666666 0.46111111111111114 0.8015625 0.46944444444444444 0.8 0.4842592592592593 0.7953125 0.48703703703703705 0.7890625 0.48518518518518516 0.79375 0.4703703703703704 0.7916666666666666 0.4583333333333333 0.8005208333333333 0.44814814814814813 0.8041666666666667 0.43703703703703706 0.8067708333333333 0.4351851851851852
1 0.603125 0.1675925925925926 0.60625 0.17222222222222222 0.6067708333333334 0.18518518518518517 0.603125 0.19444444444444445 0.5989583333333334 0.2175925925925926 0.5958333333333333 0.20277777777777778 0.5963541666666666 0.1814814814814815 0.5984375 0.17222222222222222 0.6026041666666667 0.1675925925925926
1 0.553125 0.11944444444444445 0.5567708333333333 0.12407407407407407 0.559375 0.13333333333333333 0.5567708333333333 0.16111111111111112 0.5515625 0.15925925925925927 0.5494791666666666 0.13425925925925927 0.553125 0.12037037037037036
1 0.09583333333333334 0.09722222222222222 0.10208333333333333 0.11203703703703703 0.10208333333333333 0.12037037037037036 0.10572916666666667 0.1361111111111111 0.09895833333333333 0.13055555555555556 0.0953125 0.13240740740740742 0.09322916666666667 0.12314814814814815 0.08854166666666667 0.11481481481481481 0.09166666666666666 0.09907407407407408 0.0953125 0.09722222222222222
1 0 0.2490740740740741 0.005729166666666666 0.25277777777777777 0.008854166666666666 0.2601851851851852 0.009375 0.2722222222222222 0.015625 0.2824074074074074 0.0125 0.2916666666666667 0.008854166666666666 0.2916666666666667 0.00625 0.2851851851851852 0 0.2796296296296296 0 0.25
1 0.675 0.8398148148148148 0.6807291666666667 0.8574074074074074 0.6770833333333334 0.8703703703703703 0.678125 0.8833333333333333 0.6744791666666666 0.8861111111111111 0.6677083333333333 0.8759259259259259 0.6640625 0.875 0.6510416666666666 0.8870370370370371 0.646875 0.8861111111111111 0.6463541666666667 0.8805555555555555 0.6515625 0.8777777777777778 0.6645833333333333 0.862037037037037 0.6677083333333333 0.8481481481481481 0.6671875 0.8407407407407408 0.6744791666666666 0.8398148148148148
1 0.16197916666666667 0.0824074074074074 0.16614583333333333 0.08796296296296297 0.16979166666666667 0.10277777777777777 0.171875 0.11481481481481481 0.1703125 0.12222222222222222 0.16614583333333333 0.12037037037037036 0.1578125 0.09166666666666666 0.1578125 0.08703703703703704 0.16145833333333334 0.0824074074074074
1 0.9114583333333334 0.5092592592592593 0.9109375 0.5342592592592592 0.9026041666666667 0.5435185185185185 0.89375 0.562037037037037 0.8895833333333333 0.5611111111111111 0.8885416666666667 0.5564814814814815 0.8963541666666667 0.5287037037037037 0.9078125 0.5083333333333333 0.9109375 0.5092592592592593
1 0.6645833333333333 0.10185185185185185 0.6661458333333333 0.11018518518518519 0.6651041666666667 0.1361111111111111 0.6578125 0.14629629629629629 0.65625 0.14444444444444443 0.65625 0.11203703703703703 0.6609375 0.10092592592592593 0.6640625 0.10185185185185185
1 0.5473958333333333 0.37592592592592594 0.55 0.3787037037037037 0.553125 0.39537037037037037 0.5463541666666667 0.425 0.5432291666666667 0.4305555555555556 0.5416666666666666 0.42777777777777776 0.5416666666666666 0.40555555555555556 0.5395833333333333 0.3925925925925926 0.546875 0.37592592592592594
1 0.8802083333333334 0.44814814814814813 0.8848958333333333 0.45185185185185184 0.8901041666666667 0.45 0.89375 0.4527777777777778 0.89375 0.4564814814814815 0.8911458333333333 0.45925925925925926 0.890625 0.4759259259259259 0.8776041666666666 0.4935185185185185 0.8692708333333333 0.48703703703703705 0.8796875 0.4648148148148148 0.8796875 0.44907407407407407
1 0.4390625 0.8083333333333333 0.44166666666666665 0.8111111111111111 0.44375 0.825925925925926 0.44895833333333335 0.8416666666666667 0.44635416666666666 0.8462962962962963 0.43802083333333336 0.8453703703703703 0.428125 0.8537037037037037 0.425 0.8537037037037037 0.4244791666666667 0.8490740740740741 0.42864583333333334 0.8416666666666667 0.42864583333333334 0.8212962962962963 0.4322916666666667 0.8111111111111111 0.43854166666666666 0.8083333333333333
1 0.6609375 0.35185185185185186 0.6635416666666667 0.35833333333333334 0.6635416666666667 0.3685185185185185 0.6578125 0.40925925925925927 0.6541666666666667 0.41388888888888886 0.6505208333333333 0.4101851851851852 0.6473958333333333 0.40370370370370373 0.6479166666666667 0.38981481481481484 0.6546875 0.3638888888888889 0.6604166666666667 0.3527777777777778
1 0.5609375 0.1361111111111111 0.5661458333333333 0.15 0.5609375 0.1824074074074074 0.5572916666666666 0.175 0.5546875 0.1537037037037037 0.5552083333333333 0.14444444444444443 0.5604166666666667 0.1361111111111111
1 0.04791666666666667 0.18055555555555555 0.053125 0.18611111111111112 0.05625 0.19444444444444445 0.057291666666666664 0.20925925925925926 0.06354166666666666 0.22314814814814815 0.06145833333333333 0.22962962962962963 0.057291666666666664 0.22685185185185186 0.049479166666666664 0.2111111111111111 0.03958333333333333 0.19814814814814816 0.04010416666666667 0.18425925925925926 0.043229166666666666 0.17962962962962964 0.04739583333333333 0.18055555555555555
1 0.5885416666666666 0.05648148148148148 0.5864583333333333 0.05277777777777778 0.5864583333333333 0.028703703703703703 0.5916666666666667 0.014814814814814815 0.5958333333333333 0.014814814814814815 0.596875 0.026851851851851852 0.59375 0.05 0.5890625 0.05555555555555555
1 0.29635416666666664 0.6916666666666667 0.30520833333333336 0.6990740740740741 0.309375 0.7092592592592593 0.31666666666666665 0.7111111111111111 0.3151041666666667 0.7157407407407408 0.3026041666666667 0.7212962962962963 0.30052083333333335 0.7268518518518519 0.3 0.7388888888888889 0.29635416666666664 0.737037037037037 0.2953125 0.725925925925926 0.2921875 0.7203703703703703 0.28958333333333336 0.6972222222222222 0.290625 0.6916666666666667 0.29583333333333334 0.6916666666666667
1 0.6864583333333333 0.262037037037037 0.011458333333333333 0.03333333333333333
1 0.0953125 0.13425925925925927 0.10260416666666666 0.13796296296296295 0.1125 0.1675925925925926 0.1125 0.17222222222222222 0.10885416666666667 0.17777777777777778 0.10364583333333334 0.17592592592592593 0.09947916666666666 0.15833333333333333 0.0953125 0.15462962962962962 0.09114583333333333 0.1425925925925926 0.09479166666666666 0.13518518518518519
1 0.29635416666666664 0.8018518518518518 0.3 0.8101851851851852 0.29739583333333336 0.8240740740740741 0.3046875 0.8379629629629629 0.29635416666666664 0.8537037037037037 0.29322916666666665 0.8546296296296296 0.2890625 0.8472222222222222 0.2869791666666667 0.8361111111111111 0.2791666666666667 0.8296296296296296 0.2765625 0.8138888888888889 0.2796875 0.8064814814814815 0.28958333333333336 0.8009259259259259 0.29583333333333334 0.8018518518518518
1 0.5817708333333333 0.16203703703703703 0.5848958333333333 0.17222222222222222 0.5848958333333333 0.1787037037037037 0.5822916666666667 0.19722222222222222 0.5776041666666667 0.2101851851851852 0.5760416666666667 0.20833333333333334 0.5755208333333334 0.18518518518518517 0.578125 0.1675925925925926 0.58125 0.16203703703703703
1 0.6020833333333333 0.2824074074074074 0.6052083333333333 0.3074074074074074 0.5953125 0.3314814814814815 0.5942708333333333 0.3277777777777778 0.5963541666666666 0.31203703703703706 0.5942708333333333 0.2953703703703704 0.596875 0.2861111111111111 0.6015625 0.2824074074074074
1 0.5463541666666667 0.14166666666666666 0.5494791666666666 0.14722222222222223 0.55 0.1638888888888889 0.5432291666666667 0.18888888888888888 0.5411458333333333 0.18611111111111112 0.540625 0.15185185185185185 0.5421875 0.14351851851851852 0.5458333333333333 0.14166666666666666
1 0.89375 0.5 0.8958333333333334 0.5064814814814815 0.8942708333333333 0.5222222222222223 0.8859375 0.537962962962963 0.8807291666666667 0.5453703703703704 0.875 0.5444444444444444 0.8739583333333333 0.5407407407407407 0.8755208333333333 0.5305555555555556 0.8838541666666667 0.5101851851851852 0.8932291666666666 0.5009259259259259
1 0.24322916666666666 0 0.2484375 0 0.2515625 0.012037037037037037 0.25052083333333336 0.032407407407407406 0.24791666666666667 0.03425925925925926 0.24270833333333333 0.012037037037037037 0.24322916666666666 0.000925925925925926
1 0.41458333333333336 0.7805555555555556 0.41875 0.7796296296296297 0.42135416666666664 0.7824074074074074 0.42552083333333335 0.7888888888888889 0.43020833333333336 0.8037037037037037 0.42864583333333334 0.8185185185185185 0.41822916666666665 0.8231481481481482 0.4161458333333333 0.7981481481481482 0.41354166666666664 0.787962962962963 0.41458333333333336 0.7814814814814814
1 0.12291666666666666 0.10833333333333334 0.13333333333333333 0.125 0.14166666666666666 0.14444444444444443 0.14114583333333333 0.15 0.13645833333333332 0.14722222222222223 0.13333333333333333 0.1574074074074074 0.13020833333333334 0.15648148148148147 0.12864583333333332 0.1425925925925926 0.12291666666666666 0.12962962962962962 0.1203125 0.11388888888888889 0.12239583333333333 0.10833333333333334
1 0.08489583333333334 0.15648148148148147 0.08958333333333333 0.15648148148148147 0.09583333333333334 0.16666666666666666 0.09895833333333333 0.17777777777777778 0.10677083333333333 0.18888888888888888 0.10572916666666667 0.1925925925925926 0.10104166666666667 0.18981481481481483 0.0984375 0.20277777777777778 0.09375 0.18611111111111112 0.08802083333333334 0.17592592592592593 0.08489583333333334 0.1574074074074074
1 0.10572916666666667 0.10740740740740741 0.09739583333333333 0.08518518518518518 0.0984375 0.07222222222222222 0.10208333333333333 0.07222222222222222 0.109375 0.08888888888888889 0.109375 0.11018518518518519 0.10625 0.10740740740740741
1 0.8177083333333334 0.11481481481481481 0.8208333333333333 0.11388888888888889 0.8213541666666667 0.12777777777777777 0.8135416666666667 0.1537037037037037 0.8104166666666667 0.15555555555555556 0.809375 0.15092592592592594 0.8114583333333333 0.13055555555555556 0.8177083333333334 0.11574074074074074
1 0.9578125 0.5527777777777778 0.9598958333333333 0.5574074074074075 0.9604166666666667 0.5740740740740741 0.9473958333333333 0.5953703703703703 0.9380208333333333 0.5916666666666667 0.9354166666666667 0.5879629629629629 0.9354166666666667 0.5814814814814815 0.9458333333333333 0.5564814814814815 0.9520833333333333 0.5518518518518518 0.9572916666666667 0.5527777777777778
1 0.7666666666666667 0.2611111111111111 0.7651041666666667 0.26851851851851855 0.7635416666666667 0.2638888888888889 0.7661458333333333 0.2611111111111111
1 0.5432291666666667 0.11388888888888889 0.5463541666666667 0.11388888888888889 0.55 0.12685185185185185 0.5484375 0.14074074074074075 0.5432291666666667 0.1425925925925926 0.540625 0.12962962962962962 0.5432291666666667 0.11481481481481481
1 0.3692708333333333 0.8657407407407407 0.36822916666666666 0.8851851851851852 0.375 0.9148148148148149 0.36822916666666666 0.925 0.3651041666666667 0.924074074074074 0.3645833333333333 0.9120370370370371 0.3625 0.9083333333333333 0.35520833333333335 0.9055555555555556 0.35260416666666666 0.9009259259259259 0.35260416666666666 0.8953703703703704 0.35572916666666665 0.8814814814814815 0.3609375 0.8703703703703703 0.3645833333333333 0.8648148148148148 0.36875 0.8657407407407407
1 0.6125 0.14166666666666666 0.6161458333333333 0.15185185185185185 0.6161458333333333 0.16944444444444445 0.6135416666666667 0.1787037037037037 0.6140625 0.1935185185185185 0.6125 0.20277777777777778 0.609375 0.1962962962962963 0.6057291666666667 0.1574074074074074 0.6088541666666667 0.14351851851851852 0.6119791666666666 0.14166666666666666
1 0.6369791666666667 0.05185185185185185 0.6390625 0.06759259259259259 0.6338541666666667 0.09537037037037037 0.63125 0.09259259259259259 0.6296875 0.06481481481481481 0.6322916666666667 0.05462962962962963 0.6364583333333333 0.05185185185185185
1 0.2598958333333333 0.9462962962962963 0.2635416666666667 0.9564814814814815 0.26927083333333335 0.9583333333333334 0.2755208333333333 0.9666666666666667 0.2765625 0.9833333333333333 0.2703125 0.9898148148148148 0.2677083333333333 0.9879629629629629 0.26614583333333336 0.9805555555555555 0.2630208333333333 0.9796296296296296 0.26197916666666665 0.9731481481481481 0.2604166666666667 0.9768518518518519 0.2604166666666667 0.9805555555555555 0.2625 0.9814814814814815 0.26197916666666665 0.9851851851851852 0.25833333333333336 0.9814814814814815 0.253125 0.9814814814814815 0.25104166666666666 0.9777777777777777 0.25104166666666666 0.9574074074074074 0.2552083333333333 0.9472222222222222 0.259375 0.9462962962962963
1 0.6473958333333333 0.2388888888888889 0.65 0.24259259259259258 0.6505208333333333 0.2601851851851852 0.6473958333333333 0.26666666666666666 0.6453125 0.2861111111111111 0.6432291666666666 0.287962962962963 0.6401041666666667 0.2851851851851852 0.6416666666666667 0.25277777777777777 0.646875 0.23981481481481481
1 0.31145833333333334 0.9083333333333333 0.32083333333333336 0.9166666666666666 0.325 0.9388888888888889 0.32447916666666665 0.9472222222222222 0.32083333333333336 0.9527777777777777 0.3171875 0.9527777777777777 0.3171875 0.9472222222222222 0.3145833333333333 0.9416666666666667 0.3015625 0.9268518518518518 0.3026041666666667 0.9166666666666666 0.3109375 0.9083333333333333