0 0 0.6138888888888889 0.0109375 0.6129629629629629 0.035416666666666666 0.6185185185185185 0.046875 0.6259259259259259 0.06770833333333333 0.6518518518518519 0.07447916666666667 0.6648148148148149 0.078125 0.6796296296296296 0.07708333333333334 0.7027777777777777 0.0640625 0.7194444444444444 0.05520833333333333 0.7407407407407407 0.0484375 0.7453703703703703 0.03229166666666667 0.7435185185185185 0.019270833333333334 0.7583333333333333 0 0.7703703703703704 0 0.6148148148148148
1 0.7895833333333333 0.30185185185185187 0.7932291666666667 0.30092592592592593 0.7947916666666667 0.30462962962962964 0.7947916666666667 0.3175925925925926 0.7911458333333333 0.33240740740740743 0.7848958333333333 0.3388888888888889 0.7854166666666667 0.32222222222222224 0.7895833333333333 0.30277777777777776
1 0.5739583333333333 0.2898148148148148 0.575 0.29907407407407405 0.5677083333333334 0.3277777777777778 0.565625 0.32037037037037036 0.5666666666666667 0.2916666666666667 0.5703125 0.2851851851851852 0.5734375 0.2898148148148148
1 0.5619791666666667 0.2851851851851852 0.5661458333333333 0.29259259259259257 0.5666666666666667 0.3 0.5609375 0.3277777777777778 0.5572916666666666 0.32685185185185184 0.5567708333333333 0.3 0.5588541666666667 0.2861111111111111 0.5614583333333333 0.2851851851851852
1 0.578125 0.29814814814814816 0.58125 0.3055555555555556 0.58125 0.3175925925925926 0.578125 0.33796296296296297 0.5744791666666667 0.3398148148148148 0.5703125 0.33796296296296297 0.5739583333333333 0.30277777777777776 0.5776041666666667 0.29814814814814816
1 0.7828125 0.24722222222222223 0.7791666666666667 0.2657407407407407 0.7755208333333333 0.2564814814814815 0.7723958333333333 0.25462962962962965 0.7723958333333333 0.25 0.7791666666666667 0.2361111111111111 0.7822916666666667 0.24722222222222223
1 0.6010416666666667 0.49074074074074076 0.6052083333333333 0.4925925925925926 0.60625 0.5138888888888888 0.6046875 0.525 0.6078125 0.5435185185185185 0.6026041666666667 0.5462962962962963 0.5989583333333334 0.5370370370370371 0.596875 0.5435185185185185 0.5916666666666667 0.5435185185185185 0.5953125 0.5268518518518519 0.5932291666666667 0.512962962962963 0.6010416666666667 0.49166666666666664
1 0.4432291666666667 0.9203703703703704 0.4473958333333333 0.9259259259259259 0.44895833333333335 0.9333333333333333 0.44947916666666665 0.9564814814814815 0.44375 0.9648148148148148 0.4421875 0.9796296296296296 0.43854166666666666 0.9925925925925926 0.4354166666666667 0.9925925925925926 0.43854166666666666 0.9601851851851851 0.4359375 0.9527777777777777 0.43125 0.9518518518518518 0.43072916666666666 0.9425925925925925 0.434375 0.9259259259259259 0.43854166666666666 0.9194444444444444 0.4427083333333333 0.9203703703703704
1 0.5848958333333333 0.2833333333333333 0.5838541666666667 0.25555555555555554 0.5875 0.24537037037037038 0.5916666666666667 0.2518518518518518 0.5927083333333333 0.2611111111111111 0.5880208333333333 0.2833333333333333 0.5854166666666667 0.2833333333333333
1 0.30364583333333334 0.3175925925925926 0.3072916666666667 0.31851851851851853 0.31197916666666664 0.3277777777777778 0.31354166666666666 0.33425925925925926 0.31145833333333334 0.3425925925925926 0.3145833333333333 0.35462962962962963 0.31354166666666666 0.3592592592592593 0.3109375 0.36018518518518516 0.3072916666666667 0.35 0.3026041666666667 0.33055555555555555 0.30364583333333334 0.31851851851851853
1 0.2864583333333333 0.125 0.28958333333333336 0.13333333333333333 0.29270833333333335 0.1574074074074074 0.2864583333333333 0.1638888888888889 0.28541666666666665 0.16203703703703703 0.28177083333333336 0.1398148148148148 0.2859375 0.1259259259259259
1 0.484375 0.55 0.48854166666666665 0.5555555555555556 0.4901041666666667 0.5666666666666667 0.48854166666666665 0.5879629629629629 0.484375 0.5916666666666667 0.48125 0.600925925925926 0.4796875 0.6 0.478125 0.5574074074074075 0.48072916666666665 0.549074074074074 0.48385416666666664 0.55
1 0.7833333333333333 0.4935185185185185 0.7890625 0.49907407407407406 0.7895833333333333 0.5055555555555555 0.7828125 0.5370370370370371 0.7796875 0.5416666666666666 0.7770833333333333 0.5305555555555556 0.7723958333333333 0.5370370370370371 0.7697916666666667 0.5333333333333333 0.7760416666666666 0.5175925925925926 0.7776041666666667 0.5009259259259259 0.7828125 0.4935185185185185
1 0.1859375 0.21203703703703702 0.19166666666666668 0.22314814814814815 0.1921875 0.24814814814814815 0.18125 0.22407407407407406 0.18229166666666666 0.21574074074074073 0.18541666666666667 0.21203703703703702
1 0.5015625 0.36574074074074076 0.4947916666666667 0.3490740740740741 0.4947916666666667 0.3351851851851852 0.4979166666666667 0.325 0.5015625 0.32685185185185184 0.5036458333333333 0.33796296296296297 0.5036458333333333 0.362962962962963 0.5020833333333333 0.36574074074074076
1 0.49114583333333334 0.43425925925925923 0.4953125 0.4444444444444444 0.49583333333333335 0.4564814814814815 0.490625 0.487962962962963 0.4875 0.4898148148148148 0.48802083333333335 0.4675925925925926 0.484375 0.4583333333333333 0.48541666666666666 0.4444444444444444 0.490625 0.4351851851851852
1 0.0375 0.2824074074074074 0.0484375 0.31666666666666665 0.04791666666666667 0.32037037037037036 0.044270833333333336 0.32222222222222224 0.03958333333333333 0.31666666666666665 0.0328125 0.30092592592592593 0.03177083333333333 0.28703703703703703 0.034375 0.2824074074074074 0.03697916666666667 0.2824074074074074
1 0.81875 0.562962962962963 0.821875 0.575925925925926 0.8208333333333333 0.5925925925925926 0.8114583333333333 0.6092592592592593 0.803125 0.6185185185185185 0.8 0.6157407407407407 0.8067708333333333 0.5953703703703703 0.8083333333333333 0.5777777777777777 0.7994791666666666 0.5768518518518518 0.8072916666666666 0.5685185185185185 0.8182291666666667 0.562962962962963
1 0.3182291666666667 0.8777777777777778 0.325 0.8851851851851852 0.32708333333333334 0.8972222222222223 0.325 0.9037037037037037 0.32447916666666665 0.9194444444444444 0.32135416666666666 0.924074074074074 0.3072916666666667 0.8907407407407407 0.30885416666666665 0.8824074074074074 0.3177083333333333 0.8777777777777778
1 0.5291666666666667 0.48518518518518516 0.5317708333333333 0.5 0.5291666666666667 0.524074074074074 0.5255208333333333 0.5361111111111111 0.5223958333333333 0.5361111111111111 0.525 0.5194444444444445 0.5234375 0.5 0.525 0.4888888888888889 0.5286458333333334 0.48518518518518516
1 0.34270833333333334 0.6990740740740741 0.35572916666666665 0.7018518518518518 0.35885416666666664 0.7092592592592593 0.359375 0.7185185185185186 0.3640625 0.7231481481481481 0.3619791666666667 0.7296296296296296 0.35208333333333336 0.737037037037037 0.35104166666666664 0.7509259259259259 0.34791666666666665 0.7537037037037037 0.34270833333333334 0.7129629629629629 0.34270833333333334 0.7
1 0.21354166666666666 0.8925925925925926 0.225 0.8962962962962963 0.22708333333333333 0.9009259259259259 0.225 0.9074074074074074 0.22708333333333333 0.9111111111111111 0.2359375 0.9138888888888889 0.2375 0.9194444444444444 0.23489583333333333 0.9231481481481482 0.2234375 0.9212962962962963 0.21927083333333333 0.9351851851851852 0.2171875 0.9527777777777777 0.21302083333333333 0.9574074074074074 0.21041666666666667 0.9564814814814815 0.2125 0.95 0.2125 0.924074074074074 0.20208333333333334 0.9009259259259259 0.203125 0.8972222222222223 0.21302083333333333 0.8925925925925926
1 0.5388020833333333 0.2972222222222222 0.008854166666666666 0.040740740740740744
1 0.5223958333333333 0.4740740740740741 0.521875 0.44814814814814813 0.5260416666666666 0.43148148148148147 0.5291666666666667 0.4324074074074074 0.5328125 0.4388888888888889 0.5328125 0.44722222222222224 0.5302083333333333 0.47314814814814815 0.5260416666666666 0.4777777777777778 0.5229166666666667 0.4740740740740741
1 0.1484375 0.2037037037037037 0.153125 0.21851851851851853 0.15416666666666667 0.23796296296296296 0.1484375 0.2324074074074074 0.14270833333333333 0.21296296296296297 0.14322916666666666 0.2064814814814815 0.14791666666666667 0.2037037037037037
1 0.41822916666666665 0.6972222222222222 0.4239583333333333 0.7101851851851851 0.42552083333333335 0.737037037037037 0.4161458333333333 0.7490740740740741 0.41458333333333336 0.7490740740740741 0.4125 0.7064814814814815 0.4140625 0.6990740740740741 0.41770833333333335 0.6972222222222222
1 0.796875 0.23796296296296296 0.8 0.2388888888888889 0.8020833333333334 0.25092592592592594 0.7953125 0.27314814814814814 0.7911458333333333 0.275 0.790625 0.2611111111111111 0.7963541666666667 0.2388888888888889
1 0.13645833333333332 0.27685185185185185 0.14791666666666667 0.3101851851851852 0.14010416666666667 0.30462962962962964 0.13958333333333334 0.31296296296296294 0.13697916666666668 0.31851851851851853 0.13177083333333334 0.28888888888888886 0.13177083333333334 0.2777777777777778 0.1359375 0.27685185185185185
1 0.01875 0.3814814814814815 0.023958333333333335 0.3824074074074074 0.03854166666666667 0.4111111111111111 0.03802083333333333 0.41574074074074074 0.03229166666666667 0.4212962962962963 0.021875 0.41944444444444445 0.01875 0.3824074074074074
1 0.5989583333333334 0.20462962962962963 0.6020833333333333 0.2037037037037037 0.6041666666666666 0.21203703703703702 0.603125 0.22407407407407406 0.5984375 0.24166666666666667 0.5958333333333333 0.21666666666666667 0.5989583333333334 0.20555555555555555
1 0.12395833333333334 0.26481481481481484 0.12708333333333333 0.2675925925925926 0.13125 0.27870370370370373 0.13333333333333333 0.30833333333333335 0.1265625 0.3 0.12135416666666667 0.2851851851851852 0.12083333333333333 0.2712962962962963 0.1234375 0.26481481481481484
1 0.31666666666666665 0.8 0.32395833333333335 0.8083333333333333 0.32864583333333336 0.8231481481481482 0.32864583333333336 0.8351851851851851 0.325 0.850925925925926 0.32083333333333336 0.8481481481481481 0.3151041666666667 0.825925925925926 0.3078125 0.8277777777777777 0.3098958333333333 0.8009259259259259 0.31614583333333335 0.8
1 0.49166666666666664 0.9833333333333333 0.50625 0.9990740740740741 0.4869791666666667 0.9990740740740741 0.48072916666666665 0.9944444444444445 0.4796875 0.9907407407407407 0.4817708333333333 0.987037037037037 0.49114583333333334 0.9833333333333333
1 0.6526041666666667 0.43425925925925923 0.6541666666666667 0.4398148148148148 0.6473958333333333 0.46296296296296297 0.6473958333333333 0.4722222222222222 0.6442708333333333 0.4759259259259259 0.6432291666666666 0.4685185185185185 0.6395833333333333 0.4638888888888889 0.6427083333333333 0.4537037037037037 0.6385416666666667 0.44907407407407407 0.6473958333333333 0.42314814814814816 0.6505208333333333 0.42407407407407405 0.6520833333333333 0.43425925925925923
1 0.6020833333333333 0.1685185185185185 0.6020833333333333 0.18703703703703703 0.5994791666666667 0.19444444444444445 0.596875 0.19074074074074074 0.5963541666666666 0.1787037037037037 0.5979166666666667 0.1685185185185185 0.6015625 0.1685185185185185
1 0.4552083333333333 0.6907407407407408 0.46041666666666664 0.7092592592592593 0.45625 0.7490740740740741 0.45260416666666664 0.7481481481481481 0.45260416666666664 0.7425925925925926 0.4479166666666667 0.7314814814814815 0.446875 0.7138888888888889 0.446875 0.7018518518518518 0.44947916666666665 0.6925925925925925 0.4546875 0.6907407407407408
1 0.18177083333333333 0.22407407407407406 0.1859375 0.22962962962962963 0.18854166666666666 0.24074074074074073 0.1921875 0.2462962962962963 0.1921875 0.25277777777777777 0.18541666666666667 0.25925925925925924 0.1828125 0.25833333333333336 0.18125 0.225
1 0.08489583333333334 0.3194444444444444 0.09010416666666667 0.3287037037037037 0.09114583333333333 0.34074074074074073 0.096875 0.34814814814814815 0.09635416666666667 0.35185185185185186 0.09166666666666666 0.3490740740740741 0.08802083333333334 0.36203703703703705 0.08489583333333334 0.3472222222222222 0.078125 0.33425925925925926 0.07708333333333334 0.3277777777777778 0.07864583333333333 0.3212962962962963 0.084375 0.3194444444444444
1 0.12447916666666667 0.2212962962962963 0.13333333333333333 0.24722222222222223 0.13333333333333333 0.25092592592592594 0.13072916666666667 0.2537037037037037 0.1265625 0.2537037037037037 0.11927083333333334 0.23333333333333334 0.11927083333333334 0.22407407407407406 0.12395833333333334 0.2212962962962963
1 0.5442708333333334 0.4185185185185185 0.546875 0.43148148148148147 0.5432291666666667 0.4638888888888889 0.5395833333333333 0.4583333333333333 0.5359375 0.43148148148148147 0.540625 0.4203703703703704 0.54375 0.4185185185185185
1 0.6145833333333334 0.23981481481481481 0.615625 0.25092592592592594 0.6125 0.2824074074074074 0.6088541666666667 0.2824074074074074 0.6078125 0.2518518518518518 0.6114583333333333 0.23981481481481481 0.6140625 0.23981481481481481
1 0.24479166666666666 0.9037037037037037 0.25364583333333335 0.9074074074074074 0.2635416666666667 0.9175925925925926 0.26927083333333335 0.9185185185185185 0.265625 0.9296296296296296 0.2609375 0.925 0.2598958333333333 0.9314814814814815 0.2630208333333333 0.9333333333333333 0.2635416666666667 0.937962962962963 0.2546875 0.9675925925925926 0.24895833333333334 0.9731481481481481 0.24635416666666668 0.9703703703703703 0.25 0.9629629629629629 0.25 0.9388888888888889 0.2421875 0.9212962962962963 0.24375 0.9148148148148149 0.24270833333333333 0.9074074074074074 0.24427083333333333 0.9046296296296297
1 0.515625 0.47685185185185186 0.5192708333333333 0.47685185185185186 0.5229166666666667 0.48518518518518516 0.5213541666666667 0.5111111111111111 0.51875 0.5203703703703704 0.515625 0.5194444444444445 0.5130208333333334 0.5 0.515625 0.4777777777777778
1 0.43020833333333336 0.8342592592592593 0.43697916666666664 0.8453703703703703 0.43697916666666664 0.8629629629629629 0.4354166666666667 0.8703703703703703 0.42916666666666664 0.8740740740740741 0.425 0.8916666666666667 0.4234375 0.8907407407407407 0.425 0.8712962962962963 0.42239583333333336 0.8601851851851852 0.42239583333333336 0.8481481481481481 0.4239583333333333 0.8379629629629629 0.42604166666666665 0.8342592592592593 0.4296875 0.8342592592592593
1 0.5088541666666667 0.587037037037037 0.509375 0.5666666666666667 0.5036458333333333 0.5611111111111111 0.5036458333333333 0.5546296296296296 0.5052083333333334 0.5425925925925926 0.5114583333333333 0.5314814814814814 0.5151041666666667 0.5333333333333333 0.51875 0.5435185185185185 0.51875 0.549074074074074 0.5130208333333334 0.5833333333333334 0.509375 0.587037037037037
1 0.07552083333333333 0.2574074074074074 0.08802083333333334 0.29074074074074074 0.08854166666666667 0.3037037037037037 0.08645833333333333 0.30277777777777776 0.08229166666666667 0.28888888888888886 0.0734375 0.2814814814814815 0.07083333333333333 0.26481481481481484 0.071875 0.25833333333333336 0.075 0.2574074074074074
1 0.6609375 0.48055555555555557 0.6645833333333333 0.4444444444444444 0.6682291666666667 0.43425925925925923 0.6708333333333333 0.4324074074074074 0.6739583333333333 0.4444444444444444 0.6739583333333333 0.45555555555555555 0.6713541666666667 0.4666666666666667 0.6723958333333333 0.4861111111111111 0.6671875 0.48333333333333334 0.6645833333333333 0.47129629629629627 0.6614583333333334 0.48055555555555557
1 0.5708333333333333 0.25555555555555554 0.5739583333333333 0.26481481481481484 0.5708333333333333 0.287962962962963 0.5671875 0.287962962962963 0.5651041666666666 0.2722222222222222 0.5671875 0.2564814814814815 0.5703125 0.25555555555555554
1 0.7833333333333333 0.2916666666666667 0.7875 0.30833333333333335 0.7791666666666667 0.33055555555555555 0.7760416666666666 0.3296296296296296 0.7770833333333333 0.3175925925925926 0.7755208333333333 0.3101851851851852 0.7802083333333333 0.2935185185185185 0.7828125 0.2916666666666667
1 0.4421875 0.8416666666666667 0.44583333333333336 0.8435185185185186 0.4505208333333333 0.8527777777777777 0.44895833333333335 0.8740740740740741 0.44427083333333334 0.9 0.44166666666666665 0.9009259259259259 0.44166666666666665 0.8888888888888888 0.43697916666666664 0.8675925925925926 0.4359375 0.8537037037037037 0.43645833333333334 0.8453703703703703 0.44166666666666665 0.8425925925925926
1 0.58125 0.17777777777777778 0.5854166666666667 0.1925925925925926 0.5817708333333333 0.20833333333333334 0.58125 0.22314814814814815 0.578125 0.2212962962962963 0.5770833333333333 0.19907407407407407 0.578125 0.18518518518518517 0.5807291666666666 0.1787037037037037
1 0.2796875 0.8814814814814815 0.3 0.9064814814814814 0.3 0.9138888888888889 0.296875 0.9185185185185185 0.296875 0.925 0.29583333333333334 0.9148148148148149 0.29322916666666665 0.9111111111111111 0.2911458333333333 0.9138888888888889 0.290625 0.9324074074074075 0.2864583333333333 0.9453703703703704 0.2838541666666667 0.9388888888888889 0.284375 0.9212962962962963 0.275 0.8953703703703704 0.2755208333333333 0.8842592592592593 0.2791666666666667 0.8814814814814815
1 0.2557291666666667 0.15555555555555556 0.2598958333333333 0.1638888888888889 0.2630208333333333 0.1787037037037037 0.26197916666666665 0.18518518518518517 0.25885416666666666 0.18888888888888888 0.2552083333333333 0.18796296296296297 0.253125 0.175 0.2526041666666667 0.15925925925925927 0.2552083333333333 0.15555555555555556
1 0.4140625 0.825 0.4166666666666667 0.8277777777777777 0.41822916666666665 0.8361111111111111 0.4109375 0.8657407407407407 0.4109375 0.8740740740740741 0.4041666666666667 0.8833333333333333 0.4041666666666667 0.8675925925925926 0.4005208333333333 0.8342592592592593 0.4041666666666667 0.8268518518518518 0.41354166666666664 0.825