1 0.4822916666666667 0.7148148148148148 0.48802083333333335 0.7231481481481481 0.48802083333333335 0.7314814814814815 0.48385416666666664 0.7379629629629629 0.48020833333333335 0.762962962962963 0.47552083333333334 0.7722222222222223 0.4734375 0.7712962962962963 0.4739583333333333 0.7638888888888888 0.4765625 0.7583333333333333 0.475 0.7240740740740741 0.47760416666666666 0.7157407407407408 0.4817708333333333 0.7148148148148148
1 0.11979166666666667 0.26851851851851855 0.12395833333333334 0.2712962962962963 0.13020833333333334 0.287962962962963 0.13177083333333334 0.2972222222222222 0.12864583333333332 0.30648148148148147 0.12604166666666666 0.3101851851851852 0.12291666666666666 0.29907407407407405 0.115625 0.2861111111111111 0.115625 0.275 0.11927083333333334 0.26944444444444443
1 0.2828125 0.7277777777777777 0.2942708333333333 0.7361111111111112 0.29635416666666664 0.7398148148148148 0.29583333333333334 0.7509259259259259 0.3020833333333333 0.7611111111111111 0.30052083333333335 0.7685185185185185 0.296875 0.7694444444444445 0.2942708333333333 0.7620370370370371 0.2921875 0.7620370370370371 0.29010416666666666 0.7666666666666667 0.2890625 0.7842592592592592 0.2864583333333333 0.7888888888888889 0.2838541666666667 0.7861111111111111 0.2838541666666667 0.7583333333333333 0.2786458333333333 0.7425925925925926 0.2786458333333333 0.7305555555555555 0.28229166666666666 0.7277777777777777
1 0.5848958333333333 0.2101851851851852 0.5890625 0.21666666666666667 0.5848958333333333 0.24814814814814815 0.5822916666666667 0.24722222222222223 0.5807291666666666 0.2324074074074074 0.5807291666666666 0.21666666666666667 0.584375 0.2111111111111111
1 0.3880208333333333 0.7361111111111112 0.39375 0.7444444444444445 0.39427083333333335 0.7509259259259259 0.39791666666666664 0.7592592592592593 0.39427083333333335 0.7638888888888888 0.3880208333333333 0.7648148148148148 0.3875 0.7759259259259259 0.3854166666666667 0.7796296296296297 0.3828125 0.7787037037037037 0.3796875 0.7601851851851852 0.37864583333333335 0.7379629629629629 0.38177083333333334 0.7342592592592593 0.3875 0.7361111111111112
1 0.057291666666666664 0.26481481481481484 0.0609375 0.26296296296296295 0.0671875 0.27314814814814814 0.07135416666666666 0.2953703703703704 0.07083333333333333 0.30092592592592593 0.065625 0.3 0.06510416666666667 0.29259259259259257 0.05677083333333333 0.2759259259259259 0.057291666666666664 0.2657407407407407
1 0.4635416666666667 0.27870370370370373 0.4666666666666667 0.28888888888888886 0.465625 0.3138888888888889 0.4625 0.3138888888888889 0.45989583333333334 0.30833333333333335 0.4583333333333333 0.29259259259259257 0.45989583333333334 0.2814814814814815 0.4630208333333333 0.27870370370370373
1 0.5578125 0.3351851851851852 0.5619791666666667 0.35185185185185186 0.5572916666666666 0.3814814814814815 0.5536458333333333 0.37592592592592594 0.5526041666666667 0.36018518518518516 0.5526041666666667 0.34814814814814815 0.5552083333333333 0.337037037037037 0.5572916666666666 0.3351851851851852
1 0.5953125 0.1962962962962963 0.5984375 0.21296296296296297 0.5953125 0.23703703703703705 0.5921875 0.23796296296296296 0.5895833333333333 0.22777777777777777 0.5895833333333333 0.21203703703703702 0.5953125 0.19722222222222222
1 0.5614583333333333 0.47962962962962963 0.5604166666666667 0.5277777777777778 0.5625 0.5324074074074074 0.5609375 0.5342592592592592 0.5567708333333333 0.5342592592592592 0.5494791666666666 0.5259259259259259 0.553125 0.5157407407407407 0.553125 0.5111111111111111 0.55 0.5055555555555555 0.5505208333333333 0.4981481481481482 0.5572916666666666 0.48148148148148145 0.5609375 0.47962962962962963
1 0.32760416666666664 0.25092592592592594 0.3328125 0.25462962962962965 0.33645833333333336 0.2824074074074074 0.33125 0.2916666666666667 0.328125 0.29259259259259257 0.3255208333333333 0.2638888888888889 0.32760416666666664 0.2518518518518518
1 0.453125 0.5879629629629629 0.45625 0.5879629629629629 0.465625 0.6055555555555555 0.46041666666666664 0.6175925925925926 0.4578125 0.6398148148148148 0.4546875 0.6407407407407407 0.4552083333333333 0.6185185185185185 0.4510416666666667 0.6055555555555555 0.453125 0.5888888888888889
1 0.7828125 0.48055555555555557 0.7895833333333333 0.487962962962963 0.7828125 0.525 0.7786458333333334 0.525 0.7791666666666667 0.5166666666666667 0.7755208333333333 0.5175925925925926 0.7723958333333333 0.5231481481481481 0.7708333333333334 0.5203703703703704 0.7770833333333333 0.5018518518518519 0.7786458333333334 0.48703703703703705 0.7822916666666667 0.48148148148148145
1 0.5432291666666667 0.41759259259259257 0.546875 0.4166666666666667 0.55 0.42407407407407405 0.5463541666666667 0.462037037037037 0.5421875 0.46296296296296297 0.5401041666666667 0.45185185185185184 0.5432291666666667 0.4185185185185185
1 0.15416666666666667 0.2175925925925926 0.16458333333333333 0.24722222222222223 0.16354166666666667 0.25092592592592594 0.1578125 0.25462962962962965 0.15416666666666667 0.2462962962962963 0.15052083333333333 0.22685185185185186 0.15104166666666666 0.21944444444444444 0.15364583333333334 0.2175925925925926
1 0.4083333333333333 0.5740740740740741 0.41458333333333336 0.5787037037037037 0.4171875 0.5851851851851851 0.41458333333333336 0.600925925925926 0.4161458333333333 0.6129629629629629 0.4114583333333333 0.6203703703703703 0.4078125 0.6194444444444445 0.403125 0.5898148148148148 0.4041666666666667 0.575925925925926 0.4078125 0.5740740740740741
1 0.4875 0.7305555555555555 0.49114583333333334 0.7333333333333333 0.4942708333333333 0.7407407407407407 0.496875 0.7583333333333333 0.4953125 0.7638888888888888 0.4895833333333333 0.7703703703703704 0.48385416666666664 0.7842592592592592 0.48072916666666665 0.7861111111111111 0.48072916666666665 0.7481481481481481 0.48385416666666664 0.7342592592592593 0.4869791666666667 0.7314814814814815
1 0.20989583333333334 0.18888888888888888 0.21302083333333333 0.18981481481481483 0.215625 0.19722222222222222 0.21770833333333334 0.20925925925925926 0.2171875 0.22037037037037038 0.2078125 0.2111111111111111 0.20677083333333332 0.19907407407407407 0.209375 0.18981481481481483
1 0.3572916666666667 0.7194444444444444 0.36302083333333335 0.725925925925926 0.36822916666666666 0.7388888888888889 0.36822916666666666 0.7638888888888888 0.36614583333333334 0.7703703703703704 0.36302083333333335 0.7694444444444445 0.359375 0.7620370370370371 0.3541666666666667 0.7453703703703703 0.35260416666666666 0.7305555555555555 0.3546875 0.7203703703703703 0.3567708333333333 0.7194444444444444
1 0.546875 0.3490740740740741 0.5505208333333333 0.362962962962963 0.546875 0.37962962962962965 0.5458333333333333 0.3972222222222222 0.5432291666666667 0.40370370370370373 0.5411458333333333 0.3972222222222222 0.5390625 0.36203703703703705 0.5432291666666667 0.3509259259259259 0.5463541666666667 0.3490740740740741
1 0.14791666666666667 0.2361111111111111 0.15364583333333334 0.24537037037037038 0.15520833333333334 0.25833333333333336 0.15989583333333332 0.26851851851851855 0.15729166666666666 0.2712962962962963 0.15416666666666667 0.26481481481481484 0.15208333333333332 0.26851851851851855 0.15364583333333334 0.275 0.15104166666666666 0.27685185185185185 0.14947916666666666 0.2638888888888889 0.14427083333333332 0.2462962962962963 0.14479166666666668 0.23703703703703705 0.14739583333333334 0.2361111111111111
1 0.634375 0.9851851851851852 0.640625 0.9935185185185185 0.6401041666666667 0.9990740740740741 0.6239583333333333 0.9990740740740741 0.625 0.9842592592592593 0.6338541666666667 0.9851851851851852
1 0.45364583333333336 0.30694444444444446 0.010416666666666666 0.04537037037037037
1 0.10572916666666667 0.26296296296296295 0.11458333333333333 0.2759259259259259 0.11510416666666666 0.2861111111111111 0.11979166666666667 0.2953703703703704 0.115625 0.2935185185185185 0.1140625 0.2953703703703704 0.1140625 0.3037037037037037 0.109375 0.3037037037037037 0.1046875 0.27870370370370373 0.10520833333333333 0.2638888888888889
1 0.16510416666666666 0.23055555555555557 0.16822916666666668 0.23055555555555557 0.17135416666666667 0.23703703703703705 0.17916666666666667 0.2611111111111111 0.17864583333333334 0.26666666666666666 0.175 0.26296296296296295 0.17291666666666666 0.26851851851851855 0.16822916666666668 0.2712962962962963 0.16875 0.25462962962962965 0.16510416666666666 0.23148148148148148
1 0.36770833333333336 0.6685185185185185 0.3729166666666667 0.674074074074074 0.375 0.6842592592592592 0.3796875 0.6925925925925925 0.3723958333333333 0.7046296296296296 0.3697916666666667 0.7166666666666667 0.3651041666666667 0.7055555555555556 0.3609375 0.6861111111111111 0.3625 0.6685185185185185 0.3671875 0.6685185185185185
1 0.6125 0.225 0.6171875 0.22685185185185186 0.6171875 0.23703703703703705 0.6125 0.2675925925925926 0.609375 0.26481481481481484 0.6088541666666667 0.2564814814814815 0.609375 0.2361111111111111 0.6125 0.22592592592592592
1 0.6161458333333333 0.3712962962962963 0.621875 0.387037037037037 0.6177083333333333 0.40185185185185185 0.615625 0.42314814814814816 0.6125 0.4222222222222222 0.6088541666666667 0.41574074074074074 0.609375 0.39351851851851855 0.6135416666666667 0.3731481481481482 0.615625 0.3712962962962963
1 0.8973958333333333 0.6407407407407407 0.9020833333333333 0.65 0.9010416666666666 0.6592592592592592 0.8869791666666667 0.6953703703703704 0.8807291666666667 0.6925925925925925 0.8755208333333333 0.6824074074074075 0.8885416666666667 0.6509259259259259 0.8932291666666666 0.6425925925925926 0.896875 0.6407407407407407
1 0.27760416666666665 0.125 0.28229166666666666 0.14629629629629629 0.2786458333333333 0.15833333333333333 0.275 0.15648148148148147 0.27395833333333336 0.13796296296296295 0.27395833333333336 0.1287037037037037 0.27708333333333335 0.125
1 0.2671875 0.8722222222222222 0.2765625 0.8796296296296297 0.2765625 0.8870370370370371 0.28020833333333334 0.8962962962962963 0.2791666666666667 0.9046296296296297 0.26927083333333335 0.9268518518518518 0.2598958333333333 0.8916666666666667 0.253125 0.887962962962963 0.25416666666666665 0.875 0.25625 0.8703703703703703 0.2625 0.8685185185185185 0.26666666666666666 0.8722222222222222
1 0.5401041666666667 0.41388888888888886 0.5432291666666667 0.41759259259259257 0.54375 0.42314814814814816 0.5395833333333333 0.4564814814814815 0.5359375 0.4527777777777778 0.534375 0.44166666666666665 0.534375 0.42407407407407405 0.5395833333333333 0.41388888888888886
1 0.5291666666666667 0.44722222222222224 0.5328125 0.44722222222222224 0.5375 0.4601851851851852 0.5328125 0.5027777777777778 0.5291666666666667 0.5027777777777778 0.525 0.46574074074074073 0.525 0.45925925925925926 0.5291666666666667 0.44814814814814813
1 0.31197916666666664 0.09722222222222222 0.31614583333333335 0.10925925925925926 0.31614583333333335 0.1259259259259259 0.3140625 0.12777777777777777 0.3109375 0.12685185185185185 0.3109375 0.11851851851851852 0.3072916666666667 0.11018518518518519 0.30833333333333335 0.09907407407407408 0.31145833333333334 0.09722222222222222
1 0.8552083333333333 0.5527777777777778 0.859375 0.5527777777777778 0.8604166666666667 0.5555555555555556 0.8588541666666667 0.5861111111111111 0.8411458333333334 0.6037037037037037 0.8322916666666667 0.6018518518518519 0.8395833333333333 0.5907407407407408 0.8552083333333333 0.5537037037037037
1 0.5088541666666667 0.5861111111111111 0.5140625 0.6018518518518519 0.5151041666666667 0.6111111111111112 0.5109375 0.6351851851851852 0.5067708333333333 0.6444444444444445 0.5052083333333334 0.6444444444444445 0.5052083333333334 0.6268518518518519 0.5020833333333333 0.600925925925926 0.5052083333333334 0.5888888888888889 0.5083333333333333 0.5861111111111111
1 0.5161458333333333 0.36018518518518516 0.5197916666666667 0.3648148148148148 0.5213541666666667 0.37777777777777777 0.5151041666666667 0.4064814814814815 0.5119791666666667 0.4046296296296296 0.5114583333333333 0.3851851851851852 0.5083333333333333 0.3731481481481482 0.5114583333333333 0.362962962962963 0.515625 0.36018518518518516
1 0.3 0.1 0.3020833333333333 0.11388888888888889 0.30052083333333335 0.12962962962962962 0.29739583333333336 0.12777777777777777 0.2942708333333333 0.10925925925925926 0.296875 0.10092592592592593 0.2994791666666667 0.10092592592592593
1 0.44583333333333336 0.7046296296296296 0.4510416666666667 0.7101851851851851 0.45416666666666666 0.7314814814814815 0.453125 0.7416666666666667 0.44635416666666666 0.7435185185185185 0.44114583333333335 0.7611111111111111 0.4390625 0.7638888888888888 0.4375 0.7620370370370371 0.43802083333333336 0.7305555555555555 0.4348958333333333 0.7166666666666667 0.43802083333333336 0.7092592592592593 0.4453125 0.7055555555555556
1 0.5984375 0.1648148148148148 0.6020833333333333 0.1787037037037037 0.5984375 0.19814814814814816 0.5953125 0.20092592592592592 0.59375 0.19907407407407407 0.59375 0.17592592592592593 0.5958333333333333 0.16666666666666666 0.5979166666666667 0.1648148148148148
1 0.13177083333333334 0.2101851851851852 0.13697916666666668 0.2222222222222222 0.13854166666666667 0.23333333333333334 0.1375 0.24166666666666667 0.134375 0.24351851851851852 0.12916666666666668 0.23981481481481481 0.1265625 0.225 0.12864583333333332 0.2101851851851852 0.13125 0.2101851851851852
1 0.5130208333333334 0.4444444444444444 0.5192708333333333 0.46296296296296297 0.5161458333333333 0.47129629629629627 0.5119791666666667 0.49907407407407406 0.5088541666666667 0.4981481481481482 0.5098958333333333 0.47685185185185186 0.5052083333333334 0.45925925925925926 0.5088541666666667 0.4462962962962963 0.5125 0.4444444444444444
1 0.578125 0.24722222222222223 0.58125 0.25 0.5833333333333334 0.25833333333333336 0.58125 0.275 0.5739583333333333 0.26851851851851855 0.5744791666666667 0.25833333333333336 0.5776041666666667 0.24814814814814815
1 0.49114583333333334 0.7851851851851852 0.49635416666666665 0.7898148148148149 0.49895833333333334 0.7962962962962963 0.5005208333333333 0.8111111111111111 0.49947916666666664 0.8203703703703704 0.49270833333333336 0.8361111111111111 0.490625 0.85 0.48854166666666665 0.8537037037037037 0.4864583333333333 0.8527777777777777 0.4901041666666667 0.8203703703703704 0.4875 0.8138888888888889 0.48333333333333334 0.8157407407407408 0.484375 0.799074074074074 0.490625 0.7861111111111111
1 0.56875 0.20277777777777778 0.571875 0.18888888888888888 0.5744791666666667 0.18703703703703703 0.5770833333333333 0.20555555555555555 0.5739583333333333 0.22685185185185186 0.5703125 0.22962962962962963 0.5692708333333333 0.2037037037037037
1 0.3296875 0.7379629629629629 0.33958333333333335 0.7583333333333333 0.33645833333333336 0.7685185185185185 0.340625 0.775 0.340625 0.7861111111111111 0.33541666666666664 0.7944444444444444 0.33125 0.7722222222222223 0.3234375 0.7555555555555555 0.32447916666666665 0.7388888888888889 0.32916666666666666 0.7379629629629629
1 0.5848958333333333 0.2574074074074074 0.5880208333333333 0.25833333333333336 0.5895833333333333 0.2657407407407407 0.5880208333333333 0.2898148148148148 0.5848958333333333 0.287962962962963 0.5817708333333333 0.2740740740740741 0.584375 0.25833333333333336
1 0.64375 0.35833333333333334 0.6458333333333334 0.362962962962963 0.64375 0.4111111111111111 0.6354166666666666 0.40185185185185185 0.6359375 0.37222222222222223 0.640625 0.3592592592592593 0.6432291666666666 0.35833333333333334