0 0.49583333333333335 0.6092592592592593 0.5421875 0.6333333333333333 0.5651041666666666 0.6574074074074074 0.56875 0.6768518518518518 0.5671875 0.6953703703703704 0.5604166666666667 0.7138888888888889 0.5479166666666667 0.7240740740740741 0.5421875 0.7240740740740741 0.5307291666666667 0.7111111111111111 0.4979166666666667 0.6935185185185185 0.49114583333333334 0.6907407407407408 0.47760416666666666 0.6925925925925925 0.46510416666666665 0.675 0.4635416666666667 0.6685185185185185 0.46510416666666665 0.6435185185185185 0.4734375 0.6129629629629629 0.4796875 0.6064814814814815 0.4953125 0.6092592592592593
0 0.5479166666666667 0.2935185185185185 0.5572916666666666 0.29907407407407405 0.5625 0.3101851851851852 0.5744791666666667 0.3574074074074074 0.5760416666666667 0.36944444444444446 0.575 0.38333333333333336 0.5708333333333333 0.38796296296296295 0.5635416666666667 0.38981481481481484 0.55 0.38796296296296295 0.5463541666666667 0.38425925925925924 0.5359375 0.35185185185185186 0.5328125 0.3277777777777778 0.5338541666666666 0.3101851851851852 0.5401041666666667 0.2962962962962963 0.5473958333333333 0.2935185185185185
0 0.75625 0.7611111111111111 0.8359375 0.7953703703703704 0.8734375 0.8148148148148148 0.8833333333333333 0.8166666666666667 0.8911458333333333 0.8222222222222222 0.9010416666666666 0.8481481481481481 0.9098958333333333 0.8435185185185186 0.9177083333333333 0.8481481481481481 0.9291666666666667 0.8731481481481481 0.9385416666666667 0.9120370370370371 0.94375 0.9462962962962963 0.9442708333333333 0.9638888888888889 0.9416666666666667 0.9768518518518519 0.9369791666666667 0.987037037037037 0.9369791666666667 0.9990740740740741 0.9109375 0.9990740740740741 0.9078125 0.9953703703703703 0.8619791666666666 0.9953703703703703 0.8520833333333333 0.9916666666666667 0.8489583333333334 0.9851851851851852 0.8348958333333333 0.9824074074074074 0.8234375 0.9740740740740741 0.8213541666666667 0.9685185185185186 0.8182291666666667 0.9685185185185186 0.7979166666666667 0.950925925925926 0.7875 0.9592592592592593 0.7765625 0.9583333333333334 0.7614583333333333 0.9435185185185185 0.7598958333333333 0.9324074074074075 0.7567708333333333 0.9277777777777778 0.7411458333333333 0.9212962962962963 0.7307291666666667 0.9222222222222223 0.7286458333333333 0.9175925925925926 0.7296875 0.8712962962962963 0.728125 0.8425925925925926 0.7302083333333333 0.8222222222222222 0.7447916666666666 0.775 0.7447916666666666 0.7620370370370371 0.7557291666666667 0.7611111111111111
0 0.051041666666666666 0.4537037037037037 0.06302083333333333 0.46296296296296297 0.0640625 0.4842592592592593 0.06197916666666667 0.4898148148148148 0.05677083333333333 0.4962962962962963 0.041666666666666664 0.5018518518518519 0.015104166666666667 0.5314814814814814 0.008333333333333333 0.5453703703703704 0.0015625 0.5518518518518518 0 0.5518518518518518 0 0.45925925925925926 0.013020833333333334 0.4583333333333333 0.022395833333333334 0.4638888888888889 0.0359375 0.45185185185185184 0.050520833333333334 0.4537037037037037
0 0.46875 0.24074074074074073 0.4744791666666667 0.2564814814814815 0.4744791666666667 0.27870370370370373 0.4703125 0.287962962962963 0.46822916666666664 0.30648148148148147 0.465625 0.3101851851851852 0.46041666666666664 0.3111111111111111 0.44895833333333335 0.3101851851851852 0.4432291666666667 0.30648148148148147 0.44166666666666665 0.3037037037037037 0.4421875 0.2898148148148148 0.44583333333333336 0.2657407407407407 0.45260416666666664 0.2462962962962963 0.4578125 0.23981481481481481 0.46822916666666664 0.24074074074074073
0 0.5052083333333334 0.35555555555555557 0.5119791666666667 0.36574074074074076 0.5177083333333333 0.3907407407407407 0.5208333333333334 0.4 0.525 0.4046296296296296 0.5234375 0.4148148148148148 0.5265625 0.4305555555555556 0.5265625 0.4462962962962963 0.5239583333333333 0.4527777777777778 0.5067708333333333 0.45740740740740743 0.4979166666666667 0.4546296296296296 0.49322916666666666 0.4462962962962963 0.49270833333333336 0.43333333333333335 0.48333333333333334 0.40555555555555556 0.48125 0.387037037037037 0.4817708333333333 0.375 0.4859375 0.3611111111111111 0.49270833333333336 0.35648148148148145 0.5046875 0.35555555555555557
0 0.80625 0.6675925925925926 0.8505208333333333 0.6944444444444444 0.896875 0.7472222222222222 0.903125 0.7611111111111111 0.9046875 0.787962962962963 0.9010416666666666 0.8046296296296296 0.8979166666666667 0.8111111111111111 0.8921875 0.8157407407407408 0.8651041666666667 0.8074074074074075 0.8208333333333333 0.775 0.8046875 0.7611111111111111 0.7958333333333333 0.7361111111111112 0.7765625 0.7268518518518519 0.7755208333333333 0.7111111111111111 0.7822916666666667 0.6814814814814815 0.7890625 0.6712962962962963 0.8005208333333333 0.6666666666666666 0.8057291666666667 0.6675925925925926
0 0.42083333333333334 0.30092592592592593 0.42864583333333334 0.3101851851851852 0.4317708333333333 0.32407407407407407 0.4322916666666667 0.3416666666666667 0.43125 0.3453703703703704 0.41302083333333334 0.36018518518518516 0.4078125 0.37037037037037035 0.4041666666666667 0.36666666666666664 0.4015625 0.3509259259259259 0.4010416666666667 0.32407407407407407 0.4109375 0.30462962962962964 0.4203125 0.30092592592592593
0 0.08229166666666667 0.28888888888888886 0.08489583333333334 0.31296296296296294 0.07447916666666667 0.3212962962962963 0.057291666666666664 0.3212962962962963 0.05364583333333333 0.3138888888888889 0.05364583333333333 0.30925925925925923 0.058333333333333334 0.3 0.07083333333333333 0.2953703703703704 0.07708333333333334 0.28888888888888886 0.08177083333333333 0.28888888888888886
0 0.9901041666666667 0.6731481481481482 0.9994791666666667 0.6777777777777778 0.9994791666666667 0.7509259259259259 0.9947916666666666 0.7546296296296297 0.9786458333333333 0.7574074074074074 0.9666666666666667 0.7546296296296297 0.9526041666666667 0.7268518518518519 0.9484375 0.7046296296296296 0.9479166666666666 0.6907407407407408 0.9515625 0.6805555555555556 0.9625 0.6694444444444444 0.9776041666666667 0.6685185185185185 0.9895833333333334 0.6731481481481482
0 0.45416666666666666 0.7194444444444444 0.4984375 0.7287037037037037 0.5015625 0.7305555555555555 0.5098958333333333 0.7462962962962963 0.5270833333333333 0.7509259259259259 0.5385416666666667 0.7583333333333333 0.5411458333333333 0.7657407407407407 0.5421875 0.7796296296296297 0.5401041666666667 0.8268518518518518 0.5380208333333333 0.8342592592592593 0.5296875 0.8444444444444444 0.5192708333333333 0.8416666666666667 0.5088541666666667 0.8314814814814815 0.49375 0.8314814814814815 0.46875 0.825 0.4515625 0.8296296296296296 0.4390625 0.8148148148148148 0.4322916666666667 0.812962962962963 0.43072916666666666 0.8092592592592592 0.43072916666666666 0.7935185185185185 0.42552083333333335 0.7842592592592592 0.4276041666666667 0.7611111111111111 0.43072916666666666 0.7537037037037037 0.4359375 0.7509259259259259 0.4421875 0.7185185185185186 0.45364583333333336 0.7194444444444444
0 0.21041666666666667 0.5064814814814815 0.24427083333333333 0.525 0.2526041666666667 0.5361111111111111 0.25885416666666666 0.5537037037037037 0.2765625 0.6342592592592593 0.27760416666666665 0.6444444444444445 0.2760416666666667 0.6546296296296297 0.2552083333333333 0.6944444444444444 0.2546875 0.6990740740740741 0.2453125 0.7129629629629629 0.23385416666666667 0.7435185185185185 0.22291666666666668 0.7555555555555555 0.21666666666666667 0.7703703703703704 0.18541666666666667 0.8240740740740741 0.175 0.8324074074074074 0.16875 0.8296296296296296 0.1640625 0.8314814814814815 0.16927083333333334 0.837037037037037 0.17083333333333334 0.8453703703703703 0.1671875 0.862037037037037 0.15677083333333333 0.8759259259259259 0.15729166666666666 0.887962962962963 0.1625 0.8898148148148148 0.15625 0.8907407407407407 0.14791666666666667 0.9009259259259259 0.14270833333333333 0.9 0.13854166666666667 0.9074074074074074 0.13489583333333333 0.925 0.1234375 0.9453703703703704 0.11614583333333334 0.9527777777777777 0.1140625 0.9601851851851851 0.10520833333333333 0.9657407407407408 0.09895833333333333 0.9740740740740741 0.0859375 0.9666666666666667 0.08802083333333334 0.95 0.090625 0.9444444444444444 0.090625 0.9407407407407408 0.08802083333333334 0.9388888888888889 0.09270833333333334 0.9361111111111111 0.09270833333333334 0.9287037037037037 0.08697916666666666 0.925 0.08645833333333333 0.9138888888888889 0.08489583333333334 0.9120370370370371 0.07864583333333333 0.912962962962963 0.07708333333333334 0.9203703703703704 0.07395833333333333 0.9212962962962963 0.0796875 0.925 0.06770833333333333 0.925 0.065625 0.9277777777777778 0.06614583333333333 0.9314814814814815 0.06145833333333333 0.9342592592592592 0.06145833333333333 0.9388888888888889 0.059375 0.9407407407407408 0.0328125 0.9398148148148148 0.03177083333333333 0.9425925925925925 0.0359375 0.950925925925926 0.06041666666666667 0.9462962962962963 0.07447916666666667 0.9518518518518518 0.07395833333333333 0.9564814814814815 0.07760416666666667 0.9583333333333334 0.078125 0.9629629629629629 0.08177083333333333 0.9666666666666667 0.0734375 0.9768518518518519 0.08177083333333333 0.9805555555555555 0.07864583333333333 0.9842592592592593 0.08333333333333333 0.9944444444444445 0.08125 0.9972222222222222 0.06458333333333334 0.9944444444444445 0.0609375 0.9925925925925926 0.05364583333333333 0.9796296296296296 0.04583333333333333 0.9805555555555555 0.040625 0.9731481481481481 0.043229166666666666 0.9731481481481481 0.044270833333333336 0.9685185185185186 0.03958333333333333 0.962037037037037 0.0359375 0.9675925925925926 0.027083333333333334 0.9648148148148148 0.021875 0.9666666666666667 0.024479166666666666 0.9638888888888889 0.022395833333333334 0.9592592592592593 0.01875 0.9574074074074074 0.0026041666666666665 0.9342592592592592 0.0020833333333333333 0.9212962962962963 0.004166666666666667 0.9166666666666666 0.0026041666666666665 0.9092592592592592 0 0.9064814814814814 0 0.8564814814814815 0.0026041666666666665 0.8555555555555555 0.0020833333333333333 0.850925925925926 0 0.85 0 0.8407407407407408 0.003125 0.8342592592592593 0.0026041666666666665 0.8296296296296296 0 0.8277777777777777 0 0.7592592592592593 0.023958333333333335 0.7379629629629629 0.027604166666666666 0.725925925925926 0.033854166666666664 0.7203703703703703 0.05625 0.6861111111111111 0.065625 0.6777777777777778 0.08072916666666667 0.6546296296296297 0.10677083333333333 0.6222222222222222 0.11354166666666667 0.6092592592592593 0.1203125 0.6037037037037037 0.1765625 0.5287037037037037 0.19895833333333332 0.5083333333333333 0.20989583333333334 0.5064814814814815
0 0.259375 0.2324074074074074 0.271875 0.23703703703703705 0.27447916666666666 0.24166666666666667 0.275 0.25092592592592594 0.271875 0.25833333333333336 0.2640625 0.26296296296296295 0.2515625 0.27870370370370373 0.23541666666666666 0.2722222222222222 0.23072916666666668 0.262037037037037 0.23072916666666668 0.25 0.23385416666666667 0.24074074074074073 0.24166666666666667 0.23425925925925925 0.25104166666666666 0.23055555555555557 0.25885416666666666 0.2324074074074074
0 0.7614583333333333 0.4064814814814815 0.76875 0.4148148148148148 0.771875 0.43425925925925923 0.7708333333333334 0.43796296296296294 0.7442708333333333 0.4287037037037037 0.74375 0.43148148148148147 0.7765625 0.45925925925925926 0.7802083333333333 0.5018518518518519 0.7755208333333333 0.512962962962963 0.7708333333333334 0.5166666666666667 0.7526041666666666 0.5120370370370371 0.7427083333333333 0.5027777777777778 0.740625 0.46296296296296297 0.7369791666666666 0.44907407407407407 0.7375 0.43796296296296294 0.7411458333333333 0.4287037037037037 0.7395833333333334 0.4212962962962963 0.7411458333333333 0.41203703703703703 0.746875 0.4064814814814815 0.7609375 0.4064814814814815
0 0.5953125 0.018518518518518517 0.6010416666666667 0.020370370370370372 0.6036458333333333 0.025925925925925925 0.6036458333333333 0.06018518518518518 0.6 0.08148148148148149 0.59375 0.08518518518518518 0.5848958333333333 0.08518518518518518 0.5802083333333333 0.07777777777777778 0.5833333333333334 0.03888888888888889 0.5859375 0.025925925925925925 0.5885416666666666 0.020370370370370372 0.5947916666666667 0.019444444444444445
0 0.6182291666666667 0.6268518518518519 0.6401041666666667 0.6435185185185185 0.671875 0.6787037037037037 0.6958333333333333 0.7194444444444444 0.6984375 0.7296296296296296 0.6973958333333333 0.7527777777777778 0.6880208333333333 0.7759259259259259 0.6817708333333333 0.7796296296296297 0.6609375 0.7712962962962963 0.64375 0.7425925925925926 0.6161458333333333 0.7083333333333334 0.6078125 0.7064814814814815 0.6020833333333333 0.6953703703703704 0.5942708333333333 0.6759259259259259 0.5947916666666667 0.6583333333333333 0.5984375 0.6453703703703704 0.60625 0.6324074074074074 0.6119791666666666 0.6268518518518519 0.6177083333333333 0.6268518518518519
0 0.5223958333333333 0.2814814814814815 0.5182291666666666 0.2777777777777778 0.509375 0.2953703703703704 0.4942708333333333 0.28888888888888886 0.49375 0.2777777777777778 0.496875 0.2574074074074074 0.5067708333333333 0.2351851851851852 0.5140625 0.22592592592592592 0.525 0.22962962962962963 0.5276041666666667 0.23425925925925925 0.5276041666666667 0.26296296296296295 0.5229166666666667 0.28055555555555556
0 0.6802083333333333 0.575 0.6890625 0.5805555555555556 0.7098958333333333 0.6101851851851852 0.7119791666666667 0.6370370370370371 0.7078125 0.6527777777777778 0.7083333333333334 0.662962962962963 0.70625 0.6685185185185185 0.6572916666666667 0.6342592592592593 0.6567708333333333 0.612037037037037 0.6640625 0.5879629629629629 0.6744791666666666 0.5740740740740741 0.6796875 0.575
0 0.3567708333333333 0.8268518518518518 0.3614583333333333 0.837037037037037 0.37604166666666666 0.8453703703703703 0.37864583333333335 0.8527777777777777 0.378125 0.8583333333333333 0.34427083333333336 0.8861111111111111 0.33177083333333335 0.8925925925925926 0.32760416666666664 0.8916666666666667 0.32135416666666666 0.8824074074074074 0.32083333333333336 0.8768518518518519 0.32395833333333335 0.8666666666666667 0.3375 0.8546296296296296 0.3380208333333333 0.8379629629629629 0.3484375 0.8287037037037037 0.35625 0.8268518518518518
1 0.46979166666666666 0.6074074074074074 0.46979166666666666 0.5601851851851852 0.47291666666666665 0.5509259259259259 0.47604166666666664 0.5537037037037037 0.4796875 0.5638888888888889 0.48125 0.5925925925925926 0.4765625 0.5925925925925926 0.4739583333333333 0.5888888888888889 0.4734375 0.6055555555555555 0.4703125 0.6074074074074074
1 0.1125 0.3388888888888889 0.115625 0.3388888888888889 0.12291666666666666 0.35 0.12291666666666666 0.3638888888888889 0.12552083333333333 0.3712962962962963 0.12291666666666666 0.37777777777777777 0.11875 0.375 0.11770833333333333 0.3611111111111111 0.1125 0.3490740740740741 0.1125 0.3398148148148148
1 0.12708333333333333 0.3074074074074074 0.13072916666666667 0.3138888888888889 0.13177083333333334 0.32407407407407407 0.13489583333333333 0.33240740740740743 0.1265625 0.3398148148148148 0.121875 0.3175925925925926 0.12239583333333333 0.30925925925925923 0.1265625 0.3074074074074074
1 0.6015625 0.24814814814814815 0.6020833333333333 0.2675925925925926 0.5989583333333334 0.28055555555555556 0.5953125 0.2759259259259259 0.5942708333333333 0.25462962962962965 0.5984375 0.24444444444444444 0.6010416666666667 0.24814814814814815
1 0.428125 0.6111111111111112 0.43385416666666665 0.625 0.43333333333333335 0.6509259259259259 0.4317708333333333 0.6601851851851852 0.42916666666666664 0.6620370370370371 0.4234375 0.65 0.42135416666666664 0.6361111111111111 0.42291666666666666 0.6129629629629629 0.4244791666666667 0.6101851851851852 0.4276041666666667 0.6111111111111112
1 0.059895833333333336 0.36574074074074076 0.0578125 0.35462962962962963 0.05364583333333333 0.3453703703703704 0.05364583333333333 0.33796296296296297 0.05677083333333333 0.33055555555555555 0.0609375 0.3314814814814815 0.0671875 0.3453703703703704 0.07083333333333333 0.3685185185185185 0.06666666666666667 0.3712962962962963 0.06041666666666667 0.36574074074074076
1 0.70625 0.5055555555555555 0.7083333333333334 0.5185185185185185 0.703125 0.5259259259259259 0.7010416666666667 0.5435185185185185 0.6979166666666666 0.5481481481481482 0.6947916666666667 0.5481481481481482 0.6947916666666667 0.5425925925925926 0.6901041666666666 0.5370370370370371 0.6942708333333333 0.5324074074074074 0.6958333333333333 0.525 0.6958333333333333 0.512962962962963 0.69375 0.5083333333333333 0.6958333333333333 0.5064814814814815 0.6979166666666666 0.49444444444444446 0.7015625 0.49444444444444446 0.7057291666666666 0.5055555555555555
1 0.6739583333333333 0.2712962962962963 0.6786458333333333 0.26851851851851855 0.6807291666666667 0.27870370370370373 0.6786458333333333 0.30277777777777776 0.675 0.30833333333333335 0.6729166666666667 0.28425925925925927 0.6739583333333333 0.2722222222222222
1 0.36614583333333334 0.6018518518518519 0.3723958333333333 0.6129629629629629 0.37395833333333334 0.6240740740740741 0.37395833333333334 0.6435185185185185 0.3692708333333333 0.6574074074074074 0.36614583333333334 0.6574074074074074 0.3645833333333333 0.6527777777777778 0.3640625 0.6305555555555555 0.3609375 0.6222222222222222 0.3625 0.6046296296296296 0.365625 0.6018518518518519
1 0.6130208333333333 0.25925925925925924 0.6166666666666667 0.262037037037037 0.6161458333333333 0.2935185185185185 0.6119791666666666 0.29814814814814816 0.6088541666666667 0.28703703703703703 0.609375 0.27314814814814814 0.6125 0.2601851851851852
1 0.10364583333333334 0.3435185185185185 0.10989583333333333 0.3537037037037037 0.11510416666666666 0.375 0.1125 0.3814814814814815 0.10989583333333333 0.3824074074074074 0.1 0.3574074074074074 0.1 0.34629629629629627 0.103125 0.3435185185185185
1 0.0609375 0.3675925925925926 0.06875 0.375 0.07395833333333333 0.39351851851851855 0.07395833333333333 0.4 0.06927083333333334 0.40925925925925927 0.06614583333333333 0.4074074074074074 0.05677083333333333 0.37777777777777777 0.05677083333333333 0.37037037037037035 0.06041666666666667 0.3675925925925926
1 0.8661458333333333 0.6240740740740741 0.8661458333333333 0.6509259259259259 0.8619791666666666 0.6620370370370371 0.8520833333333333 0.6759259259259259 0.8463541666666666 0.675 0.8453125 0.6722222222222223 0.85 0.6638888888888889 0.8489583333333334 0.6472222222222223 0.8619791666666666 0.6240740740740741 0.865625 0.6240740740740741
1 0.8239583333333333 0.4935185185185185 0.8291666666666667 0.4935185185185185 0.8322916666666667 0.4981481481481482 0.825 0.5203703703703704 0.825 0.5287037037037037 0.8223958333333333 0.5324074074074074 0.8182291666666667 0.5324074074074074 0.8161458333333333 0.525 0.8239583333333333 0.49444444444444446
1 0.18229166666666666 0.23981481481481481 0.18541666666666667 0.24722222222222223 0.18541666666666667 0.27037037037037037 0.175 0.24814814814814815 0.17604166666666668 0.23981481481481481 0.18177083333333333 0.23981481481481481
1 0.16822916666666668 0.2324074074074074 0.1734375 0.24074074074074073 0.175 0.26666666666666666 0.17135416666666667 0.26666666666666666 0.16510416666666666 0.24444444444444444 0.16510416666666666 0.23703703703703705 0.16770833333333332 0.23333333333333334
1 0.9489583333333333 0.6240740740740741 0.9505208333333334 0.6277777777777778 0.9494791666666667 0.649074074074074 0.9390625 0.6731481481481482 0.9359375 0.6712962962962963 0.9354166666666667 0.6648148148148149 0.9322916666666666 0.6592592592592592 0.928125 0.662962962962963 0.9255208333333333 0.6601851851851852 0.9447916666666667 0.625 0.9484375 0.6240740740740741
1 0.29322916666666665 0.8824074074074074 0.296875 0.8814814814814815 0.3 0.887962962962963 0.3067708333333333 0.8916666666666667 0.30885416666666665 0.9138888888888889 0.3125 0.9277777777777778 0.31197916666666664 0.9324074074074075 0.3067708333333333 0.9324074074074075 0.30416666666666664 0.9416666666666667 0.3 0.9407407407407408 0.296875 0.9351851851851852 0.29270833333333335 0.912962962962963 0.29322916666666665 0.8833333333333333
1 0.046875 0.3398148148148148 0.05625 0.3611111111111111 0.05364583333333333 0.37407407407407406 0.04739583333333333 0.37222222222222223 0.04479166666666667 0.3638888888888889 0.042708333333333334 0.3472222222222222 0.043229166666666666 0.34074074074074073 0.04635416666666667 0.3398148148148148
1 0.4901041666666667 0.5527777777777778 0.011458333333333333 0.04814814814814815
1 0.165625 0.9388888888888889 0.17447916666666666 0.9490740740740741 0.18177083333333333 0.9638888888888889 0.18385416666666668 0.9805555555555555 0.18229166666666666 0.9879629629629629 0.17916666666666667 0.9916666666666667 0.16354166666666667 0.9805555555555555 0.15729166666666666 0.9629629629629629 0.159375 0.9398148148148148 0.16145833333333334 0.937037037037037 0.16510416666666666 0.9388888888888889
1 0.26197916666666665 0.19074074074074074 0.2682291666666667 0.22407407407407406 0.26197916666666665 0.225 0.25625 0.2074074074074074 0.25677083333333334 0.1962962962962963 0.26145833333333335 0.19166666666666668
1 0.24479166666666666 0.7981481481481482 0.24791666666666667 0.7962962962962963 0.25 0.8 0.259375 0.8472222222222222 0.25833333333333336 0.850925925925926 0.2484375 0.8324074074074074 0.24375 0.812037037037037 0.24479166666666666 0.799074074074074
1 0.44583333333333336 0.5472222222222223 0.44895833333333335 0.5472222222222223 0.4546875 0.562962962962963 0.4473958333333333 0.5851851851851851 0.44635416666666666 0.5972222222222222 0.44583333333333336 0.575925925925926 0.4432291666666667 0.562037037037037 0.4432291666666667 0.5555555555555556 0.44583333333333336 0.5481481481481482
1 0.15052083333333333 0.287962962962963 0.15885416666666666 0.30092592592592593 0.1578125 0.3074074074074074 0.16145833333333334 0.32037037037037036 0.1578125 0.31851851851851853 0.15416666666666667 0.32592592592592595 0.15260416666666668 0.325 0.14791666666666667 0.29814814814814816 0.14791666666666667 0.2898148148148148 0.15 0.28888888888888886
1 0.25885416666666666 0.8055555555555556 0.2703125 0.825 0.27708333333333335 0.8444444444444444 0.2760416666666667 0.85 0.2713541666666667 0.8537037037037037 0.26875 0.8648148148148148 0.26614583333333336 0.8666666666666667 0.2640625 0.8574074074074074 0.2578125 0.8481481481481481 0.25625 0.8296296296296296 0.25104166666666666 0.8148148148148148 0.2515625 0.8074074074074075 0.25416666666666665 0.8027777777777778 0.25833333333333336 0.8055555555555556
1 0.7442708333333333 0.9518518518518518 0.746875 0.9564814814814815 0.7484375 0.9685185185185186 0.7447916666666666 0.9944444444444445 0.7411458333333333 0.9990740740740741 0.7307291666666667 0.9990740740740741 0.7244791666666667 0.9907407407407407 0.7291666666666666 0.9879629629629629 0.7276041666666667 0.9805555555555555 0.7348958333333333 0.9611111111111111 0.7411458333333333 0.9527777777777777 0.74375 0.9527777777777777
1 0.05260416666666667 0.37407407407407406 0.06510416666666667 0.4027777777777778 0.06458333333333334 0.4074074074074074 0.057291666666666664 0.40370370370370373 0.05677083333333333 0.4111111111111111 0.0546875 0.41388888888888886 0.046875 0.387037037037037 0.04739583333333333 0.375 0.052083333333333336 0.37407407407407406
1 0.58125 0.3101851851851852 0.5833333333333334 0.32592592592592595 0.5776041666666667 0.35 0.5744791666666667 0.3398148148148148 0.5739583333333333 0.32592592592592595 0.5760416666666667 0.31203703703703706 0.5807291666666666 0.3101851851851852
1 0.42864583333333334 0.2324074074074074 0.4322916666666667 0.23703703703703705 0.43333333333333335 0.2611111111111111 0.42916666666666664 0.2638888888888889 0.4265625 0.262037037037037 0.42552083333333335 0.23703703703703705 0.428125 0.23333333333333334
1 0.2375 0.8009259259259259 0.24583333333333332 0.8138888888888889 0.2484375 0.8287037037037037 0.2484375 0.8546296296296296 0.24583333333333332 0.8592592592592593 0.24166666666666667 0.8583333333333333 0.2390625 0.8537037037037037 0.23072916666666668 0.8296296296296296 0.23385416666666667 0.8027777777777778 0.23697916666666666 0.8009259259259259
1 0.5395833333333333 0.3731481481481482 0.54375 0.37777777777777777 0.5453125 0.3851851851851852 0.5442708333333334 0.3990740740740741 0.5395833333333333 0.41944444444444445 0.5364583333333334 0.4222222222222222 0.5364583333333334 0.4027777777777778 0.5333333333333333 0.39166666666666666 0.5348958333333333 0.38055555555555554 0.5390625 0.37407407407407406
1 0.4869791666666667 0.5083333333333333 0.49166666666666664 0.5259259259259259 0.4859375 0.5388888888888889 0.484375 0.5601851851851852 0.4822916666666667 0.5574074074074075 0.4828125 0.5416666666666666 0.48020833333333335 0.5361111111111111 0.4796875 0.524074074074074 0.4822916666666667 0.5092592592592593 0.4864583333333333 0.5083333333333333
1 0.4552083333333333 0.5722222222222222 0.45989583333333334 0.5842592592592593 0.46041666666666664 0.6037037037037037 0.45260416666666664 0.625 0.44947916666666665 0.625 0.45 0.6129629629629629 0.446875 0.5842592592592593 0.45260416666666664 0.5685185185185185 0.4546875 0.5722222222222222
1 0.1421875 0.2574074074074074 0.14791666666666667 0.26666666666666666 0.15052083333333333 0.2861111111111111 0.1484375 0.287962962962963 0.14322916666666666 0.2814814814814815 0.1375 0.26481481481481484 0.1375 0.25833333333333336 0.14166666666666666 0.2574074074074074
1 0.5536458333333333 0.3888888888888889 0.5572916666666666 0.3925925925925926 0.5604166666666667 0.4064814814814815 0.5572916666666666 0.43703703703703706 0.5505208333333333 0.44351851851851853 0.5479166666666667 0.44166666666666665 0.5505208333333333 0.42592592592592593 0.5494791666666666 0.40370370370370373 0.553125 0.38981481481481484
1 0.603125 0.43703703703703706 0.013541666666666667 0.04814814814814815
1 0.5848958333333333 0.22037037037037038 0.5880208333333333 0.22777777777777777 0.5854166666666667 0.25462962962962965 0.5817708333333333 0.2518518518518518 0.5802083333333333 0.22777777777777777 0.58125 0.2212962962962963 0.584375 0.22037037037037038
1 0.1921875 0.8722222222222222 0.19583333333333333 0.8759259259259259 0.203125 0.8768518518518519 0.2109375 0.8851851851851852 0.21041666666666667 0.8962962962962963 0.21666666666666667 0.9120370370370371 0.21666666666666667 0.9175925925925926 0.21354166666666666 0.925 0.209375 0.925 0.20520833333333333 0.9138888888888889 0.20104166666666667 0.9092592592592592 0.1921875 0.9083333333333333 0.1890625 0.9037037037037037 0.18697916666666667 0.8759259259259259 0.19166666666666668 0.8722222222222222
1 0.5916666666666667 0.3138888888888889 0.5953125 0.31851851851851853 0.596875 0.32685185185185184 0.5953125 0.3416666666666667 0.5916666666666667 0.35462962962962963 0.5890625 0.3574074074074074 0.5859375 0.35555555555555557 0.5869791666666667 0.3212962962962963 0.5911458333333334 0.3148148148148148
1 0.5953125 0.22037037037037038 0.5984375 0.2212962962962963 0.6015625 0.23796296296296296 0.6010416666666667 0.2462962962962963 0.5916666666666667 0.25833333333333336 0.5911458333333334 0.2324074074074074 0.5953125 0.2212962962962963
1 0.3411458333333333 0.13518518518518519 0.34375 0.1425925925925926 0.3416666666666667 0.15925925925925927 0.3385416666666667 0.1574074074074074 0.33645833333333336 0.14351851851851852 0.33645833333333336 0.13518518518518519 0.340625 0.13518518518518519
1 0.27239583333333334 0.9490740740740741 0.27239583333333334 0.9222222222222223 0.27395833333333336 0.9175925925925926 0.2791666666666667 0.9185185185185185 0.28125 0.9157407407407407 0.2864583333333333 0.9166666666666666 0.2921875 0.9324074074074075 0.28958333333333336 0.9574074074074074 0.28489583333333335 0.9629629629629629 0.27291666666666664 0.9490740740740741