1 0.26666666666666666 0.9537037037037037 0.275 0.9666666666666667 0.2765625 0.9814814814814815 0.2734375 0.9861111111111112 0.2677083333333333 0.9842592592592593 0.26510416666666664 0.9796296296296296 0.26197916666666665 0.9851851851851852 0.2578125 0.9842592592592593 0.2546875 0.9796296296296296 0.2520833333333333 0.9629629629629629 0.25364583333333335 0.9462962962962963 0.2609375 0.9435185185185185 0.26614583333333336 0.9537037037037037
1 0.43645833333333334 0.5259259259259259 0.44479166666666664 0.5361111111111111 0.44583333333333336 0.5537037037037037 0.44947916666666665 0.5574074074074075 0.44895833333333335 0.562962962962963 0.440625 0.5694444444444444 0.4390625 0.5814814814814815 0.4354166666666667 0.5722222222222222 0.4328125 0.5361111111111111 0.4359375 0.5259259259259259
1 0.39739583333333334 0.8472222222222222 0.40208333333333335 0.8592592592592593 0.403125 0.8731481481481481 0.39375 0.8851851851851852 0.38958333333333334 0.8824074074074074 0.38645833333333335 0.8657407407407407 0.39166666666666666 0.85 0.396875 0.8472222222222222
1 0.6158854166666666 0.1685185185185185 0.0109375 0.05185185185185185
1 0.6109375 0.016666666666666666 0.6130208333333333 0.020370370370370372 0.6140625 0.03333333333333333 0.609375 0.049074074074074076 0.60625 0.05277777777777778 0.6046875 0.05 0.6046875 0.030555555555555555 0.6083333333333333 0.01574074074074074 0.6104166666666667 0.016666666666666666
1 0.6348958333333333 0.16018518518518518 0.6369791666666667 0.1685185185185185 0.634375 0.19444444444444445 0.6302083333333334 0.2037037037037037 0.625 0.20185185185185187 0.6239583333333333 0.19074074074074074 0.6291666666666667 0.1675925925925926 0.6317708333333333 0.16111111111111112 0.634375 0.16018518518518518
1 0.8255208333333334 0.08888888888888889 0.8260416666666667 0.10462962962962963 0.8171875 0.12407407407407407 0.8145833333333333 0.12222222222222222 0.8171875 0.10555555555555556 0.825 0.08888888888888889
1 0.6041666666666666 0.21574074074074073 0.6052083333333333 0.2 0.603125 0.18888888888888888 0.6088541666666667 0.16666666666666666 0.6125 0.1712962962962963 0.6130208333333333 0.18703703703703703 0.609375 0.19814814814814816 0.6078125 0.21296296296296297 0.6046875 0.21574074074074073
1 0.7697916666666667 0.15648148148148147 0.7734375 0.1685185185185185 0.7651041666666667 0.20092592592592592 0.7567708333333333 0.19907407407407407 0.7567708333333333 0.19166666666666668 0.7619791666666667 0.1675925925925926 0.7666666666666667 0.1574074074074074 0.7692708333333333 0.15648148148148147
1 0.16197916666666667 0.08981481481481482 0.16614583333333333 0.09537037037037037 0.16770833333333332 0.10185185185185185 0.17135416666666667 0.1287037037037037 0.16927083333333334 0.13333333333333333 0.16614583333333333 0.13055555555555556 0.15729166666666666 0.1037037037037037 0.15833333333333333 0.09351851851851851 0.16145833333333334 0.08981481481481482
1 0.38697916666666665 0.8870370370370371 0.3927083333333333 0.8935185185185185 0.39427083333333335 0.9 0.39375 0.9157407407407407 0.39166666666666666 0.925 0.3880208333333333 0.9296296296296296 0.37604166666666666 0.9222222222222223 0.3729166666666667 0.9074074074074074 0.3729166666666667 0.8981481481481481 0.375 0.8944444444444445 0.38333333333333336 0.8861111111111111 0.38645833333333335 0.8870370370370371
1 0.6614583333333334 0.12222222222222222 0.011458333333333333 0.046296296296296294
1 0.029166666666666667 0.21388888888888888 0.0359375 0.2212962962962963 0.04114583333333333 0.2351851851851852 0.049479166666666664 0.24444444444444444 0.050520833333333334 0.2490740740740741 0.042708333333333334 0.24537037037037038 0.041666666666666664 0.25925925925925924 0.03958333333333333 0.26296296296296295 0.033854166666666664 0.2388888888888889 0.026041666666666668 0.23148148148148148 0.025520833333333333 0.2222222222222222 0.028645833333333332 0.21481481481481482
1 0.1609375 0.04537037037037037 0.16927083333333334 0.05740740740740741 0.1703125 0.06944444444444445 0.175 0.08611111111111111 0.1703125 0.08796296296296297 0.16458333333333333 0.07962962962962963 0.159375 0.05277777777777778 0.16041666666666668 0.046296296296296294
1 0.11666666666666667 0.1111111111111111 0.1234375 0.1398148148148148 0.1234375 0.15185185185185185 0.11510416666666666 0.14166666666666666 0.1125 0.13240740740740742 0.1125 0.11296296296296296 0.11614583333333334 0.1111111111111111
1 0.5536458333333333 0.3101851851851852 0.55 0.3037037037037037 0.5432291666666667 0.3212962962962963 0.5447916666666667 0.2740740740740741 0.5473958333333333 0.26481481481481484 0.5515625 0.26666666666666666 0.5552083333333333 0.2796296296296296 0.5536458333333333 0.30925925925925923
1 0.9130208333333333 0.5101851851851852 0.9151041666666667 0.5138888888888888 0.9145833333333333 0.5333333333333333 0.903125 0.5472222222222223 0.8973958333333333 0.5601851851851852 0.8901041666666667 0.5574074074074075 0.890625 0.549074074074074 0.9036458333333334 0.5166666666666667 0.9125 0.5101851851851852
1 0.1296875 0.08796296296296297 0.1359375 0.10185185185185185 0.14010416666666667 0.12314814814814815 0.14010416666666667 0.12962962962962962 0.13854166666666667 0.13055555555555556 0.13072916666666667 0.12314814814814815 0.12760416666666666 0.11296296296296296 0.125 0.08981481481481482 0.12604166666666666 0.08425925925925926 0.12916666666666668 0.08796296296296297
1 0.8177083333333334 0.4101851851851852 0.8192708333333333 0.4203703703703704 0.8140625 0.4351851851851852 0.8140625 0.4537037037037037 0.8125 0.45555555555555555 0.809375 0.4546296296296296 0.8088541666666667 0.44537037037037036 0.8067708333333333 0.44166666666666665 0.8020833333333334 0.44537037037037036 0.8078125 0.425 0.8171875 0.4101851851851852
1 0.013541666666666667 0.24351851851851852 0.022395833333333334 0.2564814814814815 0.025520833333333333 0.2722222222222222 0.025 0.27870370370370373 0.019270833333333334 0.2861111111111111 0.016666666666666666 0.28425925925925927 0.010416666666666666 0.2675925925925926 0.007291666666666667 0.2518518518518518 0.008333333333333333 0.24259259259259258 0.013020833333333334 0.24351851851851852
1 0.14322916666666666 0.09166666666666666 0.146875 0.09166666666666666 0.15364583333333334 0.10185185185185185 0.15729166666666666 0.12407407407407407 0.1546875 0.13055555555555556 0.15208333333333332 0.12777777777777777 0.14375 0.10092592592592593 0.14322916666666666 0.09259259259259259
1 0.4203125 0.36666666666666664 0.4270833333333333 0.37592592592592594 0.42864583333333334 0.3851851851851852 0.42864583333333334 0.40185185185185185 0.425 0.4 0.4234375 0.4027777777777778 0.42135416666666664 0.4166666666666667 0.41875 0.4148148148148148 0.4166666666666667 0.3861111111111111 0.4171875 0.3685185185185185 0.4197916666666667 0.36666666666666664
1 0.10625 0.10462962962962963 0.1109375 0.11296296296296296 0.11510416666666666 0.1398148148148148 0.11302083333333333 0.14722222222222223 0.11041666666666666 0.14814814814814814 0.10885416666666667 0.14722222222222223 0.10729166666666666 0.13333333333333333 0.103125 0.11944444444444445 0.10364583333333334 0.10833333333333334 0.10572916666666667 0.10462962962962963
1 0.4796875 0.5009259259259259 0.48385416666666664 0.512962962962963 0.484375 0.5222222222222223 0.4869791666666667 0.5268518518518519 0.4869791666666667 0.5342592592592592 0.48385416666666664 0.537962962962963 0.48072916666666665 0.5296296296296297 0.47760416666666666 0.5296296296296297 0.4739583333333333 0.5509259259259259 0.4703125 0.5537037037037037 0.47291666666666665 0.5231481481481481 0.47239583333333335 0.5 0.4734375 0.4962962962962963 0.47708333333333336 0.4962962962962963 0.4791666666666667 0.5009259259259259
1 0.08958333333333333 0.7148148148148148 0.10052083333333334 0.7148148148148148 0.1078125 0.7185185185185186 0.109375 0.7231481481481481 0.10572916666666667 0.7277777777777777 0.10625 0.7342592592592593 0.11614583333333334 0.7527777777777778 0.115625 0.7592592592592593 0.10260416666666666 0.7481481481481481 0.08541666666666667 0.7435185185185185 0.08229166666666667 0.7342592592592593 0.08125 0.7203703703703703 0.08385416666666666 0.7138888888888889 0.0890625 0.7148148148148148
1 0.13333333333333333 0.13425925925925927 0.13697916666666668 0.1398148148148148 0.13697916666666668 0.14444444444444443 0.1296875 0.14074074074074075 0.1265625 0.15 0.12239583333333333 0.14722222222222223 0.12239583333333333 0.13703703703703704 0.11875 0.12407407407407407 0.11875 0.11203703703703703 0.121875 0.10555555555555556 0.12395833333333334 0.10648148148148148 0.1328125 0.13425925925925927
1 0.4109375 0.3592592592592593 0.4171875 0.36944444444444446 0.41510416666666666 0.4111111111111111 0.4119791666666667 0.4111111111111111 0.4109375 0.3990740740740741 0.4046875 0.375 0.40625 0.36018518518518516 0.41041666666666665 0.3592592592592593
1 0.3385416666666667 0.6805555555555556 0.3453125 0.687037037037037 0.34791666666666665 0.6962962962962963 0.34791666666666665 0.7231481481481481 0.3458333333333333 0.725925925925926 0.34010416666666665 0.7222222222222222 0.33177083333333335 0.6972222222222222 0.33229166666666665 0.6824074074074075 0.3380208333333333 0.6805555555555556
1 0.5953125 0.017592592592592594 0.5989583333333334 0.013888888888888888 0.6 0.03425925925925926 0.5958333333333333 0.05648148148148148 0.5916666666666667 0.058333333333333334 0.5901041666666667 0.05555555555555555 0.5916666666666667 0.027777777777777776 0.5953125 0.018518518518518517
1 0.28020833333333334 0.9157407407407407 0.29270833333333335 0.9231481481481482 0.29583333333333334 0.9305555555555556 0.29583333333333334 0.937962962962963 0.2984375 0.9453703703703704 0.2984375 0.9583333333333334 0.29322916666666665 0.9657407407407408 0.28958333333333336 0.9648148148148148 0.2859375 0.9537037037037037 0.2755208333333333 0.937962962962963 0.27291666666666664 0.9222222222222223 0.275 0.9166666666666666 0.2796875 0.9157407407407407
1 0.7401041666666667 0.8629629629629629 0.7427083333333333 0.8657407407407407 0.7447916666666666 0.8861111111111111 0.7395833333333334 0.8972222222222223 0.7401041666666667 0.9046296296296297 0.7385416666666667 0.9083333333333333 0.7338541666666667 0.9055555555555556 0.7291666666666666 0.8944444444444445 0.7098958333333333 0.899074074074074 0.7083333333333334 0.8935185185185185 0.7276041666666667 0.8842592592592593 0.7333333333333333 0.8666666666666667 0.7359375 0.8629629629629629 0.7395833333333334 0.8629629629629629
1 0.45416666666666666 0.3925925925925926 0.45989583333333334 0.4009259259259259 0.46197916666666666 0.4324074074074074 0.45989583333333334 0.4361111111111111 0.45625 0.425 0.4505208333333333 0.4462962962962963 0.4484375 0.4462962962962963 0.45 0.425 0.4484375 0.40370370370370373 0.4510416666666667 0.39351851851851855 0.45364583333333336 0.3925925925925926
1 0.044270833333333336 0.17777777777777778 0.04895833333333333 0.18425925925925926 0.052083333333333336 0.1925925925925926 0.053125 0.20277777777777778 0.059375 0.21388888888888888 0.059895833333333336 0.21666666666666667 0.05677083333333333 0.21944444444444444 0.0484375 0.21388888888888888 0.0375 0.19166666666666668 0.03802083333333333 0.1814814814814815 0.04010416666666667 0.17777777777777778 0.04375 0.17777777777777778
1 0.64375 0.18518518518518517 0.6473958333333333 0.18611111111111112 0.6510416666666666 0.19907407407407407 0.640625 0.2388888888888889 0.640625 0.19814814814814816 0.64375 0.18611111111111112
1 0.36354166666666665 0.8722222222222222 0.36770833333333336 0.8796296296296297 0.371875 0.8944444444444445 0.37135416666666665 0.9092592592592592 0.3729166666666667 0.9185185185185185 0.3692708333333333 0.9222222222222223 0.365625 0.9222222222222223 0.3651041666666667 0.9148148148148149 0.3572916666666667 0.9074074074074074 0.3546875 0.9 0.35572916666666665 0.8777777777777778 0.359375 0.8722222222222222 0.36302083333333335 0.8722222222222222
1 0.08177083333333333 0.14907407407407408 0.09166666666666666 0.16111111111111112 0.09322916666666667 0.17314814814814813 0.1 0.18518518518518517 0.09895833333333333 0.19166666666666668 0.0953125 0.19166666666666668 0.09114583333333333 0.18333333333333332 0.0890625 0.19814814814814816 0.07447916666666667 0.15185185185185185 0.08125 0.14907407407407408
1 0.057291666666666664 0.17592592592592593 0.06770833333333333 0.18333333333333332 0.06979166666666667 0.18796296296296297 0.075 0.20833333333333334 0.07083333333333333 0.2212962962962963 0.0671875 0.2222222222222222 0.0625 0.20092592592592592 0.05625 0.18703703703703703 0.05520833333333333 0.18055555555555555 0.05677083333333333 0.17685185185185184
1 0.2359375 0.9435185185185185 0.24166666666666667 0.9462962962962963 0.25416666666666665 0.9731481481481481 0.25416666666666665 0.9768518518518519 0.2484375 0.9833333333333333 0.23645833333333333 0.9824074074074074 0.23229166666666667 0.975925925925926 0.22864583333333333 0.9601851851851851 0.2234375 0.9546296296296296 0.225 0.9490740740740741 0.23541666666666666 0.9435185185185185
1 0.859375 0.2222222222222222 0.8630208333333333 0.2212962962962963 0.8651041666666667 0.22407407407407406 0.8645833333333334 0.2351851851851852 0.859375 0.2490740740740741 0.8541666666666666 0.2564814814814815 0.8520833333333333 0.26666666666666666 0.8447916666666667 0.2675925925925926 0.8515625 0.25092592592592594 0.853125 0.2351851851851852 0.859375 0.22314814814814815
1 0.959375 0.5509259259259259 0.9598958333333333 0.5740740740740741 0.9458333333333333 0.5953703703703703 0.9369791666666667 0.5888888888888889 0.9348958333333334 0.5814814814814815 0.9458333333333333 0.5555555555555556 0.9546875 0.55 0.9588541666666667 0.5509259259259259
1 0.21666666666666667 0.0824074074074074 0.20989583333333334 0.053703703703703705 0.21041666666666667 0.044444444444444446 0.21302083333333333 0.041666666666666664 0.22135416666666666 0.06111111111111111 0.22239583333333332 0.07407407407407407 0.2171875 0.08148148148148149
1 0.7984375 0.4212962962962963 0.803125 0.4203703703703704 0.8052083333333333 0.43333333333333335 0.796875 0.45925925925925926 0.7942708333333334 0.475 0.7911458333333333 0.47685185185185186 0.7875 0.46944444444444444 0.7854166666666667 0.45185185185185184 0.7880208333333333 0.4388888888888889 0.7984375 0.4222222222222222
1 0.5838541666666667 0.38981481481481484 0.5869791666666667 0.4009259259259259 0.5864583333333333 0.4185185185185185 0.575 0.44722222222222224 0.5734375 0.4462962962962963 0.5760416666666667 0.4287037037037037 0.5739583333333333 0.4166666666666667 0.5744791666666667 0.40555555555555556 0.5760416666666667 0.39814814814814814 0.58125 0.3888888888888889 0.5833333333333334 0.38981481481481484
1 0.4359375 0.38981481481481484 0.44166666666666665 0.4027777777777778 0.4421875 0.4287037037037037 0.4354166666666667 0.45092592592592595 0.43333333333333335 0.44907407407407407 0.43385416666666665 0.42962962962962964 0.42864583333333334 0.41759259259259257 0.42864583333333334 0.4064814814814815 0.4317708333333333 0.39444444444444443 0.4354166666666667 0.38981481481481484
1 0.18229166666666666 0.08796296296296297 0.18125 0.08055555555555556 0.1734375 0.06388888888888888 0.17239583333333333 0.05648148148148148 0.175 0.05092592592592592 0.17864583333333334 0.05092592592592592 0.18541666666666667 0.07037037037037037 0.1859375 0.08518518518518518 0.18541666666666667 0.08796296296296297 0.1828125 0.08796296296296297
1 0.34010416666666665 0.8888888888888888 0.3484375 0.9 0.34739583333333335 0.9111111111111111 0.35104166666666664 0.9324074074074075 0.3458333333333333 0.9407407407407408 0.33958333333333335 0.9287037037037037 0.33229166666666665 0.9277777777777778 0.3260416666666667 0.9083333333333333 0.328125 0.8953703703703704 0.33958333333333335 0.8888888888888888
1 0.4322916666666667 0.587037037037037 0.4421875 0.6092592592592593 0.4421875 0.6148148148148148 0.4359375 0.6231481481481481 0.43385416666666665 0.6398148148148148 0.4317708333333333 0.6435185185185185 0.4296875 0.6416666666666667 0.43020833333333336 0.6185185185185185 0.42552083333333335 0.600925925925926 0.4265625 0.5898148148148148 0.4317708333333333 0.587037037037037
1 0.046875 0.11851851851851852 0.0546875 0.12777777777777777 0.05677083333333333 0.1398148148148148 0.06302083333333333 0.1574074074074074 0.06145833333333333 0.16203703703703703 0.058854166666666666 0.16111111111111112 0.04479166666666667 0.13240740740740742 0.04114583333333333 0.11944444444444445 0.042708333333333334 0.11666666666666667 0.04635416666666667 0.11851851851851852
1 0.6229166666666667 0.0962962962962963 0.628125 0.10555555555555556 0.6270833333333333 0.125 0.6229166666666667 0.13796296296296295 0.61875 0.14351851851851852 0.61875 0.10833333333333334 0.6229166666666667 0.09722222222222222
1 0.8140625 0.12314814814814815 0.8171875 0.12407407407407407 0.8177083333333334 0.13055555555555556 0.809375 0.16018518518518518 0.8052083333333333 0.16111111111111112 0.8052083333333333 0.14444444444444443 0.8088541666666667 0.12962962962962962 0.8135416666666667 0.12407407407407407
1 0.6296875 0.06574074074074074 0.6338541666666667 0.075 0.6302083333333334 0.10462962962962963 0.6229166666666667 0.09814814814814815 0.6239583333333333 0.07777777777777778 0.6265625 0.06851851851851852 0.6291666666666667 0.06666666666666667
1 0.215625 0.899074074074074 0.22395833333333334 0.9009259259259259 0.23020833333333332 0.9212962962962963 0.24270833333333333 0.9305555555555556 0.24114583333333334 0.9361111111111111 0.2359375 0.9407407407407408 0.23385416666666667 0.9407407407407408 0.23072916666666668 0.9324074074074075 0.22604166666666667 0.9333333333333333 0.22291666666666668 0.9388888888888889 0.21875 0.9407407407407408 0.21458333333333332 0.937962962962963 0.21510416666666668 0.9324074074074075 0.20989583333333334 0.9203703703703704 0.209375 0.9138888888888889 0.20364583333333333 0.9092592592592592 0.20260416666666667 0.9027777777777778 0.20572916666666666 0.8981481481481481 0.21510416666666668 0.899074074074074
1 0.6401041666666667 0.09351851851851851 0.6453125 0.10092592592592593 0.6447916666666667 0.11388888888888889 0.6401041666666667 0.13240740740740742 0.6348958333333333 0.1361111111111111 0.6317708333333333 0.13055555555555556 0.634375 0.10185185185185185 0.6395833333333333 0.09444444444444444
1 0.171875 0.09166666666666666 0.17760416666666667 0.10462962962962963 0.178125 0.11574074074074074 0.18177083333333333 0.12777777777777777 0.17864583333333334 0.13425925925925927 0.17552083333333332 0.13240740740740742 0.16770833333333332 0.10555555555555556 0.16770833333333332 0.09537037037037037 0.17135416666666667 0.09166666666666666
1 0.3177083333333333 0.9120370370370371 0.32083333333333336 0.9148148148148149 0.325 0.9388888888888889 0.32447916666666665 0.9453703703703704 0.3203125 0.950925925925926 0.3177083333333333 0.950925925925926 0.3151041666666667 0.9398148148148148 0.3020833333333333 0.925 0.3020833333333333 0.9148148148148149 0.30364583333333334 0.9120370370370371 0.3104166666666667 0.9064814814814814 0.3171875 0.9120370370370371
1 0.8973958333333333 0.49537037037037035 0.8984375 0.5009259259259259 0.8958333333333334 0.5157407407407407 0.8859375 0.5305555555555556 0.8802083333333334 0.5444444444444444 0.8776041666666666 0.5435185185185185 0.8765625 0.5296296296296297 0.8802083333333334 0.5120370370370371 0.8864583333333333 0.5009259259259259 0.89375 0.49444444444444446 0.896875 0.49537037037037035