1 0.26875 0.9537037037037037 0.2755208333333333 0.9685185185185186 0.2765625 0.9833333333333333 0.2708333333333333 0.9861111111111112 0.26510416666666664 0.9805555555555555 0.25833333333333336 0.9824074074074074 0.2552083333333333 0.975 0.253125 0.9648148148148148 0.2546875 0.9462962962962963 0.26197916666666665 0.9453703703703704 0.26510416666666664 0.9564814814814815 0.2682291666666667 0.9546296296296296
1 0.2375 0.9444444444444444 0.24114583333333334 0.9444444444444444 0.2515625 0.9555555555555556 0.25885416666666666 0.9796296296296296 0.25833333333333336 0.9842592592592593 0.2546875 0.9861111111111112 0.23697916666666666 0.9814814814814815 0.23489583333333333 0.9768518518518519 0.23541666666666666 0.9657407407407408 0.23333333333333334 0.9546296296296296 0.2375 0.9453703703703704
1 0.5049479166666667 0.3662037037037037 0.011979166666666667 0.03796296296296296
1 0.5447916666666667 0.33425925925925926 0.5484375 0.34814814814814815 0.5463541666666667 0.37962962962962965 0.5411458333333333 0.37962962962962965 0.5369791666666667 0.3888888888888889 0.5359375 0.38333333333333336 0.5390625 0.34444444444444444 0.5411458333333333 0.3351851851851852 0.5442708333333334 0.33425925925925926
1 0.16145833333333334 0.07962962962962963 0.16875 0.08888888888888889 0.171875 0.11851851851851852 0.16770833333333332 0.12037037037037036 0.16614583333333333 0.1175925925925926 0.159375 0.08981481481481482 0.1609375 0.08055555555555556
1 0.08072916666666667 0.16018518518518518 0.08854166666666667 0.175 0.090625 0.18518518518518517 0.08489583333333334 0.19537037037037036 0.08072916666666667 0.19166666666666668 0.0734375 0.16944444444444445 0.07239583333333334 0.1537037037037037 0.07760416666666667 0.1537037037037037 0.08020833333333334 0.16018518518518518
1 0.6369791666666667 0.03981481481481482 0.6411458333333333 0.03888888888888889 0.6442708333333333 0.049074074074074076 0.6416666666666667 0.05925925925925926 0.640625 0.07592592592592592 0.6369791666666667 0.08333333333333333 0.6328125 0.06759259259259259 0.6369791666666667 0.040740740740740744
1 0.39375 0.7953703703703704 0.4046875 0.8064814814814815 0.4046875 0.8305555555555556 0.40729166666666666 0.8342592592592593 0.41770833333333335 0.8379629629629629 0.41510416666666666 0.8481481481481481 0.4083333333333333 0.8416666666666667 0.3932291666666667 0.8407407407407408 0.390625 0.8379629629629629 0.3921875 0.8101851851851852 0.39010416666666664 0.8 0.3932291666666667 0.7962962962962963
1 0.6359375 0.11481481481481481 0.009375 0.04259259259259259
1 0.48802083333333335 0.2490740740740741 0.49114583333333334 0.25092592592592594 0.4953125 0.2601851851851852 0.4947916666666667 0.27870370370370373 0.4875 0.27685185185185185 0.4859375 0.27314814814814814 0.48541666666666666 0.2611111111111111 0.4875 0.25
1 0.828125 0.42592592592592593 0.8317708333333333 0.43148148148148147 0.8307291666666666 0.44907407407407407 0.828125 0.44907407407407407 0.821875 0.4583333333333333 0.8229166666666666 0.4638888888888889 0.8213541666666667 0.4703703703703704 0.8145833333333333 0.48148148148148145 0.8119791666666667 0.48055555555555557 0.8114583333333333 0.47314814814814815 0.8182291666666667 0.45925925925925926 0.8135416666666667 0.4351851851851852 0.8276041666666667 0.42592592592592593
1 0.5953125 0.01574074074074074 0.5989583333333334 0.013888888888888888 0.6010416666666667 0.025 0.5973958333333333 0.05277777777777778 0.5911458333333334 0.05740740740740741 0.590625 0.028703703703703703 0.5953125 0.016666666666666666
1 0.8265625 0.09166666666666666 0.8291666666666667 0.09351851851851851 0.8291666666666667 0.11018518518518519 0.8229166666666666 0.12222222222222222 0.8208333333333333 0.13148148148148148 0.8171875 0.13333333333333333 0.8166666666666667 0.12129629629629629 0.821875 0.10185185185185185 0.8265625 0.09259259259259259
1 0.3640625 0.8731481481481481 0.3692708333333333 0.8861111111111111 0.3734375 0.9111111111111111 0.3729166666666667 0.9175925925925926 0.36614583333333334 0.9231481481481482 0.3651041666666667 0.912962962962963 0.35572916666666665 0.9046296296296297 0.3541666666666667 0.8916666666666667 0.35572916666666665 0.8796296296296297 0.359375 0.8731481481481481 0.36354166666666665 0.8731481481481481
1 0.39114583333333336 0.8851851851851852 0.3927083333333333 0.9185185185185185 0.39114583333333336 0.9268518518518518 0.38697916666666665 0.9324074074074075 0.3776041666666667 0.925 0.3729166666666667 0.9138888888888889 0.371875 0.9046296296296297 0.3802083333333333 0.8851851851851852 0.390625 0.8851851851851852
1 0.6635416666666667 0.10092592592592593 0.6666666666666666 0.11203703703703703 0.6645833333333333 0.13518518518518519 0.6578125 0.14444444444444443 0.6557291666666667 0.14166666666666666 0.65625 0.11203703703703703 0.6609375 0.1 0.6630208333333333 0.10092592592592593
1 0.12447916666666667 0.10740740740740741 0.13125 0.12129629629629629 0.13072916666666667 0.12685185185185185 0.1265625 0.13148148148148148 0.1234375 0.12685185185185185 0.11979166666666667 0.11296296296296296 0.121875 0.10648148148148148 0.12395833333333334 0.10740740740740741
1 0.9130208333333333 0.5101851851851852 0.9145833333333333 0.5120370370370371 0.9130208333333333 0.5333333333333333 0.90625 0.5407407407407407 0.8973958333333333 0.5601851851851852 0.890625 0.5564814814814815 0.8911458333333333 0.5472222222222223 0.9036458333333334 0.5166666666666667 0.9072916666666667 0.5157407407407407 0.9104166666666667 0.5092592592592593 0.9125 0.5101851851851852
1 0.6276041666666666 0.1675925925925926 0.6328125 0.18055555555555555 0.6260416666666667 0.21388888888888888 0.6213541666666667 0.21203703703703702 0.6229166666666667 0.1935185185185185 0.6213541666666667 0.17685185185185184 0.6244791666666667 0.1685185185185185 0.6270833333333333 0.1675925925925926
1 0 0.26481481481481484 0.011979166666666667 0.28425925925925927 0.003125 0.3 0 0.30092592592592593 0 0.2657407407407407
1 0.04583333333333333 0.11851851851851852 0.05 0.12129629629629629 0.05572916666666667 0.13240740740740742 0.06302083333333333 0.1574074074074074 0.06041666666666667 0.1638888888888889 0.04114583333333333 0.12314814814814815 0.041666666666666664 0.11944444444444445 0.0453125 0.11851851851851852
1 0.9364583333333333 0.47685185185185186 0.9411458333333333 0.47685185185185186 0.9463541666666667 0.487962962962963 0.9401041666666666 0.49907407407407406 0.9354166666666667 0.5148148148148148 0.9322916666666666 0.5138888888888888 0.934375 0.5018518518518519 0.9322916666666666 0.49722222222222223 0.921875 0.5074074074074074 0.9182291666666667 0.5064814814814815 0.9182291666666667 0.5009259259259259 0.9296875 0.49074074074074076 0.9364583333333333 0.4777777777777778
1 0.3421875 0.8898148148148148 0.3489583333333333 0.9 0.3494791666666667 0.9277777777777778 0.35104166666666664 0.9324074074074075 0.35052083333333334 0.937037037037037 0.3453125 0.9425925925925925 0.34010416666666665 0.9296296296296296 0.334375 0.9287037037037037 0.33229166666666665 0.925 0.3255208333333333 0.9046296296296297 0.32760416666666664 0.8962962962962963 0.3375 0.8888888888888888 0.3416666666666667 0.8898148148148148
1 0.5041666666666667 0.3814814814814815 0.5119791666666667 0.37222222222222223 0.5151041666666667 0.3851851851851852 0.5166666666666667 0.4064814814814815 0.5161458333333333 0.4111111111111111 0.5145833333333333 0.4111111111111111 0.5119791666666667 0.4046296296296296 0.5098958333333333 0.40555555555555556 0.50625 0.425 0.5036458333333333 0.425 0.5041666666666667 0.3824074074074074
1 0.2708333333333333 0 0.27708333333333335 0 0.2791666666666667 0.014814814814814815 0.2755208333333333 0.021296296296296296 0.2734375 0.020370370370370372 0.2708333333333333 0.000925925925925926
1 0.17864583333333334 0.053703703703703705 0.1828125 0.06018518518518518 0.184375 0.07777777777777778 0.18958333333333333 0.08888888888888889 0.18229166666666666 0.0962962962962963 0.17864583333333334 0.09166666666666666 0.17447916666666666 0.06388888888888888 0.178125 0.05462962962962963
1 0.47552083333333334 0.24259259259259258 0.4796875 0.2537037037037037 0.4796875 0.26666666666666666 0.47708333333333336 0.29074074074074074 0.475 0.2916666666666667 0.46979166666666666 0.2611111111111111 0.47239583333333335 0.24444444444444444 0.475 0.24259259259259258
1 0.3140625 0.9083333333333333 0.32083333333333336 0.9157407407407407 0.32447916666666665 0.9333333333333333 0.325 0.9453703703703704 0.32083333333333336 0.950925925925926 0.3177083333333333 0.950925925925926 0.3145833333333333 0.9398148148148148 0.3020833333333333 0.925 0.30364583333333334 0.912962962962963 0.3104166666666667 0.9074074074074074 0.31354166666666666 0.9083333333333333
1 0.4875 0.2740740740740741 0.49166666666666664 0.27685185185185185 0.49375 0.2824074074074074 0.49375 0.30648148148148147 0.490625 0.32592592592592595 0.48854166666666665 0.3287037037037037 0.4864583333333333 0.32685185185185184 0.48333333333333334 0.30092592592592593 0.484375 0.2814814814814815 0.4869791666666667 0.275
1 0.44635416666666666 0.44166666666666665 0.45416666666666666 0.4564814814814815 0.45416666666666666 0.47962962962962963 0.453125 0.4824074074074074 0.44947916666666665 0.47314814814814815 0.4432291666666667 0.4981481481481482 0.44166666666666665 0.49537037037037035 0.4432291666666667 0.4740740740740741 0.4421875 0.45092592592592595 0.44583333333333336 0.44166666666666665
1 0.5114583333333333 0.275 0.515625 0.28888888888888886 0.5130208333333334 0.3175925925925926 0.5119791666666667 0.3212962962962963 0.5083333333333333 0.31851851851851853 0.5052083333333334 0.32592592592592595 0.5036458333333333 0.32407407407407407 0.5046875 0.28425925925925927 0.5083333333333333 0.275 0.5109375 0.275
1 0.76875 0.1537037037037037 0.7744791666666667 0.16944444444444445 0.7697916666666667 0.19074074074074074 0.7651041666666667 0.2 0.7572916666666667 0.19907407407407407 0.7572916666666667 0.18981481481481483 0.7619791666666667 0.16944444444444445 0.7682291666666666 0.15462962962962962
1 0.008333333333333333 0.22870370370370371 0.015625 0.23981481481481481 0.019791666666666666 0.25462962962962965 0.0265625 0.25833333333333336 0.025520833333333333 0.26296296296296295 0.020833333333333332 0.262037037037037 0.022395833333333334 0.2722222222222222 0.01875 0.2722222222222222 0.0078125 0.25092592592592594 0.005208333333333333 0.23981481481481481 0.005208333333333333 0.22962962962962963 0.0078125 0.22870370370370371
1 0.06927083333333334 0.17222222222222222 0.07916666666666666 0.18333333333333332 0.08854166666666667 0.2074074074074074 0.08802083333333334 0.21203703703703702 0.08072916666666667 0.20555555555555555 0.07864583333333333 0.21296296296296297 0.065625 0.1824074074074074 0.065625 0.17314814814814813 0.06875 0.17222222222222222
1 0.6328125 0.24074074074074073 0.6364583333333333 0.24166666666666667 0.6375 0.24722222222222223 0.6369791666666667 0.28425925925925927 0.6333333333333333 0.2935185185185185 0.6302083333333334 0.29444444444444445 0.6260416666666667 0.2814814814814815 0.6265625 0.25833333333333336 0.6328125 0.24166666666666667
1 0.8973958333333333 0.49537037037037035 0.8994791666666667 0.5018518518518519 0.896875 0.5157407407407407 0.8911458333333333 0.5222222222222223 0.8807291666666667 0.5435185185185185 0.8786458333333333 0.5435185185185185 0.8776041666666666 0.5398148148148149 0.8770833333333333 0.5231481481481481 0.8859375 0.5037037037037037 0.896875 0.49537037037037035
1 0.64375 0.05 0.6427083333333333 0.025925925925925925 0.6473958333333333 0.013888888888888888 0.6515625 0.014814814814814815 0.6526041666666667 0.026851851851851852 0.6489583333333333 0.03981481481481482 0.6484375 0.05 0.6442708333333333 0.05
1 0.17395833333333333 0.09444444444444444 0.16822916666666668 0.07314814814814814 0.16822916666666668 0.06574074074074074 0.17135416666666667 0.06111111111111111 0.17604166666666668 0.06296296296296296 0.17916666666666667 0.08611111111111111 0.1796875 0.09444444444444444 0.17447916666666666 0.09444444444444444
1 0.05677083333333333 0.175 0.06822916666666666 0.18981481481481483 0.06979166666666667 0.19814814814814816 0.07447916666666667 0.20555555555555555 0.075 0.21388888888888888 0.06770833333333333 0.21851851851851853 0.06510416666666667 0.2101851851851852 0.057291666666666664 0.20277777777777778 0.053125 0.18333333333333332 0.05625 0.17592592592592593
1 0.040625 0.19814814814814816 0.04583333333333333 0.21203703703703702 0.04791666666666667 0.2351851851851852 0.046875 0.24351851851851852 0.043229166666666666 0.24074074074074073 0.041666666666666664 0.22777777777777777 0.03229166666666667 0.21203703703703702 0.0328125 0.20277777777777778 0.0359375 0.19814814814814816 0.04010416666666667 0.19814814814814816
1 0.165625 0.9342592592592592 0.16822916666666668 0.937037037037037 0.18177083333333333 0.9351851851851852 0.184375 0.9416666666666667 0.18541666666666667 0.9546296296296296 0.19791666666666666 0.9638888888888889 0.19895833333333332 0.9666666666666667 0.19635416666666666 0.9703703703703703 0.18541666666666667 0.975 0.18125 0.9740740740740741 0.17604166666666668 0.9675925925925926 0.1703125 0.9666666666666667 0.16458333333333333 0.9490740740740741 0.1578125 0.9453703703703704 0.15729166666666666 0.9398148148148148 0.159375 0.9351851851851852 0.16510416666666666 0.9342592592592592
1 0.10572916666666667 0.06481481481481481 0.10989583333333333 0.06944444444444445 0.11666666666666667 0.09166666666666666 0.1171875 0.10740740740740741 0.11302083333333333 0.10925925925925926 0.10989583333333333 0.1 0.10364583333333334 0.09074074074074075 0.1015625 0.07777777777777778 0.10520833333333333 0.06574074074074074
1 0.8171875 0.11944444444444445 0.8182291666666667 0.13333333333333333 0.8078125 0.16203703703703703 0.8052083333333333 0.15925925925925927 0.8057291666666667 0.13796296296296295 0.8140625 0.11944444444444445 0.8166666666666667 0.11944444444444445
1 0.7984375 0.46064814814814814 0.019791666666666666 0.05462962962962963
1 0.284375 0.9175925925925926 0.29322916666666665 0.9277777777777778 0.29635416666666664 0.9361111111111111 0.2984375 0.9592592592592593 0.29375 0.9657407407407408 0.28958333333333336 0.9657407407407408 0.2864583333333333 0.9518518518518518 0.278125 0.937962962962963 0.2734375 0.9231481481481482 0.2755208333333333 0.9157407407407407 0.2838541666666667 0.9175925925925926
1 0.5916666666666667 0.2101851851851852 0.5880208333333333 0.19722222222222222 0.5880208333333333 0.175 0.5916666666666667 0.16203703703703703 0.5953125 0.16018518518518518 0.5989583333333334 0.1712962962962963 0.5989583333333334 0.1824074074074074 0.5921875 0.20925925925925926
1 0.44947916666666665 0.6518518518518519 0.45416666666666666 0.662962962962963 0.45416666666666666 0.6787037037037037 0.44895833333333335 0.7074074074074074 0.44583333333333336 0.7074074074074074 0.4453125 0.6888888888888889 0.43802083333333336 0.6824074074074075 0.4395833333333333 0.6657407407407407 0.44635416666666666 0.6518518518518519 0.44895833333333335 0.6518518518518519
1 0.63125 0.07592592592592592 0.6338541666666667 0.0787037037037037 0.6354166666666666 0.08981481481481482 0.6317708333333333 0.10092592592592593 0.6302083333333334 0.11388888888888889 0.6265625 0.11388888888888889 0.625 0.11018518518518519 0.6239583333333333 0.08796296296296297 0.6265625 0.07962962962962963 0.6307291666666667 0.07592592592592592
1 0.6197916666666666 0.10462962962962963 0.6234375 0.11018518518518519 0.625 0.1259259259259259 0.6213541666666667 0.13425925925925927 0.6192708333333333 0.14629629629629629 0.6166666666666667 0.14907407407407408 0.615625 0.14722222222222223 0.6140625 0.1259259259259259 0.6145833333333334 0.11574074074074074 0.6192708333333333 0.10555555555555556
1 0.6411458333333333 0.275 0.64375 0.27685185185185185 0.6453125 0.2898148148148148 0.6427083333333333 0.30925925925925923 0.6401041666666667 0.31574074074074077 0.6359375 0.3138888888888889 0.6317708333333333 0.29814814814814816 0.640625 0.275
1 0.6229166666666667 0.16944444444444445 0.6239583333333333 0.1925925925925926 0.6203125 0.21296296296296297 0.615625 0.21296296296296297 0.615625 0.18425925925925926 0.6197916666666666 0.1712962962962963 0.6223958333333334 0.17037037037037037
1 0.7 0.13518518518518519 0.7046875 0.14722222222222223 0.7015625 0.16111111111111112 0.7015625 0.17592592592592593 0.6994791666666667 0.1814814814814815 0.6953125 0.1814814814814815 0.6942708333333333 0.1787037037037037 0.6973958333333333 0.1388888888888889 0.6994791666666667 0.13518518518518519
1 0.8625 0.2175925925925926 0.865625 0.225 0.865625 0.23333333333333334 0.8541666666666666 0.2564814814814815 0.8526041666666667 0.2657407407407407 0.8453125 0.26851851851851855 0.8447916666666667 0.26481481481481484 0.85 0.25555555555555554 0.8526041666666667 0.23796296296296296 0.859375 0.22037037037037038 0.8619791666666666 0.21851851851851853