1 0.8479166666666667 0.20462962962962963 0.8489583333333334 0.2212962962962963 0.8354166666666667 0.2490740740740741 0.83125 0.24444444444444444 0.8348958333333333 0.23796296296296296 0.8380208333333333 0.2222222222222222 0.8442708333333333 0.20555555555555555 0.8473958333333333 0.20462962962962963
1 0.35208333333333336 0.8944444444444445 0.35989583333333336 0.9018518518518519 0.35885416666666664 0.9148148148148149 0.36302083333333335 0.9388888888888889 0.35885416666666664 0.9462962962962963 0.35572916666666665 0.9453703703703704 0.35625 0.9407407407407408 0.3536458333333333 0.9351851851851852 0.3380208333333333 0.9185185185185185 0.3380208333333333 0.9148148148148149 0.34375 0.9055555555555556 0.3453125 0.8962962962962963 0.34739583333333335 0.8935185185185185 0.3515625 0.8944444444444445
1 0.0328125 0.21666666666666667 0.040625 0.22962962962962963 0.04739583333333333 0.24814814814814815 0.04010416666666667 0.25833333333333336 0.034895833333333334 0.24166666666666667 0.028125 0.22870370370370371 0.027604166666666666 0.21666666666666667 0.03229166666666667 0.21666666666666667
1 0.5291666666666667 0.2351851851851852 0.534375 0.24166666666666667 0.5359375 0.24814814814814815 0.5359375 0.25925925925925924 0.5328125 0.2777777777777778 0.5260416666666666 0.2814814814814815 0.5265625 0.24444444444444444 0.5286458333333334 0.2361111111111111
1 0 0.2537037037037037 0.005729166666666666 0.25925925925925924 0.009895833333333333 0.2722222222222222 0.019270833333333334 0.27870370370370373 0.017708333333333333 0.2833333333333333 0.011458333333333333 0.28055555555555556 0.011458333333333333 0.29074074074074074 0.008333333333333333 0.2935185185185185 0.0020833333333333333 0.2759259259259259 0 0.275 0 0.25462962962962965
1 0.8440104166666667 0.15 0.0171875 0.04814814814814815
1 0.17552083333333332 0.03611111111111111 0.18072916666666666 0.049074074074074076 0.18020833333333333 0.06111111111111111 0.18333333333333332 0.0712962962962963 0.18229166666666666 0.07777777777777778 0.17864583333333334 0.07592592592592592 0.1703125 0.05185185185185185 0.17083333333333334 0.040740740740740744 0.175 0.03611111111111111
1 0.12395833333333334 0.05740740740740741 0.12864583333333332 0.06111111111111111 0.13697916666666668 0.08148148148148149 0.13802083333333334 0.08796296296296297 0.13489583333333333 0.09166666666666666 0.13020833333333334 0.09166666666666666 0.12083333333333333 0.06666666666666667 0.1203125 0.06018518518518518 0.1234375 0.05740740740740741
1 0.04479166666666667 0.5666666666666667 0.05416666666666667 0.5675925925925925 0.06510416666666667 0.5768518518518518 0.0609375 0.5851851851851851 0.06770833333333333 0.6018518518518519 0.07083333333333333 0.6157407407407407 0.06927083333333334 0.6175925925925926 0.0671875 0.6175925925925926 0.050520833333333334 0.5944444444444444 0.042708333333333334 0.5990740740740741 0.040625 0.5768518518518518 0.041666666666666664 0.5685185185185185 0.044270833333333336 0.5666666666666667
1 0.85 0.45925925925925926 0.8515625 0.462037037037037 0.8510416666666667 0.4740740740740741 0.8479166666666667 0.48703703703703705 0.8322916666666667 0.5138888888888888 0.8291666666666667 0.5120370370370371 0.83125 0.49722222222222223 0.8369791666666667 0.4842592592592593 0.8385416666666666 0.47314814814814815 0.84375 0.4675925925925926 0.846875 0.45925925925925926 0.8494791666666667 0.45925925925925926
1 0.6140625 0.29583333333333334 0.010416666666666666 0.049074074074074076
1 0.325 0.04722222222222222 0.32760416666666664 0.046296296296296294 0.3302083333333333 0.05092592592592592 0.334375 0.06759259259259259 0.3338541666666667 0.0824074074074074 0.32916666666666666 0.08425925925925926 0.32447916666666665 0.06481481481481481 0.325 0.04814814814814815
1 0.07083333333333333 0.11944444444444445 0.078125 0.13333333333333333 0.08489583333333334 0.1638888888888889 0.07916666666666666 0.1638888888888889 0.07447916666666667 0.14629629629629629 0.06666666666666667 0.1361111111111111 0.06770833333333333 0.12407407407407407 0.0703125 0.12037037037037036
1 0.15885416666666666 0.05648148148148148 0.16145833333333334 0.05462962962962963 0.16770833333333332 0.06481481481481481 0.171875 0.08796296296296297 0.171875 0.1 0.16614583333333333 0.09537037037037037 0.16354166666666667 0.07777777777777778 0.1578125 0.07037037037037037 0.15885416666666666 0.05740740740740741
1 0.9067708333333333 0.4703703703703704 0.9088541666666666 0.47685185185185186 0.9052083333333333 0.49444444444444446 0.9010416666666666 0.5 0.8979166666666667 0.5138888888888888 0.8942708333333333 0.5203703703703704 0.8895833333333333 0.512962962962963 0.88125 0.5111111111111111 0.8802083333333334 0.5083333333333333 0.8947916666666667 0.487962962962963 0.9026041666666667 0.47129629629629627 0.90625 0.4703703703703704
1 0.28229166666666666 0.937037037037037 0.28854166666666664 0.95 0.29322916666666665 0.9537037037037037 0.2916666666666667 0.9638888888888889 0.2942708333333333 0.9731481481481481 0.2890625 0.9777777777777777 0.2828125 0.9694444444444444 0.27447916666666666 0.9805555555555555 0.2713541666666667 0.9796296296296296 0.26614583333333336 0.9564814814814815 0.2734375 0.937962962962963 0.28177083333333336 0.937037037037037
1 0.5328125 0.8027777777777778 0.5395833333333333 0.8268518518518518 0.5395833333333333 0.8305555555555556 0.5333333333333333 0.8425925925925926 0.5260416666666666 0.8407407407407408 0.521875 0.8361111111111111 0.5203125 0.825925925925926 0.5208333333333334 0.8175925925925925 0.5270833333333333 0.8046296296296296 0.5322916666666667 0.8027777777777778
1 0.017708333333333333 0.6231481481481481 0.025520833333333333 0.625 0.034375 0.6324074074074074 0.03333333333333333 0.6407407407407407 0.0359375 0.6453703703703704 0.04375 0.6453703703703704 0.0375 0.6537037037037037 0.0421875 0.6648148148148149 0.03958333333333333 0.6712962962962963 0.036458333333333336 0.6722222222222223 0.034895833333333334 0.6620370370370371 0.017708333333333333 0.6435185185185185 0.015104166666666667 0.6333333333333333 0.009375 0.6277777777777778 0.009895833333333333 0.6222222222222222 0.0171875 0.6231481481481481
1 0.1578125 0.06851851851851852 0.165625 0.0787037037037037 0.1671875 0.08796296296296297 0.1734375 0.10185185185185185 0.17135416666666667 0.10277777777777777 0.16875 0.09907407407407408 0.16302083333333334 0.09907407407407408 0.16145833333333334 0.10185185185185185 0.15625 0.07777777777777778 0.15729166666666666 0.06944444444444445
1 0 0.4027777777777778 0.019791666666666666 0.43703703703703706 0.016666666666666666 0.4425925925925926 0.008333333333333333 0.44074074074074077 0.0020833333333333333 0.42962962962962964 0 0.42962962962962964 0 0.40370370370370373
1 0.36041666666666666 0.5481481481481482 0.3651041666666667 0.5574074074074075 0.365625 0.5675925925925925 0.3729166666666667 0.5722222222222222 0.3729166666666667 0.5805555555555556 0.3645833333333333 0.5842592592592593 0.36302083333333335 0.5953703703703703 0.359375 0.600925925925926 0.3572916666666667 0.5990740740740741 0.35833333333333334 0.5916666666666667 0.35208333333333336 0.5685185185185185 0.35208333333333336 0.5555555555555556 0.3536458333333333 0.5425925925925926 0.3572916666666667 0.5416666666666666 0.35989583333333336 0.5481481481481482
1 0.6067708333333334 0 0.615625 0 0.6125 0.022222222222222223 0.6098958333333333 0.025 0.6072916666666667 0.023148148148148147 0.6067708333333334 0.000925925925925926
1 0.23333333333333334 0.6259259259259259 0.2375 0.6296296296296297 0.23697916666666666 0.6435185185185185 0.25 0.6787037037037037 0.24791666666666667 0.6842592592592592 0.2453125 0.6833333333333333 0.240625 0.674074074074074 0.234375 0.6722222222222223 0.23125 0.6638888888888889 0.22395833333333334 0.6592592592592592 0.2203125 0.6518518518518519 0.21979166666666666 0.6388888888888888 0.22135416666666666 0.6333333333333333 0.21927083333333333 0.6259259259259259 0.21979166666666666 0.6203703703703703 0.22395833333333334 0.6185185185185185 0.22708333333333333 0.6268518518518519 0.2328125 0.6259259259259259
1 0.09427083333333333 0.13240740740740742 0.10677083333333333 0.1638888888888889 0.10520833333333333 0.1685185185185185 0.10208333333333333 0.16296296296296298 0.09895833333333333 0.175 0.09635416666666667 0.175 0.09635416666666667 0.1648148148148148 0.0890625 0.14074074074074075 0.09010416666666667 0.13333333333333333 0.09375 0.13240740740740742
1 0.6927083333333334 0.3138888888888889 0.6973958333333333 0.31296296296296294 0.7 0.32037037037037036 0.7 0.3416666666666667 0.6947916666666667 0.35 0.6911458333333333 0.36944444444444446 0.6854166666666667 0.36944444444444446 0.6927083333333334 0.3148148148148148
1 0.30104166666666665 0.9101851851851852 0.3072916666666667 0.912962962962963 0.3125 0.9203703703703704 0.3171875 0.9342592592592592 0.3177083333333333 0.9546296296296296 0.3145833333333333 0.962037037037037 0.31145833333333334 0.9638888888888889 0.309375 0.9629629629629629 0.309375 0.9555555555555556 0.30520833333333336 0.9462962962962963 0.29583333333333334 0.9388888888888889 0.2916666666666667 0.924074074074074 0.2911458333333333 0.9175925925925926 0.2947916666666667 0.9111111111111111 0.30052083333333335 0.9101851851851852
1 0.3265625 0.9092592592592592 0.334375 0.9222222222222223 0.3380208333333333 0.9435185185185185 0.3380208333333333 0.9481481481481482 0.33177083333333335 0.9555555555555556 0.32864583333333336 0.9527777777777777 0.328125 0.9472222222222222 0.315625 0.925 0.3182291666666667 0.9148148148148149 0.32395833333333335 0.9083333333333333 0.3260416666666667 0.9092592592592592
1 0.07135416666666666 0.1675925925925926 0.08020833333333334 0.17962962962962964 0.08333333333333333 0.19166666666666668 0.08802083333333334 0.19537037037037036 0.08802083333333334 0.20092592592592592 0.08177083333333333 0.1962962962962963 0.0796875 0.19814814814814816 0.08229166666666667 0.20462962962962963 0.08125 0.2101851851851852 0.078125 0.2074074074074074 0.06822916666666666 0.1814814814814815 0.0671875 0.1675925925925926 0.07083333333333333 0.1675925925925926
1 0.016666666666666666 0.5777777777777777 0.033854166666666664 0.5888888888888889 0.03177083333333333 0.5972222222222222 0.04114583333333333 0.6148148148148148 0.0421875 0.6259259259259259 0.04010416666666667 0.6277777777777778 0.030208333333333334 0.6129629629629629 0.019791666666666666 0.6083333333333333 0.011979166666666667 0.5981481481481481 0.009895833333333333 0.5824074074074074 0.016145833333333335 0.5777777777777777
1 0.9510416666666667 0.55 0.953125 0.5703703703703704 0.9432291666666667 0.5888888888888889 0.9390625 0.5925925925925926 0.9286458333333333 0.587037037037037 0.9276041666666667 0.5796296296296296 0.9385416666666667 0.5537037037037037 0.9458333333333333 0.5481481481481482 0.9505208333333334 0.55
1 0.4875 0.3712962962962963 0.4942708333333333 0.38055555555555554 0.4953125 0.3861111111111111 0.49270833333333336 0.41759259259259257 0.4895833333333333 0.41759259259259257 0.4875 0.4074074074074074 0.48541666666666666 0.42314814814814816 0.4822916666666667 0.42407407407407405 0.48333333333333334 0.38333333333333336 0.4869791666666667 0.37222222222222223
1 0.203125 0.014814814814814815 0.20729166666666668 0.022222222222222223 0.21041666666666667 0.04259259259259259 0.20677083333333332 0.04537037037037037 0.20260416666666667 0.040740740740740744 0.19895833333333332 0.026851851851851852 0.19947916666666668 0.016666666666666666 0.20260416666666667 0.014814814814814815
1 0.5015625 0.8277777777777777 0.5015625 0.8185185185185185 0.5109375 0.7962962962962963 0.5145833333333333 0.7962962962962963 0.5166666666666667 0.8018518518518518 0.5161458333333333 0.8416666666666667 0.5130208333333334 0.8472222222222222 0.509375 0.8453703703703703 0.5072916666666667 0.8351851851851851 0.5020833333333333 0.8277777777777777
1 0.42916666666666664 0.5175925925925926 0.428125 0.5101851851851852 0.421875 0.5018518518518519 0.42135416666666664 0.4722222222222222 0.4234375 0.4648148148148148 0.42604166666666665 0.4648148148148148 0.4317708333333333 0.475 0.43645833333333334 0.5009259259259259 0.4317708333333333 0.5185185185185185 0.4296875 0.5175925925925926
1 0.22604166666666667 0 0.23229166666666667 0 0.234375 0.008333333333333333 0.23385416666666667 0.023148148148148147 0.23072916666666668 0.025925925925925925 0.22708333333333333 0.018518518518518517 0.22604166666666667 0.000925925925925926
1 0.04114583333333333 0.13333333333333333 0.04635416666666667 0.1361111111111111 0.05 0.14351851851851852 0.057291666666666664 0.17037037037037037 0.05677083333333333 0.17777777777777778 0.05364583333333333 0.17592592592592593 0.036458333333333336 0.1398148148148148 0.03697916666666667 0.13518518518518519 0.040625 0.13333333333333333
1 0.6020833333333333 0.8398148148148148 0.6098958333333333 0.8481481481481481 0.6104166666666667 0.8629629629629629 0.5958333333333333 0.8787037037037037 0.590625 0.8759259259259259 0.590625 0.8583333333333333 0.59375 0.85 0.5942708333333333 0.8398148148148148 0.6015625 0.8398148148148148
1 0.721875 0.32037037037037036 0.7265625 0.3351851851851852 0.7145833333333333 0.37037037037037035 0.7109375 0.36944444444444446 0.7109375 0.3648148148148148 0.7130208333333333 0.3592592592592593 0.7145833333333333 0.34074074074074073 0.71875 0.3287037037037037 0.7192708333333333 0.3212962962962963 0.7213541666666666 0.32037037037037036
1 0.5890625 0.08148148148148149 0.5927083333333333 0.09074074074074075 0.5932291666666667 0.1 0.5895833333333333 0.11203703703703703 0.5880208333333333 0.1287037037037037 0.5848958333333333 0.1287037037037037 0.5822916666666667 0.09444444444444444 0.5885416666666666 0.08148148148148149
1 0.1546875 0.8768518518518519 0.171875 0.8861111111111111 0.1796875 0.9009259259259259 0.17916666666666667 0.9083333333333333 0.171875 0.9175925925925926 0.1640625 0.9148148148148149 0.16041666666666668 0.9027777777777778 0.15416666666666667 0.9 0.15052083333333333 0.8925925925925926 0.1453125 0.8898148148148148 0.14739583333333334 0.8796296296296297 0.15416666666666667 0.8768518518518519
1 0.022395833333333334 0.21296296296296297 0.0265625 0.21666666666666667 0.030729166666666665 0.2351851851851852 0.03177083333333333 0.24722222222222223 0.0296875 0.25 0.026041666666666668 0.24722222222222223 0.016145833333333335 0.22407407407407406 0.015104166666666667 0.21666666666666667 0.018229166666666668 0.2111111111111111 0.021875 0.21296296296296297
1 0.7484375 0.1 0.7510416666666667 0.11574074074074074 0.7489583333333333 0.1259259259259259 0.7416666666666667 0.14351851851851852 0.7385416666666667 0.14074074074074075 0.740625 0.11666666666666667 0.74375 0.10462962962962963 0.7479166666666667 0.1
1 0.15729166666666666 0.09166666666666666 0.16145833333333334 0.1 0.16458333333333333 0.11388888888888889 0.165625 0.125 0.16302083333333334 0.12777777777777777 0.16041666666666668 0.1259259259259259 0.15104166666666666 0.09814814814814815 0.15260416666666668 0.09074074074074075 0.15677083333333333 0.09166666666666666
1 0.25833333333333336 0.9342592592592592 0.26145833333333335 0.9388888888888889 0.2635416666666667 0.9546296296296296 0.25833333333333336 0.9740740740740741 0.2526041666666667 0.9694444444444444 0.246875 0.95 0.24791666666666667 0.9351851851851852 0.2578125 0.9342592592592592
1 0.8458333333333333 0.33055555555555555 0.85 0.337037037037037 0.8489583333333334 0.3490740740740741 0.8416666666666667 0.3574074074074074 0.8359375 0.35555555555555557 0.8359375 0.3509259259259259 0.8411458333333334 0.3314814814814815 0.8453125 0.33055555555555555