1 0.271875 0.8787037037037037 0.2755208333333333 0.8972222222222223 0.2755208333333333 0.9092592592592592 0.27239583333333334 0.9333333333333333 0.2703125 0.9361111111111111 0.26510416666666664 0.9342592592592592 0.2609375 0.9018518518518519 0.26145833333333335 0.8907407407407407 0.2640625 0.8842592592592593 0.2677083333333333 0.8787037037037037 0.2713541666666667 0.8787037037037037
1 0.8010416666666667 0.4009259259259259 0.803125 0.4046296296296296 0.8046875 0.4185185185185185 0.8036458333333333 0.4324074074074074 0.796875 0.42962962962962964 0.7901041666666667 0.4425925925925926 0.7864583333333334 0.44166666666666665 0.7895833333333333 0.4222222222222222 0.7963541666666667 0.40370370370370373 0.8005208333333333 0.4009259259259259
1 0.4427083333333333 0.625 0.44947916666666665 0.6407407407407407 0.4505208333333333 0.6527777777777778 0.44947916666666665 0.6675925925925926 0.44479166666666664 0.674074074074074 0.4432291666666667 0.6851851851851852 0.4390625 0.6861111111111111 0.4401041666666667 0.6657407407407407 0.43802083333333336 0.6435185185185185 0.43802083333333336 0.6370370370370371 0.4421875 0.6259259259259259
1 0.459375 0.5925925925925926 0.4640625 0.6092592592592593 0.4630208333333333 0.6324074074074074 0.459375 0.6425925925925926 0.45625 0.6407407407407407 0.4557291666666667 0.6305555555555555 0.4515625 0.6194444444444445 0.45208333333333334 0.6027777777777777 0.45625 0.5925925925925926 0.4588541666666667 0.5925925925925926
1 0.38333333333333336 0.7092592592592593 0.38645833333333335 0.7157407407407408 0.3921875 0.7203703703703703 0.3927083333333333 0.7314814814814815 0.3963541666666667 0.7425925925925926 0.39427083333333335 0.7472222222222222 0.39010416666666664 0.7444444444444445 0.38645833333333335 0.75 0.3854166666666667 0.7620370370370371 0.38333333333333336 0.7666666666666667 0.3807291666666667 0.7657407407407407 0.38177083333333334 0.7583333333333333 0.37864583333333335 0.7287037037037037 0.37916666666666665 0.712037037037037 0.3828125 0.7092592592592593
1 0.06302083333333333 0.33240740740740743 0.06770833333333333 0.3425925925925926 0.07083333333333333 0.3638888888888889 0.07083333333333333 0.36944444444444446 0.06822916666666666 0.37222222222222223 0.0640625 0.37222222222222223 0.0546875 0.3416666666666667 0.057291666666666664 0.33055555555555555 0.0609375 0.3296296296296296 0.0625 0.33240740740740743
1 0.665625 0.24074074074074073 0.6682291666666667 0.24351851851851852 0.66875 0.2564814814814815 0.6645833333333333 0.27870370370370373 0.6604166666666667 0.27685185185185185 0.6604166666666667 0.27037037037037037 0.6625 0.24814814814814815 0.6651041666666667 0.24074074074074073
1 0.5328125 0.41388888888888886 0.5369791666666667 0.42685185185185187 0.5369791666666667 0.43796296296296294 0.5322916666666667 0.44351851851851853 0.528125 0.44166666666666665 0.5270833333333333 0.4324074074074074 0.5291666666666667 0.4148148148148148 0.5322916666666667 0.41388888888888886
1 0.17057291666666666 0.24537037037037038 0.0109375 0.03518518518518519
1 0.39114583333333336 0.6425925925925926 0.39791666666666664 0.6564814814814814 0.39739583333333334 0.675 0.39895833333333336 0.6814814814814815 0.39375 0.6953703703703704 0.38645833333333335 0.6583333333333333 0.3875 0.6444444444444445 0.390625 0.6425925925925926
1 0.5979166666666667 0.29305555555555557 0.009375 0.05092592592592592
1 0.0296875 0.3962962962962963 0.035416666666666666 0.4111111111111111 0.0359375 0.41759259259259257 0.04114583333333333 0.425 0.041666666666666664 0.4287037037037037 0.03854166666666667 0.43425925925925923 0.033854166666666664 0.4324074074074074 0.023958333333333335 0.4111111111111111 0.024479166666666666 0.3990740740740741 0.029166666666666667 0.3962962962962963
1 0.41822916666666665 0.6407407407407407 0.42552083333333335 0.6527777777777778 0.4270833333333333 0.6601851851851852 0.42552083333333335 0.6777777777777778 0.41822916666666665 0.700925925925926 0.415625 0.6990740740740741 0.4161458333333333 0.6833333333333333 0.4125 0.6657407407407407 0.4125 0.6546296296296297 0.41510416666666666 0.6435185185185185 0.41770833333333335 0.6407407407407407
1 0.10520833333333333 0.3527777777777778 0.11041666666666666 0.3685185185185185 0.11197916666666667 0.38333333333333336 0.10989583333333333 0.387037037037037 0.10677083333333333 0.3851851851851852 0.10208333333333333 0.37222222222222223 0.0953125 0.37592592592592594 0.09635416666666667 0.3537037037037037 0.0984375 0.35 0.1046875 0.3527777777777778
1 0.44583333333333336 0.21666666666666667 0.44947916666666665 0.22407407407407406 0.44895833333333335 0.24537037037037038 0.446875 0.24814814814814815 0.4432291666666667 0.24722222222222223 0.4421875 0.2222222222222222 0.4453125 0.2175925925925926
1 0.6770833333333334 0.9175925925925926 0.6786458333333333 0.9194444444444444 0.678125 0.9333333333333333 0.6817708333333333 0.9592592592592593 0.678125 0.962037037037037 0.675 0.9583333333333334 0.6723958333333333 0.9638888888888889 0.6713541666666667 0.9768518518518519 0.66875 0.9814814814814815 0.6651041666666667 0.9768518518518519 0.6666666666666666 0.9657407407407408 0.6645833333333333 0.9611111111111111 0.6541666666666667 0.9694444444444444 0.6536458333333334 0.9592592592592593 0.6572916666666667 0.9416666666666667 0.6640625 0.9277777777777778 0.6765625 0.9175925925925926
1 0.08802083333333334 0.31666666666666665 0.0953125 0.33796296296296297 0.0953125 0.34074074074074073 0.09166666666666666 0.33796296296296297 0.08802083333333334 0.34444444444444444 0.08489583333333334 0.34444444444444444 0.08385416666666666 0.3333333333333333 0.08020833333333334 0.32685185185185184 0.08177083333333333 0.31296296296296294 0.08489583333333334 0.3111111111111111 0.0875 0.31666666666666665
1 0.8661458333333333 0.5916666666666667 0.86875 0.5981481481481481 0.86875 0.6101851851851852 0.8625 0.637962962962963 0.859375 0.6388888888888888 0.8557291666666667 0.6268518518518519 0.8489583333333334 0.6259259259259259 0.8489583333333334 0.6222222222222222 0.865625 0.5925925925925926
1 0.28229166666666666 0.8444444444444444 0.29635416666666664 0.8583333333333333 0.29635416666666664 0.8703703703703703 0.30104166666666665 0.887962962962963 0.3 0.8916666666666667 0.29583333333333334 0.8916666666666667 0.29322916666666665 0.8953703703703704 0.28802083333333334 0.8944444444444445 0.284375 0.8796296296296297 0.27395833333333336 0.862037037037037 0.2755208333333333 0.8388888888888889 0.2791666666666667 0.8388888888888889 0.28177083333333336 0.8444444444444444
1 0.8322916666666667 0.49444444444444446 0.8364583333333333 0.49722222222222223 0.8375 0.5027777777777778 0.8348958333333333 0.5138888888888888 0.8302083333333333 0.5231481481481481 0.828125 0.5370370370370371 0.8255208333333334 0.5388888888888889 0.8208333333333333 0.5333333333333333 0.8203125 0.5259259259259259 0.8276041666666667 0.49722222222222223 0.8317708333333333 0.49444444444444446
1 0.16510416666666666 0.924074074074074 0.17864583333333334 0.9398148148148148 0.18229166666666666 0.9666666666666667 0.18541666666666667 0.975925925925926 0.18541666666666667 0.9814814814814815 0.18229166666666666 0.9842592592592593 0.175 0.9740740740740741 0.17239583333333333 0.9768518518518519 0.17135416666666667 0.9833333333333333 0.17083333333333334 0.9731481481481481 0.16458333333333333 0.9666666666666667 0.16145833333333334 0.9583333333333334 0.159375 0.9277777777777778 0.1609375 0.924074074074074 0.16458333333333333 0.924074074074074
1 0.14791666666666667 0.2638888888888889 0.15364583333333334 0.27314814814814814 0.15520833333333334 0.28888888888888886 0.15416666666666667 0.2962962962962963 0.15052083333333333 0.2962962962962963 0.14895833333333333 0.2851851851851852 0.14375 0.27685185185185185 0.14322916666666666 0.2712962962962963 0.14739583333333334 0.2638888888888889
1 0.453125 0.5675925925925925 0.4588541666666667 0.5879629629629629 0.45260416666666664 0.6074074074074074 0.44947916666666665 0.6064814814814815 0.44479166666666664 0.5898148148148148 0.44583333333333336 0.5768518518518518 0.45 0.5675925925925925 0.45260416666666664 0.5675925925925925
1 0.24114583333333334 0.7777777777777778 0.2520833333333333 0.7953703703703704 0.2546875 0.8175925925925925 0.2546875 0.8240740740740741 0.2526041666666667 0.825925925925926 0.25 0.825 0.24739583333333334 0.8166666666666667 0.2421875 0.8101851851851852 0.23645833333333333 0.7898148148148149 0.23697916666666666 0.7796296296296297 0.240625 0.7777777777777778
1 0.5895833333333333 0.44814814814814813 0.5932291666666667 0.45555555555555555 0.59375 0.4638888888888889 0.590625 0.47685185185185186 0.5911458333333334 0.487962962962963 0.5854166666666667 0.49537037037037035 0.5828125 0.49444444444444446 0.58125 0.4583333333333333 0.5848958333333333 0.44907407407407407 0.5890625 0.44814814814814813
1 0.6015625 0.23981481481481481 0.009375 0.040740740740740744
1 0.1578125 0.2657407407407407 0.1609375 0.2657407407407407 0.165625 0.2722222222222222 0.16510416666666666 0.2824074074074074 0.16927083333333334 0.2898148148148148 0.16927083333333334 0.2935185185185185 0.16458333333333333 0.30092592592592593 0.16145833333333334 0.3 0.16145833333333334 0.2898148148148148 0.15677083333333333 0.27685185185185185 0.1578125 0.26666666666666666
1 0.10572916666666667 0.32685185185185184 0.109375 0.3277777777777778 0.11614583333333334 0.3388888888888889 0.12239583333333333 0.3731481481481482 0.12083333333333333 0.37962962962962965 0.11614583333333334 0.37777777777777777 0.10572916666666667 0.3388888888888889 0.10572916666666667 0.3277777777777778
1 0.0203125 0.4064814814814815 0.03177083333333333 0.4305555555555556 0.03854166666666667 0.4388888888888889 0.0359375 0.44351851851851853 0.0328125 0.44166666666666665 0.030208333333333334 0.4527777777777778 0.0265625 0.45555555555555555 0.021875 0.43425925925925923 0.018229166666666668 0.4287037037037037 0.016145833333333335 0.41944444444444445 0.016145833333333335 0.40925925925925927 0.017708333333333333 0.40555555555555556 0.019791666666666666 0.4064814814814815
1 0.9723958333333333 0.6425925925925926 0.9760416666666667 0.6611111111111111 0.9755208333333333 0.6675925925925926 0.9609375 0.6712962962962963 0.9494791666666667 0.6851851851851852 0.9473958333333333 0.6787037037037037 0.9598958333333333 0.6592592592592592 0.9645833333333333 0.6425925925925926 0.9666666666666667 0.6398148148148148 0.971875 0.6425925925925926
1 0.5848958333333333 0.33611111111111114 0.5880208333333333 0.33796296296296297 0.5895833333333333 0.34629629629629627 0.5864583333333333 0.3675925925925926 0.584375 0.3685185185185185 0.5791666666666667 0.35185185185185186 0.5796875 0.34444444444444444 0.584375 0.337037037037037
1 0.1296875 0.9805555555555555 0.13385416666666666 0.9879629629629629 0.14375 0.9916666666666667 0.146875 0.9990740740740741 0.121875 0.9990740740740741 0.12291666666666666 0.9851851851851852 0.12552083333333333 0.9805555555555555 0.12916666666666668 0.9805555555555555
1 0.5463541666666667 0.4185185185185185 0.55 0.4305555555555556 0.5463541666666667 0.4462962962962963 0.5390625 0.4388888888888889 0.5390625 0.42777777777777776 0.5432291666666667 0.4185185185185185 0.5458333333333333 0.4185185185185185
1 0.8109375 0.5879629629629629 0.8130208333333333 0.5944444444444444 0.8140625 0.6138888888888889 0.8098958333333334 0.6287037037037037 0.8010416666666667 0.6435185185185185 0.7984375 0.6435185185185185 0.796875 0.6370370370370371 0.8020833333333334 0.6129629629629629 0.8015625 0.6018518518518519 0.80625 0.5953703703703703 0.8078125 0.5888888888888889 0.8104166666666667 0.5879629629629629
1 0.5192708333333333 0.4101851851851852 0.5255208333333333 0.4212962962962963 0.5260416666666666 0.42685185185185187 0.5229166666666667 0.43796296296296294 0.5229166666666667 0.4462962962962963 0.51875 0.45092592592592595 0.5135416666666667 0.4287037037037037 0.5135416666666667 0.4212962962962963 0.5161458333333333 0.41203703703703703 0.51875 0.4101851851851852
1 0.296875 0.1425925925925926 0.3 0.15185185185185185 0.3 0.17962962962962964 0.296875 0.1787037037037037 0.2916666666666667 0.15925925925925927 0.2916666666666667 0.14722222222222223 0.29635416666666664 0.1425925925925926
1 0.5901041666666667 0.2625 0.011458333333333333 0.041666666666666664
1 0.578125 0.24074074074074073 0.5817708333333333 0.23981481481481481 0.5848958333333333 0.25555555555555554 0.5796875 0.275 0.5776041666666667 0.27685185185185185 0.5755208333333334 0.25092592592592594 0.578125 0.24166666666666667
1 0.7010416666666667 0.5083333333333333 0.70625 0.5009259259259259 0.7098958333333333 0.5 0.7130208333333333 0.5111111111111111 0.7119791666666667 0.5222222222222223 0.7098958333333333 0.524074074074074 0.7010416666666667 0.5157407407407407 0.7010416666666667 0.5092592592592593
1 0.1796875 0.8416666666666667 0.18229166666666666 0.8453703703703703 0.1890625 0.8453703703703703 0.19479166666666667 0.8518518518518519 0.1953125 0.8638888888888889 0.20052083333333334 0.8833333333333333 0.19947916666666668 0.8916666666666667 0.196875 0.8944444444444445 0.18854166666666666 0.8805555555555555 0.18177083333333333 0.8787037037037037 0.1765625 0.8694444444444445 0.175 0.8444444444444444 0.17916666666666667 0.8416666666666667
1 0.5984375 0.21388888888888888 0.6010416666666667 0.22407407407407406 0.5973958333333333 0.23981481481481481 0.5958333333333333 0.24259259259259258 0.5942708333333333 0.23981481481481481 0.5942708333333333 0.22037037037037038 0.5953125 0.21574074074074073 0.5979166666666667 0.21481481481481482