0 0.7359375 0.125 0.7416666666666667 0.1287037037037037 0.7520833333333333 0.1537037037037037 0.74375 0.16203703703703703 0.734375 0.18518518518518517 0.7203125 0.1675925925925926 0.715625 0.14629629629629629 0.7177083333333333 0.12962962962962962 0.7239583333333334 0.1259259259259259 0.7354166666666667 0.125
0 0.040625 0.36018518518518516 0.050520833333333334 0.36666666666666664 0.057291666666666664 0.3768518518518518 0.05520833333333333 0.39351851851851855 0.053125 0.3962962962962963 0.04635416666666667 0.38055555555555554 0.042708333333333334 0.38055555555555554 0.0421875 0.3888888888888889 0.049479166666666664 0.40370370370370373 0.023958333333333335 0.42685185185185187 0.0109375 0.44537037037037036 0.005729166666666666 0.44907407407407407 0 0.44722222222222224 0 0.38981481481481484 0.03125 0.36203703703703705 0.04010416666666667 0.36018518518518516
0 0.328125 0.46944444444444444 0.33489583333333334 0.475 0.3572916666666667 0.47685185185185186 0.36302083333333335 0.49166666666666664 0.3645833333333333 0.5194444444444445 0.36302083333333335 0.5314814814814814 0.35208333333333336 0.5462962962962963 0.3380208333333333 0.5444444444444444 0.31145833333333334 0.5509259259259259 0.3026041666666667 0.5555555555555556 0.29635416666666664 0.5648148148148148 0.290625 0.5666666666666667 0.28072916666666664 0.5564814814814815 0.26875 0.5287037037037037 0.26875 0.5157407407407407 0.271875 0.5064814814814815 0.27239583333333334 0.4925925925925926 0.275 0.48333333333333334 0.3145833333333333 0.46944444444444444 0.32760416666666664 0.46944444444444444
0 0.21770833333333334 0.6935185185185185 0.234375 0.7027777777777777 0.24479166666666666 0.7203703703703703 0.24895833333333334 0.7333333333333333 0.24583333333333332 0.7555555555555555 0.22604166666666667 0.7787037037037037 0.19791666666666666 0.8305555555555556 0.19010416666666666 0.8518518518518519 0.178125 0.862037037037037 0.16822916666666668 0.8657407407407407 0.15729166666666666 0.8555555555555555 0.14739583333333334 0.837037037037037 0.1453125 0.8222222222222222 0.14739583333333334 0.8064814814814815 0.16770833333333332 0.7574074074074074 0.18541666666666667 0.725 0.20520833333333333 0.6962962962962963 0.20989583333333334 0.6925925925925925 0.2171875 0.6935185185185185
0 0.8020833333333334 0.34444444444444444 0.8192708333333333 0.35462962962962963 0.8385416666666666 0.3768518518518518 0.8401041666666667 0.42314814814814816 0.83125 0.4351851851851852 0.8104166666666667 0.43333333333333335 0.7989583333333333 0.4203703703703704 0.7989583333333333 0.4 0.7942708333333334 0.3611111111111111 0.7958333333333333 0.34814814814814815 0.7994791666666666 0.3435185185185185 0.8015625 0.34444444444444444
0 0.784375 0.487962962962963 0.8145833333333333 0.4981481481481482 0.81875 0.5120370370370371 0.8197916666666667 0.55 0.8161458333333333 0.5574074074074075 0.7776041666666667 0.5537037037037037 0.771875 0.5611111111111111 0.7671875 0.5611111111111111 0.7619791666666667 0.5537037037037037 0.759375 0.5425925925925926 0.7588541666666667 0.5203703703703704 0.7619791666666667 0.5083333333333333 0.7697916666666667 0.4925925925925926 0.7760416666666666 0.487962962962963 0.7838541666666666 0.487962962962963
0 0.6854166666666667 0.6861111111111111 0.70625 0.687037037037037 0.7182291666666667 0.6981481481481482 0.7359375 0.7018518518518518 0.7463541666666667 0.7138888888888889 0.753125 0.7490740740740741 0.7510416666666667 0.7731481481481481 0.7473958333333334 0.7833333333333333 0.728125 0.7953703703703704 0.7223958333333333 0.7935185185185185 0.7119791666666667 0.7833333333333333 0.6984375 0.7796296296296297 0.6677083333333333 0.7759259259259259 0.6583333333333333 0.7833333333333333 0.6505208333333333 0.7833333333333333 0.6333333333333333 0.7620370370370371 0.6307291666666667 0.7435185185185185 0.6307291666666667 0.7194444444444444 0.6328125 0.7018518518518518 0.6375 0.6888888888888889 0.6427083333333333 0.6861111111111111 0.6848958333333334 0.6861111111111111
1 0.2552083333333333 0.9740740740740741 0.26458333333333334 0.9916666666666667 0.265625 0.9990740740740741 0.24479166666666666 0.9990740740740741 0.24427083333333333 0.9805555555555555 0.2484375 0.9740740740740741 0.2546875 0.9740740740740741
1 0.8567708333333334 0.18055555555555555 0.8578125 0.18703703703703703 0.85625 0.1962962962962963 0.8453125 0.2222222222222222 0.8416666666666667 0.21944444444444444 0.8484375 0.19166666666666668 0.853125 0.1814814814814815 0.85625 0.18055555555555555
1 0.4375 0.6333333333333333 0.4401041666666667 0.637962962962963 0.440625 0.6574074074074074 0.4354166666666667 0.6759259259259259 0.4322916666666667 0.6759259259259259 0.43072916666666666 0.6712962962962963 0.4265625 0.6388888888888888 0.4317708333333333 0.6305555555555555 0.43697916666666664 0.6333333333333333
1 0.22604166666666667 0.18333333333333332 0.22864583333333333 0.19074074074074074 0.23072916666666668 0.21296296296296297 0.22760416666666666 0.21203703703703702 0.2234375 0.2037037037037037 0.22135416666666666 0.18518518518518517 0.2234375 0.18055555555555555 0.22552083333333334 0.18333333333333332
1 0.6401041666666667 0.1824074074074074 0.64375 0.19444444444444445 0.64375 0.20185185185185187 0.640625 0.20833333333333334 0.6395833333333333 0.21944444444444444 0.6369791666666667 0.22407407407407406 0.6359375 0.2212962962962963 0.634375 0.19907407407407407 0.6369791666666667 0.18611111111111112 0.6395833333333333 0.18333333333333332
1 0.55 0.39444444444444443 0.5567708333333333 0.4 0.559375 0.4064814814814815 0.5552083333333333 0.44537037037037036 0.5526041666666667 0.45 0.5453125 0.41203703703703703 0.5458333333333333 0.4046296296296296 0.55 0.39537037037037037
1 0.36770833333333336 0.08981481481481482 0.3703125 0.09537037037037037 0.3729166666666667 0.12407407407407407 0.36614583333333334 0.12222222222222222 0.3640625 0.09444444444444444 0.3671875 0.08981481481481482
1 0.6609375 0.11481481481481481 0.6651041666666667 0.11574074074074074 0.6677083333333333 0.12685185185185185 0.6645833333333333 0.1537037037037037 0.6614583333333334 0.1537037037037037 0.659375 0.13518518518518519 0.6609375 0.11574074074074074
1 0.6140625 0.5407407407407407 0.6203125 0.55 0.6213541666666667 0.5694444444444444 0.6192708333333333 0.5833333333333334 0.615625 0.5842592592592593 0.6130208333333333 0.5777777777777777 0.6114583333333333 0.5796296296296296 0.60625 0.600925925925926 0.6036458333333333 0.5981481481481481 0.6067708333333334 0.5833333333333334 0.609375 0.5472222222222223 0.6135416666666667 0.5407407407407407
1 0.7833333333333333 0.9833333333333333 0.7901041666666667 0.9990740740740741 0.76875 0.9990740740740741 0.7765625 0.9925925925925926 0.7802083333333333 0.9833333333333333 0.7828125 0.9833333333333333
1 0.8294270833333334 0.29583333333333334 0.016145833333333335 0.04351851851851852
1 0.2755208333333333 0.12962962962962962 0.2791666666666667 0.14907407407407408 0.28177083333333336 0.1537037037037037 0.2760416666666667 0.15925925925925927 0.271875 0.14722222222222223 0.2713541666666667 0.1398148148148148 0.271875 0.1287037037037037 0.275 0.12962962962962962
1 0.359375 0.9083333333333333 0.3640625 0.9111111111111111 0.3697916666666667 0.9203703703703704 0.375 0.9212962962962963 0.375 0.9268518518518518 0.3651041666666667 0.9601851851851851 0.35989583333333336 0.9703703703703703 0.3578125 0.9685185185185186 0.35833333333333334 0.9555555555555556 0.35625 0.9407407407407408 0.3494791666666667 0.9296296296296296 0.3416666666666667 0.9351851851851852 0.35208333333333336 0.9083333333333333 0.35885416666666664 0.9083333333333333
1 0.053125 0.375 0.05520833333333333 0.39351851851851855 0.0625 0.4074074074074074 0.05364583333333333 0.40370370370370373 0.0515625 0.4064814814814815 0.05 0.4185185185185185 0.03958333333333333 0.3824074074074074 0.04635416666666667 0.37407407407407406 0.05260416666666667 0.375
1 0.3072916666666667 0.10925925925925926 0.3067708333333333 0.10277777777777777 0.3020833333333333 0.09537037037037037 0.30364583333333334 0.08055555555555556 0.3072916666666667 0.08055555555555556 0.309375 0.08703703703703704 0.3109375 0.10925925925925926 0.3078125 0.10925925925925926
1 0.3703125 0.649074074074074 0.38229166666666664 0.6703703703703704 0.3807291666666667 0.6787037037037037 0.38177083333333334 0.6898148148148148 0.3729166666666667 0.7129629629629629 0.3697916666666667 0.7101851851851851 0.37135416666666665 0.6916666666666667 0.36666666666666664 0.674074074074074 0.365625 0.6592592592592592 0.36614583333333334 0.6509259259259259 0.3697916666666667 0.649074074074074
1 0.22395833333333334 0.30277777777777776 0.22708333333333333 0.3037037037037037 0.23229166666666667 0.31203703703703706 0.23697916666666666 0.34629629629629627 0.234375 0.35185185185185186 0.22395833333333334 0.32407407407407407 0.22239583333333332 0.31666666666666665 0.22395833333333334 0.3037037037037037
1 0.3796875 0.09166666666666666 0.3802083333333333 0.10925925925925926 0.38229166666666664 0.11574074074074074 0.3807291666666667 0.12222222222222222 0.37447916666666664 0.11388888888888889 0.371875 0.09907407407407408 0.37395833333333334 0.08518518518518518 0.3765625 0.08425925925925926 0.37916666666666665 0.09166666666666666
1 0.5432291666666667 0.5675925925925925 0.5432291666666667 0.5527777777777778 0.540625 0.5472222222222223 0.540625 0.5314814814814814 0.5380208333333333 0.524074074074074 0.54375 0.5111111111111111 0.5463541666666667 0.5111111111111111 0.5520833333333334 0.525 0.5520833333333334 0.5361111111111111 0.5463541666666667 0.5685185185185185 0.54375 0.5675925925925925
1 0.2557291666666667 0.16620370370370371 0.010416666666666666 0.03611111111111111
1 0.4552083333333333 0.5574074074074075 0.4588541666666667 0.5675925925925925 0.45625 0.5805555555555556 0.45364583333333336 0.575 0.44947916666666665 0.5805555555555556 0.44635416666666666 0.5796296296296296 0.44479166666666664 0.5675925925925925 0.4484375 0.5583333333333333 0.4546875 0.5574074074074075
1 0.2630208333333333 0.16435185185185186 0.011458333333333333 0.03981481481481482
1 0.9541666666666667 0.5833333333333334 0.95625 0.5888888888888889 0.9432291666666667 0.6175925925925926 0.9416666666666667 0.6333333333333333 0.9359375 0.649074074074074 0.93125 0.6472222222222223 0.9265625 0.637962962962963 0.9208333333333333 0.6361111111111111 0.91875 0.6305555555555555 0.928125 0.6157407407407407 0.9359375 0.5972222222222222 0.9494791666666667 0.5833333333333334 0.9536458333333333 0.5833333333333334
1 0.4953125 0.5101851851851852 0.5015625 0.5175925925925926 0.5026041666666666 0.5388888888888889 0.5005208333333333 0.5509259259259259 0.49114583333333334 0.5601851851851852 0.49166666666666664 0.5166666666666667 0.4947916666666667 0.5101851851851852
1 0.5541666666666667 0.5990740740740741 0.5572916666666666 0.6037037037037037 0.5588541666666667 0.6296296296296297 0.5583333333333333 0.6407407407407407 0.5546875 0.6527777777777778 0.55 0.65 0.5479166666666667 0.6166666666666667 0.5484375 0.6101851851851852 0.5536458333333333 0.5990740740740741
1 0.18333333333333332 0.9009259259259259 0.1890625 0.9101851851851852 0.18958333333333333 0.9185185185185185 0.1921875 0.9231481481481482 0.2015625 0.9287037037037037 0.203125 0.9333333333333333 0.2 0.937962962962963 0.19322916666666667 0.9342592592592592 0.1875 0.9351851851851852 0.18541666666666667 0.9416666666666667 0.1875 0.9546296296296296 0.18229166666666666 0.9629629629629629 0.18072916666666666 0.9611111111111111 0.18072916666666666 0.950925925925926 0.17708333333333334 0.9342592592592592 0.165625 0.9194444444444444 0.1640625 0.9111111111111111 0.16875 0.9055555555555556 0.1828125 0.9009259259259259
1 0.4114583333333333 0.6370370370370371 0.415625 0.6361111111111111 0.421875 0.6425925925925926 0.4244791666666667 0.6777777777777778 0.4171875 0.6925925925925925 0.41354166666666664 0.6925925925925925 0.41041666666666665 0.6509259259259259 0.4114583333333333 0.637962962962963
1 0.3729166666666667 0.04259259259259259 0.3770833333333333 0.06666666666666667 0.3729166666666667 0.07314814814814814 0.3697916666666667 0.07037037037037037 0.36822916666666666 0.05740740740740741 0.36822916666666666 0.044444444444444446 0.3692708333333333 0.041666666666666664 0.3723958333333333 0.04259259259259259
1 0.2421875 0.17314814814814813 0.24479166666666666 0.175 0.24895833333333334 0.19166666666666668 0.25 0.20555555555555555 0.24791666666666667 0.20925925925925926 0.2453125 0.2074074074074074 0.23802083333333332 0.18518518518518517 0.23802083333333332 0.1787037037037037 0.24166666666666667 0.17314814814814813
1 0.015104166666666667 0.3925925925925926 0.022395833333333334 0.40555555555555556 0.024479166666666666 0.41388888888888886 0.0328125 0.42685185185185187 0.033854166666666664 0.43148148148148147 0.029166666666666667 0.4351851851851852 0.0234375 0.43148148148148147 0.024479166666666666 0.4287037037037037 0.022916666666666665 0.42592592592592593 0.015104166666666667 0.425 0.0125 0.4212962962962963 0.011458333333333333 0.4111111111111111 0.00625 0.3972222222222222 0.008333333333333333 0.3925925925925926 0.014583333333333334 0.3925925925925926
1 0.075 0.38055555555555554 0.075 0.3685185185185185 0.07760416666666667 0.362962962962963 0.08072916666666667 0.36574074074074076 0.0828125 0.37407407407407406 0.0796875 0.37962962962962965 0.07552083333333333 0.38055555555555554
1 0.64375 0.12314814814814815 0.6463541666666667 0.1259259259259259 0.6473958333333333 0.13518518518518519 0.6473958333333333 0.15092592592592594 0.64375 0.16018518518518518 0.640625 0.16018518518518518 0.640625 0.13518518518518519 0.64375 0.12407407407407407
1 0.3359375 0.7157407407407408 0.3380208333333333 0.725925925925926 0.3421875 0.7314814814814815 0.34479166666666666 0.7444444444444445 0.3489583333333333 0.7537037037037037 0.35 0.7703703703703704 0.3458333333333333 0.775 0.34010416666666665 0.7722222222222223 0.3390625 0.7555555555555555 0.33229166666666665 0.7481481481481481 0.32760416666666664 0.7324074074074074 0.3307291666666667 0.7175925925925926 0.33541666666666664 0.7157407407407408
1 0.671875 0.18518518518518517 0.6765625 0.1962962962962963 0.6708333333333333 0.22962962962962963 0.6666666666666666 0.22962962962962963 0.6661458333333333 0.20925925925925926 0.6677083333333333 0.1962962962962963 0.6713541666666667 0.18611111111111112
1 0.6276041666666666 0.2518518518518518 0.6333333333333333 0.262037037037037 0.6338541666666667 0.27314814814814814 0.6307291666666667 0.28888888888888886 0.6265625 0.2898148148148148 0.6234375 0.29814814814814816 0.621875 0.2962962962962963 0.6234375 0.2675925925925926 0.6270833333333333 0.2518518518518518
1 0.29322916666666665 0.1111111111111111 0.296875 0.11481481481481481 0.30052083333333335 0.14074074074074075 0.296875 0.14351851851851852 0.29270833333333335 0.13055555555555556 0.2911458333333333 0.12314814814814815 0.29270833333333335 0.11203703703703703
1 0.35208333333333336 0.06111111111111111 0.35625 0.07037037037037037 0.35833333333333334 0.08703703703703704 0.35833333333333334 0.09166666666666666 0.353125 0.09444444444444444 0.3489583333333333 0.07777777777777778 0.3489583333333333 0.06481481481481481 0.3515625 0.06111111111111111
1 0.20677083333333332 0.19166666666666668 0.21302083333333333 0.19907407407407407 0.2140625 0.2111111111111111 0.21875 0.22314814814814815 0.2171875 0.22592592592592592 0.209375 0.22407407407407406 0.20677083333333332 0.22037037037037038 0.20677083333333332 0.2101851851851852 0.20416666666666666 0.19907407407407407 0.20416666666666666 0.1935185185185185 0.20625 0.19166666666666668
1 0.09947916666666666 0.3055555555555556 0.1015625 0.30277777777777776 0.10572916666666667 0.3037037037037037 0.1109375 0.32037037037037036 0.11770833333333333 0.33240740740740743 0.11614583333333334 0.33796296296296297 0.1125 0.33425925925925926 0.10989583333333333 0.34444444444444444 0.10625 0.3453703703703704 0.10572916666666667 0.3296296296296296 0.09895833333333333 0.3138888888888889 0.09947916666666666 0.30648148148148147
1 0.2203125 0.16203703703703703 0.22447916666666667 0.1675925925925926 0.22604166666666667 0.175 0.22447916666666667 0.18333333333333332 0.2203125 0.19074074074074074 0.21666666666666667 0.17777777777777778 0.21666666666666667 0.16296296296296298 0.21979166666666666 0.16203703703703703
1 0.45625 0.5740740740740741 0.4583333333333333 0.5888888888888889 0.45729166666666665 0.6037037037037037 0.459375 0.612037037037037 0.459375 0.6194444444444445 0.45729166666666665 0.6222222222222222 0.453125 0.6157407407407407 0.4479166666666667 0.5842592592592593 0.4479166666666667 0.5805555555555556 0.45260416666666664 0.5731481481481482 0.4557291666666667 0.5740740740740741
1 0.8671875 0.19722222222222222 0.8729166666666667 0.20092592592592592 0.8729166666666667 0.20833333333333334 0.8671875 0.2175925925925926 0.8625 0.23425925925925925 0.8588541666666667 0.23333333333333334 0.8583333333333333 0.225 0.8614583333333333 0.21388888888888888 0.8614583333333333 0.2037037037037037 0.8666666666666667 0.19722222222222222
1 0.7286458333333333 0.5231481481481481 0.7317708333333334 0.5398148148148149 0.7197916666666667 0.5916666666666667 0.7166666666666667 0.5907407407407408 0.7166666666666667 0.5435185185185185 0.725 0.525 0.728125 0.5231481481481481
1 0.4432291666666667 0.462037037037037 0.45260416666666664 0.47685185185185186 0.45260416666666664 0.4842592592592593 0.44583333333333336 0.5157407407407407 0.44427083333333334 0.512962962962963 0.44427083333333334 0.4981481481481482 0.43854166666666666 0.47685185185185186 0.4401041666666667 0.4666666666666667 0.4427083333333333 0.462037037037037
1 0.4875 0.43425925925925923 0.49583333333333335 0.4527777777777778 0.49583333333333335 0.4564814814814815 0.49322916666666666 0.46111111111111114 0.49114583333333334 0.4759259259259259 0.48489583333333336 0.4888888888888889 0.48489583333333336 0.46574074074074073 0.4791666666666667 0.45925925925925926 0.48333333333333334 0.4351851851851852 0.4869791666666667 0.43425925925925923
1 0.32447916666666665 0.08611111111111111 0.328125 0.09166666666666666 0.32916666666666666 0.09907407407407408 0.3296875 0.11574074074074074 0.32708333333333334 0.1175925925925926 0.3229166666666667 0.11574074074074074 0.31927083333333334 0.1 0.3203125 0.08796296296296297 0.32395833333333335 0.08611111111111111
1 0.48125 0.5768518518518518 0.4875 0.5851851851851851 0.490625 0.6157407407407407 0.4895833333333333 0.6222222222222222 0.484375 0.6222222222222222 0.48125 0.6268518518518519 0.4791666666666667 0.6259259259259259 0.47708333333333336 0.6 0.47760416666666666 0.5814814814814815 0.48072916666666665 0.5768518518518518
1 0.18958333333333333 0.1638888888888889 0.1921875 0.16666666666666666 0.19895833333333332 0.18796296296296297 0.19895833333333332 0.1925925925925926 0.19583333333333333 0.19537037037037036 0.190625 0.18981481481481483 0.18541666666666667 0.17407407407407408 0.18541666666666667 0.1675925925925926 0.1890625 0.1638888888888889
1 0.6234375 0.20277777777777778 0.6265625 0.20277777777777778 0.6302083333333334 0.21574074074074073 0.6270833333333333 0.23703703703703705 0.6229166666666667 0.24444444444444444 0.6203125 0.2175925925925926 0.6234375 0.2037037037037037
1 0.5135416666666667 0.7342592592592593 0.5161458333333333 0.7453703703703703 0.5203125 0.7518518518518519 0.5203125 0.7574074074074074 0.515625 0.7685185185185185 0.5119791666666667 0.7962962962962963 0.5083333333333333 0.7962962962962963 0.5088541666666667 0.7768518518518519 0.5052083333333334 0.7685185185185185 0.5046875 0.7481481481481481 0.5078125 0.7444444444444445 0.509375 0.7351851851851852 0.5130208333333334 0.7342592592592593
1 0.31927083333333334 0.8712962962962963 0.328125 0.8740740740740741 0.3333333333333333 0.887962962962963 0.3390625 0.8907407407407407 0.340625 0.8944444444444445 0.3385416666666667 0.9064814814814814 0.3265625 0.9083333333333333 0.3182291666666667 0.924074074074074 0.315625 0.9231481481481482 0.3177083333333333 0.912962962962963 0.3140625 0.8898148148148148 0.3098958333333333 0.8824074074074074 0.31302083333333336 0.875 0.31875 0.8712962962962963
1 0.36354166666666665 0.662962962962963 0.36666666666666664 0.6712962962962963 0.36822916666666666 0.6888888888888889 0.35989583333333336 0.7101851851851851 0.3567708333333333 0.7074074074074074 0.3515625 0.6620370370370371 0.3536458333333333 0.6518518518518519 0.3567708333333333 0.65 0.36302083333333335 0.662962962962963