0 0.7333333333333333 0.05462962962962963 0.7421875 0.062037037037037036 0.75 0.08703703703703704 0.7515625 0.11944444444444445 0.746875 0.13703703703703704 0.7229166666666667 0.13333333333333333 0.7192708333333333 0.1259259259259259 0.7130208333333333 0.09722222222222222 0.7125 0.06759259259259259 0.7145833333333333 0.06296296296296296 0.721875 0.05462962962962963 0.7328125 0.05462962962962963
0 0.425 0.8462962962962963 0.4276041666666667 0.8518518518518519 0.4276041666666667 0.862037037037037 0.425 0.8731481481481481 0.41302083333333334 0.8935185185185185 0.4114583333333333 0.9037037037037037 0.4083333333333333 0.9083333333333333 0.4046875 0.9231481481481482 0.3984375 0.9324074074074075 0.39375 0.9462962962962963 0.39010416666666664 0.9462962962962963 0.3885416666666667 0.937037037037037 0.39166666666666666 0.9046296296296297 0.40260416666666665 0.8824074074074074 0.4114583333333333 0.8555555555555555 0.41510416666666666 0.85 0.4244791666666667 0.8462962962962963
0 0.08333333333333333 0.30648148148148147 0.11197916666666667 0.33055555555555555 0.1140625 0.3435185185185185 0.0828125 0.3990740740740741 0.06927083333333334 0.39351851851851855 0.06041666666666667 0.3851851851851852 0.05572916666666667 0.36944444444444446 0.0484375 0.35462962962962963 0.049479166666666664 0.34444444444444444 0.057291666666666664 0.3296296296296296 0.0734375 0.30925925925925923 0.07760416666666667 0.3055555555555556 0.0828125 0.30648148148148147
0 0.5359375 0.022222222222222223 0.5401041666666667 0.02962962962962963 0.5416666666666666 0.04351851851851852 0.5364583333333334 0.08796296296296297 0.534375 0.09259259259259259 0.5291666666666667 0.09444444444444444 0.5166666666666667 0.09351851851851851 0.5109375 0.08888888888888889 0.5104166666666666 0.053703703703703705 0.5140625 0.046296296296296294 0.5166666666666667 0.032407407407407406 0.521875 0.022222222222222223 0.5354166666666667 0.022222222222222223
0 0.19947916666666668 0.03611111111111111 0.203125 0.04351851851851852 0.2046875 0.05555555555555555 0.21145833333333333 0.07037037037037037 0.2 0.09259259259259259 0.19583333333333333 0.09444444444444444 0.175 0.08981481481481482 0.17135416666666667 0.08425925925925926 0.1703125 0.06574074074074074 0.17760416666666667 0.044444444444444446 0.18072916666666666 0.040740740740740744 0.19895833333333332 0.03611111111111111
0 0.9864583333333333 0.8703703703703703 0.9994791666666667 0.8759259259259259 0.9994791666666667 0.9601851851851851 0.9755208333333333 0.9546296296296296 0.9630208333333333 0.9564814814814815 0.9588541666666667 0.9527777777777777 0.9557291666666666 0.9444444444444444 0.95 0.8935185185185185 0.9510416666666667 0.8805555555555555 0.9661458333333334 0.8731481481481481 0.9859375 0.8703703703703703
0 0.0546875 0.41388888888888886 0.0734375 0.41759259259259257 0.07604166666666666 0.4212962962962963 0.0765625 0.4305555555555556 0.0703125 0.44907407407407407 0.0515625 0.47129629629629627 0.0421875 0.4703703703703704 0.0359375 0.46296296296296297 0.035416666666666666 0.45925925925925926 0.0390625 0.45 0.03802083333333333 0.4444444444444444 0.022395833333333334 0.4388888888888889 0.0296875 0.42314814814814816 0.036458333333333336 0.4148148148148148 0.05416666666666667 0.41388888888888886
0 0.14375 0.6574074074074074 0.15104166666666666 0.675 0.15104166666666666 0.6814814814814815 0.14791666666666667 0.6898148148148148 0.1171875 0.7407407407407407 0.109375 0.7472222222222222 0.103125 0.7444444444444445 0.0984375 0.7333333333333333 0.09947916666666666 0.7101851851851851 0.10833333333333334 0.6861111111111111 0.10989583333333333 0.675 0.115625 0.6675925925925926 0.12447916666666667 0.6638888888888889 0.12708333333333333 0.6675925925925926 0.1265625 0.675 0.12083333333333333 0.6851851851851852 0.12083333333333333 0.6925925925925925 0.13333333333333333 0.6907407407407408 0.1375 0.6777777777777778 0.1375 0.6703703703703704 0.134375 0.6666666666666666 0.134375 0.6583333333333333 0.14322916666666666 0.6574074074074074
0 0.1921875 0 0.29010416666666666 0 0.28854166666666664 0.008333333333333333 0.26458333333333334 0.03796296296296296 0.25885416666666666 0.05462962962962963 0.2552083333333333 0.058333333333333334 0.24791666666666667 0.058333333333333334 0.234375 0.07222222222222222 0.21666666666666667 0.0712962962962963 0.2109375 0.06759259259259259 0.20625 0.06018518518518518 0.20052083333333334 0.03518518518518519 0.19166666666666668 0.012037037037037037 0.1921875 0.000925925925925926
0 0.9119791666666667 0.5648148148148148 0.9390625 0.5731481481481482 0.9666666666666667 0.5916666666666667 0.9828125 0.6129629629629629 0.9994791666666667 0.6296296296296297 0.9994791666666667 0.6435185185185185 0.9973958333333334 0.6453703703703704 0.9973958333333334 0.6546296296296297 0.9994791666666667 0.6555555555555556 0.9994791666666667 0.7 0.9953125 0.700925925925926 0.9765625 0.6990740740740741 0.9645833333333333 0.6833333333333333 0.9510416666666667 0.6722222222222223 0.921875 0.6537037037037037 0.9130208333333333 0.6546296296296297 0.9036458333333334 0.65 0.8921875 0.6240740740740741 0.890625 0.5962962962962963 0.8916666666666667 0.5879629629629629 0.8979166666666667 0.5703703703703704 0.903125 0.5638888888888889 0.9114583333333334 0.5648148148148148
0 0.0484375 0.5731481481481482 0.07395833333333333 0.5824074074074074 0.08854166666666667 0.5953703703703703 0.08802083333333334 0.6037037037037037 0.08177083333333333 0.6259259259259259 0.06197916666666667 0.6648148148148149 0.058333333333333334 0.6824074074074075 0.052083333333333336 0.6888888888888889 0.03958333333333333 0.6888888888888889 0.0296875 0.6814814814814815 0.026041666666666668 0.6712962962962963 0.011458333333333333 0.6574074074074074 0.00625 0.6472222222222223 0.00625 0.6361111111111111 0.013541666666666667 0.6166666666666667 0.03958333333333333 0.5777777777777777 0.04791666666666667 0.5731481481481482
0 0.5203125 0.8342592592592593 0.5260416666666666 0.8462962962962963 0.5296875 0.8666666666666667 0.5359375 0.8694444444444445 0.5390625 0.8805555555555555 0.5375 0.9268518518518518 0.5302083333333333 0.9416666666666667 0.5255208333333333 0.937037037037037 0.5234375 0.9259259259259259 0.5239583333333333 0.9148148148148149 0.5177083333333333 0.9074074074074074 0.5088541666666667 0.8657407407407407 0.509375 0.8388888888888889 0.5119791666666667 0.8351851851851851 0.5197916666666667 0.8342592592592593
0 0.64375 0.8648148148148148 0.6473958333333333 0.8675925925925926 0.6505208333333333 0.875 0.6552083333333333 0.8972222222222223 0.6526041666666667 0.9092592592592592 0.6572916666666667 0.9212962962962963 0.6541666666666667 0.9601851851851851 0.6546875 0.9740740740740741 0.6520833333333333 0.9787037037037037 0.64375 0.9777777777777777 0.640625 0.9703703703703703 0.6364583333333333 0.9425925925925925 0.6354166666666666 0.9212962962962963 0.63125 0.9037037037037037 0.6348958333333333 0.8722222222222222 0.6375 0.8666666666666667 0.6432291666666666 0.8648148148148148
0 0.20677083333333332 0.7379629629629629 0.22083333333333333 0.7444444444444445 0.23072916666666668 0.7620370370370371 0.2359375 0.7944444444444444 0.2359375 0.8037037037037037 0.23072916666666668 0.8222222222222222 0.221875 0.8361111111111111 0.2015625 0.85 0.18229166666666666 0.8759259259259259 0.16197916666666667 0.8981481481481481 0.15052083333333333 0.925 0.14010416666666667 0.9351851851851852 0.12135416666666667 0.9212962962962963 0.0953125 0.8935185185185185 0.0921875 0.8833333333333333 0.0921875 0.8712962962962963 0.09583333333333334 0.8527777777777777 0.14739583333333334 0.787962962962963 0.16875 0.7675925925925926 0.1828125 0.7592592592592593 0.19947916666666668 0.7407407407407407 0.20625 0.7379629629629629
0 0.5890625 0.03425925925925926 0.5953125 0.03981481481481482 0.60625 0.05740740740740741 0.609375 0.06759259259259259 0.6104166666666667 0.08148148148148149 0.6161458333333333 0.09074074074074075 0.6161458333333333 0.10462962962962963 0.6135416666666667 0.11203703703703703 0.6052083333333333 0.1175925925925926 0.5916666666666667 0.1175925925925926 0.5677083333333334 0.075 0.5671875 0.05740740740740741 0.5723958333333333 0.03981481481481482 0.5802083333333333 0.03333333333333333 0.5885416666666666 0.03425925925925926
0 0.284375 0.4185185185185185 0.3072916666666667 0.44074074074074077 0.30833333333333335 0.4546296296296296 0.3067708333333333 0.46574074074074073 0.29375 0.48703703703703705 0.28958333333333336 0.4888888888888889 0.2833333333333333 0.5027777777777778 0.2791666666666667 0.5027777777777778 0.27708333333333335 0.49907407407407406 0.27760416666666665 0.4888888888888889 0.275 0.47129629629629627 0.2734375 0.46296296296296297 0.2682291666666667 0.4546296296296296 0.2677083333333333 0.44722222222222224 0.275 0.4222222222222222 0.28072916666666664 0.41759259259259257 0.2838541666666667 0.4185185185185185
0 0.42552083333333335 0.6777777777777778 0.43125 0.6888888888888889 0.44166666666666665 0.6962962962962963 0.44427083333333334 0.7018518518518518 0.4421875 0.7129629629629629 0.42864583333333334 0.7277777777777777 0.41875 0.7148148148148148 0.41458333333333336 0.7148148148148148 0.4114583333333333 0.7194444444444444 0.4166666666666667 0.7231481481481481 0.4161458333333333 0.7268518518518519 0.4114583333333333 0.7268518518518519 0.40989583333333335 0.7194444444444444 0.40208333333333335 0.7166666666666667 0.39479166666666665 0.6962962962962963 0.396875 0.6935185185185185 0.4041666666666667 0.6953703703703704 0.4088541666666667 0.6842592592592592 0.425 0.6777777777777778
0 0.5520833333333334 0 0.5739583333333333 0 0.5744791666666667 0.004629629629629629 0.5729166666666666 0.019444444444444445 0.5598958333333334 0.03425925925925926 0.5520833333333334 0.021296296296296296 0.5520833333333334 0.000925925925925926
0 0.1890625 0.1111111111111111 0.1984375 0.11574074074074074 0.20989583333333334 0.14074074074074075 0.20989583333333334 0.1537037037037037 0.20625 0.1638888888888889 0.19270833333333334 0.1814814814814815 0.178125 0.18055555555555555 0.17135416666666667 0.175 0.165625 0.14907407407407408 0.16614583333333333 0.13796296296296295 0.16770833333333332 0.13240740740740742 0.18229166666666666 0.11481481481481481 0.18854166666666666 0.11203703703703703
0 0.22916666666666666 0.5898148148148148 0.23385416666666667 0.5981481481481481 0.23385416666666667 0.6157407407407407 0.21979166666666666 0.637962962962963 0.19947916666666668 0.6611111111111111 0.1953125 0.6583333333333333 0.1921875 0.6509259259259259 0.1921875 0.6296296296296297 0.19427083333333334 0.6166666666666667 0.19947916666666668 0.6083333333333333 0.209375 0.6157407407407407 0.21354166666666666 0.6148148148148148 0.215625 0.5990740740740741 0.21979166666666666 0.5935185185185186 0.22864583333333333 0.5898148148148148
0 0.7302083333333333 0.899074074074074 0.7380208333333333 0.9055555555555556 0.740625 0.9138888888888889 0.740625 0.9361111111111111 0.7364583333333333 0.9601851851851851 0.7447916666666666 0.9611111111111111 0.7479166666666667 0.9648148148148148 0.7479166666666667 0.9694444444444444 0.7385416666666667 0.9925925925925926 0.7296875 0.9990740740740741 0.7182291666666667 0.9990740740740741 0.7166666666666667 0.9962962962962963 0.7182291666666667 0.9814814814814815 0.7166666666666667 0.975 0.7166666666666667 0.925 0.7229166666666667 0.9055555555555556 0.7260416666666667 0.9 0.7296875 0.899074074074074
0 0.21927083333333333 0.49444444444444446 0.23125 0.4935185185185185 0.23541666666666666 0.5046296296296297 0.23385416666666667 0.5203703703703704 0.2109375 0.5546296296296296 0.2015625 0.5583333333333333 0.19947916666666668 0.5518518518518518 0.20104166666666667 0.5148148148148148 0.2078125 0.5074074074074074 0.2078125 0.4981481481481482 0.21041666666666667 0.49537037037037035 0.21197916666666666 0.4981481481481482 0.21041666666666667 0.5046296296296297 0.21354166666666666 0.5111111111111111 0.21197916666666666 0.5148148148148148 0.21354166666666666 0.5231481481481481 0.21510416666666668 0.5157407407407407 0.221875 0.5083333333333333 0.21927083333333333 0.49537037037037035
0 0.7630208333333334 0.42592592592592593 0.7791666666666667 0.43796296296296294 0.7989583333333333 0.46296296296296297 0.7979166666666667 0.4925925925925926 0.79375 0.5064814814814815 0.79375 0.5203703703703704 0.7895833333333333 0.5277777777777778 0.7536458333333333 0.49907407407407406 0.7411458333333333 0.49444444444444446 0.7364583333333333 0.487962962962963 0.7359375 0.4703703703703704 0.7401041666666667 0.45555555555555555 0.7557291666666667 0.42777777777777776 0.7583333333333333 0.425 0.7625 0.42592592592592593
0 0.29322916666666665 0.3 0.30364583333333334 0.3148148148148148 0.3067708333333333 0.3277777777777778 0.31302083333333336 0.33611111111111114 0.31302083333333336 0.3453703703703704 0.3098958333333333 0.35 0.2994791666666667 0.3527777777777778 0.290625 0.36203703703703705 0.2875 0.36944444444444446 0.2796875 0.37037037037037035 0.27239583333333334 0.38055555555555554 0.26614583333333336 0.37962962962962965 0.2578125 0.36944444444444446 0.2578125 0.3574074074074074 0.25416666666666665 0.33611111111111114 0.2546875 0.3194444444444444 0.2609375 0.3101851851851852 0.28854166666666664 0.29907407407407405 0.29270833333333335 0.3
0 0.9770833333333333 0.7527777777777778 0.9994791666666667 0.7324074074074074 0.9994791666666667 0.8416666666666667 0.9947916666666666 0.8314814814814815 0.9833333333333333 0.8305555555555556 0.9786458333333333 0.8240740740740741 0.9755208333333333 0.7824074074074074 0.9755208333333333 0.7592592592592593 0.9770833333333333 0.7537037037037037
0 0.20520833333333333 0.3101851851851852 0.21822916666666667 0.32407407407407407 0.22135416666666666 0.33425925925925926 0.228125 0.3453703703703704 0.22864583333333333 0.3527777777777778 0.21614583333333334 0.37222222222222223 0.1984375 0.38333333333333336 0.1890625 0.3962962962962963 0.17864583333333334 0.38981481481481484 0.17552083333333332 0.3824074074074074 0.16770833333333332 0.3527777777777778 0.1671875 0.3351851851851852 0.171875 0.32685185185185184 0.184375 0.3175925925925926 0.2046875 0.3101851851851852
0 0.09583333333333334 0.4462962962962963 0.11979166666666667 0.45740740740740743 0.12291666666666666 0.4648148148148148 0.12291666666666666 0.475 0.11822916666666666 0.5027777777777778 0.10833333333333334 0.5222222222222223 0.10572916666666667 0.5425925925925926 0.09270833333333334 0.55 0.0828125 0.5472222222222223 0.07083333333333333 0.537962962962963 0.06041666666666667 0.5185185185185185 0.058333333333333334 0.5055555555555555 0.059895833333333336 0.49444444444444446 0.0640625 0.48333333333333334 0.08125 0.45092592592592595 0.0875 0.4444444444444444 0.0953125 0.4462962962962963
0 0.7036458333333333 0.37777777777777777 0.7130208333333333 0.412962962962963 0.7197916666666667 0.38981481481481484 0.7239583333333334 0.3888888888888889 0.728125 0.39351851851851855 0.7317708333333334 0.4083333333333333 0.7307291666666667 0.4222222222222222 0.7322916666666667 0.43148148148148147 0.7270833333333333 0.44074074074074077 0.7229166666666667 0.4388888888888889 0.71875 0.4222222222222222 0.7067708333333333 0.4185185185185185 0.6994791666666667 0.4111111111111111 0.6963541666666667 0.3962962962962963 0.6994791666666667 0.37962962962962965 0.703125 0.37777777777777777
0 0.9838541666666667 0.48518518518518516 0.9994791666666667 0.5018518518518519 0.9994791666666667 0.5583333333333333 0.9864583333333333 0.5657407407407408 0.9786458333333333 0.5657407407407408 0.9734375 0.5611111111111111 0.9619791666666667 0.5259259259259259 0.9619791666666667 0.5046296296296297 0.9645833333333333 0.49537037037037035 0.9734375 0.4842592592592593 0.9833333333333333 0.48518518518518516
0 0.6791666666666667 0.5898148148148148 0.7098958333333333 0.5916666666666667 0.7369791666666666 0.5990740740740741 0.7447916666666666 0.5972222222222222 0.7510416666666667 0.6064814814814815 0.7692708333333333 0.6157407407407407 0.7765625 0.6296296296296297 0.78125 0.6444444444444445 0.7822916666666667 0.6731481481481482 0.7802083333333333 0.6833333333333333 0.7755208333333333 0.6925925925925925 0.7625 0.6972222222222222 0.7078125 0.6796296296296296 0.6833333333333333 0.6796296296296296 0.6671875 0.6657407407407407 0.6645833333333333 0.6620370370370371 0.6614583333333334 0.6481481481481481 0.6614583333333334 0.6138888888888889 0.6671875 0.5944444444444444 0.6708333333333333 0.5907407407407408 0.6786458333333333 0.5898148148148148
0 0.5489583333333333 0.575925925925926 0.5567708333333333 0.5814814814814815 0.578125 0.5824074074074074 0.5885416666666666 0.5944444444444444 0.5932291666666667 0.6194444444444445 0.5942708333333333 0.6416666666666667 0.5927083333333333 0.65 0.5807291666666666 0.6685185185185185 0.5765625 0.6712962962962963 0.5609375 0.6666666666666666 0.528125 0.6703703703703704 0.5197916666666667 0.6722222222222223 0.5088541666666667 0.6833333333333333 0.5015625 0.6861111111111111 0.49635416666666665 0.6851851851851852 0.4875 0.6777777777777778 0.48020833333333335 0.6620370370370371 0.4765625 0.6268518518518519 0.47708333333333336 0.6092592592592593 0.4791666666666667 0.6018518518518519 0.484375 0.5944444444444444 0.4953125 0.5879629629629629 0.5239583333333333 0.5805555555555556 0.540625 0.5796296296296296 0.5458333333333333 0.5740740740740741 0.5484375 0.575925925925926
0 0.6153645833333333 0.9189814814814815 0.024479166666666666 0.10092592592592593
0 0.6177083333333333 0 0.640625 0 0.6411458333333333 0.007407407407407408 0.6385416666666667 0.028703703703703703 0.6302083333333334 0.04814814814814815 0.6119791666666666 0.044444444444444446 0.6088541666666667 0.05 0.6057291666666667 0.044444444444444446 0.6083333333333333 0.017592592592592594 0.6135416666666667 0.008333333333333333 0.6135416666666667 0.004629629629629629 0.6177083333333333 0.000925925925925926
0 0.15625 0.725 0.16041666666666668 0.7268518518518519 0.16302083333333334 0.7351851851851852 0.16354166666666667 0.7453703703703703 0.1609375 0.7574074074074074 0.14375 0.7907407407407407 0.13802083333333334 0.7944444444444444 0.13072916666666667 0.8074074074074075 0.12395833333333334 0.812037037037037 0.11979166666666667 0.8111111111111111 0.1171875 0.8046296296296296 0.1171875 0.7898148148148149 0.11510416666666666 0.7787037037037037 0.11927083333333334 0.7601851851851852 0.1296875 0.7574074074074074 0.13072916666666667 0.7657407407407407 0.13385416666666666 0.7685185185185185 0.14270833333333333 0.7509259259259259 0.1421875 0.737037037037037 0.14739583333333334 0.7296296296296296 0.15572916666666667 0.725
0 0.7489583333333333 0.225 0.75625 0.23055555555555557 0.7760416666666666 0.2574074074074074 0.7807291666666667 0.2675925925925926 0.7776041666666667 0.2777777777777778 0.7755208333333333 0.32037037037037036 0.7723958333333333 0.32685185185185184 0.765625 0.3314814814814815 0.7463541666666667 0.325 0.7411458333333333 0.3212962962962963 0.7369791666666666 0.31296296296296294 0.7416666666666667 0.2657407407407407 0.7411458333333333 0.25092592592592594 0.7442708333333333 0.2351851851851852 0.7484375 0.225
0 0.6958333333333333 0 0.7223958333333333 0 0.7307291666666667 0.012037037037037037 0.7328125 0.028703703703703703 0.7322916666666667 0.03981481481481482 0.7255208333333333 0.05 0.7223958333333333 0.05 0.721875 0.03611111111111111 0.7182291666666667 0.03333333333333333 0.7151041666666667 0.03796296296296296 0.7130208333333333 0.05 0.7052083333333333 0.05092592592592592 0.6984375 0.037037037037037035 0.6942708333333333 0.03425925925925926 0.6958333333333333 0.000925925925925926
0 0.49947916666666664 0 0.5114583333333333 0 0.5109375 0.01574074074074074 0.5015625 0.028703703703703703 0.49895833333333334 0.025925925925925925 0.49947916666666664 0.000925925925925926
1 0.7963541666666667 0.08888888888888889 0.8 0.09907407407407408 0.7921875 0.1287037037037037 0.7901041666666667 0.13240740740740742 0.7864583333333334 0.13240740740740742 0.7848958333333333 0.12407407407407407 0.7901041666666667 0.09814814814814815 0.7932291666666667 0.09074074074074075 0.7958333333333333 0.08981481481481482
1 0.07447916666666667 0.13240740740740742 0.08541666666666667 0.14166666666666666 0.08541666666666667 0.15648148148148147 0.09166666666666666 0.17222222222222222 0.08854166666666667 0.175 0.07760416666666667 0.15648148148148147 0.07239583333333334 0.14074074074074075 0.07239583333333334 0.13425925925925927 0.07395833333333333 0.13333333333333333
1 0.2911458333333333 0.8861111111111111 0.3026041666666667 0.9083333333333333 0.3015625 0.9148148148148149 0.30520833333333336 0.9259259259259259 0.3 0.9314814814814815 0.29322916666666665 0.9203703703703704 0.28854166666666664 0.9231481481481482 0.2859375 0.9314814814814815 0.28125 0.9175925925925926 0.28020833333333334 0.9055555555555556 0.2828125 0.8907407407407407 0.290625 0.8861111111111111
1 0.5848958333333333 0.10555555555555556 0.5895833333333333 0.11296296296296296 0.5895833333333333 0.12222222222222222 0.5848958333333333 0.14537037037037037 0.5828125 0.14444444444444443 0.578125 0.12777777777777777 0.5802083333333333 0.11203703703703703 0.584375 0.10648148148148148
1 0.5713541666666667 0.10740740740740741 0.5760416666666667 0.12407407407407407 0.5729166666666666 0.13333333333333333 0.5708333333333333 0.15462962962962962 0.5682291666666667 0.15925925925925927 0.5651041666666666 0.125 0.5671875 0.11296296296296296 0.5708333333333333 0.10740740740740741
1 0.8067708333333333 0.3490740740740741 0.8067708333333333 0.37777777777777777 0.8 0.39166666666666666 0.796875 0.39166666666666666 0.7895833333333333 0.3990740740740741 0.7859375 0.3962962962962963 0.7921875 0.37407407407407406 0.8026041666666667 0.3509259259259259 0.80625 0.3490740740740741
1 0.6015625 0 0.6057291666666667 0.004629629629629629 0.6072916666666667 0.012037037037037037 0.6026041666666667 0.046296296296296294 0.5979166666666667 0.04537037037037037 0.596875 0.01574074074074074 0.6015625 0.000925925925925926
1 0.7604166666666666 0.06759259259259259 0.7625 0.07592592592592592 0.7604166666666666 0.09537037037037037 0.7515625 0.11296296296296296 0.7515625 0.09444444444444444 0.7541666666666667 0.075 0.7583333333333333 0.06574074074074074 0.7598958333333333 0.06759259259259259
1 0.14010416666666667 0.02962962962962963 0.14427083333333332 0.02962962962962963 0.14791666666666667 0.03611111111111111 0.15052083333333333 0.05462962962962963 0.15416666666666667 0.06018518518518518 0.1515625 0.08333333333333333 0.14739583333333334 0.08888888888888889 0.14375 0.08425925925925926 0.13958333333333334 0.053703703703703705 0.14010416666666667 0.030555555555555555
1 0.5802083333333333 0.13055555555555556 0.5822916666666667 0.13425925925925927 0.5828125 0.14722222222222223 0.5776041666666667 0.17037037037037037 0.5744791666666667 0.175 0.5723958333333333 0.17314814814814813 0.5723958333333333 0.14444444444444443 0.5739583333333333 0.1361111111111111 0.5776041666666667 0.12962962962962962 0.5796875 0.13055555555555556
1 0.8359375 0.48055555555555557 0.8369791666666667 0.47129629629629627 0.846875 0.4638888888888889 0.8489583333333334 0.4546296296296296 0.8541666666666666 0.44814814814814813 0.8583333333333333 0.44907407407407407 0.8583333333333333 0.4666666666666667 0.85 0.48148148148148145 0.8453125 0.4962962962962963 0.8411458333333334 0.49722222222222223 0.8395833333333333 0.4935185185185185 0.8401041666666667 0.4842592592592593 0.8364583333333333 0.48055555555555557
1 0.0578125 0.1638888888888889 0.06197916666666667 0.1685185185185185 0.0671875 0.18333333333333332 0.0734375 0.18888888888888888 0.07135416666666666 0.19537037037037036 0.0671875 0.18981481481481483 0.065625 0.1925925925925926 0.06614583333333333 0.20277777777777778 0.0640625 0.20555555555555555 0.058854166666666666 0.18518518518518517 0.053125 0.17592592592592593 0.053125 0.1648148148148148 0.057291666666666664 0.1638888888888889
1 0.4088541666666667 0.5888888888888889 0.41875 0.6018518518518519 0.4197916666666667 0.612037037037037 0.41822916666666665 0.6277777777777778 0.40572916666666664 0.65 0.4041666666666667 0.65 0.40625 0.6342592592592593 0.4036458333333333 0.5962962962962963 0.4046875 0.5898148148148148 0.4083333333333333 0.5888888888888889
1 0.5536458333333333 0.020370370370370372 0.5578125 0.03518518518518519 0.553125 0.06666666666666667 0.55 0.07037037037037037 0.5473958333333333 0.04722222222222222 0.5479166666666667 0.03425925925925926 0.553125 0.021296296296296296
1 0 0.21666666666666667 0.005208333333333333 0.2175925925925926 0.015625 0.2388888888888889 0.01875 0.2388888888888889 0.022916666666666665 0.24814814814814815 0.015104166666666667 0.2611111111111111 0.011979166666666667 0.2601851851851852 0 0.23796296296296296 0 0.2175925925925926
1 0.12760416666666666 0.05925925925925926 0.13229166666666667 0.0712962962962963 0.1359375 0.09259259259259259 0.140625 0.10185185185185185 0.14010416666666667 0.10648148148148148 0.13697916666666668 0.10648148148148148 0.13020833333333334 0.09537037037037037 0.12552083333333333 0.08148148148148149 0.121875 0.06111111111111111 0.12708333333333333 0.05925925925925926
1 0.4979166666666667 0.17777777777777778 0.503125 0.1925925925925926 0.5015625 0.2222222222222222 0.4947916666666667 0.23055555555555557 0.49322916666666666 0.22962962962962963 0.49166666666666664 0.19537037037037036 0.4973958333333333 0.1787037037037037
1 0.06354166666666666 0.12407407407407407 0.07083333333333333 0.13703703703703704 0.07552083333333333 0.15092592592592594 0.07708333333333334 0.15833333333333333 0.07447916666666667 0.1685185185185185 0.06666666666666667 0.1648148148148148 0.06614583333333333 0.15925925925925927 0.057291666666666664 0.1398148148148148 0.0578125 0.12685185185185185 0.06041666666666667 0.12222222222222222 0.06302083333333333 0.12407407407407407
1 0.8625 0.44907407407407407 0.8666666666666667 0.44166666666666665 0.875 0.4361111111111111 0.8776041666666666 0.4361111111111111 0.8791666666666667 0.44351851851851853 0.8776041666666666 0.4583333333333333 0.871875 0.46296296296296297 0.8598958333333333 0.4842592592592593 0.8541666666666666 0.48055555555555557 0.8541666666666666 0.4759259259259259 0.8578125 0.46944444444444444 0.8578125 0.4601851851851852 0.8625 0.45
1 0.2828125 0.837037037037037 0.2947916666666667 0.8546296296296296 0.30520833333333336 0.8796296296296297 0.30052083333333335 0.8805555555555555 0.2859375 0.8657407407407407 0.2765625 0.862037037037037 0.2755208333333333 0.8453703703703703 0.2786458333333333 0.8388888888888889 0.28229166666666666 0.8379629629629629
1 0.4671875 0.7166666666666667 0.4734375 0.7212962962962963 0.47708333333333336 0.7379629629629629 0.47708333333333336 0.7462962962962963 0.4744791666666667 0.7527777777777778 0.47552083333333334 0.7620370370370371 0.4739583333333333 0.7648148148148148 0.4635416666666667 0.7546296296296297 0.46458333333333335 0.7379629629629629 0.4625 0.7194444444444444 0.4666666666666667 0.7166666666666667
1 0.2125 0.9462962962962963 0.21822916666666667 0.9527777777777777 0.21614583333333334 0.9611111111111111 0.22708333333333333 0.9842592592592593 0.22552083333333334 0.9907407407407407 0.21927083333333333 0.9990740740740741 0.2109375 0.9990740740740741 0.20572916666666666 0.9833333333333333 0.19895833333333332 0.9722222222222222 0.19739583333333333 0.9629629629629629 0.19114583333333332 0.9546296296296296 0.19270833333333334 0.95 0.203125 0.9425925925925925 0.20989583333333334 0.9425925925925925 0.21197916666666666 0.9462962962962963
1 0.3515625 0.6324074074074074 0.35833333333333334 0.637962962962963 0.3640625 0.6537037037037037 0.36041666666666666 0.6675925925925926 0.359375 0.6861111111111111 0.35572916666666665 0.687962962962963 0.3541666666666667 0.6685185185185185 0.35 0.6583333333333333 0.34739583333333335 0.6583333333333333 0.3416666666666667 0.6703703703703704 0.3453125 0.6370370370370371 0.34791666666666665 0.6314814814814815 0.35104166666666664 0.6324074074074074
1 0.0859375 0.11296296296296296 0.0953125 0.1287037037037037 0.1015625 0.14444444444444443 0.0953125 0.15925925925925927 0.09114583333333333 0.14444444444444443 0.08489583333333334 0.13518518518518519 0.08333333333333333 0.11481481481481481 0.08541666666666667 0.11296296296296296
1 0.25833333333333336 0.7814814814814814 0.2677083333333333 0.7935185185185185 0.27239583333333334 0.812037037037037 0.27239583333333334 0.8166666666666667 0.2682291666666667 0.8203703703703704 0.265625 0.8296296296296296 0.2635416666666667 0.8305555555555556 0.25625 0.825 0.253125 0.8027777777777778 0.24583333333333332 0.7944444444444444 0.24895833333333334 0.7851851851851852 0.2546875 0.7805555555555556 0.2578125 0.7814814814814814
1 0.778125 0.8481481481481481 0.7796875 0.8518518518518519 0.7786458333333334 0.8657407407407407 0.7723958333333333 0.8888888888888888 0.7546875 0.8870370370370371 0.7510416666666667 0.8833333333333333 0.7609375 0.8648148148148148 0.7630208333333334 0.8490740740740741 0.7739583333333333 0.8462962962962963 0.7776041666666667 0.8481481481481481
1 0.5401041666666667 0.12407407407407407 0.5432291666666667 0.12314814814814815 0.5484375 0.13703703703703704 0.5453125 0.16296296296296298 0.5385416666666667 0.17407407407407408 0.5395833333333333 0.1537037037037037 0.5354166666666667 0.14722222222222223 0.5354166666666667 0.1425925925925926 0.5401041666666667 0.125
1 0.7848958333333333 0.13148148148148148 0.7895833333333333 0.13055555555555556 0.7911458333333333 0.13333333333333333 0.7864583333333334 0.1787037037037037 0.7833333333333333 0.17777777777777778 0.7828125 0.16574074074074074 0.7817708333333333 0.175 0.7765625 0.175 0.7807291666666667 0.1425925925925926 0.7848958333333333 0.13240740740740742
1 0.7661458333333333 0.0962962962962963 0.7697916666666667 0.10555555555555556 0.7661458333333333 0.1259259259259259 0.7609375 0.1361111111111111 0.7557291666666667 0.1398148148148148 0.7536458333333333 0.1388888888888889 0.753125 0.13425925925925927 0.7567708333333333 0.10462962962962963 0.7598958333333333 0.09814814814814815 0.765625 0.0962962962962963
1 0.6838541666666667 0.29259259259259257 0.6875 0.2851851851851852 0.6880208333333333 0.2675925925925926 0.6911458333333333 0.25277777777777777 0.6963541666666667 0.24074074074074073 0.6994791666666667 0.23981481481481481 0.7010416666666667 0.24444444444444444 0.7010416666666667 0.26666666666666666 0.6953125 0.275 0.6942708333333333 0.2861111111111111 0.6916666666666667 0.29259259259259257 0.6890625 0.2953703703703704 0.684375 0.2935185185185185
1 0.39739583333333334 0.11574074074074074 0.4005208333333333 0.11666666666666667 0.4046875 0.1287037037037037 0.4036458333333333 0.1537037037037037 0.4010416666666667 0.1574074074074074 0.3958333333333333 0.1361111111111111 0.3953125 0.12685185185185185 0.39739583333333334 0.11666666666666667
1 0.16302083333333334 0.044444444444444446 0.013541666666666667 0.044444444444444446
1 0.04375 0.18333333333333332 0.05677083333333333 0.2074074074074074 0.06458333333333334 0.21666666666666667 0.059895833333333336 0.21851851851851853 0.05520833333333333 0.21574074074074073 0.05572916666666667 0.22407407407407406 0.05364583333333333 0.23055555555555557 0.05 0.23055555555555557 0.046875 0.21388888888888888 0.041666666666666664 0.20462962962962963 0.040625 0.18703703703703703 0.043229166666666666 0.18333333333333332
1 0.8348958333333333 0.12314814814814815 0.8354166666666667 0.12777777777777777 0.8255208333333334 0.15925925925925927 0.825 0.1675925925925926 0.8223958333333333 0.16944444444444445 0.81875 0.1685185185185185 0.8182291666666667 0.1648148148148148 0.8255208333333334 0.13333333333333333 0.8286458333333333 0.125 0.834375 0.12314814814814815
1 0.5536458333333333 0.20925925925925926 0.5567708333333333 0.21851851851851853 0.5572916666666666 0.22777777777777777 0.5505208333333333 0.26481481481481484 0.5479166666666667 0.262037037037037 0.5463541666666667 0.22314814814814815 0.55 0.2101851851851852 0.553125 0.20925925925925926
1 0.16197916666666667 0.006481481481481481 0.1671875 0.012962962962962963 0.17291666666666666 0.041666666666666664 0.1734375 0.046296296296296294 0.16875 0.05092592592592592 0.16354166666666667 0.030555555555555555 0.15729166666666666 0.019444444444444445 0.15885416666666666 0.008333333333333333 0.16145833333333334 0.006481481481481481
1 0.18645833333333334 0.9657407407407408 0.2 0.9814814814814815 0.20260416666666667 0.9935185185185185 0.20104166666666667 0.9990740740740741 0.1953125 0.9990740740740741 0.18229166666666666 0.987037037037037 0.17447916666666666 0.975925925925926 0.17447916666666666 0.9703703703703703 0.1859375 0.9657407407407408
1 0.8208333333333333 0.20277777777777778 0.8203125 0.19814814814814816 0.8244791666666667 0.1814814814814815 0.8317708333333333 0.16944444444444445 0.834375 0.16944444444444445 0.8359375 0.17407407407407408 0.8322916666666667 0.18981481481481483 0.8213541666666667 0.20277777777777778
1 0.56796875 0.24259259259259258 0.011979166666666667 0.06111111111111111
1 0.5604166666666667 0.10462962962962963 0.5651041666666666 0.11296296296296296 0.5651041666666666 0.12407407407407407 0.5614583333333333 0.13518518518518519 0.5604166666666667 0.1527777777777778 0.5572916666666666 0.15462962962962962 0.5541666666666667 0.1259259259259259 0.5552083333333333 0.11574074074074074 0.5598958333333334 0.10555555555555556
1 0.5083333333333333 0.18611111111111112 0.5109375 0.18888888888888888 0.5145833333333333 0.20462962962962963 0.5104166666666666 0.2361111111111111 0.5083333333333333 0.23981481481481481 0.5067708333333333 0.23796296296296296 0.5072916666666667 0.22407407407407406 0.503125 0.2074074074074074 0.5052083333333334 0.19074074074074074 0.5078125 0.18703703703703703
1 0.7208333333333333 0.030555555555555555 0.7223958333333333 0.03888888888888889 0.7208333333333333 0.053703703703703705 0.7130208333333333 0.06666666666666667 0.7109375 0.06388888888888888 0.7140625 0.05555555555555555 0.7140625 0.040740740740740744 0.7161458333333334 0.032407407407407406 0.7203125 0.030555555555555555
1 0.10625 0.05 0.1109375 0.05555555555555555 0.11614583333333334 0.06851851851851852 0.1171875 0.0787037037037037 0.12135416666666667 0.08796296296296297 0.12135416666666667 0.09166666666666666 0.11927083333333334 0.09259259259259259 0.11354166666666667 0.09166666666666666 0.1109375 0.07962962962962963 0.10364583333333334 0.06759259259259259 0.10208333333333333 0.05925925925925926 0.10572916666666667 0.05
1 0.6109375 0.044444444444444446 0.6182291666666667 0.046296296296296294 0.61875 0.053703703703703705 0.6166666666666667 0.08425925925925926 0.6125 0.08518518518518518 0.6098958333333333 0.07685185185185185 0.609375 0.05277777777777778 0.6109375 0.04537037037037037
1 0.5119791666666667 0.9425925925925925 0.521875 0.9444444444444444 0.525 0.9490740740740741 0.5260416666666666 0.9592592592592593 0.5244791666666667 0.9657407407407408 0.5140625 0.9768518518518519 0.5114583333333333 0.9842592592592593 0.5057291666666667 0.9842592592592593 0.5015625 0.9592592592592593 0.5083333333333333 0.9435185185185185 0.5114583333333333 0.9435185185185185
1 0.584375 0.032407407407407406 0.5838541666666667 0.022222222222222223 0.5869791666666667 0.011111111111111112 0.5895833333333333 0.012962962962962963 0.5911458333333334 0.023148148148148147 0.5895833333333333 0.03333333333333333 0.5848958333333333 0.032407407407407406
1 0.6229166666666667 0.044444444444444446 0.6291666666666667 0.049074074074074076 0.6260416666666667 0.08425925925925926 0.6213541666666667 0.08425925925925926 0.61875 0.07407407407407407 0.6197916666666666 0.046296296296296294 0.6223958333333334 0.04537037037037037
1 0.008333333333333333 0.19722222222222222 0.0203125 0.21203703703703702 0.025520833333333333 0.22314814814814815 0.0296875 0.24259259259259258 0.029166666666666667 0.2518518518518518 0.025520833333333333 0.2518518518518518 0.017708333333333333 0.23425925925925925 0.0078125 0.22037037037037038 0.005729166666666666 0.2101851851851852 0.00625 0.2 0.0078125 0.19814814814814816