1 0.2734375 0.950925925925926 0.2828125 0.9611111111111111 0.2833333333333333 0.9777777777777777 0.28020833333333334 0.9824074074074074 0.26875 0.9777777777777777 0.2630208333333333 0.9796296296296296 0.25729166666666664 0.9722222222222222 0.26197916666666665 0.9527777777777777 0.265625 0.9564814814814815 0.2682291666666667 0.9490740740740741 0.27291666666666664 0.950925925925926
1 0.8104166666666667 0.16666666666666666 0.015625 0.04814814814814815
1 0.4390625 0.5861111111111111 0.4453125 0.6018518518518519 0.440625 0.6157407407407407 0.4390625 0.6416666666666667 0.4359375 0.6462962962962963 0.43385416666666665 0.6185185185185185 0.42916666666666664 0.6037037037037037 0.43072916666666666 0.5888888888888889 0.434375 0.5851851851851851 0.43854166666666666 0.5861111111111111
1 0.1203125 0.10277777777777777 0.1234375 0.10740740740740741 0.12760416666666666 0.1287037037037037 0.13489583333333333 0.13703703703703704 0.13385416666666666 0.14074074074074075 0.1296875 0.13796296296296295 0.12708333333333333 0.14814814814814814 0.1203125 0.13240740740740742 0.115625 0.10925925925925926 0.11614583333333334 0.10277777777777777 0.11979166666666667 0.10277777777777777
1 0.029166666666666667 0.6175925925925926 0.04375 0.625 0.049479166666666664 0.6314814814814815 0.06197916666666667 0.6675925925925926 0.053125 0.6694444444444444 0.03958333333333333 0.6518518518518519 0.030729166666666665 0.6472222222222223 0.029166666666666667 0.6324074074074074 0.025 0.6231481481481481 0.028645833333333332 0.6185185185185185
1 0.6651041666666667 0.10555555555555556 0.6682291666666667 0.11666666666666667 0.665625 0.14444444444444443 0.6619791666666667 0.14814814814814814 0.6578125 0.14722222222222223 0.6572916666666667 0.14444444444444443 0.6572916666666667 0.11851851851851852 0.6604166666666667 0.10740740740740741 0.6645833333333333 0.10555555555555556
1 0.057291666666666664 0.14722222222222223 0.06197916666666667 0.15092592592592594 0.06510416666666667 0.15925925925925927 0.06510416666666667 0.16944444444444445 0.06979166666666667 0.18425925925925926 0.06614583333333333 0.19074074074074074 0.06302083333333333 0.18981481481481483 0.0625 0.17685185185185184 0.05625 0.1712962962962963 0.052083333333333336 0.16111111111111112 0.053125 0.14907407407407408 0.05677083333333333 0.14722222222222223
1 0.6005208333333333 0.06666666666666667 0.6026041666666667 0.06851851851851852 0.6036458333333333 0.07777777777777778 0.5989583333333334 0.10648148148148148 0.596875 0.10462962962962963 0.59375 0.08796296296296297 0.5979166666666667 0.06759259259259259 0.6 0.06666666666666667
1 0.026041666666666668 0.19814814814814816 0.035416666666666666 0.21296296296296297 0.035416666666666666 0.2388888888888889 0.03333333333333333 0.24537037037037038 0.03125 0.24351851851851852 0.028125 0.22685185185185186 0.01875 0.2111111111111111 0.021354166666666667 0.2 0.025520833333333333 0.19814814814814816
1 0.8348958333333333 0.1111111111111111 0.8380208333333333 0.11203703703703703 0.8380208333333333 0.1259259259259259 0.83125 0.14907407407407408 0.828125 0.1527777777777778 0.8255208333333334 0.14814814814814814 0.828125 0.12685185185185185 0.8348958333333333 0.11203703703703703
1 0.16666666666666666 0.05185185185185185 0.17708333333333334 0.0712962962962963 0.17760416666666667 0.08055555555555556 0.175 0.08796296296296297 0.17083333333333334 0.08703703703703704 0.16458333333333333 0.06759259259259259 0.16302083333333334 0.05555555555555555 0.16614583333333333 0.05185185185185185
1 0.70625 0.3435185185185185 0.7083333333333334 0.3537037037037037 0.70625 0.37407407407407406 0.7026041666666667 0.3861111111111111 0.6932291666666667 0.3972222222222222 0.6921875 0.39351851851851855 0.6984375 0.3731481481481482 0.6989583333333333 0.3537037037037037 0.7020833333333333 0.34444444444444444 0.7057291666666666 0.3435185185185185
1 0.5880208333333333 0.22962962962962963 0.590625 0.23425925925925925 0.5921875 0.24814814814814815 0.5869791666666667 0.27870370370370373 0.5848958333333333 0.2824074074074074 0.5833333333333334 0.27870370370370373 0.584375 0.2611111111111111 0.5817708333333333 0.2462962962962963 0.5875 0.23055555555555557
1 0.8833333333333333 0.9407407407407408 0.884375 0.9481481481481482 0.8817708333333333 0.9629629629629629 0.8713541666666667 0.9712962962962963 0.8666666666666667 0.9796296296296296 0.8630208333333333 0.9731481481481481 0.8583333333333333 0.9722222222222222 0.8484375 0.9814814814814815 0.8432291666666667 0.9805555555555555 0.8411458333333334 0.9731481481481481 0.8494791666666667 0.9694444444444444 0.8536458333333333 0.962037037037037 0.8557291666666667 0.9518518518518518 0.8640625 0.9462962962962963 0.86875 0.937037037037037 0.8802083333333334 0.937962962962963 0.8828125 0.9407407407407408
1 0.1890625 0.024074074074074074 0.19270833333333334 0.03148148148148148 0.1953125 0.04537037037037037 0.1953125 0.05462962962962963 0.1921875 0.062037037037037036 0.18489583333333334 0.03888888888888889 0.18489583333333334 0.025925925925925925 0.18854166666666666 0.024074074074074074
1 0.04010416666666667 0.20185185185185187 0.04583333333333333 0.2111111111111111 0.051041666666666666 0.22685185185185186 0.052083333333333336 0.2351851851851852 0.057291666666666664 0.2490740740740741 0.05677083333333333 0.25462962962962965 0.05416666666666667 0.25462962962962965 0.03697916666666667 0.22592592592592592 0.036458333333333336 0.21481481481481482 0.03958333333333333 0.20185185185185187
1 0.16510416666666666 0.08425925925925926 0.16875 0.09166666666666666 0.17395833333333333 0.11666666666666667 0.17135416666666667 0.12314814814814815 0.16822916666666668 0.12314814814814815 0.159375 0.09259259259259259 0.16145833333333334 0.08518518518518518 0.16458333333333333 0.08425925925925926
1 0.058854166666666666 0.5944444444444444 0.06979166666666667 0.5990740740740741 0.07447916666666667 0.6064814814814815 0.078125 0.6138888888888889 0.078125 0.6194444444444445 0.08645833333333333 0.6342592592592593 0.08333333333333333 0.6416666666666667 0.06822916666666666 0.6324074074074074 0.0640625 0.6231481481481481 0.05677083333333333 0.6148148148148148 0.05572916666666667 0.6055555555555555 0.05260416666666667 0.5981481481481481 0.05364583333333333 0.5944444444444444 0.058333333333333334 0.5944444444444444
1 0.8203125 0.5046296296296297 0.8322916666666667 0.47314814814814815 0.8416666666666667 0.46296296296296297 0.8453125 0.46296296296296297 0.8479166666666667 0.47962962962962963 0.8411458333333334 0.49907407407407406 0.8286458333333333 0.5157407407407407 0.8208333333333333 0.5055555555555555
1 0.590625 0.1824074074074074 0.5911458333333334 0.18888888888888888 0.5880208333333333 0.2064814814814815 0.5828125 0.22037037037037038 0.58125 0.22037037037037038 0.5817708333333333 0.18333333333333332 0.5848958333333333 0.175 0.5875 0.175 0.5901041666666667 0.1824074074074074
1 0.15989583333333332 0.05277777777777778 0.16197916666666667 0.05555555555555555 0.16614583333333333 0.0787037037037037 0.165625 0.0824074074074074 0.16302083333333334 0.08333333333333333 0.1578125 0.07777777777777778 0.153125 0.062037037037037036 0.1546875 0.05277777777777778 0.159375 0.05277777777777778
1 0.5723958333333333 0.07407407407407407 0.575 0.07685185185185185 0.5744791666666667 0.09537037037037037 0.5729166666666666 0.10555555555555556 0.5682291666666667 0.11574074074074074 0.5661458333333333 0.11018518518518519 0.5671875 0.08148148148148149 0.571875 0.07407407407407407
1 0 0.7129629629629629 0.007291666666666667 0.7166666666666667 0.011979166666666667 0.7324074074074074 0.0265625 0.7509259259259259 0.025520833333333333 0.7712962962962963 0.021875 0.7722222222222223 0.0140625 0.7592592592592593 0 0.75 0 0.7138888888888889
1 0.1921875 0.0712962962962963 0.19739583333333333 0.08333333333333333 0.1984375 0.11851851851851852 0.19322916666666667 0.1175925925925926 0.19375 0.10462962962962963 0.18645833333333334 0.08425925925925926 0.18645833333333334 0.07685185185185185 0.1890625 0.07222222222222222 0.19166666666666668 0.07222222222222222
1 0.0953125 0.07962962962962963 0.1 0.08425925925925926 0.10989583333333333 0.11851851851851852 0.1046875 0.11944444444444445 0.09166666666666666 0.0962962962962963 0.09166666666666666 0.08425925925925926 0.09479166666666666 0.08055555555555556
1 0.9057291666666667 0.5421296296296296 0.03125 0.05277777777777778
1 0.340625 0.8907407407407407 0.34739583333333335 0.8962962962962963 0.35 0.9064814814814814 0.3494791666666667 0.9166666666666666 0.35208333333333336 0.937962962962963 0.3453125 0.9435185185185185 0.3453125 0.9388888888888889 0.3421875 0.9324074074074075 0.3328125 0.9277777777777778 0.32708333333333334 0.9064814814814814 0.328125 0.8981481481481481 0.34010416666666665 0.8907407407407407
1 0.5145833333333333 0.6166666666666667 0.5203125 0.6314814814814815 0.5203125 0.6462962962962963 0.5135416666666667 0.6583333333333333 0.5119791666666667 0.6666666666666666 0.509375 0.6685185185185185 0.5052083333333334 0.6472222222222223 0.5041666666666667 0.6296296296296297 0.5083333333333333 0.6185185185185185 0.5140625 0.6166666666666667
1 0.8802083333333334 0.5472222222222223 0.8755208333333333 0.5416666666666666 0.8765625 0.5296296296296297 0.8791666666666667 0.5222222222222223 0.89375 0.5027777777777778 0.8973958333333333 0.5027777777777778 0.8989583333333333 0.5064814814814815 0.8963541666666667 0.5203703703703704 0.8807291666666667 0.5462962962962963
1 0.21666666666666667 0.017592592592592594 0.221875 0.04259259259259259 0.22239583333333332 0.049074074074074076 0.2203125 0.05277777777777778 0.21354166666666666 0.046296296296296294 0.21041666666666667 0.023148148148148147 0.21145833333333333 0.016666666666666666 0.21614583333333334 0.017592592592592594
1 0.3145833333333333 0.9092592592592592 0.321875 0.9175925925925926 0.32708333333333334 0.9416666666666667 0.3255208333333333 0.9490740740740741 0.32083333333333336 0.9537037037037037 0.3182291666666667 0.9527777777777777 0.3171875 0.9444444444444444 0.3026041666666667 0.9222222222222223 0.30364583333333334 0.9166666666666666 0.3140625 0.9092592592592592
1 0.5953125 0.08611111111111111 0.5979166666666667 0.09166666666666666 0.5963541666666666 0.09444444444444444 0.596875 0.10277777777777777 0.590625 0.1287037037037037 0.5875 0.12962962962962962 0.5880208333333333 0.09814814814814815 0.5916666666666667 0.08796296296296297 0.5947916666666667 0.08703703703703704
1 0.015625 0.22314814814814815 0.04583333333333333 0.26851851851851855 0.043229166666666666 0.27314814814814814 0.0390625 0.27037037037037037 0.0359375 0.2824074074074074 0.0328125 0.2824074074074074 0.030729166666666665 0.26944444444444443 0.029166666666666667 0.26666666666666666 0.025520833333333333 0.2675925925925926 0.021354166666666667 0.2537037037037037 0.015104166666666667 0.24351851851851852 0.0125 0.23055555555555557 0.015104166666666667 0.22314814814814815
1 0.39895833333333336 0.42407407407407405 0.40625 0.43148148148148147 0.4088541666666667 0.45740740740740743 0.4078125 0.4601851851851852 0.4041666666666667 0.4583333333333333 0.39791666666666664 0.47685185185185186 0.3958333333333333 0.47314814814814815 0.396875 0.4546296296296296 0.39166666666666666 0.44537037037037036 0.390625 0.4388888888888889 0.39375 0.42962962962962964 0.3984375 0.42407407407407405
1 0.140625 0.04814814814814815 0.14427083333333332 0.04814814814814815 0.14791666666666667 0.05555555555555555 0.153125 0.0787037037037037 0.15104166666666666 0.08518518518518518 0.14739583333333334 0.08333333333333333 0.140625 0.058333333333333334 0.140625 0.049074074074074076
1 0.5744791666666667 0.05092592592592592 0.578125 0.06388888888888888 0.5770833333333333 0.075 0.5744791666666667 0.07962962962962963 0.5692708333333333 0.07222222222222222 0.5708333333333333 0.058333333333333334 0.5739583333333333 0.05185185185185185
1 0.14010416666666667 0.09259259259259259 0.146875 0.10185185185185185 0.14895833333333333 0.11666666666666667 0.15416666666666667 0.12962962962962962 0.14635416666666667 0.13703703703703704 0.14375 0.1361111111111111 0.14375 0.12685185185185185 0.1390625 0.10648148148148148 0.13802083333333334 0.09444444444444444 0.13958333333333334 0.09351851851851851
1 0.42135416666666664 0.43425925925925923 0.425 0.4398148148148148 0.425 0.44907407407407407 0.421875 0.4564814814814815 0.41875 0.4583333333333333 0.41354166666666664 0.4546296296296296 0.4109375 0.4351851851851852 0.41458333333333336 0.42685185185185187 0.41770833333333335 0.42777777777777776 0.42083333333333334 0.43425925925925923
1 0.8208333333333333 0.3731481481481482 0.8255208333333334 0.38333333333333336 0.8177083333333334 0.4027777777777778 0.815625 0.42685185185185187 0.8135416666666667 0.4287037037037037 0.8125 0.42592592592592593 0.8125 0.4074074074074074 0.8109375 0.4046296296296296 0.8052083333333333 0.41203703703703703 0.8026041666666667 0.4074074074074074 0.8098958333333334 0.3962962962962963 0.8145833333333333 0.38055555555555554 0.8203125 0.37407407407407406
1 0 0.24351851851851852 0.0046875 0.2518518518518518 0.005729166666666666 0.2675925925925926 0.011458333333333333 0.27685185185185185 0.009375 0.287962962962963 0.0046875 0.28888888888888886 0.004166666666666667 0.27685185185185185 0 0.27037037037037037 0 0.24444444444444444
1 0.071875 0.1574074074074074 0.08125 0.17407407407407408 0.08177083333333333 0.1814814814814815 0.08489583333333334 0.18888888888888888 0.08489583333333334 0.19444444444444445 0.08072916666666667 0.20277777777777778 0.07760416666666667 0.20277777777777778 0.0734375 0.18703703703703703 0.06666666666666667 0.17407407407407408 0.06614583333333333 0.15833333333333333 0.07135416666666666 0.1574074074074074
1 0.70625 0.275 0.7098958333333333 0.2759259259259259 0.7130208333333333 0.29259259259259257 0.7130208333333333 0.3037037037037037 0.7072916666666667 0.31203703703703706 0.70625 0.3314814814814815 0.696875 0.3277777777777778 0.6989583333333333 0.32037037037037036 0.6994791666666667 0.30277777777777776 0.70625 0.2759259259259259
1 0.959375 0.5509259259259259 0.9614583333333333 0.5564814814814815 0.9619791666666667 0.5731481481481482 0.9489583333333333 0.5962962962962963 0.9380208333333333 0.5916666666666667 0.9359375 0.5833333333333334 0.9473958333333333 0.5564814814814815 0.9588541666666667 0.5509259259259259
1 0.36354166666666665 0.8638888888888889 0.375 0.9027777777777778 0.3765625 0.9148148148148149 0.375 0.9212962962962963 0.37135416666666665 0.925 0.3671875 0.924074074074074 0.36822916666666666 0.9138888888888889 0.35885416666666664 0.9148148148148149 0.3546875 0.9046296296296297 0.3536458333333333 0.8842592592592593 0.35885416666666664 0.8722222222222222 0.359375 0.8657407407407407 0.36302083333333335 0.8638888888888889
1 0.6473958333333333 0.2361111111111111 0.6505208333333333 0.2388888888888889 0.6536458333333334 0.2518518518518518 0.6494791666666667 0.262037037037037 0.6463541666666667 0.2861111111111111 0.6421875 0.2861111111111111 0.6421875 0.25462962962962965 0.646875 0.23703703703703705
1 0.8625 0.21388888888888888 0.8651041666666667 0.23055555555555557 0.8520833333333333 0.2611111111111111 0.846875 0.2518518518518518 0.8557291666666667 0.22037037037037038 0.8619791666666666 0.21481481481481482
1 0.5973958333333333 0.8074074074074075 0.603125 0.8240740740740741 0.603125 0.8379629629629629 0.5979166666666667 0.8435185185185186 0.5890625 0.8416666666666667 0.5875 0.8342592592592593 0.5875 0.8231481481481482 0.5916666666666667 0.8064814814814815 0.596875 0.8074074074074075
1 0.5880208333333333 0.8416666666666667 0.5947916666666667 0.8444444444444444 0.6 0.862037037037037 0.6 0.8694444444444445 0.5953125 0.8768518518518519 0.5942708333333333 0.8861111111111111 0.5885416666666666 0.8870370370370371 0.5859375 0.8777777777777778 0.5807291666666666 0.8796296296296297 0.575 0.8722222222222222 0.5864583333333333 0.8518518518518519 0.5880208333333333 0.8425925925925926
1 0.23020833333333332 0.007407407407407408 0.23385416666666667 0.016666666666666666 0.23385416666666667 0.025925925925925925 0.23645833333333333 0.03611111111111111 0.234375 0.03796296296296296 0.22708333333333333 0.032407407407407406 0.2234375 0.011111111111111112 0.22604166666666667 0.003703703703703704 0.2296875 0.007407407407407408
1 0.6505208333333333 0.012962962962962963 0.6526041666666667 0.025 0.65 0.03518518518518519 0.6473958333333333 0.03796296296296296 0.6458333333333334 0.03611111111111111 0.6463541666666667 0.017592592592592594 0.6473958333333333 0.013888888888888888 0.65 0.013888888888888888
1 0.5411458333333333 0.4 0.546875 0.42777777777777776 0.5395833333333333 0.44907407407407407 0.5364583333333334 0.44907407407407407 0.5375 0.4305555555555556 0.5348958333333333 0.4111111111111111 0.5375 0.40185185185185185 0.540625 0.4
1 0.6265625 0.08333333333333333 0.6302083333333334 0.09166666666666666 0.6307291666666667 0.10185185185185185 0.6265625 0.11388888888888889 0.6244791666666667 0.13148148148148148 0.621875 0.13148148148148148 0.621875 0.09814814814814815 0.6265625 0.08425925925925926
1 0.51875 0.8194444444444444 0.5260416666666666 0.8333333333333334 0.5265625 0.8657407407407407 0.5234375 0.8685185185185185 0.51875 0.8666666666666667 0.515625 0.8555555555555555 0.5083333333333333 0.8574074074074074 0.5015625 0.850925925925926 0.49947916666666664 0.8453703703703703 0.5005208333333333 0.8407407407407408 0.509375 0.8407407407407408 0.5130208333333334 0.8342592592592593 0.5130208333333334 0.8212962962962963 0.5182291666666666 0.8194444444444444
1 0.5848958333333333 0.06111111111111111 0.5890625 0.08333333333333333 0.5848958333333333 0.11296296296296296 0.58125 0.11666666666666667 0.5802083333333333 0.09444444444444444 0.5807291666666666 0.0712962962962963 0.584375 0.062037037037037036
1 0.1734375 0.9120370370370371 0.17760416666666667 0.9148148148148149 0.1859375 0.9120370370370371 0.18958333333333333 0.9157407407407407 0.19583333333333333 0.9425925925925925 0.19270833333333334 0.9490740740740741 0.1890625 0.950925925925926 0.17395833333333333 0.9416666666666667 0.1640625 0.925 0.16458333333333333 0.9185185185185185 0.17291666666666666 0.9120370370370371
1 0.7895833333333333 0.12685185185185185 0.7921875 0.1398148148148148 0.7828125 0.17314814814814813 0.7796875 0.1712962962962963 0.7822916666666667 0.1425925925925926 0.7859375 0.13055555555555556 0.7890625 0.12777777777777777
1 0.04739583333333333 0.12129629629629629 0.053125 0.12407407407407407 0.05677083333333333 0.13055555555555556 0.0625 0.1527777777777778 0.05260416666666667 0.14814814814814814 0.043229166666666666 0.125 0.043229166666666666 0.12222222222222222 0.046875 0.12129629629629629
1 0.22447916666666667 0.2462962962962963 0.23541666666666666 0.26296296296296295 0.23489583333333333 0.2722222222222222 0.2390625 0.27870370370370373 0.23802083333333332 0.2851851851851852 0.234375 0.28055555555555556 0.2328125 0.2824074074074074 0.23072916666666668 0.29814814814814816 0.221875 0.262037037037037 0.22135416666666666 0.24814814814814815 0.22395833333333334 0.2462962962962963
1 0.24427083333333333 0 0.2520833333333333 0 0.253125 0.012962962962962963 0.25625 0.021296296296296296 0.2552083333333333 0.025925925925925925 0.2484375 0.028703703703703703 0.24947916666666667 0.024074074074074074 0.24427083333333333 0.000925925925925926
1 0.5848958333333333 0.05462962962962963 0.5854166666666667 0.025 0.5875 0.01574074074074074 0.5916666666666667 0.008333333333333333 0.5953125 0.014814814814814815 0.5953125 0.025 0.5916666666666667 0.05 0.5854166666666667 0.05462962962962963
1 0.2421875 0.9453703703703704 0.25833333333333336 0.9805555555555555 0.25625 0.9851851851851852 0.25 0.9842592592592593 0.246875 0.975925925925926 0.24114583333333334 0.9712962962962963 0.23854166666666668 0.9731481481481481 0.23802083333333332 0.9814814814814815 0.23125 0.9768518518518519 0.23072916666666668 0.9481481481481482 0.23697916666666666 0.9435185185185185 0.24166666666666667 0.9453703703703704
1 0.18177083333333333 0.04351851851851852 0.1875 0.06666666666666667 0.18541666666666667 0.08055555555555556 0.18020833333333333 0.07407407407407407 0.17760416666666667 0.06574074074074074 0.178125 0.044444444444444446 0.18125 0.04351851851851852
1 0.7661458333333333 0.3148148148148148 0.7666666666666667 0.337037037037037 0.7604166666666666 0.3453703703703704 0.7588541666666667 0.36666666666666664 0.7567708333333333 0.36574074074074076 0.7557291666666667 0.35555555555555557 0.7515625 0.35 0.7515625 0.3453703703703704 0.7541666666666667 0.3314814814814815 0.7583333333333333 0.33055555555555555 0.7625 0.31666666666666665 0.765625 0.3148148148148148
1 0.5890625 0.787962962962963 0.5932291666666667 0.7925925925925926 0.5932291666666667 0.8064814814814815 0.5880208333333333 0.8277777777777777 0.5822916666666667 0.8194444444444444 0.5755208333333334 0.825925925925926 0.5682291666666667 0.825 0.5671875 0.8194444444444444 0.5734375 0.8166666666666667 0.5833333333333334 0.799074074074074 0.5848958333333333 0.7898148148148149 0.5885416666666666 0.787962962962963
1 0.29010416666666666 0.9157407407407407 0.30052083333333335 0.925 0.30364583333333334 0.9324074074074075 0.30572916666666666 0.9537037037037037 0.30052083333333335 0.9638888888888889 0.29739583333333336 0.9629629629629629 0.29635416666666664 0.9537037037037037 0.29270833333333335 0.9472222222222222 0.28489583333333335 0.9388888888888889 0.284375 0.9277777777777778 0.28020833333333334 0.9212962962962963 0.28229166666666666 0.9138888888888889 0.2869791666666667 0.912962962962963 0.28958333333333336 0.9157407407407407