0 0.63125 0.05648148148148148 0.6348958333333333 0.07037037037037037 0.6348958333333333 0.08148148148148149 0.6317708333333333 0.08611111111111111 0.6192708333333333 0.08611111111111111 0.6166666666666667 0.07962962962962963 0.621875 0.058333333333333334 0.6307291666666667 0.05648148148148148
0 0.04739583333333333 0.4 0.06041666666666667 0.412962962962963 0.06458333333333334 0.41388888888888886 0.07447916666666667 0.4287037037037037 0.07135416666666666 0.4388888888888889 0.041666666666666664 0.47129629629629627 0.022916666666666665 0.46111111111111114 0.0140625 0.4361111111111111 0.0140625 0.4305555555555556 0.021354166666666667 0.41759259259259257 0.046875 0.4
0 0.5609375 0.16203703703703703 0.5677083333333334 0.18055555555555555 0.5671875 0.2 0.5645833333333333 0.20462962962962963 0.5505208333333333 0.20185185185185187 0.5473958333333333 0.1935185185185185 0.5505208333333333 0.1712962962962963 0.5604166666666667 0.16203703703703703
0 0.6734375 0.43148148148148147 0.6786458333333333 0.44351851851851853 0.6822916666666666 0.45925925925925926 0.6786458333333333 0.4925925925925926 0.6744791666666666 0.487962962962963 0.6614583333333334 0.4546296296296296 0.6645833333333333 0.43796296296296294 0.6729166666666667 0.43148148148148147
0 0.5515625 0.3277777777777778 0.5489583333333333 0.2796296296296296 0.55 0.2657407407407407 0.5557291666666667 0.25833333333333336 0.5666666666666667 0.25833333333333336 0.5697916666666667 0.262037037037037 0.5765625 0.2898148148148148 0.578125 0.32222222222222224 0.5755208333333334 0.3296296296296296 0.5713541666666667 0.3314814814814815 0.5520833333333334 0.3277777777777778
0 0.6192708333333333 0.30648148148148147 0.6203125 0.30277777777777776 0.6286458333333333 0.2962962962962963 0.6432291666666666 0.2972222222222222 0.6494791666666667 0.3148148148148148 0.6484375 0.325 0.6458333333333334 0.3287037037037037 0.6260416666666667 0.32222222222222224 0.6197916666666666 0.3074074074074074
0 0.4947916666666667 0.041666666666666664 0.49635416666666665 0.049074074074074076 0.49322916666666666 0.05925925925925926 0.49322916666666666 0.08148148148148149 0.49166666666666664 0.08518518518518518 0.4822916666666667 0.08611111111111111 0.47760416666666666 0.08518518518518518 0.475 0.08055555555555556 0.4734375 0.053703703703703705 0.4765625 0.046296296296296294 0.4817708333333333 0.04259259259259259 0.4942708333333333 0.041666666666666664
0 0.5067708333333333 0.37222222222222223 0.5104166666666666 0.375 0.515625 0.38796296296296295 0.5223958333333333 0.41388888888888886 0.5286458333333334 0.4527777777777778 0.5291666666666667 0.4703703703703704 0.5270833333333333 0.47685185185185186 0.5192708333333333 0.48333333333333334 0.5015625 0.48148148148148145 0.4979166666666667 0.47685185185185186 0.49114583333333334 0.45555555555555555 0.48489583333333336 0.4148148148148148 0.48541666666666666 0.37962962962962965 0.49270833333333336 0.3731481481481482 0.50625 0.37222222222222223
0 0.4421875 0.37407407407407406 0.4453125 0.3814814814814815 0.4453125 0.3907407407407407 0.4427083333333333 0.4 0.4322916666666667 0.4166666666666667 0.42864583333333334 0.41574074074074074 0.4276041666666667 0.4074074074074074 0.42864583333333334 0.37777777777777777 0.4390625 0.3824074074074074 0.4421875 0.375
0 0.9114583333333334 0.662962962962963 0.9286458333333333 0.674074074074074 0.9510416666666667 0.6944444444444444 0.953125 0.6990740740740741 0.9526041666666667 0.7481481481481481 0.9505208333333334 0.7583333333333333 0.9463541666666667 0.7611111111111111 0.9401041666666666 0.7555555555555555 0.9145833333333333 0.7444444444444445 0.9020833333333333 0.7333333333333333 0.8869791666666667 0.7333333333333333 0.8828125 0.7277777777777777 0.8796875 0.7166666666666667 0.8796875 0.7018518518518518 0.884375 0.6851851851851852 0.8994791666666667 0.662962962962963 0.9109375 0.662962962962963
0 0.5921875 0.3787037037037037 0.6026041666666667 0.39351851851851855 0.6072916666666667 0.41203703703703703 0.60625 0.4351851851851852 0.5994791666666667 0.45 0.5833333333333334 0.4388888888888889 0.5791666666666667 0.42962962962962964 0.5744791666666667 0.425 0.5729166666666666 0.4185185185185185 0.5734375 0.40185185185185185 0.578125 0.38333333333333336 0.5916666666666667 0.3787037037037037
0 0.5619791666666667 0.07314814814814814 0.5630208333333333 0.09351851851851851 0.5614583333333333 0.10555555555555556 0.5572916666666666 0.11666666666666667 0.5473958333333333 0.13055555555555556 0.5411458333333333 0.12962962962962962 0.5380208333333333 0.1259259259259259 0.5380208333333333 0.10462962962962963 0.5416666666666666 0.08333333333333333 0.55 0.07222222222222222 0.5614583333333333 0.07314814814814814
0 0.421875 0.08796296296296297 0.4239583333333333 0.1037037037037037 0.4192708333333333 0.11481481481481481 0.4088541666666667 0.11296296296296296 0.4078125 0.09444444444444444 0.42135416666666664 0.08796296296296297
0 0.2833333333333333 0.6675925925925926 0.2869791666666667 0.6694444444444444 0.29635416666666664 0.687037037037037 0.2989583333333333 0.6981481481481482 0.30416666666666664 0.7083333333333334 0.30364583333333334 0.7166666666666667 0.29583333333333334 0.7305555555555555 0.28229166666666666 0.7379629629629629 0.2760416666666667 0.7472222222222222 0.2640625 0.7546296296296297 0.25625 0.7685185185185185 0.24427083333333333 0.7666666666666667 0.240625 0.7620370370370371 0.23541666666666666 0.725925925925926 0.23541666666666666 0.6990740740740741 0.24739583333333334 0.6851851851851852 0.2828125 0.6675925925925926
0 0.6661458333333333 0.6046296296296296 0.6958333333333333 0.6296296296296297 0.721875 0.6722222222222223 0.7244791666666667 0.6898148148148148 0.7239583333333334 0.7064814814814815 0.7192708333333333 0.7166666666666667 0.715625 0.7194444444444444 0.70625 0.7175925925925926 0.690625 0.7046296296296296 0.6817708333333333 0.7046296296296296 0.6619791666666667 0.6833333333333333 0.6411458333333333 0.6675925925925926 0.6395833333333333 0.6620370370370371 0.640625 0.6407407407407407 0.6578125 0.6101851851851852 0.665625 0.6046296296296296
0 0.03333333333333333 0.6268518518518519 0.06822916666666666 0.637962962962963 0.08229166666666667 0.6509259259259259 0.09895833333333333 0.6796296296296296 0.10104166666666667 0.6888888888888889 0.10104166666666667 0.7166666666666667 0.0984375 0.725925925925926 0.0828125 0.7407407407407407 0.08229166666666667 0.75 0.078125 0.7583333333333333 0.07135416666666666 0.7620370370370371 0.0625 0.7620370370370371 0.05364583333333333 0.7564814814814815 0.0484375 0.7685185185185185 0.044270833333333336 0.7722222222222223 0.0020833333333333333 0.8009259259259259 0 0.8009259259259259 0 0.7351851851851852 0.0020833333333333333 0.7342592592592593 0 0.7333333333333333 0 0.6351851851851852 0.013020833333333334 0.6314814814814815 0.019270833333333334 0.6370370370370371 0.025 0.6287037037037037 0.0328125 0.6268518518518519
0 0.5473958333333333 0.20277777777777778 0.5515625 0.20462962962962963 0.5541666666666667 0.2111111111111111 0.5526041666666667 0.2388888888888889 0.55 0.24722222222222223 0.5432291666666667 0.25277777777777777 0.5385416666666667 0.24722222222222223 0.5369791666666667 0.22314814814814815 0.5390625 0.20462962962962963 0.546875 0.20277777777777778
0 0.025520833333333333 0.5185185185185185 0.028125 0.5259259259259259 0.044270833333333336 0.5388888888888889 0.04583333333333333 0.5462962962962963 0.027083333333333334 0.5851851851851851 0.014583333333333334 0.5990740740740741 0.0067708333333333336 0.6037037037037037 0 0.6027777777777777 0 0.5231481481481481 0.008854166666666666 0.5185185185185185 0.025 0.5185185185185185
0 0.46458333333333335 0.4148148148148148 0.4671875 0.41759259259259257 0.4666666666666667 0.4425925925925926 0.4635416666666667 0.4537037037037037 0.46041666666666664 0.4527777777777778 0.45625 0.4425925925925926 0.45416666666666666 0.4185185185185185 0.4640625 0.4148148148148148
0 0.1265625 0.38055555555555554 0.140625 0.3925925925925926 0.14739583333333334 0.4027777777777778 0.14895833333333333 0.40925925925925927 0.14739583333333334 0.4203703703703704 0.13333333333333333 0.4388888888888889 0.12708333333333333 0.45185185185185184 0.11197916666666667 0.44907407407407407 0.10625 0.4444444444444444 0.09947916666666666 0.4185185185185185 0.1 0.4083333333333333 0.10416666666666667 0.4 0.11927083333333334 0.38333333333333336 0.12604166666666666 0.38055555555555554
0 0.3104166666666667 0.5222222222222223 0.32083333333333336 0.5259259259259259 0.32708333333333334 0.5333333333333333 0.3328125 0.5555555555555556 0.33177083333333335 0.5703703703703704 0.30572916666666666 0.612037037037037 0.2942708333333333 0.6240740740740741 0.28958333333333336 0.6194444444444445 0.2875 0.5981481481481481 0.28541666666666665 0.5925925925925926 0.284375 0.5675925925925925 0.30104166666666665 0.5305555555555556 0.3098958333333333 0.5231481481481481
0 0.8015625 0.7138888888888889 0.8453125 0.7481481481481481 0.8598958333333333 0.774074074074074 0.8734375 0.7898148148148149 0.878125 0.8064814814814815 0.8765625 0.8398148148148148 0.8697916666666666 0.8564814814814815 0.8604166666666667 0.8601851851851852 0.8484375 0.8574074074074074 0.8390625 0.8425925925925926 0.8296875 0.8333333333333334 0.7963541666666667 0.8046296296296296 0.7791666666666667 0.8 0.7755208333333333 0.7925925925925926 0.7713541666666667 0.7796296296296297 0.7713541666666667 0.7685185185185185 0.7723958333333333 0.7555555555555555 0.7791666666666667 0.7296296296296296 0.7848958333333333 0.7194444444444444 0.7921875 0.7129629629629629 0.8010416666666667 0.7138888888888889
0 0.7557291666666667 0.4 0.7619791666666667 0.40185185185185185 0.7666666666666667 0.4083333333333333 0.7708333333333334 0.425 0.7703125 0.43703703703703706 0.7677083333333333 0.44351851851851853 0.7734375 0.45092592592592595 0.7760416666666666 0.4601851851851852 0.7796875 0.4962962962962963 0.7734375 0.5083333333333333 0.7692708333333333 0.5111111111111111 0.7479166666666667 0.5046296296296297 0.740625 0.49444444444444446 0.740625 0.45925925925925926 0.7364583333333333 0.4444444444444444 0.7369791666666666 0.42777777777777776 0.7411458333333333 0.425 0.7510416666666667 0.43333333333333335 0.75625 0.43148148148148147 0.7515625 0.425 0.740625 0.4203703703703704 0.7390625 0.4101851851851852 0.7442708333333333 0.4009259259259259 0.7552083333333334 0.4
0 0.5989583333333334 0.002777777777777778 0.6057291666666667 0.004629629629629629 0.6072916666666667 0.012037037037037037 0.6083333333333333 0.06018518518518518 0.6067708333333334 0.06666666666666667 0.6020833333333333 0.07314814814814814 0.5875 0.06851851851851852 0.584375 0.06481481481481481 0.5875 0.008333333333333333 0.5911458333333334 0.001851851851851852 0.5984375 0.002777777777777778
0 0.028125 0.4648148148148148 0.040625 0.47314814814814815 0.0453125 0.48148148148148145 0.04635416666666667 0.49074074074074076 0.04375 0.5074074074074074 0.03333333333333333 0.5194444444444445 0.022395833333333334 0.5175925925925926 0.019270833333333334 0.5203703703703704 0.0020833333333333333 0.5222222222222223 0 0.5222222222222223 0 0.48055555555555557 0.0046875 0.47962962962962963 0.015625 0.4685185185185185 0.027604166666666666 0.4648148148148148
0 0.26666666666666666 0.5601851851851852 0.28072916666666664 0.5666666666666667 0.2833333333333333 0.575 0.2838541666666667 0.5925925925925926 0.2708333333333333 0.6111111111111112 0.2630208333333333 0.6277777777777778 0.2578125 0.6259259259259259 0.2552083333333333 0.6018518518518519 0.2598958333333333 0.5740740740740741 0.26614583333333336 0.5601851851851852
0 0.521875 0.1425925925925926 0.5322916666666667 0.15 0.5354166666666667 0.16111111111111112 0.5348958333333333 0.20092592592592592 0.5328125 0.21296296296296297 0.528125 0.22037037037037038 0.5291666666666667 0.22685185185185186 0.5177083333333333 0.25277777777777777 0.515625 0.2638888888888889 0.5046875 0.28055555555555556 0.47760416666666666 0.2759259259259259 0.4739583333333333 0.2537037037037037 0.475 0.23055555555555557 0.48020833333333335 0.20462962962962963 0.5005208333333333 0.16574074074074074 0.5041666666666667 0.15462962962962962 0.5114583333333333 0.14351851851851852 0.5213541666666667 0.1425925925925926
0 0.9375 0.7805555555555556 0.9515625 0.7925925925925926 0.9520833333333333 0.8148148148148148 0.95625 0.8305555555555556 0.9583333333333334 0.8212962962962963 0.9625 0.8138888888888889 0.965625 0.8009259259259259 0.965625 0.7916666666666666 0.9703125 0.7907407407407407 0.9723958333333333 0.7935185185185185 0.978125 0.8064814814814815 0.9822916666666667 0.837037037037037 0.9807291666666667 0.8453703703703703 0.9770833333333333 0.8472222222222222 0.9692708333333333 0.8453703703703703 0.9598958333333333 0.8333333333333334 0.95625 0.8379629629629629 0.9479166666666666 0.8268518518518518 0.9317708333333333 0.8138888888888889 0.9270833333333334 0.8 0.9270833333333334 0.7935185185185185 0.93125 0.7824074074074074 0.9369791666666667 0.7805555555555556
0 0.6125 0.375 0.6197916666666666 0.38333333333333336 0.6213541666666667 0.4101851851851852 0.6177083333333333 0.42777777777777776 0.6088541666666667 0.42314814814814816 0.6041666666666666 0.38981481481481484 0.6057291666666667 0.38425925925925924 0.6109375 0.38055555555555554 0.6125 0.37592592592592594
0 0.5484375 0.3592592592592593 0.5541666666666667 0.3648148148148148 0.5604166666666667 0.3861111111111111 0.5604166666666667 0.41203703703703703 0.5536458333333333 0.43148148148148147 0.55 0.425 0.5432291666666667 0.425 0.5380208333333333 0.4074074074074074 0.5328125 0.4009259259259259 0.53125 0.3925925925925926 0.5338541666666666 0.36574074074074076 0.5359375 0.36203703703703705 0.5479166666666667 0.3592592592592593
0 0.975 0.6592592592592592 0.9994791666666667 0.6703703703703704 0.9994791666666667 0.7268518518518519 0.9838541666666667 0.7212962962962963 0.9703125 0.7472222222222222 0.9640625 0.7453703703703703 0.95625 0.7361111111111112 0.9541666666666667 0.7203703703703703 0.9541666666666667 0.6981481481481482 0.9453125 0.6851851851851852 0.9473958333333333 0.675 0.95625 0.6648148148148149 0.9635416666666666 0.6601851851851852 0.9744791666666667 0.6592592592592592
0 0.8234375 0.6546296296296297 0.8369791666666667 0.6601851851851852 0.8598958333333333 0.6814814814814815 0.8645833333333334 0.6888888888888889 0.865625 0.7231481481481481 0.8630208333333333 0.7444444444444445 0.8604166666666667 0.7518518518518519 0.8557291666666667 0.7555555555555555 0.7958333333333333 0.7083333333333334 0.7973958333333333 0.6898148148148148 0.8114583333333333 0.6583333333333333 0.8140625 0.6546296296296297 0.8229166666666666 0.6546296296296297
0 0.5921875 0.45092592592592595 0.5989583333333334 0.4546296296296296 0.6026041666666667 0.46296296296296297 0.6171875 0.5111111111111111 0.6244791666666667 0.5462962962962963 0.6265625 0.5638888888888889 0.625 0.5814814814814815 0.6203125 0.5888888888888889 0.6130208333333333 0.5935185185185186 0.5880208333333333 0.5861111111111111 0.584375 0.5777777777777777 0.58125 0.5481481481481482 0.5770833333333333 0.5287037037037037 0.5697916666666667 0.5120370370370371 0.56875 0.4962962962962963 0.571875 0.462037037037037 0.5770833333333333 0.4537037037037037 0.5817708333333333 0.45092592592592595 0.5916666666666667 0.45092592592592595
0 0.46458333333333335 0.06388888888888888 0.4708333333333333 0.06759259259259259 0.4739583333333333 0.07407407407407407 0.4739583333333333 0.0787037037037037 0.4708333333333333 0.08518518518518518 0.4630208333333333 0.09166666666666666 0.453125 0.09166666666666666 0.44947916666666665 0.08425925925925926 0.44947916666666665 0.07777777777777778 0.4552083333333333 0.06666666666666667 0.4640625 0.06388888888888888
0 0.5671875 0.5416666666666666 0.5708333333333333 0.5601851851851852 0.5692708333333333 0.5814814814814815 0.5640625 0.6055555555555555 0.5604166666666667 0.6064814814814815 0.5583333333333333 0.5907407407407408 0.553125 0.5805555555555556 0.5505208333333333 0.5527777777777778 0.5541666666666667 0.5462962962962963 0.5557291666666667 0.5472222222222223 0.5572916666666666 0.5574074074074075 0.5630208333333333 0.5574074074074075 0.5651041666666666 0.5527777777777778 0.5645833333333333 0.5444444444444444 0.5666666666666667 0.5425925925925926
0 0.6958333333333333 0.7074074074074074 0.7447916666666666 0.7527777777777778 0.7515625 0.7638888888888888 0.7671875 0.8 0.76875 0.812962962962963 0.7614583333333333 0.8453703703703703 0.7552083333333334 0.8555555555555555 0.7458333333333333 0.8601851851851852 0.7333333333333333 0.8564814814814815 0.721875 0.8351851851851851 0.6942708333333333 0.8101851851851852 0.6890625 0.8009259259259259 0.6786458333333333 0.8055555555555556 0.6703125 0.7916666666666666 0.6661458333333333 0.7722222222222223 0.6713541666666667 0.7444444444444445 0.6859375 0.7064814814814815 0.6927083333333334 0.7046296296296296 0.6953125 0.7074074074074074
0 0.5463541666666667 0.13425925925925927 0.5510416666666667 0.14166666666666666 0.55 0.1638888888888889 0.5463541666666667 0.17222222222222222 0.5369791666666667 0.1824074074074074 0.5348958333333333 0.1787037037037037 0.534375 0.1574074074074074 0.5307291666666667 0.14351851851851852 0.5369791666666667 0.13333333333333333 0.5458333333333333 0.13425925925925927
0 0.6520833333333333 0.44907407407407407 0.6578125 0.4537037037037037 0.6755208333333333 0.4888888888888889 0.6765625 0.49537037037037035 0.6817708333333333 0.5046296296296297 0.6822916666666666 0.5166666666666667 0.6890625 0.5314814814814814 0.6916666666666667 0.5425925925925926 0.6916666666666667 0.55 0.6854166666666667 0.5638888888888889 0.6723958333333333 0.5712962962962963 0.6661458333333333 0.5712962962962963 0.653125 0.5648148148148148 0.6442708333333333 0.5361111111111111 0.6401041666666667 0.5287037037037037 0.6369791666666667 0.512962962962963 0.6265625 0.49907407407407406 0.6265625 0.4777777777777778 0.6296875 0.4638888888888889 0.6395833333333333 0.45092592592592595 0.6515625 0.44907407407407407
0 0.17760416666666667 0.8435185185185186 0.196875 0.8555555555555555 0.19895833333333332 0.8611111111111112 0.19739583333333333 0.8694444444444445 0.15572916666666667 0.9018518518518519 0.14114583333333333 0.8981481481481481 0.13958333333333334 0.8935185185185185 0.140625 0.8787037037037037 0.14427083333333332 0.8722222222222222 0.14739583333333334 0.8712962962962963 0.15677083333333333 0.8777777777777778 0.1625 0.8768518518518519 0.16354166666666667 0.8694444444444445 0.15989583333333332 0.862037037037037 0.1578125 0.8490740740740741 0.17708333333333334 0.8435185185185186
0 0.7583333333333333 0.5527777777777778 0.7677083333333333 0.5648148148148148 0.7729166666666667 0.5611111111111111 0.7791666666666667 0.5685185185185185 0.7807291666666667 0.5907407407407408 0.7802083333333333 0.6037037037037037 0.7776041666666667 0.6092592592592593 0.775 0.6092592592592593 0.7703125 0.6 0.7572916666666667 0.5842592592592593 0.75 0.5648148148148148 0.753125 0.5527777777777778 0.7578125 0.5527777777777778
0 0.509375 0.046296296296296294 0.5145833333333333 0.05555555555555555 0.5130208333333334 0.06759259259259259 0.503125 0.07685185185185185 0.4984375 0.08518518518518518 0.4942708333333333 0.08518518518518518 0.49322916666666666 0.08148148148148149 0.49375 0.05555555555555555 0.4979166666666667 0.046296296296296294 0.5088541666666667 0.046296296296296294
1 0.35885416666666664 0.9851851851851852 0.36354166666666665 0.9907407407407407 0.3645833333333333 0.9990740740740741 0.346875 0.9990740740740741 0.3489583333333333 0.9879629629629629 0.35208333333333336 0.9842592592592593 0.35833333333333334 0.9851851851851852
1 0.7859375 0.2916666666666667 0.7864583333333334 0.30462962962962964 0.7838541666666666 0.3138888888888889 0.7828125 0.3296296296296296 0.7791666666666667 0.3296296296296296 0.7765625 0.32407407407407407 0.7786458333333334 0.3037037037037037 0.7822916666666667 0.29259259259259257 0.7854166666666667 0.2916666666666667
1 0.5989583333333334 0.2898148148148148 0.6020833333333333 0.29259259259259257 0.6036458333333333 0.30277777777777776 0.6020833333333333 0.325 0.5984375 0.3287037037037037 0.5953125 0.32685185185185184 0.5947916666666667 0.31296296296296294 0.5989583333333334 0.29074074074074074
1 0.5880208333333333 0.26666666666666666 0.5869791666666667 0.24074074074074073 0.590625 0.23148148148148148 0.59375 0.2351851851851852 0.59375 0.24814814814814815 0.5916666666666667 0.26481481481481484 0.5885416666666666 0.26666666666666666
1 0.6130208333333333 0.28888888888888886 0.6166666666666667 0.2935185185185185 0.6177083333333333 0.30648148148148147 0.6125 0.3314814814814815 0.6088541666666667 0.3277777777777778 0.6083333333333333 0.3101851851851852 0.609375 0.29259259259259257 0.6125 0.28888888888888886
1 0.6645833333333333 0.26296296296296295 0.6671875 0.2777777777777778 0.6635416666666667 0.30092592592592593 0.6604166666666667 0.3037037037037037 0.6572916666666667 0.3037037037037037 0.65625 0.29814814814814816 0.6604166666666667 0.2657407407407407 0.6640625 0.26296296296296295
1 0.044270833333333336 0.362962962962963 0.046875 0.36203703703703705 0.05416666666666667 0.37037037037037035 0.05520833333333333 0.3851851851851852 0.058333333333333334 0.39351851851851855 0.057291666666666664 0.40925925925925927 0.052083333333333336 0.4 0.0453125 0.3814814814814815 0.044270833333333336 0.3638888888888889
1 0.15104166666666666 0.325 0.14635416666666667 0.32222222222222224 0.14375 0.3314814814814815 0.140625 0.3296296296296296 0.14010416666666667 0.3212962962962963 0.1359375 0.3074074074074074 0.1359375 0.2916666666666667 0.13958333333333334 0.2916666666666667 0.14791666666666667 0.3074074074074074 0.15364583333333334 0.32407407407407407 0.1515625 0.32407407407407407
1 0.48072916666666665 0.46574074074074073 0.48541666666666666 0.4740740740740741 0.4864583333333333 0.48518518518518516 0.48385416666666664 0.5055555555555555 0.47708333333333336 0.5212962962962963 0.47760416666666666 0.5009259259259259 0.475 0.47962962962962963 0.47708333333333336 0.4675925925925926 0.48020833333333335 0.46574074074074073
1 0.8005208333333333 0.5046296296296297 0.8036458333333333 0.5120370370370371 0.8046875 0.5287037037037037 0.8 0.5453703703703704 0.79375 0.55 0.7895833333333333 0.55 0.79375 0.5296296296296297 0.7916666666666666 0.5166666666666667 0.7953125 0.5074074074074074 0.8 0.5046296296296297
1 0.23880208333333333 0.2175925925925926 0.009895833333333333 0.03148148148148148
1 0.49114583333333334 0.4666666666666667 0.4942708333333333 0.4666666666666667 0.4979166666666667 0.4759259259259259 0.496875 0.49444444444444446 0.49895833333333334 0.4981481481481482 0.4979166666666667 0.524074074074074 0.4973958333333333 0.5074074074074074 0.4947916666666667 0.5009259259259259 0.49270833333333336 0.5055555555555555 0.49166666666666664 0.5185185185185185 0.48854166666666665 0.5157407407407407 0.48854166666666665 0.47685185185185186 0.49114583333333334 0.4675925925925926
1 0.07760416666666667 0.29444444444444445 0.08125 0.2953703703703704 0.08541666666666667 0.3037037037037037 0.0859375 0.3138888888888889 0.08958333333333333 0.32592592592592595 0.08854166666666667 0.33240740740740743 0.08177083333333333 0.3314814814814815 0.07604166666666666 0.3101851851851852 0.07552083333333333 0.3037037037037037 0.07760416666666667 0.2953703703703704
1 0.8526041666666667 0.600925925925926 0.8557291666666667 0.6046296296296296 0.8557291666666667 0.6083333333333333 0.8494791666666667 0.6166666666666667 0.8479166666666667 0.6324074074074074 0.8432291666666667 0.6472222222222223 0.8390625 0.6518518518518519 0.8322916666666667 0.6527777777777778 0.8302083333333333 0.6527777777777778 0.8291666666666667 0.649074074074074 0.8364583333333333 0.6388888888888888 0.8401041666666667 0.612037037037037 0.8463541666666666 0.6018518518518519 0.8520833333333333 0.600925925925926
1 0.4010416666666667 0.8685185185185185 0.4083333333333333 0.8833333333333333 0.40729166666666666 0.8972222222222223 0.4088541666666667 0.9111111111111111 0.40729166666666666 0.9166666666666666 0.4041666666666667 0.9092592592592592 0.4010416666666667 0.9083333333333333 0.4 0.9231481481481482 0.39791666666666664 0.9287037037037037 0.3953125 0.9277777777777778 0.39479166666666665 0.9027777777777778 0.3921875 0.8972222222222223 0.3921875 0.887962962962963 0.3953125 0.8703703703703703 0.4005208333333333 0.8685185185185185
1 0.0203125 0.7916666666666666 0.0296875 0.7925925925925926 0.03854166666666667 0.8 0.03958333333333333 0.8046296296296296 0.036458333333333336 0.8138888888888889 0.044270833333333336 0.8314814814814815 0.04375 0.8379629629629629 0.04010416666666667 0.8407407407407408 0.03125 0.8314814814814815 0.017708333333333333 0.8074074074074075 0.011458333333333333 0.8037037037037037 0.011458333333333333 0.7962962962962963 0.019791666666666666 0.7916666666666666
1 0.18645833333333334 0.25277777777777777 0.1921875 0.26296296296296295 0.19270833333333334 0.27314814814814814 0.19635416666666666 0.28425925925925927 0.19583333333333333 0.28703703703703703 0.19010416666666666 0.2898148148148148 0.18854166666666666 0.2740740740740741 0.184375 0.26481481481481484 0.1859375 0.25277777777777777
1 0.3463541666666667 0.8796296296296297 0.3541666666666667 0.9064814814814814 0.3541666666666667 0.9259259259259259 0.35 0.9324074074074075 0.3416666666666667 0.9175925925925926 0.33645833333333336 0.8953703703703704 0.33645833333333336 0.8888888888888888 0.33958333333333335 0.8824074074074074 0.3458333333333333 0.8796296296296297
1 0.5947916666666667 0.23055555555555557 0.5989583333333334 0.23148148148148148 0.6015625 0.24444444444444444 0.6015625 0.25092592592592594 0.5989583333333334 0.2564814814814815 0.5953125 0.2574074074074074 0.59375 0.25092592592592594 0.5947916666666667 0.23148148148148148
1 0.365625 0.8435185185185186 0.371875 0.8583333333333333 0.37135416666666665 0.8796296296296297 0.36614583333333334 0.899074074074074 0.36302083333333335 0.8962962962962963 0.35989583333333336 0.8564814814814815 0.3609375 0.8462962962962963 0.3651041666666667 0.8435185185185186
1 0.7203125 0.44351851851851853 0.7244791666666667 0.4444444444444444 0.7239583333333334 0.4638888888888889 0.7177083333333333 0.4787037037037037 0.7166666666666667 0.48703703703703705 0.7119791666666667 0.4842592592592593 0.7145833333333333 0.47314814814814815 0.7130208333333333 0.4601851851851852 0.7203125 0.4444444444444444
1 0.3723958333333333 0.8592592592592593 0.3765625 0.8601851851851852 0.3828125 0.8703703703703703 0.384375 0.8824074074074074 0.3885416666666667 0.8898148148148148 0.38697916666666665 0.8962962962962963 0.3765625 0.9111111111111111 0.371875 0.8861111111111111 0.3723958333333333 0.8601851851851852
1 0.07604166666666666 0.3592592592592593 0.08645833333333333 0.3861111111111111 0.08854166666666667 0.4009259259259259 0.08541666666666667 0.40370370370370373 0.08020833333333334 0.3990740740740741 0.07291666666666667 0.3731481481481482 0.07291666666666667 0.3611111111111111 0.07552083333333333 0.3592592592592593
1 0.06197916666666667 0.3712962962962963 0.06822916666666666 0.37962962962962965 0.06979166666666667 0.3907407407407407 0.07552083333333333 0.4 0.07447916666666667 0.40370370370370373 0.06927083333333334 0.40370370370370373 0.06666666666666667 0.4111111111111111 0.06354166666666666 0.4111111111111111 0.06145833333333333 0.39537037037037037 0.05572916666666667 0.38333333333333336 0.05572916666666667 0.36944444444444446 0.058333333333333334 0.3675925925925926 0.06145833333333333 0.3712962962962963
1 0.9854166666666667 0.7185185185185186 0.9953125 0.7212962962962963 0.9994791666666667 0.7277777777777777 0.9973958333333334 0.7287037037037037 0.9963541666666667 0.7407407407407407 0.9921875 0.7472222222222222 0.9901041666666667 0.7574074074074074 0.9822916666666667 0.7694444444444445 0.9734375 0.762962962962963 0.96875 0.7509259259259259 0.9802083333333333 0.7231481481481481 0.9848958333333333 0.7185185185185186
1 0.7489583333333333 0.5648148148148148 0.7546875 0.5731481481481482 0.7557291666666667 0.5842592592592593 0.7515625 0.6018518518518519 0.7442708333333333 0.6185185185185185 0.7375 0.6074074074074074 0.7411458333333333 0.5814814814814815 0.7484375 0.5648148148148148
1 0.7260416666666667 0.5305555555555556 0.7276041666666667 0.5324074074074074 0.7260416666666667 0.5583333333333333 0.7166666666666667 0.587037037037037 0.7083333333333334 0.5842592592592593 0.709375 0.5666666666666667 0.7208333333333333 0.5324074074074074 0.7255208333333333 0.5305555555555556
1 0.08333333333333333 0.6148148148148148 0.0921875 0.6425925925925926 0.09895833333333333 0.6546296296296297 0.10052083333333334 0.6611111111111111 0.09635416666666667 0.6657407407407407 0.090625 0.6648148148148149 0.078125 0.6370370370370371 0.07864583333333333 0.6166666666666667 0.0828125 0.6148148148148148
1 0.5083333333333333 0.5064814814814815 0.5114583333333333 0.512962962962963 0.5125 0.525 0.5104166666666666 0.5314814814814814 0.5104166666666666 0.5407407407407407 0.5046875 0.5537037037037037 0.5041666666666667 0.5305555555555556 0.5 0.5185185185185185 0.5046875 0.5055555555555555 0.5078125 0.5064814814814815
1 0.5135416666666667 0.4824074074074074 0.5161458333333333 0.48703703703703705 0.5161458333333333 0.4935185185185185 0.5119791666666667 0.5259259259259259 0.5098958333333333 0.5120370370370371 0.5052083333333334 0.5046296296296297 0.50625 0.4842592592592593 0.5104166666666666 0.48055555555555557 0.5130208333333334 0.4824074074074074
1 0.6026041666666667 0.24814814814814815 0.6057291666666667 0.2537037037037037 0.60625 0.2638888888888889 0.6015625 0.2851851851851852 0.5989583333333334 0.28888888888888886 0.5973958333333333 0.25555555555555554 0.6020833333333333 0.24814814814814815
1 0.7276041666666667 0.5388888888888889 0.7338541666666667 0.5287037037037037 0.7375 0.5287037037037037 0.7395833333333334 0.5425925925925926 0.7385416666666667 0.5564814814814815 0.7270833333333333 0.5722222222222222 0.7260416666666667 0.5638888888888889 0.7276041666666667 0.5398148148148149
1 0.796875 0.31666666666666665 0.7984375 0.3296296296296296 0.7932291666666667 0.3527777777777778 0.7880208333333333 0.3490740740740741 0.7875 0.33611111111111114 0.7885416666666667 0.3277777777777778 0.7932291666666667 0.3175925925925926 0.7963541666666667 0.31666666666666665
1 0.35572916666666665 0.9398148148148148 0.35989583333333336 0.9453703703703704 0.36302083333333335 0.9555555555555556 0.36302083333333335 0.9787037037037037 0.36041666666666666 0.9851851851851852 0.35 0.9814814814814815 0.34375 0.962037037037037 0.34322916666666664 0.9462962962962963 0.346875 0.9416666666666667 0.35520833333333335 0.9398148148148148
1 0.334375 0.13333333333333333 0.33541666666666664 0.1574074074074074 0.33229166666666665 0.16296296296296298 0.32916666666666666 0.15833333333333333 0.328125 0.13703703703703704 0.3307291666666667 0.13240740740740742 0.3338541666666667 0.13333333333333333