0 0.7942708333333334 0.1648148148148148 0.7963541666666667 0.17222222222222222 0.8036458333333333 0.17592592592592593 0.8078125 0.17407407407407408 0.8119791666666667 0.17777777777777778 0.8104166666666667 0.18888888888888888 0.8125 0.2064814814814815 0.8114583333333333 0.21296296296296297 0.8078125 0.2175925925925926 0.8052083333333333 0.21666666666666667 0.7989583333333333 0.20462962962962963 0.7895833333333333 0.2 0.7828125 0.20277777777777778 0.78125 0.19907407407407407 0.7807291666666667 0.1824074074074074 0.7828125 0.17407407407407408 0.7864583333333334 0.1675925925925926 0.79375 0.1648148148148148
0 0.42291666666666666 0.8472222222222222 0.42604166666666665 0.8527777777777777 0.425 0.8703703703703703 0.41302083333333334 0.8944444444444445 0.4119791666666667 0.9027777777777778 0.40572916666666664 0.9101851851851852 0.4036458333333333 0.9231481481481482 0.390625 0.9481481481481482 0.38697916666666665 0.9425925925925925 0.38697916666666665 0.925 0.39010416666666664 0.9018518518518519 0.40260416666666665 0.8824074074074074 0.4041666666666667 0.8722222222222222 0.4125 0.8518518518518519 0.42239583333333336 0.8472222222222222
0 0.6067708333333334 0.19722222222222222 0.6140625 0.20555555555555555 0.6229166666666667 0.23055555555555557 0.6203125 0.2611111111111111 0.6125 0.28703703703703703 0.6088541666666667 0.2833333333333333 0.60625 0.2740740740740741 0.6010416666666667 0.2712962962962963 0.596875 0.2601851851851852 0.5880208333333333 0.25092592592592594 0.5838541666666667 0.24166666666666667 0.5895833333333333 0.20462962962962963 0.60625 0.19722222222222222
0 0.16927083333333334 0.09537037037037037 0.17864583333333334 0.09814814814814815 0.18541666666666667 0.1111111111111111 0.18958333333333333 0.12962962962962962 0.1921875 0.1574074074074074 0.1921875 0.16944444444444445 0.1890625 0.18518518518518517 0.1796875 0.21388888888888888 0.17864583333333334 0.24444444444444444 0.16822916666666668 0.2611111111111111 0.16041666666666668 0.2833333333333333 0.13333333333333333 0.2916666666666667 0.12552083333333333 0.2916666666666667 0.115625 0.2861111111111111 0.09270833333333334 0.23703703703703705 0.08802083333333334 0.21944444444444444 0.1109375 0.1398148148148148 0.12291666666666666 0.10925925925925926 0.13854166666666667 0.09814814814814815 0.16302083333333334 0.09351851851851851 0.16875 0.09537037037037037
0 0.4744791666666667 0.06111111111111111 0.48072916666666665 0.07037037037037037 0.48125 0.08148148148148149 0.478125 0.09166666666666666 0.4703125 0.10555555555555556 0.4666666666666667 0.09907407407407408 0.4666666666666667 0.07314814814814814 0.4703125 0.06388888888888888 0.4739583333333333 0.06111111111111111
0 0.55 0 0.578125 0 0.5786458333333333 0.004629629629629629 0.5770833333333333 0.011111111111111112 0.578125 0.02962962962962963 0.5760416666666667 0.03981481481481482 0.5708333333333333 0.044444444444444446 0.5604166666666667 0.044444444444444446 0.5536458333333333 0.04259259259259259 0.5489583333333333 0.03611111111111111 0.5484375 0.020370370370370372 0.5510416666666667 0.010185185185185186 0.55 0.000925925925925926
0 0.8260416666666667 0 0.8609375 0 0.865625 0.003703703703703704 0.8869791666666667 0 0.8890625 0.003703703703703704 0.8890625 0.008333333333333333 0.8833333333333333 0.01574074074074074 0.8755208333333333 0.017592592592592594 0.8671875 0.013888888888888888 0.8583333333333333 0.014814814814814815 0.8520833333333333 0.025925925925925925 0.8390625 0.026851851851851852 0.8171875 0.018518518518518517 0.8177083333333334 0.005555555555555556 0.8260416666666667 0.000925925925925926
0 0.7244791666666667 0 0.7411458333333333 0 0.7442708333333333 0.004629629629629629 0.7484375 0.004629629629629629 0.746875 0.022222222222222223 0.7416666666666667 0.024074074074074074 0.7255208333333333 0.014814814814814815 0.7244791666666667 0.000925925925925926
0 0.7411458333333333 0.55 0.771875 0.5712962962962963 0.7796875 0.5722222222222222 0.7875 0.5675925925925925 0.8052083333333333 0.5768518518518518 0.8104166666666667 0.5953703703703703 0.8244791666666667 0.6055555555555555 0.83125 0.6138888888888889 0.8317708333333333 0.6268518518518519 0.8338541666666667 0.6324074074074074 0.8526041666666667 0.6509259259259259 0.8541666666666666 0.6583333333333333 0.8541666666666666 0.6842592592592592 0.8515625 0.7092592592592593 0.846875 0.7240740740740741 0.8364583333333333 0.7305555555555555 0.8291666666666667 0.7305555555555555 0.8197916666666667 0.7240740740740741 0.809375 0.7037037037037037 0.7854166666666667 0.6851851851851852 0.7744791666666667 0.6722222222222223 0.7567708333333333 0.6620370370370371 0.7447916666666666 0.6685185185185185 0.7380208333333333 0.6657407407407407 0.7302083333333333 0.6574074074074074 0.7286458333333333 0.6453703703703704 0.7255208333333333 0.6388888888888888 0.7130208333333333 0.6361111111111111 0.7145833333333333 0.6185185185185185 0.7265625 0.5685185185185185 0.7354166666666667 0.55 0.740625 0.55
0 0.7765625 0.44907407407407407 0.803125 0.4703703703703704 0.8213541666666667 0.4898148148148148 0.8526041666666667 0.5407407407407407 0.8536458333333333 0.5657407407407408 0.8489583333333334 0.5879629629629629 0.8447916666666667 0.5953703703703703 0.8380208333333333 0.6 0.8203125 0.5962962962962963 0.80625 0.5722222222222222 0.7828125 0.5481481481481482 0.7692708333333333 0.5361111111111111 0.7619791666666667 0.5370370370370371 0.7546875 0.5324074074074074 0.746875 0.5083333333333333 0.7479166666666667 0.49166666666666664 0.7614583333333333 0.462037037037037 0.7723958333333333 0.44907407407407407 0.7760416666666666 0.44907407407407407
0 0.3880208333333333 0.3138888888888889 0.39114583333333336 0.3194444444444444 0.39166666666666666 0.3277777777777778 0.38697916666666665 0.34814814814814815 0.3697916666666667 0.3768518518518518 0.365625 0.375 0.36875 0.32592592592592595 0.37604166666666666 0.31296296296296294 0.3875 0.3138888888888889
0 0.6713541666666667 0.075 0.6791666666666667 0.09444444444444444 0.678125 0.10555555555555556 0.6755208333333333 0.11203703703703703 0.6713541666666667 0.11203703703703703 0.6661458333333333 0.10555555555555556 0.6536458333333334 0.1037037037037037 0.65 0.09166666666666666 0.6505208333333333 0.08425925925925926 0.6557291666666667 0.07592592592592592 0.6640625 0.0712962962962963 0.6708333333333333 0.075
0 0.16875 0.6574074074074074 0.1734375 0.6620370370370371 0.1734375 0.6796296296296296 0.175 0.6833333333333333 0.1796875 0.6768518518518518 0.18072916666666666 0.6648148148148149 0.1921875 0.6555555555555556 0.19947916666666668 0.6564814814814814 0.20260416666666667 0.6638888888888889 0.203125 0.6712962962962963 0.19479166666666667 0.6925925925925925 0.18229166666666666 0.7083333333333334 0.165625 0.7222222222222222 0.1578125 0.7194444444444444 0.15833333333333333 0.7092592592592593 0.15520833333333334 0.6953703703703704 0.16041666666666668 0.6814814814814815 0.16458333333333333 0.6620370370370371 0.16822916666666668 0.6574074074074074
0 0.37135416666666665 0.6231481481481481 0.38177083333333334 0.6287037037037037 0.4041666666666667 0.6222222222222222 0.41354166666666664 0.6324074074074074 0.41875 0.6425925925925926 0.4234375 0.6685185185185185 0.42135416666666664 0.6916666666666667 0.41822916666666665 0.6990740740740741 0.4078125 0.7101851851851851 0.3723958333333333 0.725 0.34322916666666664 0.7416666666666667 0.33177083333333335 0.7527777777777778 0.3072916666666667 0.7555555555555555 0.2989583333333333 0.7407407407407407 0.29270833333333335 0.7018518518518518 0.29322916666666665 0.687037037037037 0.2984375 0.675 0.32708333333333334 0.6537037037037037 0.3697916666666667 0.6314814814814815 0.37135416666666665 0.6240740740740741
0 0.5942708333333333 0.2740740740740741 0.609375 0.2972222222222222 0.6265625 0.3472222222222222 0.6317708333333333 0.3685185185185185 0.6302083333333334 0.3861111111111111 0.6265625 0.39351851851851855 0.609375 0.4027777777777778 0.5984375 0.3972222222222222 0.5916666666666667 0.3861111111111111 0.5869791666666667 0.36574074074074076 0.5776041666666667 0.34444444444444444 0.5671875 0.3277777777777778 0.565625 0.32037037037037036 0.5651041666666666 0.2953703703703704 0.5708333333333333 0.27870370370370373 0.5833333333333334 0.2712962962962963 0.5911458333333334 0.2712962962962963 0.59375 0.2740740740740741
0 0.43645833333333334 0.11574074074074074 0.43645833333333334 0.1287037037037037 0.42864583333333334 0.1527777777777778 0.425 0.14814814814814814 0.4234375 0.12962962962962962 0.4244791666666667 0.11574074074074074 0.42552083333333335 0.11296296296296296 0.4359375 0.11574074074074074
0 0.7369791666666666 0.6657407407407407 0.7609375 0.6796296296296296 0.784375 0.7018518518518518 0.7994791666666666 0.7314814814814815 0.8088541666666667 0.7425925925925926 0.8213541666666667 0.7490740740740741 0.8244791666666667 0.7564814814814815 0.828125 0.7722222222222223 0.828125 0.7916666666666666 0.8239583333333333 0.825925925925926 0.8177083333333334 0.8388888888888889 0.8104166666666667 0.8351851851851851 0.8010416666666667 0.8416666666666667 0.7895833333333333 0.8379629629629629 0.778125 0.8212962962962963 0.7375 0.7842592592592592 0.7244791666666667 0.7833333333333333 0.7130208333333333 0.7712962962962963 0.7114583333333333 0.7601851851851852 0.7036458333333333 0.7444444444444445 0.70625 0.7129629629629629 0.7098958333333333 0.6925925925925925 0.7213541666666666 0.675 0.7364583333333333 0.6657407407407407
0 0.3802083333333333 0.10648148148148148 0.384375 0.11574074074074074 0.38333333333333336 0.12685185185185185 0.365625 0.1388888888888889 0.35885416666666664 0.13703703703703704 0.3619791666666667 0.10925925925925926 0.36614583333333334 0.10833333333333334 0.3697916666666667 0.11574074074074074 0.37447916666666664 0.10740740740740741 0.3796875 0.10648148148148148
0 0.008854166666666666 0.27314814814814814 0.013541666666666667 0.27870370370370373 0.020833333333333332 0.2814814814814815 0.0234375 0.2916666666666667 0.018229166666666668 0.30462962962962964 0.0026041666666666665 0.3212962962962963 0 0.3212962962962963 0 0.2759259259259259 0.008333333333333333 0.27314814814814814
0 0.6927083333333334 0 0.7239583333333334 0 0.7234375 0.012037037037037037 0.7203125 0.017592592592592594 0.69375 0.014814814814814815 0.6911458333333333 0.008333333333333333 0.6927083333333334 0.000925925925925926
0 0.828125 0.35648148148148145 0.8296875 0.3592592592592593 0.8302083333333333 0.3731481481481482 0.8244791666666667 0.4 0.8125 0.41574074074074074 0.8083333333333333 0.4111111111111111 0.8072916666666666 0.39351851851851855 0.8166666666666667 0.36666666666666664 0.8276041666666667 0.35648148148148145
0 0.6427083333333333 0.8666666666666667 0.6458333333333334 0.8685185185185185 0.6505208333333333 0.8796296296296297 0.653125 0.9157407407407407 0.6552083333333333 0.9203703703703704 0.6526041666666667 0.9768518518518519 0.65 0.9805555555555555 0.6432291666666666 0.9805555555555555 0.6401041666666667 0.9768518518518519 0.6307291666666667 0.9074074074074074 0.6333333333333333 0.8740740740740741 0.6364583333333333 0.8675925925925926 0.6421875 0.8666666666666667
0 0.23802083333333332 0.7351851851851852 0.2515625 0.75 0.25729166666666664 0.7657407407407407 0.2609375 0.799074074074074 0.25729166666666664 0.8166666666666667 0.2484375 0.8314814814814815 0.21510416666666668 0.8583333333333333 0.18697916666666667 0.8888888888888888 0.16458333333333333 0.9231481481481482 0.13489583333333333 0.9268518518518518 0.12708333333333333 0.925 0.12447916666666667 0.9212962962962963 0.11614583333333334 0.8768518518518519 0.115625 0.8555555555555555 0.12083333333333333 0.8388888888888889 0.15260416666666668 0.8 0.17291666666666666 0.7824074074074074 0.18125 0.7703703703703704 0.20260416666666667 0.7574074074074074 0.22239583333333332 0.7379629629629629 0.23125 0.7342592592592593 0.2375 0.7351851851851852
0 0.3484375 0.012962962962962963 0.359375 0.018518518518518517 0.3703125 0.028703703703703703 0.3776041666666667 0.046296296296296294 0.3765625 0.06111111111111111 0.36302083333333335 0.075 0.35208333333333336 0.08055555555555556 0.3421875 0.06851851851851852 0.3223958333333333 0.06018518518518518 0.3171875 0.04537037037037037 0.31927083333333334 0.028703703703703703 0.32760416666666664 0.021296296296296296 0.34791666666666665 0.013888888888888888
0 0.5119791666666667 0.10462962962962963 0.5161458333333333 0.10925925925925926 0.5223958333333333 0.10092592592592593 0.5255208333333333 0.10648148148148148 0.5270833333333333 0.12037037037037036 0.5270833333333333 0.1425925925925926 0.5255208333333333 0.14629629629629629 0.5223958333333333 0.14537037037037037 0.5083333333333333 0.12037037037037036 0.5083333333333333 0.11388888888888889 0.5119791666666667 0.10555555555555556
0 0.2328125 0.004629629629629629 0.2557291666666667 0.008333333333333333 0.2598958333333333 0.020370370370370372 0.2604166666666667 0.02962962962962963 0.2578125 0.037037037037037035 0.24010416666666667 0.05 0.23645833333333333 0.06018518518518518 0.23229166666666667 0.06481481481481481 0.21666666666666667 0.06111111111111111 0.21041666666666667 0.05648148148148148 0.20677083333333332 0.049074074074074076 0.20572916666666666 0.03425925925925926 0.20885416666666667 0.022222222222222223 0.21510416666666668 0.012962962962962963 0.2234375 0.005555555555555556 0.23229166666666667 0.004629629629629629
0 0.7276041666666667 0.9 0.7375 0.9083333333333333 0.7390625 0.912962962962963 0.7385416666666667 0.9435185185185185 0.7354166666666667 0.9601851851851851 0.7375 0.9629629629629629 0.7442708333333333 0.962037037037037 0.746875 0.9657407407407408 0.7411458333333333 0.987037037037037 0.7333333333333333 0.9990740740740741 0.715625 0.9990740740740741 0.7151041666666667 0.9962962962962963 0.7151041666666667 0.9277777777777778 0.7208333333333333 0.9083333333333333 0.7270833333333333 0.9
0 0.6177083333333333 0 0.6395833333333333 0 0.640625 0.003703703703703704 0.6385416666666667 0.028703703703703703 0.6333333333333333 0.049074074074074076 0.6265625 0.05277777777777778 0.6229166666666667 0.05925925925925926 0.6182291666666667 0.06018518518518518 0.6098958333333333 0.058333333333333334 0.6041666666666666 0.05277777777777778 0.6078125 0.024074074074074074 0.6140625 0.005555555555555556 0.6177083333333333 0.000925925925925926
0 0.275 0.48148148148148145 0.2875 0.48333333333333334 0.2916666666666667 0.49444444444444446 0.2916666666666667 0.5018518518518519 0.28958333333333336 0.5120370370370371 0.26510416666666664 0.5564814814814815 0.26197916666666665 0.5564814814814815 0.25885416666666666 0.55 0.2552083333333333 0.5287037037037037 0.2598958333333333 0.5074074074074074 0.2635416666666667 0.5018518518518519 0.26458333333333334 0.49444444444444446 0.2625 0.49074074074074076 0.26875 0.48148148148148145 0.27447916666666666 0.48148148148148145
0 0.5020833333333333 0.03611111111111111 0.50625 0.03796296296296296 0.5078125 0.04259259259259259 0.5083333333333333 0.0712962962962963 0.5015625 0.09537037037037037 0.49947916666666664 0.09722222222222222 0.496875 0.09537037037037037 0.4942708333333333 0.07685185185185185 0.49322916666666666 0.05092592592592592 0.4947916666666667 0.03796296296296296 0.5015625 0.03611111111111111
0 0.134375 0.3296296296296296 0.1421875 0.337037037037037 0.1421875 0.3435185185185185 0.1609375 0.3861111111111111 0.165625 0.40370370370370373 0.1625 0.41388888888888886 0.1390625 0.4351851851851852 0.12916666666666668 0.4287037037037037 0.11614583333333334 0.4009259259259259 0.1078125 0.3768518518518518 0.10208333333333333 0.37222222222222223 0.10208333333333333 0.3527777777777778 0.10572916666666667 0.34629629629629627 0.1234375 0.33055555555555555 0.128125 0.3277777777777778 0.13385416666666666 0.3296296296296296
0 0.15208333333333332 0.4444444444444444 0.15729166666666666 0.45 0.15677083333333333 0.4564814814814815 0.1609375 0.462037037037037 0.1609375 0.4666666666666667 0.1578125 0.47685185185185186 0.13697916666666668 0.5120370370370371 0.13333333333333333 0.5111111111111111 0.12552083333333333 0.5 0.12291666666666666 0.4935185185185185 0.12291666666666666 0.4861111111111111 0.12916666666666668 0.475 0.13020833333333334 0.4638888888888889 0.13333333333333333 0.4638888888888889 0.140625 0.44907407407407407 0.1515625 0.4444444444444444
0 0.8067708333333333 0.0712962962962963 0.8109375 0.0787037037037037 0.8114583333333333 0.09722222222222222 0.8104166666666667 0.10555555555555556 0.8046875 0.11203703703703703 0.8036458333333333 0.11944444444444445 0.8010416666666667 0.12314814814814815 0.7973958333333333 0.11944444444444445 0.7979166666666667 0.10277777777777777 0.7927083333333333 0.09166666666666666 0.79375 0.08518518518518518 0.8 0.07222222222222222 0.80625 0.07222222222222222
0 0.946875 0.6481481481481481 0.9994791666666667 0.6861111111111111 0.9994791666666667 0.799074074074074 0.9895833333333334 0.7935185185185185 0.9505208333333334 0.7592592592592593 0.9395833333333333 0.7601851851851852 0.9307291666666667 0.7546296296296297 0.9276041666666667 0.7509259259259259 0.9239583333333333 0.7388888888888889 0.9109375 0.7175925925925926 0.909375 0.700925925925926 0.9140625 0.6648148148148149 0.9291666666666667 0.6518518518518519 0.9463541666666667 0.6481481481481481
0 0.9807291666666667 0.4861111111111111 0.9994791666666667 0.5055555555555555 0.9994791666666667 0.5666666666666667 0.9817708333333334 0.5694444444444444 0.9713541666666666 0.5638888888888889 0.9598958333333333 0.5231481481481481 0.9604166666666667 0.5064814814814815 0.9630208333333333 0.49722222222222223 0.9734375 0.4861111111111111 0.9802083333333333 0.4861111111111111
0 0.5677083333333334 0.6435185185185185 0.5916666666666667 0.6537037037037037 0.609375 0.6675925925925926 0.615625 0.6907407407407408 0.6151041666666667 0.712037037037037 0.6182291666666667 0.7240740740740741 0.6161458333333333 0.7305555555555555 0.6036458333333333 0.7324074074074074 0.565625 0.725925925925926 0.553125 0.7287037037037037 0.546875 0.7212962962962963 0.5442708333333334 0.7046296296296296 0.55 0.6657407407407407 0.5572916666666666 0.6472222222222223 0.5614583333333333 0.6435185185185185 0.5671875 0.6435185185185185
0 0.425 0.22685185185185186 0.42864583333333334 0.22962962962962963 0.4296875 0.23425925925925925 0.42864583333333334 0.2537037037037037 0.4244791666666667 0.26296296296296295 0.41822916666666665 0.2675925925925926 0.41458333333333336 0.27870370370370373 0.4109375 0.2796296296296296 0.409375 0.2722222222222222 0.409375 0.2462962962962963 0.4109375 0.23703703703703705 0.421875 0.23981481481481481 0.425 0.22777777777777777
0 0.5161458333333333 0.8342592592592593 0.5197916666666667 0.8361111111111111 0.5223958333333333 0.8416666666666667 0.5286458333333334 0.8759259259259259 0.5364583333333334 0.8722222222222222 0.5375 0.899074074074074 0.5348958333333333 0.912962962962963 0.5359375 0.925 0.534375 0.9314814814814815 0.528125 0.9388888888888889 0.5229166666666667 0.9351851851851852 0.5213541666666667 0.9185185185185185 0.5151041666666667 0.9074074074074074 0.5067708333333333 0.8657407407407407 0.5072916666666667 0.8407407407407408 0.5098958333333333 0.8361111111111111 0.515625 0.8342592592592593
0 0.6197916666666666 0.8703703703703703 0.6229166666666667 0.8759259259259259 0.6244791666666667 0.8851851851851852 0.6244791666666667 0.9046296296296297 0.6223958333333334 0.9138888888888889 0.6255208333333333 0.9472222222222222 0.6213541666666667 0.9657407407407408 0.6161458333333333 0.9703703703703703 0.6125 0.9703703703703703 0.6067708333333334 0.9638888888888889 0.6015625 0.9351851851851852 0.6041666666666666 0.9259259259259259 0.6057291666666667 0.8935185185185185 0.6083333333333333 0.8787037037037037 0.6135416666666667 0.8722222222222222 0.6192708333333333 0.8703703703703703
0 0.73125 0.3453703703703704 0.7427083333333333 0.35462962962962963 0.7598958333333333 0.3824074074074074 0.7588541666666667 0.4111111111111111 0.7541666666666667 0.425 0.7546875 0.4351851851851852 0.7479166666666667 0.4462962962962963 0.73125 0.4203703703703704 0.7197916666666667 0.4148148148148148 0.7130208333333333 0.4064814814814815 0.70625 0.40555555555555556 0.703125 0.39814814814814814 0.7041666666666667 0.38333333333333336 0.7130208333333333 0.35648148148148145 0.7234375 0.34444444444444444 0.7307291666666667 0.3453703703703704
0 0.7546875 0.23796296296296296 0.7723958333333333 0.2574074074074074 0.775 0.26851851851851855 0.7692708333333333 0.3037037037037037 0.7640625 0.3194444444444444 0.759375 0.34629629629629627 0.7557291666666667 0.35555555555555557 0.7510416666666667 0.35833333333333334 0.73125 0.3435185185185185 0.7234375 0.3416666666666667 0.721875 0.33796296296296297 0.721875 0.32685185185185184 0.725 0.3074074074074074 0.7296875 0.2953703703703704 0.7291666666666666 0.2861111111111111 0.7359375 0.27314814814814814 0.7401041666666667 0.25555555555555554 0.7479166666666667 0.23981481481481481 0.7541666666666667 0.23796296296296296
0 0.7317708333333334 0.049074074074074076 0.7390625 0.05555555555555555 0.7421875 0.06388888888888888 0.7489583333333333 0.10277777777777777 0.7484375 0.11851851851851852 0.7458333333333333 0.12685185185185185 0.734375 0.13055555555555556 0.7208333333333333 0.12685185185185185 0.709375 0.08796296296296297 0.7109375 0.06388888888888888 0.7145833333333333 0.05277777777777778 0.7192708333333333 0.049074074074074076 0.73125 0.049074074074074076
0 0.828125 0.2712962962962963 0.8317708333333333 0.27870370370370373 0.8317708333333333 0.2898148148148148 0.8276041666666667 0.3 0.8203125 0.29907407407407405 0.81875 0.30185185185185187 0.8234375 0.3138888888888889 0.8145833333333333 0.33240740740740743 0.8119791666666667 0.33055555555555555 0.8114583333333333 0.32407407407407407 0.8083333333333333 0.3175925925925926 0.8088541666666667 0.3101851851851852 0.8161458333333333 0.2935185185185185 0.8140625 0.2898148148148148 0.8151041666666666 0.2833333333333333 0.8223958333333333 0.2712962962962963 0.8276041666666667 0.2712962962962963
0 0.3416666666666667 0.14444444444444443 0.3609375 0.15 0.37447916666666664 0.16111111111111112 0.3807291666666667 0.1962962962962963 0.38229166666666664 0.23148148148148148 0.3703125 0.26481481481481484 0.35833333333333334 0.2861111111111111 0.3536458333333333 0.30648148148148147 0.33697916666666666 0.33055555555555555 0.3234375 0.35833333333333334 0.315625 0.38055555555555554 0.2875 0.43703703703703706 0.2838541666666667 0.4527777777777778 0.2791666666666667 0.46296296296296297 0.26145833333333335 0.48518518518518516 0.25833333333333336 0.5 0.24947916666666667 0.5222222222222223 0.2421875 0.5277777777777778 0.21666666666666667 0.5148148148148148 0.20104166666666667 0.5018518518518519 0.1890625 0.4777777777777778 0.18489583333333334 0.4583333333333333 0.18072916666666666 0.44907407407407407 0.1796875 0.4388888888888889 0.17447916666666666 0.4287037037037037 0.17447916666666666 0.4203703703703704 0.190625 0.39166666666666666 0.1921875 0.37962962962962965 0.19791666666666666 0.3611111111111111 0.21979166666666666 0.32222222222222224 0.2328125 0.30277777777777776 0.24583333333333332 0.2953703703703704 0.33125 0.15 0.33489583333333334 0.14537037037037037 0.3411458333333333 0.14444444444444443
0 0.45989583333333334 0.03981481481481482 0.4630208333333333 0.04537037037037037 0.4671875 0.04537037037037037 0.46822916666666664 0.05648148148148148 0.46458333333333335 0.06851851851851852 0.45625 0.07962962962962963 0.453125 0.07777777777777778 0.453125 0.05185185185185185 0.4552083333333333 0.04259259259259259 0.459375 0.03981481481481482
1 0.7932291666666667 0.09259259259259259 0.7979166666666667 0.09907407407407408 0.7979166666666667 0.10925925925925926 0.7895833333333333 0.1361111111111111 0.7859375 0.13703703703703704 0.7838541666666666 0.13148148148148148 0.7895833333333333 0.09907407407407408 0.7932291666666667 0.09351851851851851
1 0.0796875 0.11851851851851852 0.08697916666666666 0.1361111111111111 0.09270833333333334 0.1648148148148148 0.09166666666666666 0.17037037037037037 0.08854166666666667 0.16944444444444445 0.08697916666666666 0.16296296296296298 0.0796875 0.15462962962962962 0.07447916666666667 0.1361111111111111 0.07395833333333333 0.12222222222222222 0.07760416666666667 0.11666666666666667 0.07916666666666666 0.11851851851851852
1 0.6234375 0.08611111111111111 0.6223958333333334 0.06018518518518518 0.6265625 0.05 0.6302083333333334 0.05 0.6317708333333333 0.05648148148148148 0.6270833333333333 0.08611111111111111 0.6239583333333333 0.08611111111111111
1 0.5734375 0.062037037037037036 0.575 0.06388888888888888 0.5755208333333334 0.075 0.5723958333333333 0.0962962962962963 0.5677083333333334 0.10555555555555556 0.5651041666666666 0.09351851851851851 0.565625 0.08425925925925926 0.5682291666666667 0.06666666666666667 0.5703125 0.062037037037037036 0.5729166666666666 0.062037037037037036
1 0.5916666666666667 0.08796296296296297 0.5901041666666667 0.08425925925925926 0.5890625 0.05740740740740741 0.5911458333333334 0.049074074074074076 0.5947916666666667 0.046296296296296294 0.596875 0.05 0.5979166666666667 0.06018518518518518 0.5953125 0.08425925925925926 0.5921875 0.08796296296296297
1 0.0328125 0.13425925925925927 0.0375 0.1361111111111111 0.042708333333333334 0.14722222222222223 0.044270833333333336 0.1537037037037037 0.043229166666666666 0.1675925925925926 0.03854166666666667 0.16574074074074074 0.035416666666666666 0.15555555555555556 0.029166666666666667 0.15 0.028645833333333332 0.1398148148148148 0.03229166666666667 0.13518518518518519
1 0.8348958333333333 0.16666666666666666 0.84375 0.13333333333333333 0.8489583333333334 0.125 0.8520833333333333 0.12407407407407407 0.8536458333333333 0.13518518518518519 0.8536458333333333 0.14074074074074075 0.8458333333333333 0.15833333333333333 0.8432291666666667 0.1712962962962963 0.8348958333333333 0.1675925925925926
1 0.69609375 0.03564814814814815 0.009895833333333333 0.041666666666666664
1 0.6125 0.12129629629629629 0.6161458333333333 0.12222222222222222 0.6182291666666667 0.13518518518518519 0.6145833333333334 0.1638888888888889 0.6088541666666667 0.17407407407407408 0.6072916666666667 0.17314814814814813 0.6078125 0.14074074074074075 0.6125 0.12222222222222222
1 0.8276041666666667 0.23055555555555557 0.8328125 0.22314814814814815 0.8390625 0.22037037037037038 0.840625 0.23703703703703705 0.840625 0.24444444444444444 0.8348958333333333 0.2611111111111111 0.8296875 0.2657407407407407 0.8203125 0.25555555555555554 0.8213541666666667 0.24537037037037038 0.8276041666666667 0.23148148148148148
1 0.19583333333333333 0.003703703703703704 0.20052083333333334 0.03518518518518519 0.196875 0.037037037037037035 0.19114583333333332 0.022222222222222223 0.18958333333333333 0.009259259259259259 0.1953125 0.004629629629629629
1 0.325 0.8777777777777778 0.328125 0.8824074074074074 0.32760416666666664 0.8916666666666667 0.3296875 0.9037037037037037 0.33541666666666664 0.9092592592592592 0.334375 0.9138888888888889 0.325 0.9185185185185185 0.321875 0.9175925925925926 0.32083333333333336 0.9101851851851852 0.31614583333333335 0.9027777777777778 0.3140625 0.8944444444444445 0.3140625 0.8824074074074074 0.315625 0.8787037037037037 0.32447916666666665 0.8777777777777778
1 0.05364583333333333 0.12777777777777777 0.0578125 0.12685185185185185 0.06666666666666667 0.1388888888888889 0.06875 0.14351851851851852 0.06927083333333334 0.1527777777777778 0.07291666666666667 0.15925925925925927 0.071875 0.16574074074074074 0.0671875 0.16944444444444445 0.05677083333333333 0.14629629629629629 0.05364583333333333 0.1361111111111111 0.05364583333333333 0.1287037037037037
1 0.1734375 0.032407407407407406 0.014583333333333334 0.03888888888888889
1 0.41302083333333334 0.4740740740740741 0.421875 0.4898148148148148 0.421875 0.5194444444444445 0.41822916666666665 0.5287037037037037 0.415625 0.5296296296296297 0.4119791666666667 0.5185185185185185 0.4088541666666667 0.49166666666666664 0.4088541666666667 0.4787037037037037 0.4125 0.4740740740740741
1 0.4354166666666667 0.41759259259259257 0.4401041666666667 0.41759259259259257 0.446875 0.4361111111111111 0.446875 0.4425925925925926 0.44427083333333334 0.44907407407407407 0.44479166666666664 0.45925925925925926 0.4390625 0.4787037037037037 0.43645833333333334 0.4777777777777778 0.4375 0.4527777777777778 0.4317708333333333 0.4425925925925926 0.4322916666666667 0.42962962962962964 0.4354166666666667 0.4185185185185185
1 0.7864583333333334 0.36574074074074076 0.7901041666666667 0.3574074074074074 0.8 0.35555555555555557 0.8041666666666667 0.36666666666666664 0.796875 0.39351851851851855 0.7916666666666666 0.39444444444444443 0.7869791666666667 0.40555555555555556 0.784375 0.4046296296296296 0.7838541666666666 0.4009259259259259 0.7890625 0.37407407407407406 0.7869791666666667 0.36574074074074076
1 0.5953125 0.11851851851851852 0.5984375 0.12037037037037036 0.6015625 0.1361111111111111 0.596875 0.16574074074074074 0.5947916666666667 0.17037037037037037 0.5921875 0.17037037037037037 0.5901041666666667 0.1398148148148148 0.5953125 0.11944444444444445
1 0.5677083333333334 0.06018518518518518 0.5682291666666667 0.07037037037037037 0.5640625 0.09907407407407408 0.5614583333333333 0.09722222222222222 0.559375 0.06666666666666667 0.5630208333333333 0.05555555555555555 0.5671875 0.06018518518518518
1 0.7494791666666667 0.028703703703703703 0.7520833333333333 0.041666666666666664 0.7447916666666666 0.06574074074074074 0.7411458333333333 0.06018518518518518 0.7411458333333333 0.04722222222222222 0.7458333333333333 0.03148148148148148 0.7489583333333333 0.028703703703703703
1 0.15729166666666666 0.775 0.16145833333333334 0.7861111111111111 0.15520833333333334 0.7944444444444444 0.14635416666666667 0.7925925925925926 0.1375 0.7796296296296297 0.13229166666666667 0.7787037037037037 0.12916666666666668 0.7666666666666667 0.1328125 0.7611111111111111 0.14739583333333334 0.7583333333333333 0.153125 0.7722222222222223 0.15677083333333333 0.775
1 0.13697916666666668 0.046296296296296294 0.140625 0.044444444444444446 0.1453125 0.05462962962962963 0.1515625 0.08055555555555556 0.15104166666666666 0.08425925925925926 0.14791666666666667 0.08333333333333333 0.140625 0.07037037037037037 0.13697916666666668 0.04722222222222222
1 0.05 0.07962962962962963 0.059375 0.09537037037037037 0.0609375 0.10833333333333334 0.06458333333333334 0.11851851851851852 0.0640625 0.12314814814814815 0.058854166666666666 0.12314814814814815 0.05520833333333333 0.11203703703703703 0.04583333333333333 0.10185185185185185 0.04635416666666667 0.08055555555555556 0.049479166666666664 0.07962962962962963
1 0.8661458333333333 0.4185185185185185 0.8765625 0.4111111111111111 0.8796875 0.41944444444444445 0.8796875 0.43148148148148147 0.871875 0.4444444444444444 0.8661458333333333 0.462037037037037 0.8640625 0.46296296296296297 0.8572916666666667 0.45925925925925926 0.8552083333333333 0.4546296296296296 0.8552083333333333 0.44814814814814813 0.8635416666666667 0.43333333333333335 0.8661458333333333 0.41944444444444445
1 0.25052083333333336 0.8592592592592593 0.26197916666666665 0.8629629629629629 0.26458333333333334 0.8759259259259259 0.2713541666666667 0.8861111111111111 0.2703125 0.8925925925925926 0.26197916666666665 0.8972222222222223 0.25833333333333336 0.9046296296296297 0.2552083333333333 0.9046296296296297 0.25 0.8944444444444445 0.24270833333333333 0.8962962962962963 0.24479166666666666 0.8833333333333333 0.240625 0.862037037037037 0.24427083333333333 0.8574074074074074 0.25 0.8592592592592593
1 0.6994791666666667 0.06018518518518518 0.7026041666666667 0.06111111111111111 0.703125 0.075 0.6963541666666667 0.10092592592592593 0.6927083333333334 0.09907407407407408 0.6947916666666667 0.08796296296296297 0.6942708333333333 0.07407407407407407 0.6994791666666667 0.06111111111111111
1 0.8526041666666667 0.28888888888888886 0.8567708333333334 0.2935185185185185 0.8567708333333334 0.2972222222222222 0.8484375 0.3175925925925926 0.8416666666666667 0.3138888888888889 0.840625 0.3101851851851852 0.8453125 0.2898148148148148 0.8484375 0.28703703703703703 0.8520833333333333 0.28888888888888886
1 0.265625 0.6148148148148148 0.2791666666666667 0.6351851851851852 0.28229166666666666 0.6462962962962963 0.28958333333333336 0.6472222222222223 0.28854166666666664 0.6537037037037037 0.2765625 0.6620370370370371 0.26875 0.65 0.25833333333333336 0.6212962962962963 0.2598958333333333 0.6157407407407407 0.26510416666666664 0.6148148148148148
1 0.16510416666666666 0.7490740740740741 0.17291666666666666 0.7546296296296297 0.17916666666666667 0.7685185185185185 0.171875 0.7814814814814814 0.1625 0.7777777777777778 0.15052083333333333 0.7638888888888888 0.1484375 0.7583333333333333 0.14895833333333333 0.7537037037037037 0.15364583333333334 0.7472222222222222 0.16458333333333333 0.7490740740740741
1 0.6838541666666667 0.8074074074074075 0.6869791666666667 0.8175925925925925 0.6859375 0.8527777777777777 0.6807291666666667 0.8518518518518519 0.675 0.837037037037037 0.6604166666666667 0.8398148148148148 0.6567708333333333 0.8361111111111111 0.6578125 0.8324074074074074 0.671875 0.8287037037037037 0.6755208333333333 0.8185185185185185 0.6734375 0.8101851851851852 0.6791666666666667 0.8064814814814815 0.6833333333333333 0.8074074074074075
1 0.0421875 0.17685185185185184 0.04635416666666667 0.18888888888888888 0.04635416666666667 0.2 0.052083333333333336 0.21203703703703702 0.050520833333333334 0.22037037037037038 0.04791666666666667 0.22037037037037038 0.0359375 0.19537037037037036 0.0359375 0.17962962962962964 0.041666666666666664 0.17685185185185184
1 0.46041666666666664 0.23981481481481481 0.4671875 0.25462962962962965 0.46458333333333335 0.2824074074074074 0.46041666666666664 0.29074074074074074 0.4578125 0.2861111111111111 0.4583333333333333 0.26944444444444443 0.45625 0.25925925925925924 0.45625 0.25092592592592594 0.45989583333333334 0.23981481481481481
1 0.703125 0.23981481481481481 0.7052083333333333 0.24166666666666667 0.70625 0.262037037037037 0.7015625 0.2712962962962963 0.6958333333333333 0.29259259259259257 0.6869791666666667 0.2861111111111111 0.6911458333333333 0.27870370370370373 0.6958333333333333 0.25092592592592594 0.7026041666666667 0.24074074074074073
1 0.1578125 0.025 0.16354166666666667 0.03611111111111111 0.16458333333333333 0.05 0.1703125 0.05555555555555555 0.16875 0.06018518518518518 0.1640625 0.05740740740740741 0.16458333333333333 0.06666666666666667 0.16145833333333334 0.06574074074074074 0.1609375 0.05925925925925926 0.15416666666666667 0.03981481481481482 0.15416666666666667 0.025925925925925925 0.15729166666666666 0.025
1 0.12291666666666666 0.06944444444444445 0.1296875 0.08148148148148149 0.13333333333333333 0.09722222222222222 0.1265625 0.10462962962962963 0.12291666666666666 0.10277777777777777 0.11979166666666667 0.09351851851851851 0.11875 0.0787037037037037 0.12239583333333333 0.07037037037037037
1 0.046875 0.1537037037037037 0.057291666666666664 0.16666666666666666 0.05677083333333333 0.175 0.06041666666666667 0.1814814814814815 0.0671875 0.18333333333333332 0.0671875 0.18703703703703703 0.06458333333333334 0.18981481481481483 0.0609375 0.1824074074074074 0.058333333333333334 0.18518518518518517 0.059375 0.19537037037037036 0.057291666666666664 0.20185185185185187 0.05520833333333333 0.2 0.0515625 0.17777777777777778 0.04375 0.1675925925925926 0.044270833333333336 0.15648148148148147 0.04635416666666667 0.1537037037037037
1 0.7546875 0.0837962962962963 0.0125 0.04722222222222222
1 0.5880208333333333 0.032407407407407406 0.5911458333333334 0.04259259259259259 0.5885416666666666 0.06388888888888888 0.5848958333333333 0.07037037037037037 0.5807291666666666 0.06018518518518518 0.58125 0.046296296296296294 0.584375 0.03611111111111111 0.5875 0.03333333333333333
1 0.1796875 0 0.1890625 0 0.18958333333333333 0.004629629629629629 0.18854166666666666 0.023148148148148147 0.18541666666666667 0.025925925925925925 0.1796875 0.000925925925925926
1 0.34322916666666664 0.812037037037037 0.3458333333333333 0.8175925925925925 0.35208333333333336 0.8212962962962963 0.35208333333333336 0.8268518518518518 0.3484375 0.8314814814814815 0.3484375 0.8351851851851851 0.35989583333333336 0.8444444444444444 0.35885416666666664 0.8481481481481481 0.35572916666666665 0.8490740740740741 0.3421875 0.8435185185185186 0.33697916666666666 0.8490740740740741 0.32864583333333336 0.8481481481481481 0.328125 0.8453703703703703 0.3338541666666667 0.8388888888888889 0.3338541666666667 0.825925925925926 0.3307291666666667 0.8212962962962963 0.3307291666666667 0.8157407407407408 0.33489583333333334 0.8101851851851852 0.34270833333333334 0.812037037037037
1 0.54375 0.4046296296296296 0.55 0.42962962962962964 0.5453125 0.44074074074074077 0.5432291666666667 0.4564814814814815 0.5411458333333333 0.45925925925925926 0.5380208333333333 0.45740740740740743 0.5354166666666667 0.44166666666666665 0.5359375 0.4203703703703704 0.5395833333333333 0.4064814814814815 0.5432291666666667 0.4046296296296296
1 0.09947916666666666 0.05555555555555555 0.1046875 0.06388888888888888 0.10625 0.07777777777777778 0.1125 0.09074074074074075 0.10572916666666667 0.09814814814814815 0.09270833333333334 0.06574074074074074 0.09479166666666666 0.05555555555555555 0.09895833333333333 0.05555555555555555
1 0.621875 0.8138888888888889 0.6265625 0.8194444444444444 0.6265625 0.825 0.621875 0.8361111111111111 0.6229166666666667 0.8453703703703703 0.6145833333333334 0.8537037037037037 0.6109375 0.8527777777777777 0.609375 0.8490740740740741 0.6109375 0.8277777777777777 0.6135416666666667 0.8166666666666667 0.6213541666666667 0.8138888888888889
1 0.6791666666666667 0.31666666666666665 0.68125 0.3194444444444444 0.6817708333333333 0.3416666666666667 0.6776041666666667 0.34814814814814815 0.6786458333333333 0.36574074074074076 0.6734375 0.3648148148148148 0.671875 0.3509259259259259 0.6630208333333333 0.35833333333333334 0.6651041666666667 0.3472222222222222 0.671875 0.3333333333333333 0.6744791666666666 0.32037037037037036 0.6786458333333333 0.31666666666666665
1 0.7588541666666667 0.18888888888888888 0.7572916666666667 0.20925925925925926 0.7515625 0.2222222222222222 0.7479166666666667 0.21481481481481482 0.7489583333333333 0.20277777777777778 0.7552083333333334 0.18981481481481483 0.7583333333333333 0.18888888888888888
1 0.5302083333333333 0.9407407407407408 0.5380208333333333 0.9490740740740741 0.540625 0.9629629629629629 0.5348958333333333 0.9768518518518519 0.528125 0.9824074074074074 0.525 0.9824074074074074 0.5213541666666667 0.975 0.515625 0.9712962962962963 0.5125 0.9574074074074074 0.51875 0.9555555555555556 0.525 0.9416666666666667 0.5296875 0.9407407407407408
1 0.603125 0.018518518518518517 0.6057291666666667 0.03148148148148148 0.5989583333333334 0.062037037037037036 0.5947916666666667 0.04722222222222222 0.5947916666666667 0.03611111111111111 0.596875 0.025925925925925925 0.6026041666666667 0.018518518518518517
1 0.3072916666666667 0.8537037037037037 0.3140625 0.8564814814814815 0.32760416666666664 0.8759259259259259 0.3255208333333333 0.8796296296296297 0.3203125 0.8777777777777778 0.3151041666666667 0.8824074074074074 0.3171875 0.9037037037037037 0.31197916666666664 0.9092592592592592 0.3072916666666667 0.9083333333333333 0.3098958333333333 0.9018518518518519 0.3098958333333333 0.8953703703703704 0.30364583333333334 0.8870370370370371 0.30364583333333334 0.8759259259259259 0.3 0.8731481481481481 0.30364583333333334 0.8583333333333333 0.3067708333333333 0.8546296296296296
1 0.58125 0.021296296296296296 0.5864583333333333 0.030555555555555555 0.5864583333333333 0.037037037037037035 0.5828125 0.04722222222222222 0.5828125 0.06111111111111111 0.5776041666666667 0.058333333333333334 0.5770833333333333 0.03796296296296296 0.5807291666666666 0.022222222222222223