1 0.4609375 0.5027777777777778 0.0125 0.05555555555555555
1 0.12552083333333333 0.09907407407407408 0.13177083333333334 0.1 0.1390625 0.13240740740740742 0.13697916666666668 0.13703703703703704 0.134375 0.13518518518518519 0.1328125 0.1287037037037037 0.1265625 0.12777777777777777 0.12395833333333334 0.11296296296296296 0.12552083333333333 0.1
1 0.6338541666666667 0.11481481481481481 0.6354166666666666 0.11574074074074074 0.6359375 0.13240740740740742 0.6348958333333333 0.15092592592592594 0.6302083333333334 0.15555555555555556 0.628125 0.14907407407407408 0.628125 0.13148148148148148 0.6291666666666667 0.11851851851851852 0.6333333333333333 0.11481481481481481
1 0.8244791666666667 0.08611111111111111 0.8265625 0.08888888888888889 0.8265625 0.10092592592592593 0.8177083333333334 0.12129629629629629 0.8140625 0.12129629629629629 0.8135416666666667 0.11666666666666667 0.8177083333333334 0.09814814814814815 0.8239583333333333 0.08703703703703704
1 0.7692708333333333 0.1537037037037037 0.7739583333333333 0.1685185185185185 0.7651041666666667 0.2 0.7572916666666667 0.2 0.75625 0.19444444444444445 0.7619791666666667 0.1675925925925926 0.76875 0.1537037037037037
1 0.8484375 0.42592592592592593 0.85 0.4361111111111111 0.8432291666666667 0.45555555555555555 0.8432291666666667 0.47129629629629627 0.8385416666666666 0.47314814814814815 0.8385416666666666 0.4601851851851852 0.8354166666666667 0.45555555555555555 0.8286458333333333 0.4648148148148148 0.825 0.45925925925925926 0.8328125 0.45 0.8458333333333333 0.42685185185185187 0.8479166666666667 0.42685185185185187
1 0.4296875 0.32592592592592595 0.4348958333333333 0.3351851851851852 0.4359375 0.3435185185185185 0.4322916666666667 0.38055555555555554 0.42864583333333334 0.3787037037037037 0.42864583333333334 0.3675925925925926 0.4244791666666667 0.34444444444444444 0.42604166666666665 0.3277777777777778 0.42916666666666664 0.32592592592592595
1 0.17760416666666667 0.03333333333333333 0.18541666666666667 0.05185185185185185 0.184375 0.06111111111111111 0.1859375 0.06759259259259259 0.1828125 0.07407407407407407 0.17916666666666667 0.07037037037037037 0.1734375 0.04351851851851852 0.1734375 0.03518518518518519 0.17708333333333334 0.03333333333333333
1 0.35572916666666665 0.9055555555555556 0.3541666666666667 0.8833333333333333 0.36041666666666666 0.8722222222222222 0.36666666666666664 0.8768518518518519 0.37083333333333335 0.9009259259259259 0.3651041666666667 0.9111111111111111 0.359375 0.9101851851851852 0.35625 0.9055555555555556
1 0.3796875 0.925 0.3765625 0.9175925925925926 0.37135416666666665 0.9175925925925926 0.37083333333333335 0.9111111111111111 0.3765625 0.8916666666666667 0.38333333333333336 0.8861111111111111 0.39166666666666666 0.8870370370370371 0.39166666666666666 0.9231481481481482 0.38697916666666665 0.9314814814814815 0.3802083333333333 0.925
1 0.007291666666666667 0.24166666666666667 0.011979166666666667 0.2462962962962963 0.022395833333333334 0.27314814814814814 0.021875 0.2759259259259259 0.015104166666666667 0.26944444444444443 0.0140625 0.275 0.015625 0.2814814814814815 0.013020833333333334 0.28425925925925927 0.010416666666666666 0.27314814814814814 0 0.25833333333333336 0 0.24259259259259258 0.0067708333333333336 0.24166666666666667
1 0.08020833333333334 0.6611111111111111 0.08697916666666666 0.6611111111111111 0.09635416666666667 0.6685185185185185 0.09739583333333333 0.6787037037037037 0.10104166666666667 0.6888888888888889 0.0953125 0.6990740740740741 0.09166666666666666 0.6990740740740741 0.08489583333333334 0.6925925925925925 0.07760416666666667 0.6944444444444444 0.07447916666666667 0.6898148148148148 0.07239583333333334 0.6648148148148149 0.07395833333333333 0.6611111111111111 0.0796875 0.6611111111111111
1 0.615625 0.16203703703703703 0.6171875 0.1648148148148148 0.6161458333333333 0.1824074074074074 0.6125 0.20185185185185187 0.6098958333333333 0.20462962962962963 0.6072916666666667 0.1685185185185185 0.6125 0.16018518518518518 0.6151041666666667 0.16203703703703703
1 0.16119791666666666 0.11342592592592593 0.018229166666666668 0.03981481481481482
1 0.4395833333333333 0.3351851851851852 0.44583333333333336 0.34444444444444444 0.44635416666666666 0.3592592592592593 0.44166666666666665 0.36574074074074076 0.4390625 0.3824074074074074 0.4359375 0.38425925925925924 0.434375 0.3768518518518518 0.4354166666666667 0.337037037037037 0.4390625 0.3351851851851852
1 0.1015625 0.06018518518518518 0.11041666666666666 0.07407407407407407 0.115625 0.10462962962962963 0.11197916666666667 0.10833333333333334 0.10208333333333333 0.09444444444444444 0.1 0.08333333333333333 0.1015625 0.06111111111111111
1 0.9140625 0.5111111111111111 0.9145833333333333 0.5314814814814814 0.9109375 0.537962962962963 0.90625 0.5407407407407407 0.896875 0.5601851851851852 0.8895833333333333 0.5555555555555556 0.8895833333333333 0.55 0.9036458333333334 0.5157407407407407 0.9098958333333333 0.5092592592592593 0.9135416666666667 0.5111111111111111
1 0.6625 0.10092592592592593 0.665625 0.11018518518518519 0.6645833333333333 0.13425925925925927 0.6578125 0.14444444444444443 0.6552083333333333 0.14074074074074075 0.65625 0.11018518518518519 0.6619791666666667 0.10092592592592593
1 0.8953125 0.49444444444444446 0.8984375 0.49722222222222223 0.8958333333333334 0.5148148148148148 0.8885416666666667 0.525 0.8802083333333334 0.5435185185185185 0.8770833333333333 0.5407407407407407 0.8765625 0.5231481481481481 0.8864583333333333 0.5009259259259259 0.8947916666666667 0.49444444444444446
1 0.36614583333333334 0.6138888888888889 0.37135416666666665 0.6148148148148148 0.3796875 0.6259259259259259 0.3765625 0.6611111111111111 0.3729166666666667 0.6620370370370371 0.36666666666666664 0.6398148148148148 0.3651041666666667 0.6277777777777778 0.36614583333333334 0.6148148148148148
1 0.45625 0.525 0.45677083333333335 0.5305555555555556 0.465625 0.5425925925925926 0.46197916666666666 0.55 0.4630208333333333 0.562962962962963 0.459375 0.5685185185185185 0.45625 0.5879629629629629 0.453125 0.5898148148148148 0.4552083333333333 0.5583333333333333 0.4515625 0.5453703703703704 0.4510416666666667 0.5361111111111111 0.45625 0.5259259259259259
1 0.4947916666666667 0.4527777777777778 0.4979166666666667 0.45185185185185184 0.5046875 0.4675925925925926 0.5046875 0.49444444444444446 0.5015625 0.4935185185185185 0.4979166666666667 0.4842592592592593 0.4947916666666667 0.5064814814814815 0.4921875 0.5074074074074074 0.49322916666666666 0.4601851851851852 0.4947916666666667 0.4537037037037037
1 0.22708333333333333 0.026851851851851852 0.23072916666666668 0.037037037037037035 0.23385416666666667 0.05648148148148148 0.23072916666666668 0.06574074074074074 0.22760416666666666 0.06481481481481481 0.2265625 0.05 0.22291666666666668 0.03611111111111111 0.2234375 0.027777777777777776 0.2265625 0.026851851851851852
1 0.6171875 0.125 0.6197916666666666 0.13148148148148148 0.6197916666666666 0.14166666666666666 0.615625 0.16111111111111112 0.6104166666666667 0.16018518518518518 0.6088541666666667 0.14166666666666666 0.6125 0.1259259259259259 0.6166666666666667 0.125
1 0.44947916666666665 0.3574074074074074 0.45260416666666664 0.36018518518518516 0.45677083333333335 0.375 0.45625 0.3990740740740741 0.4515625 0.4148148148148148 0.4484375 0.41759259259259257 0.4484375 0.39814814814814814 0.44427083333333334 0.387037037037037 0.4453125 0.3685185185185185 0.44895833333333335 0.35833333333333334
1 0.13697916666666668 0.09444444444444444 0.1421875 0.10185185185185185 0.14375 0.11666666666666667 0.14895833333333333 0.1259259259259259 0.14791666666666667 0.12962962962962962 0.14427083333333332 0.13148148148148148 0.14010416666666667 0.1259259259259259 0.13697916666666668 0.1259259259259259 0.1328125 0.1111111111111111 0.13229166666666667 0.09814814814814815 0.13645833333333332 0.09444444444444444
1 0.2598958333333333 0.8694444444444445 0.27239583333333334 0.8787037037037037 0.2760416666666667 0.8944444444444445 0.28802083333333334 0.9064814814814814 0.2859375 0.9120370370370371 0.2755208333333333 0.9064814814814814 0.26666666666666666 0.9074074074074074 0.265625 0.9037037037037037 0.2635416666666667 0.9111111111111111 0.2578125 0.9120370370370371 0.2598958333333333 0.8953703703703704 0.2578125 0.8842592592592593 0.253125 0.8796296296296297 0.2526041666666667 0.875 0.2552083333333333 0.8703703703703703 0.259375 0.8694444444444445
1 0.7947916666666667 0.8925925925925926 0.7989583333333333 0.8972222222222223 0.8026041666666667 0.9111111111111111 0.8 0.9203703703703704 0.7895833333333333 0.937037037037037 0.7859375 0.9342592592592592 0.7838541666666666 0.924074074074074 0.7614583333333333 0.9277777777777778 0.7661458333333333 0.9203703703703704 0.7817708333333333 0.9148148148148149 0.7885416666666667 0.9009259259259259 0.7890625 0.8935185185185185 0.7942708333333334 0.8925925925925926
1 0.4713541666666667 0.3611111111111111 0.47604166666666664 0.375 0.47708333333333336 0.4046296296296296 0.4739583333333333 0.4046296296296296 0.4734375 0.3990740740740741 0.4703125 0.39444444444444443 0.4666666666666667 0.41203703703703703 0.46510416666666665 0.412962962962963 0.4625 0.41203703703703703 0.465625 0.3907407407407407 0.46458333333333335 0.36944444444444446 0.4666666666666667 0.36203703703703705 0.4708333333333333 0.3611111111111111
1 0.6473958333333333 0.1638888888888889 0.6505208333333333 0.16296296296296298 0.6536458333333334 0.17407407407407408 0.6505208333333333 0.20555555555555555 0.6484375 0.21574074074074073 0.6453125 0.21666666666666667 0.6447916666666667 0.17592592592592593 0.6473958333333333 0.1648148148148148
1 0.025520833333333333 0.21574074074074073 0.03229166666666667 0.225 0.0375 0.24351851851851852 0.0421875 0.2518518518518518 0.0375 0.262037037037037 0.035416666666666666 0.262037037037037 0.029166666666666667 0.24814814814814815 0.025520833333333333 0.25555555555555554 0.022395833333333334 0.2537037037037037 0.014583333333333334 0.23796296296296296 0.011458333333333333 0.22407407407407406 0.011979166666666667 0.21851851851851853 0.025 0.21574074074074073
1 0.09166666666666666 0.12962962962962962 0.10208333333333333 0.13240740740740742 0.10625 0.14351851851851852 0.10885416666666667 0.14537037037037037 0.10989583333333333 0.1574074074074074 0.115625 0.16574074074074074 0.1125 0.17222222222222222 0.109375 0.16574074074074074 0.10625 0.16574074074074074 0.10572916666666667 0.17685185185185184 0.10260416666666666 0.17592592592592593 0.09791666666666667 0.15462962962962962 0.0921875 0.14166666666666666 0.09166666666666666 0.13055555555555556
1 0.6375 0.11296296296296296 0.6411458333333333 0.11666666666666667 0.6427083333333333 0.1259259259259259 0.6385416666666667 0.15 0.6333333333333333 0.15555555555555556 0.6296875 0.15092592592592594 0.6296875 0.1287037037037037 0.6317708333333333 0.11481481481481481 0.6369791666666667 0.11296296296296296
1 0.34270833333333334 0.8907407407407407 0.34791666666666665 0.8972222222222223 0.3489583333333333 0.9027777777777778 0.34791666666666665 0.9120370370370371 0.35104166666666664 0.9351851851851852 0.346875 0.9407407407407408 0.34375 0.9398148148148148 0.3390625 0.9287037037037037 0.3328125 0.9277777777777778 0.3265625 0.9083333333333333 0.3296875 0.8944444444444445 0.3375 0.8888888888888888 0.3421875 0.8907407407407407
1 0.640625 0.027777777777777776 0.6463541666666667 0.03888888888888889 0.6427083333333333 0.06111111111111111 0.6401041666666667 0.06296296296296296 0.6369791666666667 0.05 0.6369791666666667 0.03888888888888889 0.6401041666666667 0.028703703703703703
1 0.05364583333333333 0.18611111111111112 0.07083333333333333 0.22314814814814815 0.06770833333333333 0.22407407407407406 0.0640625 0.21944444444444444 0.0625 0.23055555555555557 0.06041666666666667 0.23333333333333334 0.058854166666666666 0.2222222222222222 0.05364583333333333 0.2175925925925926 0.04583333333333333 0.19907407407407407 0.04895833333333333 0.18703703703703703 0.053125 0.18611111111111112
1 0.23802083333333332 0.9444444444444444 0.24895833333333334 0.9629629629629629 0.2515625 0.975 0.246875 0.9796296296296296 0.240625 0.9722222222222222 0.24114583333333334 0.9805555555555555 0.23489583333333333 0.9851851851851852 0.22864583333333333 0.9805555555555555 0.22604166666666667 0.975 0.225 0.9611111111111111 0.22916666666666666 0.9490740740740741 0.2375 0.9444444444444444
1 0.8171875 0.12222222222222222 0.8161458333333333 0.13703703703703704 0.8072916666666666 0.16203703703703703 0.803125 0.15648148148148147 0.8052083333333333 0.1388888888888889 0.8098958333333334 0.125 0.8140625 0.12037037037037036 0.8166666666666667 0.12222222222222222
1 0.95625 0.549074074074074 0.9598958333333333 0.5537037037037037 0.959375 0.5740740740740741 0.9473958333333333 0.5916666666666667 0.940625 0.5916666666666667 0.9354166666666667 0.5879629629629629 0.9354166666666667 0.5805555555555556 0.9442708333333333 0.5574074074074075 0.9557291666666666 0.55
1 0.18697916666666667 0.03981481481481482 0.18958333333333333 0.03888888888888889 0.19270833333333334 0.04351851851851852 0.19791666666666666 0.06666666666666667 0.19739583333333333 0.07407407407407407 0.1953125 0.075 0.18645833333333334 0.05648148148148148 0.18541666666666667 0.046296296296296294 0.18697916666666667 0.040740740740740744
1 0.8625 0.21944444444444444 0.8645833333333334 0.22407407407407406 0.8645833333333334 0.2324074074074074 0.8588541666666667 0.2490740740740741 0.8536458333333333 0.2574074074074074 0.8526041666666667 0.26481481481481484 0.8494791666666667 0.26851851851851855 0.8447916666666667 0.26851851851851855 0.8447916666666667 0.26481481481481484 0.8510416666666667 0.2518518518518518 0.8536458333333333 0.2324074074074074 0.859375 0.22037037037037038 0.8619791666666666 0.21944444444444444
1 0.5911458333333334 0.37962962962962965 0.5942708333333333 0.36203703703703705 0.5984375 0.3537037037037037 0.6020833333333333 0.3537037037037037 0.6046875 0.36574074074074076 0.6041666666666666 0.3768518518518518 0.6020833333333333 0.3907407407407407 0.5953125 0.40925925925925927 0.5921875 0.40925925925925927 0.59375 0.3851851851851852 0.5916666666666667 0.38055555555555554
1 0.5953125 0.012962962962962963 0.5984375 0.013888888888888888 0.6 0.021296296296296296 0.5973958333333333 0.04814814814814815 0.59375 0.05648148148148148 0.5895833333333333 0.05462962962962963 0.590625 0.028703703703703703 0.5953125 0.013888888888888888
1 0.2864583333333333 0.9120370370370371 0.29270833333333335 0.9175925925925926 0.296875 0.9277777777777778 0.29791666666666666 0.9601851851851851 0.29322916666666665 0.9657407407407408 0.28958333333333336 0.9657407407407408 0.28802083333333334 0.9555555555555556 0.2796875 0.9388888888888889 0.2786458333333333 0.9287037037037037 0.2734375 0.9222222222222223 0.2755208333333333 0.9138888888888889 0.2859375 0.9120370370370371
1 0.5557291666666667 0.2898148148148148 0.5578125 0.27037037037037037 0.5572916666666666 0.24537037037037038 0.5614583333333333 0.2351851851851852 0.5640625 0.2351851851851852 0.5671875 0.24259259259259258 0.5677083333333334 0.25925925925925924 0.5651041666666666 0.2777777777777778 0.5604166666666667 0.28055555555555556 0.55625 0.2898148148148148
1 0.39739583333333334 0.8203703703703704 0.4036458333333333 0.8185185185185185 0.40989583333333335 0.837037037037037 0.40729166666666666 0.8592592592592593 0.4041666666666667 0.8611111111111112 0.3958333333333333 0.8518518518518519 0.3921875 0.8435185185185186 0.3921875 0.8361111111111111 0.39375 0.8277777777777777 0.39739583333333334 0.8212962962962963
1 0.044270833333333336 0.1175925925925926 0.049479166666666664 0.12129629629629629 0.0546875 0.13148148148148148 0.0625 0.1574074074074074 0.0609375 0.16296296296296298 0.044270833333333336 0.13333333333333333 0.040625 0.12314814814814815 0.040625 0.11944444444444445 0.04375 0.1175925925925926
1 0.6270833333333333 0.08148148148148149 0.6317708333333333 0.08888888888888889 0.6317708333333333 0.09351851851851851 0.6286458333333333 0.11203703703703703 0.6229166666666667 0.125 0.6197916666666666 0.12407407407407407 0.621875 0.09351851851851851 0.6265625 0.08148148148148149
1 0.8041666666666667 0.42685185185185187 0.8072916666666666 0.4425925925925926 0.796875 0.4648148148148148 0.7932291666666667 0.48055555555555557 0.7901041666666667 0.48333333333333334 0.7885416666666667 0.48055555555555557 0.7895833333333333 0.45 0.8010416666666667 0.42685185185185187 0.8036458333333333 0.42685185185185187
1 0.6369791666666667 0.05092592592592592 0.6395833333333333 0.06574074074074074 0.6348958333333333 0.08888888888888889 0.6333333333333333 0.09074074074074075 0.6302083333333334 0.08518518518518518 0.6291666666666667 0.06666666666666667 0.6364583333333333 0.05185185185185185
1 0.2604166666666667 0.9444444444444444 0.2640625 0.9537037037037037 0.26875 0.9555555555555556 0.2755208333333333 0.9685185185185186 0.2765625 0.9833333333333333 0.2734375 0.9861111111111112 0.2677083333333333 0.9851851851851852 0.26510416666666664 0.9805555555555555 0.26145833333333335 0.9833333333333333 0.25104166666666666 0.9805555555555555 0.253125 0.9777777777777777 0.253125 0.9490740740740741 0.2546875 0.9453703703703704 0.2598958333333333 0.9444444444444444
1 0.6333333333333333 0.17685185185185184 0.6348958333333333 0.18703703703703703 0.6328125 0.2064814814814815 0.6302083333333334 0.2175925925925926 0.6265625 0.2222222222222222 0.6229166666666667 0.21666666666666667 0.6223958333333334 0.2064814814814815 0.6296875 0.1787037037037037 0.6328125 0.17685185185185184
1 0.6994791666666667 0.08981481481481482 0.703125 0.09814814814814815 0.7015625 0.11296296296296296 0.6932291666666667 0.1259259259259259 0.6916666666666667 0.12129629629629629 0.69375 0.10185185185185185 0.6958333333333333 0.09074074074074075 0.6989583333333333 0.08981481481481482
1 0.18541666666666667 0.07685185185185185 0.18854166666666666 0.08425925925925926 0.18958333333333333 0.09814814814814815 0.19322916666666667 0.11018518518518519 0.19166666666666668 0.11574074074074074 0.1890625 0.11666666666666667 0.18697916666666667 0.11574074074074074 0.18020833333333333 0.08888888888888889 0.18125 0.07685185185185185 0.18489583333333334 0.07685185185185185
1 0.23177083333333334 0 0.23958333333333334 0 0.24479166666666666 0.012962962962962963 0.24427083333333333 0.021296296296296296 0.24114583333333334 0.026851851851851852 0.23854166666666668 0.025925925925925925 0.23125 0.004629629629629629 0.23177083333333334 0.000925925925925926
1 0.3125 0.9064814814814814 0.32083333333333336 0.9157407407407407 0.325 0.9388888888888889 0.32447916666666665 0.9462962962962963 0.3177083333333333 0.9518518518518518 0.315625 0.9416666666666667 0.3015625 0.9194444444444444 0.30364583333333334 0.912962962962963 0.31197916666666664 0.9064814814814814
1 0.1625 0.07314814814814814 0.16510416666666666 0.07222222222222222 0.17135416666666667 0.08055555555555556 0.17395833333333333 0.08518518518518518 0.175 0.09537037037037037 0.1796875 0.10185185185185185 0.17291666666666666 0.1037037037037037 0.17135416666666667 0.1111111111111111 0.16822916666666668 0.11203703703703703 0.1625 0.07407407407407407