0 0.103125 0.4527777777777778 0.11979166666666667 0.4666666666666667 0.13125 0.4842592592592593 0.12552083333333333 0.5009259259259259 0.09791666666666667 0.5333333333333333 0.0890625 0.5509259259259259 0.07760416666666667 0.5481481481481482 0.0703125 0.537962962962963 0.06041666666666667 0.5166666666666667 0.05677083333333333 0.4898148148148148 0.06354166666666666 0.4777777777777778 0.08125 0.46111111111111114 0.09427083333333333 0.45185185185185184 0.10260416666666666 0.4527777777777778
0 0.2546875 0.08055555555555556 0.259375 0.09351851851851851 0.2640625 0.12314814814814815 0.253125 0.14166666666666666 0.2390625 0.14166666666666666 0.23072916666666668 0.1361111111111111 0.22708333333333333 0.12962962962962962 0.2265625 0.11481481481481481 0.23385416666666667 0.09537037037037037 0.24114583333333334 0.08518518518518518 0.24739583333333334 0.08055555555555556 0.25416666666666665 0.08055555555555556
0 0.3229166666666667 0.5046296296296297 0.35 0.5046296296296297 0.35885416666666664 0.5111111111111111 0.36354166666666665 0.5212962962962963 0.36614583333333334 0.5370370370370371 0.36614583333333334 0.5601851851851852 0.3625 0.5703703703703704 0.34739583333333335 0.5888888888888889 0.3416666666666667 0.5898148148148148 0.33125 0.5842592592592593 0.30572916666666666 0.5898148148148148 0.28854166666666664 0.5962962962962963 0.2828125 0.6055555555555555 0.2791666666666667 0.6074074074074074 0.27291666666666664 0.6055555555555555 0.26927083333333335 0.6 0.26197916666666665 0.5990740740740741 0.25677083333333334 0.5916666666666667 0.25416666666666665 0.5787037037037037 0.253125 0.5574074074074075 0.2578125 0.5287037037037037 0.26145833333333335 0.5222222222222223 0.27291666666666664 0.5148148148148148 0.30104166666666665 0.5064814814814815 0.3223958333333333 0.5046296296296297
0 0.6744791666666666 0.3212962962962963 0.6890625 0.3490740740740741 0.6994791666666667 0.375 0.703125 0.3861111111111111 0.7041666666666667 0.39814814814814814 0.7098958333333333 0.4111111111111111 0.7135416666666666 0.42685185185185187 0.7130208333333333 0.4351851851851852 0.7057291666666666 0.45185185185185184 0.6994791666666667 0.45740740740740743 0.6869791666666667 0.46111111111111114 0.6723958333333333 0.4537037037037037 0.6682291666666667 0.44722222222222224 0.6661458333333333 0.42592592592592593 0.6520833333333333 0.38796296296296295 0.64375 0.37962962962962965 0.6421875 0.37222222222222223 0.64375 0.3453703703703704 0.646875 0.3333333333333333 0.6619791666666667 0.32222222222222224 0.6739583333333333 0.3212962962962963
0 0.29739583333333336 0.037037037037037035 0.315625 0.05 0.32083333333333336 0.05925925925925926 0.32083333333333336 0.06851851851851852 0.3140625 0.08055555555555556 0.3145833333333333 0.0962962962962963 0.3067708333333333 0.10277777777777777 0.30104166666666665 0.1 0.29322916666666665 0.10185185185185185 0.28020833333333334 0.11388888888888889 0.2734375 0.1259259259259259 0.26875 0.125 0.26510416666666664 0.12037037037037036 0.2552083333333333 0.07314814814814814 0.2828125 0.03888888888888889 0.296875 0.037037037037037035
0 0.21458333333333332 0.3194444444444444 0.22239583333333332 0.32407407407407407 0.22708333333333333 0.3333333333333333 0.228125 0.34814814814814815 0.22552083333333334 0.3611111111111111 0.21458333333333332 0.37777777777777777 0.2078125 0.39351851851851855 0.20052083333333334 0.41203703703703703 0.2 0.425 0.19583333333333333 0.4351851851851852 0.171875 0.44166666666666665 0.15729166666666666 0.4388888888888889 0.15104166666666666 0.42777777777777776 0.15 0.41759259259259257 0.15416666666666667 0.39444444444444443 0.1671875 0.3592592592592593 0.178125 0.3388888888888889 0.18697916666666667 0.3333333333333333 0.19895833333333332 0.32037037037037036 0.2140625 0.3194444444444444
0 0.9770833333333333 0.5055555555555555 0.98125 0.5120370370370371 0.9994791666666667 0.5277777777777778 0.9994791666666667 0.5787037037037037 0.984375 0.5851851851851851 0.9770833333333333 0.5842592592592593 0.9723958333333333 0.5787037037037037 0.96875 0.5638888888888889 0.9635416666666666 0.5537037037037037 0.9640625 0.5481481481481482 0.9614583333333333 0.5388888888888889 0.9630208333333333 0.5138888888888888 0.9708333333333333 0.5046296296296297 0.9765625 0.5055555555555555
0 0.575 0.7101851851851851 0.5911458333333334 0.725925925925926 0.5984375 0.7268518518518519 0.6036458333333333 0.7324074074074074 0.6067708333333334 0.7546296296296297 0.603125 0.7620370370370371 0.5994791666666667 0.7638888888888888 0.5807291666666666 0.7583333333333333 0.575 0.7518518518518519 0.5640625 0.7490740740740741 0.55 0.7379629629629629 0.55 0.7194444444444444 0.553125 0.7111111111111111 0.5744791666666667 0.7101851851851851
0 0.6296875 0.017592592592592594 0.6385416666666667 0.025925925925925925 0.6375 0.05092592592592592 0.6270833333333333 0.07777777777777778 0.6203125 0.08148148148148149 0.6046875 0.07592592592592592 0.603125 0.06481481481481481 0.6078125 0.03981481481481482 0.615625 0.024074074074074074 0.6192708333333333 0.018518518518518517 0.6291666666666667 0.017592592592592594
0 0.7359375 0.10740740740740741 0.7416666666666667 0.1111111111111111 0.7453125 0.1175925925925926 0.7489583333333333 0.14074074074074075 0.7489583333333333 0.1787037037037037 0.7442708333333333 0.1925925925925926 0.7208333333333333 0.19074074074074074 0.7166666666666667 0.18518518518518517 0.7145833333333333 0.15185185185185185 0.7166666666666667 0.11666666666666667 0.7208333333333333 0.10833333333333334 0.7354166666666667 0.10740740740740741
0 0.753125 0.25277777777777777 0.7723958333333333 0.27685185185185185 0.7765625 0.2861111111111111 0.7677083333333333 0.33425925925925926 0.7598958333333333 0.3425925925925926 0.7526041666666666 0.3425925925925926 0.7375 0.33425925925925926 0.7302083333333333 0.3175925925925926 0.7307291666666667 0.30925925925925923 0.7395833333333334 0.2833333333333333 0.7390625 0.2722222222222222 0.7479166666666667 0.25092592592592594 0.7526041666666666 0.25277777777777777
1 0.15416666666666667 0.07314814814814814 0.16770833333333332 0.10462962962962963 0.16770833333333332 0.10833333333333334 0.1640625 0.10833333333333334 0.1609375 0.10185185185185185 0.15885416666666666 0.11574074074074074 0.15729166666666666 0.11481481481481481 0.15052083333333333 0.08425925925925926 0.15052083333333333 0.07407407407407407 0.15364583333333334 0.07314814814814814
1 0.11041666666666666 0.07592592592592592 0.11666666666666667 0.09351851851851851 0.11770833333333333 0.11481481481481481 0.11354166666666667 0.1175925925925926 0.10416666666666667 0.08425925925925926 0.10520833333333333 0.07685185185185185 0.10989583333333333 0.07592592592592592
1 0.58125 0.09814814814814815 0.5833333333333334 0.10555555555555556 0.5838541666666667 0.12037037037037036 0.578125 0.14814814814814814 0.5765625 0.14722222222222223 0.5744791666666667 0.13055555555555556 0.5744791666666667 0.10833333333333334 0.5776041666666667 0.09722222222222222 0.5807291666666666 0.09814814814814815
1 0.8166666666666667 0.32592592592592595 0.8213541666666667 0.33055555555555555 0.8223958333333333 0.33796296296296297 0.8104166666666667 0.3685185185185185 0.8041666666666667 0.375 0.8005208333333333 0.3731481481481482 0.8005208333333333 0.3675925925925926 0.80625 0.3425925925925926 0.8114583333333333 0.32685185185185184 0.8161458333333333 0.32592592592592595
1 0.8625 0.11388888888888889 0.8661458333333333 0.11574074074074074 0.8645833333333334 0.1361111111111111 0.8557291666666667 0.1574074074074074 0.8515625 0.15555555555555556 0.8541666666666666 0.13425925925925927 0.8625 0.11481481481481481
1 0.1359375 0.05555555555555555 0.01875 0.037037037037037035
1 0.8020833333333334 0.6666666666666666 0.8072916666666666 0.6675925925925926 0.8088541666666667 0.6712962962962963 0.8104166666666667 0.6814814814814815 0.8088541666666667 0.6916666666666667 0.8072916666666666 0.6962962962962963 0.8036458333333333 0.6953703703703704 0.7994791666666666 0.7 0.7869791666666667 0.7231481481481481 0.7854166666666667 0.7222222222222222 0.7848958333333333 0.7157407407407408 0.7895833333333333 0.7027777777777777 0.7875 0.6962962962962963 0.7911458333333333 0.675 0.796875 0.6666666666666666 0.8015625 0.6666666666666666
1 0.17109375 0.023148148148148147 0.013020833333333334 0.03148148148148148
1 0.34140625 0.912962962962963 0.0203125 0.03888888888888889
1 0 0.22685185185185186 0.005208333333333333 0.22777777777777777 0.010416666666666666 0.23333333333333334 0.016666666666666666 0.24722222222222223 0.014583333333333334 0.25555555555555554 0.008854166666666666 0.25833333333333336 0.0036458333333333334 0.25092592592592594 0 0.22777777777777777
1 0.20416666666666666 0.4537037037037037 0.21145833333333333 0.45925925925925926 0.21666666666666667 0.4675925925925926 0.21822916666666667 0.48518518518518516 0.22291666666666668 0.49537037037037035 0.2203125 0.5009259259259259 0.209375 0.4861111111111111 0.203125 0.48333333333333334 0.20208333333333334 0.46574074074074073 0.19895833333333332 0.4564814814814815 0.20364583333333333 0.4537037037037037
1 0.39791666666666664 0.6712962962962963 0.40520833333333334 0.6824074074074075 0.41041666666666665 0.6990740740740741 0.40989583333333335 0.7064814814814815 0.4036458333333333 0.7111111111111111 0.39895833333333336 0.7268518518518519 0.3963541666666667 0.725 0.3953125 0.700925925925926 0.39166666666666666 0.6851851851851852 0.39427083333333335 0.674074074074074 0.39739583333333334 0.6712962962962963
1 0.4348958333333333 0.6675925925925926 0.4390625 0.6675925925925926 0.44375 0.6731481481481482 0.446875 0.6888888888888889 0.44375 0.7083333333333334 0.4354166666666667 0.7240740740740741 0.4322916666666667 0.687962962962963 0.4322916666666667 0.6768518518518518 0.4348958333333333 0.6685185185185185
1 0.5848958333333333 0.225 0.5869791666666667 0.1814814814814815 0.5921875 0.17222222222222222 0.5942708333333333 0.17314814814814813 0.5953125 0.19537037037037036 0.5932291666666667 0.21481481481481482 0.5885416666666666 0.2175925925925926 0.5854166666666667 0.22407407407407406
1 0.5708333333333333 0.06759259259259259 0.5755208333333334 0.08055555555555556 0.5755208333333334 0.09907407407407408 0.571875 0.1111111111111111 0.5671875 0.11574074074074074 0.5661458333333333 0.0962962962962963 0.5671875 0.07685185185185185 0.5703125 0.06851851851851852
1 0.7588541666666667 0.38796296296296295 0.7619791666666667 0.40185185185185185 0.7614583333333333 0.4166666666666667 0.7598958333333333 0.41944444444444445 0.7505208333333333 0.4185185185185185 0.7447916666666666 0.42962962962962964 0.740625 0.42685185185185187 0.7411458333333333 0.41759259259259257 0.7494791666666667 0.40555555555555556 0.7546875 0.38981481481481484 0.7583333333333333 0.38796296296296295
1 0.043229166666666666 0.11666666666666667 0.046875 0.11666666666666667 0.05364583333333333 0.1259259259259259 0.05677083333333333 0.13703703703703704 0.05677083333333333 0.14629629629629629 0.06197916666666667 0.1574074074074074 0.05677083333333333 0.1574074074074074 0.04791666666666667 0.14166666666666666 0.04479166666666667 0.13333333333333333 0.043229166666666666 0.1175925925925926
1 0.8604166666666667 0.44907407407407407 0.8614583333333333 0.4675925925925926 0.8588541666666667 0.4787037037037037 0.8520833333333333 0.4898148148148148 0.8479166666666667 0.4888888888888889 0.8416666666666667 0.5027777777777778 0.8380208333333333 0.4935185185185185 0.8333333333333334 0.49074074074074076 0.8338541666666667 0.487962962962963 0.8484375 0.4546296296296296 0.8598958333333333 0.44907407407407407
1 0.29010416666666666 0.9101851851851852 0.30104166666666665 0.9277777777777778 0.30052083333333335 0.9388888888888889 0.30364583333333334 0.9481481481481482 0.30052083333333335 0.9527777777777777 0.29635416666666664 0.9527777777777777 0.2947916666666667 0.9453703703703704 0.28958333333333336 0.9435185185185185 0.2828125 0.9555555555555556 0.2833333333333333 0.9453703703703704 0.2791666666666667 0.9333333333333333 0.2791666666666667 0.9277777777777778 0.2833333333333333 0.9111111111111111 0.28958333333333336 0.9101851851851852
1 0.44895833333333335 0.6888888888888889 0.453125 0.687962962962963 0.4583333333333333 0.6935185185185185 0.46041666666666664 0.7027777777777777 0.4609375 0.7231481481481481 0.45625 0.7342592592592593 0.44947916666666665 0.7416666666666667 0.44583333333333336 0.7407407407407407 0.4479166666666667 0.7305555555555555 0.446875 0.7027777777777777 0.44895833333333335 0.6898148148148148
1 0.65 0.6435185185185185 0.016666666666666666 0.04814814814814815
1 0.14375 0.8731481481481481 0.14427083333333332 0.8805555555555555 0.15052083333333333 0.8898148148148148 0.15625 0.8888888888888888 0.16354166666666667 0.8814814814814815 0.1671875 0.8833333333333333 0.16770833333333332 0.8898148148148148 0.15104166666666666 0.9046296296296297 0.14375 0.9259259259259259 0.1390625 0.9157407407407407 0.13020833333333334 0.9083333333333333 0.12916666666666668 0.8935185185185185 0.12604166666666666 0.8861111111111111 0.12916666666666668 0.8805555555555555 0.14322916666666666 0.8740740740740741
1 0.17552083333333332 0.03425925925925926 0.18020833333333333 0.049074074074074076 0.18333333333333332 0.06759259259259259 0.1828125 0.07407407407407407 0.18020833333333333 0.07222222222222222 0.17135416666666667 0.05185185185185185 0.17135416666666667 0.03796296296296296 0.175 0.03425925925925926
1 0.2234375 0.8277777777777777 0.23958333333333334 0.8518518518518519 0.23125 0.8712962962962963 0.22552083333333334 0.8685185185185185 0.2203125 0.8490740740740741 0.209375 0.8333333333333334 0.2109375 0.8277777777777777 0.21458333333333332 0.825 0.22291666666666668 0.8277777777777777
1 0.5166666666666667 0.23148148148148148 0.5229166666666667 0.24166666666666667 0.5234375 0.25555555555555554 0.5197916666666667 0.27685185185185185 0.515625 0.28055555555555556 0.5135416666666667 0.23981481481481481 0.5161458333333333 0.23148148148148148
1 0.5963541666666666 0.06111111111111111 0.6 0.0712962962962963 0.6 0.07777777777777778 0.5963541666666666 0.09814814814814815 0.5916666666666667 0.10648148148148148 0.5890625 0.07685185185185185 0.5958333333333333 0.06111111111111111
1 0.14010416666666667 0.07685185185185185 0.146875 0.08796296296296297 0.15052083333333333 0.1111111111111111 0.146875 0.11481481481481481 0.13802083333333334 0.09259259259259259 0.13697916666666668 0.08425925925925926 0.13958333333333334 0.07777777777777778
1 0.24114583333333334 0.6324074074074074 0.24791666666666667 0.6416666666666667 0.2515625 0.6675925925925926 0.25625 0.6787037037037037 0.2552083333333333 0.6833333333333333 0.24895833333333334 0.6814814814814815 0.2453125 0.6722222222222223 0.23385416666666667 0.6583333333333333 0.2328125 0.6407407407407407 0.2296875 0.6351851851851852 0.2296875 0.6305555555555555 0.234375 0.6287037037037037 0.240625 0.6324074074074074
1 0.7046875 0.27870370370370373 0.7083333333333334 0.2796296296296296 0.7109375 0.3055555555555556 0.7041666666666667 0.31574074074074077 0.7015625 0.3351851851851852 0.6958333333333333 0.33796296296296297 0.7 0.2935185185185185 0.7046875 0.2796296296296296
1 0.3151041666666667 0.8898148148148148 0.32135416666666666 0.8925925925925926 0.3229166666666667 0.9 0.328125 0.9092592592592592 0.3296875 0.9351851851851852 0.325 0.9416666666666667 0.321875 0.9388888888888889 0.3182291666666667 0.9259259259259259 0.30885416666666665 0.9148148148148149 0.3098958333333333 0.9074074074074074 0.3072916666666667 0.8935185185185185 0.3098958333333333 0.8898148148148148 0.3145833333333333 0.8898148148148148
1 0.12083333333333333 0.09537037037037037 0.12291666666666666 0.0962962962962963 0.1265625 0.10648148148148148 0.1296875 0.12129629629629629 0.1296875 0.125 0.12395833333333334 0.12777777777777777 0.11822916666666666 0.11296296296296296 0.1171875 0.1 0.1203125 0.09537037037037037
1 0.1765625 0.46574074074074073 0.18177083333333333 0.4675925925925926 0.18541666666666667 0.4740740740740741 0.18958333333333333 0.4898148148148148 0.19947916666666668 0.5074074074074074 0.19947916666666668 0.5111111111111111 0.19583333333333333 0.5101851851851852 0.1890625 0.4981481481481482 0.1859375 0.4981481481481482 0.18333333333333332 0.5120370370370371 0.18020833333333333 0.5111111111111111 0.1796875 0.4962962962962963 0.1734375 0.4824074074074074 0.17083333333333334 0.4703703703703704 0.17135416666666667 0.4666666666666667 0.17604166666666668 0.46574074074074073
1 0.7947916666666667 0.12222222222222222 0.796875 0.125 0.7979166666666667 0.1361111111111111 0.7958333333333333 0.14629629629629629 0.7864583333333334 0.1675925925925926 0.7828125 0.1638888888888889 0.7895833333333333 0.13148148148148148 0.7921875 0.12314814814814815 0.7942708333333334 0.12222222222222222
1 0.8567708333333334 0.1259259259259259 0.8520833333333333 0.15462962962962962 0.8453125 0.15462962962962962 0.8447916666666667 0.14722222222222223 0.8515625 0.12685185185185185 0.85625 0.1259259259259259
1 0.2078125 0.9685185185185186 0.22083333333333333 0.9740740740740741 0.21927083333333333 0.9814814814814815 0.2140625 0.9842592592592593 0.2171875 0.9944444444444445 0.21666666666666667 0.9990740740740741 0.19479166666666667 0.9990740740740741 0.18854166666666666 0.9907407407407407 0.18802083333333333 0.9833333333333333 0.18958333333333333 0.9796296296296296 0.20208333333333334 0.9675925925925926 0.20729166666666668 0.9685185185185186
1 0.6333333333333333 0.23055555555555557 0.6369791666666667 0.23055555555555557 0.6385416666666667 0.26481481481481484 0.6338541666666667 0.2740740740740741 0.6265625 0.27314814814814814 0.6255208333333333 0.27037037037037037 0.6265625 0.2564814814814815 0.6333333333333333 0.23148148148148148
1 0.3729166666666667 0.0962962962962963 0.37552083333333336 0.0962962962962963 0.3802083333333333 0.10833333333333334 0.3802083333333333 0.12407407407407407 0.38177083333333334 0.1287037037037037 0.3765625 0.14351851851851852 0.37552083333333336 0.12685185185185185 0.371875 0.1175925925925926 0.3729166666666667 0.09722222222222222
1 0.85 0.18425925925925926 0.8520833333333333 0.19814814814814816 0.84375 0.21944444444444444 0.8416666666666667 0.23055555555555557 0.8375 0.22777777777777777 0.840625 0.20092592592592592 0.8458333333333333 0.18518518518518517 0.8494791666666667 0.18425925925925926
1 0.7848958333333333 0.6481481481481481 0.7869791666666667 0.6546296296296297 0.7859375 0.6703703703703704 0.7796875 0.6888888888888889 0.7734375 0.6935185185185185 0.7630208333333334 0.6898148148148148 0.7677083333333333 0.6712962962962963 0.7682291666666666 0.6592592592592592 0.7723958333333333 0.6518518518518519 0.784375 0.6481481481481481
1 0.5260416666666666 0.3138888888888889 0.5234375 0.29814814814814816 0.5234375 0.275 0.5291666666666667 0.262037037037037 0.5333333333333333 0.27314814814814814 0.5291666666666667 0.31296296296296294 0.5260416666666666 0.3148148148148148
1 0.56875 0.30833333333333335 0.5708333333333333 0.3101851851851852 0.5729166666666666 0.33611111111111114 0.5671875 0.3592592592592593 0.5645833333333333 0.362962962962963 0.5609375 0.36203703703703705 0.5598958333333334 0.33425925925925926 0.5619791666666667 0.3194444444444444 0.5682291666666667 0.30833333333333335
1 0.64375 0.09259259259259259 0.6463541666666667 0.10833333333333334 0.6411458333333333 0.13425925925925927 0.6359375 0.13333333333333333 0.6364583333333333 0.11203703703703703 0.6401041666666667 0.10277777777777777 0.640625 0.09537037037037037 0.6432291666666666 0.09351851851851851
1 0.22083333333333333 0.8759259259259259 0.22604166666666667 0.8796296296296297 0.23177083333333334 0.8907407407407407 0.23177083333333334 0.9148148148148149 0.228125 0.9212962962962963 0.22604166666666667 0.9203703703703704 0.22239583333333332 0.9083333333333333 0.21614583333333334 0.9009259259259259 0.21145833333333333 0.8861111111111111 0.21354166666666666 0.8768518518518519 0.2203125 0.8759259259259259
1 0.796875 0.16296296296296298 0.7984375 0.17314814814814813 0.7916666666666666 0.1925925925925926 0.7921875 0.2064814814814815 0.790625 0.2074074074074074 0.7864583333333334 0.20462962962962963 0.7828125 0.2064814814814815 0.7817708333333333 0.20092592592592592 0.7895833333333333 0.16574074074074074 0.7963541666666667 0.16296296296296298
1 0.23020833333333332 0.1648148148148148 0.23854166666666668 0.1814814814814815 0.23958333333333334 0.19166666666666668 0.24791666666666667 0.2064814814814815 0.24427083333333333 0.2111111111111111 0.24114583333333334 0.2037037037037037 0.2375 0.20092592592592592 0.23385416666666667 0.21388888888888888 0.23072916666666668 0.21388888888888888 0.23072916666666668 0.1935185185185185 0.22552083333333334 0.1675925925925926 0.2265625 0.1638888888888889 0.2296875 0.1648148148148148
1 0.20989583333333334 0 0.21822916666666667 0 0.221875 0.018518518518518517 0.21822916666666667 0.023148148148148147 0.2140625 0.022222222222222223 0.209375 0.012037037037037037 0.20989583333333334 0.000925925925925926
1 0.26979166666666665 0.9083333333333333 0.27239583333333334 0.9185185185185185 0.2791666666666667 0.9203703703703704 0.28125 0.937962962962963 0.2875 0.9444444444444444 0.2828125 0.9555555555555556 0.28072916666666664 0.950925925925926 0.27239583333333334 0.9462962962962963 0.2640625 0.9462962962962963 0.25885416666666666 0.9314814814814815 0.25885416666666666 0.9222222222222223 0.26145833333333335 0.9138888888888889 0.26927083333333335 0.9083333333333333
1 0.2526041666666667 0.9342592592592592 0.2598958333333333 0.9398148148148148 0.26197916666666665 0.9481481481481482 0.26197916666666665 0.9685185185185186 0.2598958333333333 0.9731481481481481 0.2552083333333333 0.975 0.24635416666666668 0.9712962962962963 0.2375 0.9546296296296296 0.2375 0.9444444444444444 0.24166666666666667 0.937037037037037 0.246875 0.9333333333333333 0.2520833333333333 0.9342592592592592