1 0.353125 0.8898148148148148 0.3578125 0.9 0.36302083333333335 0.9314814814814815 0.359375 0.9398148148148148 0.35572916666666665 0.9324074074074075 0.3494791666666667 0.9268518518518518 0.3416666666666667 0.9074074074074074 0.3416666666666667 0.9027777777777778 0.3463541666666667 0.8916666666666667 0.35260416666666666 0.8898148148148148
1 0.6369791666666667 0.1175925925925926 0.640625 0.1287037037037037 0.6411458333333333 0.1425925925925926 0.6380208333333334 0.15185185185185185 0.6364583333333333 0.1675925925925926 0.6328125 0.1675925925925926 0.6296875 0.14537037037037037 0.6307291666666667 0.13333333333333333 0.6364583333333333 0.11851851851851852
1 0.11354166666666667 0.2574074074074074 0.12395833333333334 0.2722222222222222 0.12291666666666666 0.2824074074074074 0.12604166666666666 0.2953703703703704 0.12552083333333333 0.30092592592592593 0.12291666666666666 0.30092592592592593 0.11354166666666667 0.28425925925925927 0.109375 0.2833333333333333 0.10677083333333333 0.2657407407407407 0.109375 0.2574074074074074 0.11302083333333333 0.2574074074074074
1 0.5557291666666667 0.21296296296296297 0.5604166666666667 0.22407407407407406 0.5604166666666667 0.23148148148148148 0.5567708333333333 0.2537037037037037 0.5510416666666667 0.2638888888888889 0.5484375 0.22962962962962963 0.55 0.2212962962962963 0.5552083333333333 0.21296296296296297
1 0.484375 0.3101851851851852 0.48802083333333335 0.3111111111111111 0.4947916666666667 0.33055555555555555 0.4942708333333333 0.3388888888888889 0.4890625 0.3509259259259259 0.4875 0.36666666666666664 0.48385416666666664 0.3675925925925926 0.48489583333333336 0.35462962962962963 0.4817708333333333 0.3212962962962963 0.484375 0.3111111111111111
1 0.8484375 0.4861111111111111 0.8489583333333334 0.5027777777777778 0.8416666666666667 0.524074074074074 0.8364583333333333 0.5333333333333333 0.8348958333333333 0.5435185185185185 0.8307291666666666 0.5398148148148149 0.8333333333333334 0.5222222222222223 0.83125 0.5203703703703704 0.825 0.5287037037037037 0.8239583333333333 0.5222222222222223 0.8354166666666667 0.4925925925925926 0.8447916666666667 0.48518518518518516 0.8479166666666667 0.4861111111111111
1 0.7697916666666667 0.17037037037037037 0.7729166666666667 0.175 0.7734375 0.18425925925925926 0.7666666666666667 0.20555555555555555 0.7666666666666667 0.21388888888888888 0.7635416666666667 0.21666666666666667 0.7609375 0.21574074074074073 0.7635416666666667 0.18425925925925926 0.7666666666666667 0.1712962962962963 0.7692708333333333 0.17037037037037037
1 0.821875 0.36018518518518516 0.8270833333333333 0.36574074074074076 0.8270833333333333 0.37037037037037035 0.8171875 0.4083333333333333 0.8140625 0.4074074074074074 0.815625 0.4 0.8140625 0.3907407407407407 0.8057291666666667 0.40185185185185185 0.803125 0.40185185185185185 0.8020833333333334 0.3972222222222222 0.8130208333333333 0.37962962962962965 0.8171875 0.3611111111111111 0.8213541666666667 0.36018518518518516
1 0.3515625 0.4388888888888889 0.35520833333333335 0.43796296296296294 0.359375 0.44166666666666665 0.36354166666666665 0.44907407407407407 0.3651041666666667 0.45925925925925926 0.35989583333333336 0.48055555555555557 0.35520833333333335 0.48518518518518516 0.3536458333333333 0.4787037037037037 0.3541666666666667 0.46111111111111114 0.35052083333333334 0.44907407407407407 0.3515625 0.4398148148148148
1 0.2625 0.125 0.27239583333333334 0.14351851851851852 0.27239583333333334 0.15462962962962962 0.26614583333333336 0.1574074074074074 0.26145833333333335 0.15648148148148147 0.25885416666666666 0.14722222222222223 0.25833333333333336 0.13333333333333333 0.26197916666666665 0.125
1 0 0.2824074074074074 0.005729166666666666 0.28703703703703703 0.005729166666666666 0.3 0.0125 0.3148148148148148 0.011979166666666667 0.32407407407407407 0.008333333333333333 0.325 0 0.30648148148148147 0 0.2833333333333333
1 0.071875 0.475 0.07552083333333333 0.48055555555555557 0.08489583333333334 0.48518518518518516 0.08802083333333334 0.49166666666666664 0.09166666666666666 0.5120370370370371 0.09739583333333333 0.524074074074074 0.09635416666666667 0.5305555555555556 0.08489583333333334 0.5203703703703704 0.06979166666666667 0.49722222222222223 0.0671875 0.47685185185185186 0.07135416666666666 0.475
1 0.14375 0.0712962962962963 0.14375 0.05185185185185185 0.14739583333333334 0.053703703703703705 0.1546875 0.06759259259259259 0.15104166666666666 0.075 0.14427083333333332 0.0712962962962963
1 0.3953125 0.6166666666666667 0.39791666666666664 0.6194444444444445 0.4010416666666667 0.6333333333333333 0.4083333333333333 0.6398148148148148 0.40989583333333335 0.6453703703703704 0.4078125 0.6509259259259259 0.4015625 0.6509259259259259 0.3958333333333333 0.6611111111111111 0.39427083333333335 0.6694444444444444 0.39114583333333336 0.6722222222222223 0.390625 0.6444444444444445 0.38697916666666665 0.6361111111111111 0.39114583333333336 0.6194444444444445 0.39479166666666665 0.6166666666666667
1 0.58125 0.10185185185185185 0.5796875 0.08333333333333333 0.5817708333333333 0.06759259259259259 0.5848958333333333 0.06481481481481481 0.5885416666666666 0.07777777777777778 0.5854166666666667 0.09444444444444444 0.5817708333333333 0.10092592592592593
1 0 0.55 0.007291666666666667 0.5564814814814815 0.008333333333333333 0.562037037037037 0.0067708333333333336 0.5675925925925925 0.018229166666666668 0.5879629629629629 0.0078125 0.5990740740740741 0.0067708333333333336 0.5916666666666667 0 0.5851851851851851 0 0.5509259259259259
1 0.17135416666666667 0.053703703703703705 0.1765625 0.06481481481481481 0.18125 0.09537037037037037 0.178125 0.0962962962962963 0.1765625 0.08796296296296297 0.16822916666666668 0.07407407407407407 0.16666666666666666 0.062037037037037036 0.16822916666666668 0.05462962962962963 0.17083333333333334 0.05462962962962963
1 0.39010416666666664 0.49444444444444446 0.39791666666666664 0.5046296296296297 0.39947916666666666 0.5120370370370371 0.39375 0.549074074074074 0.39114583333333336 0.5462962962962963 0.38958333333333334 0.5222222222222223 0.38697916666666665 0.5175925925925926 0.38333333333333336 0.5287037037037037 0.38125 0.5259259259259259 0.38385416666666666 0.5037037037037037 0.38697916666666665 0.49444444444444446 0.38958333333333334 0.49444444444444446
1 0.011979166666666667 0.25277777777777777 0.016666666666666666 0.2611111111111111 0.017708333333333333 0.2722222222222222 0.025 0.2833333333333333 0.019270833333333334 0.2962962962962963 0.00625 0.27870370370370373 0.003125 0.2657407407407407 0.0026041666666666665 0.2574074074074074 0.005208333333333333 0.25 0.009375 0.2490740740740741 0.011458333333333333 0.25277777777777777
1 0.8395833333333333 0.43425925925925923 0.8416666666666667 0.43703703703703706 0.8416666666666667 0.4564814814814815 0.8375 0.4666666666666667 0.8375 0.4824074074074074 0.8348958333333333 0.48518518518518516 0.8322916666666667 0.48055555555555557 0.8307291666666666 0.4703703703703704 0.8270833333333333 0.4703703703703704 0.821875 0.4777777777777778 0.8177083333333334 0.4759259259259259 0.8166666666666667 0.4722222222222222 0.825 0.46296296296296297 0.83125 0.45092592592592595 0.8354166666666667 0.43703703703703706 0.8390625 0.43425925925925923
1 0.3453125 0.44537037037037036 0.3494791666666667 0.44351851851851853 0.35260416666666666 0.44907407407407407 0.35625 0.48055555555555557 0.3546875 0.4935185185185185 0.35208333333333336 0.49722222222222223 0.3484375 0.49444444444444446 0.3458333333333333 0.48055555555555557 0.346875 0.46944444444444444 0.34375 0.4527777777777778 0.3453125 0.4462962962962963
1 0.5609375 0.8027777777777778 0.5640625 0.8064814814814815 0.5640625 0.8148148148148148 0.5604166666666667 0.8379629629629629 0.5541666666666667 0.8425925925925926 0.5458333333333333 0.8416666666666667 0.5432291666666667 0.8398148148148148 0.5432291666666667 0.8361111111111111 0.5505208333333333 0.8055555555555556 0.5526041666666667 0.8027777777777778 0.5604166666666667 0.8027777777777778
1 0.24479166666666666 0.9546296296296296 0.2484375 0.9574074074074074 0.2520833333333333 0.9675925925925926 0.2526041666666667 0.9907407407407407 0.2484375 0.9962962962962963 0.23489583333333333 0.9935185185185185 0.23020833333333332 0.9833333333333333 0.22864583333333333 0.9712962962962963 0.23072916666666668 0.9574074074074074 0.24427083333333333 0.9546296296296296
1 0.3020833333333333 0.9074074074074074 0.31145833333333334 0.9120370370370371 0.3182291666666667 0.9277777777777778 0.3182291666666667 0.9490740740740741 0.3109375 0.9592592592592593 0.3078125 0.9435185185185185 0.29322916666666665 0.9148148148148149 0.296875 0.9074074074074074 0.3015625 0.9074074074074074
1 0.5078125 0.26481481481481484 0.5114583333333333 0.29259259259259257 0.5083333333333333 0.30277777777777776 0.5046875 0.29444444444444445 0.5015625 0.30833333333333335 0.5 0.30648148148148147 0.5 0.2601851851851852 0.5015625 0.25555555555555554 0.5046875 0.2564814814814815 0.5072916666666667 0.26481481481481484
1 0.6083333333333333 0 0.6130208333333333 0 0.6145833333333334 0.011111111111111112 0.6088541666666667 0.03888888888888889 0.6057291666666667 0.03981481481481482 0.6046875 0.016666666666666666 0.6083333333333333 0.000925925925925926
1 0.6958333333333333 0.3074074074074074 0.6984375 0.3101851851851852 0.7015625 0.33425925925925926 0.6947916666666667 0.34629629629629627 0.6911458333333333 0.3648148148148148 0.6864583333333333 0.36666666666666664 0.6854166666666667 0.36203703703703705 0.6901041666666666 0.34444444444444444 0.6890625 0.3333333333333333 0.6911458333333333 0.32592592592592595 0.6911458333333333 0.3148148148148148 0.6953125 0.30833333333333335
1 0.325 0.9046296296296297 0.3328125 0.9138888888888889 0.33697916666666666 0.9314814814814815 0.3380208333333333 0.9444444444444444 0.33177083333333335 0.950925925925926 0.32916666666666666 0.9490740740740741 0.3260416666666667 0.937962962962963 0.31979166666666664 0.9314814814814815 0.31354166666666666 0.9148148148148149 0.3140625 0.9111111111111111 0.32447916666666665 0.9046296296296297
1 0.64375 0.025 0.6442708333333333 0.03981481481481482 0.6416666666666667 0.05092592592592592 0.640625 0.06944444444444445 0.6354166666666666 0.062037037037037036 0.6359375 0.04259259259259259 0.640625 0.025925925925925925 0.6432291666666666 0.025
1 0.019270833333333334 0.5064814814814815 0.030208333333333334 0.5120370370370371 0.036458333333333336 0.5277777777777778 0.04791666666666667 0.5435185185185185 0.04791666666666667 0.5481481481481482 0.04375 0.55 0.04375 0.5555555555555556 0.03958333333333333 0.5555555555555556 0.0359375 0.5462962962962963 0.027083333333333334 0.5388888888888889 0.01875 0.524074074074074 0.011979166666666667 0.5083333333333333 0.014583333333333334 0.5037037037037037 0.01875 0.5064814814814815
1 0.12291666666666666 0.05092592592592592 0.1265625 0.05555555555555555 0.1328125 0.07777777777777778 0.1265625 0.08148148148148149 0.12291666666666666 0.07314814814814814 0.11822916666666666 0.05925925925925926 0.11927083333333334 0.053703703703703705 0.12239583333333333 0.05185185185185185
1 0.7484375 0.12222222222222222 0.7479166666666667 0.14074074074074075 0.7390625 0.16203703703703703 0.7375 0.16203703703703703 0.7375 0.15 0.740625 0.1259259259259259 0.74375 0.12129629629629629 0.7479166666666667 0.12222222222222222
1 0.39010416666666664 0.10462962962962963 0.39479166666666665 0.11944444444444445 0.39375 0.14537037037037037 0.38958333333333334 0.14444444444444443 0.3848958333333333 0.1259259259259259 0.3880208333333333 0.10555555555555556 0.38958333333333334 0.10555555555555556
1 0.8348958333333333 0.19814814814814816 0.8385416666666666 0.19722222222222222 0.8421875 0.20555555555555555 0.8401041666666667 0.2212962962962963 0.83125 0.23703703703703705 0.8302083333333333 0.22037037037037038 0.8348958333333333 0.19907407407407407
1 0.5078125 0.43703703703703706 0.5083333333333333 0.44351851851851853 0.5119791666666667 0.45092592592592595 0.5114583333333333 0.462037037037037 0.5046875 0.4898148148148148 0.5015625 0.49444444444444446 0.5 0.4888888888888889 0.5026041666666666 0.46574074074074073 0.49635416666666665 0.4583333333333333 0.5036458333333333 0.4388888888888889 0.5072916666666667 0.43703703703703706
1 0.17135416666666667 0.03425925925925926 0.17864583333333334 0.05648148148148148 0.18020833333333333 0.06388888888888888 0.17916666666666667 0.06666666666666667 0.16822916666666668 0.053703703703703705 0.16666666666666666 0.03981481481481482 0.16822916666666668 0.03425925925925926 0.17083333333333334 0.03425925925925926
1 0.3703125 0.8740740740740741 0.3765625 0.8777777777777778 0.38177083333333334 0.8870370370370371 0.38229166666666664 0.9287037037037037 0.3802083333333333 0.9324074074074075 0.3770833333333333 0.9305555555555556 0.37447916666666664 0.9074074074074074 0.3729166666666667 0.9046296296296297 0.3697916666666667 0.9111111111111111 0.36354166666666665 0.9092592592592592 0.35833333333333334 0.8935185185185185 0.3625 0.8638888888888889 0.36614583333333334 0.8638888888888889 0.3697916666666667 0.8740740740740741
1 0.04010416666666667 0.12777777777777777 0.04375 0.13148148148148148 0.050520833333333334 0.15092592592592594 0.051041666666666666 0.15462962962962962 0.04739583333333333 0.15925925925925927 0.04375 0.15925925925925927 0.034375 0.1361111111111111 0.034375 0.12962962962962962 0.03958333333333333 0.12777777777777777
1 0.5682291666666667 0.8268518518518518 0.5703125 0.8296296296296296 0.5723958333333333 0.8416666666666667 0.5708333333333333 0.8574074074074074 0.571875 0.8694444444444445 0.5692708333333333 0.8731481481481481 0.5578125 0.8694444444444445 0.5604166666666667 0.8592592592592593 0.5619791666666667 0.8305555555555556 0.5677083333333334 0.8268518518518518
1 0.6296875 0.05462962962962963 0.6328125 0.06666666666666667 0.6265625 0.09444444444444444 0.6234375 0.08981481481481482 0.6239583333333333 0.06666666666666667 0.6265625 0.05555555555555555 0.6291666666666667 0.05462962962962963
1 0.259375 0.9268518518518518 0.2635416666666667 0.937037037037037 0.26927083333333335 0.9407407407407408 0.2708333333333333 0.9546296296296296 0.2765625 0.9666666666666667 0.2760416666666667 0.9731481481481481 0.2734375 0.975 0.2703125 0.9703703703703703 0.26614583333333336 0.9694444444444444 0.2625 0.9601851851851851 0.2578125 0.9666666666666667 0.2515625 0.9574074074074074 0.2515625 0.9342592592592592 0.25885416666666666 0.9268518518518518
1 0.7833333333333333 0.13518518518518519 0.7859375 0.14166666666666666 0.7859375 0.15462962962962962 0.7791666666666667 0.17592592592592593 0.7760416666666666 0.17592592592592593 0.7739583333333333 0.1712962962962963 0.778125 0.14166666666666666 0.7828125 0.13518518518518519
1 0.22447916666666667 0.3175925925925926 0.22916666666666666 0.3175925925925926 0.2375 0.33425925925925926 0.23802083333333332 0.3453703703703704 0.2421875 0.3490740740740741 0.2421875 0.35185185185185186 0.2375 0.35555555555555557 0.23854166666666668 0.36574074074074076 0.2359375 0.3675925925925926 0.22760416666666666 0.3425925925925926 0.22447916666666667 0.31851851851851853
1 0.27395833333333336 0.9314814814814815 0.284375 0.9314814814814815 0.28802083333333334 0.9425925925925925 0.29375 0.9490740740740741 0.2916666666666667 0.9583333333333334 0.2947916666666667 0.9638888888888889 0.29322916666666665 0.9712962962962963 0.2890625 0.9731481481481481 0.2838541666666667 0.9638888888888889 0.2786458333333333 0.9629629629629629 0.2734375 0.9574074074074074 0.271875 0.9518518518518518 0.27395833333333336 0.9324074074074075