0 0.778125 0.7157407407407408 0.8338541666666667 0.7296296296296296 0.8442708333333333 0.7425925925925926 0.8614583333333333 0.7509259259259259 0.8729166666666667 0.7601851851851852 0.8796875 0.7759259259259259 0.8833333333333333 0.7907407407407407 0.8854166666666666 0.8240740740740741 0.878125 0.8407407407407408 0.8572916666666667 0.8490740740740741 0.8484375 0.8462962962962963 0.8421875 0.837037037037037 0.8296875 0.8287037037037037 0.79375 0.8148148148148148 0.7723958333333333 0.8175925925925925 0.7645833333333333 0.8101851851851852 0.7520833333333333 0.7842592592592592 0.7510416666666667 0.7407407407407407 0.7541666666666667 0.7305555555555555 0.7619791666666667 0.7166666666666667 0.7776041666666667 0.7157407407407408
1 0.321875 0.9787037037037037 0.33125 0.9935185185185185 0.33489583333333334 0.9879629629629629 0.3385416666666667 0.9888888888888889 0.33958333333333335 0.9916666666666667 0.33697916666666666 0.9990740740740741 0.30625 0.9990740740740741 0.30572916666666666 0.9944444444444445 0.3098958333333333 0.9796296296296296 0.32135416666666666 0.9787037037037037
1 0.8520833333333333 0.18333333333333332 0.8552083333333333 0.18055555555555555 0.8567708333333334 0.1824074074074074 0.85625 0.20555555555555555 0.8494791666666667 0.22407407407407406 0.8421875 0.2212962962962963 0.846875 0.19537037037037036 0.8520833333333333 0.18425925925925926
1 0.434375 0.6175925925925926 0.4375 0.6324074074074074 0.43802083333333336 0.6657407407407407 0.43645833333333334 0.6685185185185185 0.4317708333333333 0.6601851851851852 0.4265625 0.6305555555555555 0.4276041666666667 0.6231481481481481 0.43020833333333336 0.6185185185185185 0.43385416666666665 0.6175925925925926
1 0.41302083333333334 0.7 0.41770833333333335 0.7092592592592593 0.4192708333333333 0.7231481481481481 0.4161458333333333 0.7268518518518519 0.41510416666666666 0.7453703703703703 0.4114583333333333 0.7546296296296297 0.40729166666666666 0.7546296296296297 0.4083333333333333 0.7277777777777777 0.40260416666666665 0.7212962962962963 0.4010416666666667 0.7148148148148148 0.403125 0.7018518518518518 0.4088541666666667 0.6981481481481482 0.4125 0.7
1 0.21979166666666666 0.1787037037037037 0.225 0.18888888888888888 0.22916666666666666 0.21296296296296297 0.22708333333333333 0.21574074074074073 0.225 0.21574074074074073 0.215625 0.1925925925925926 0.215625 0.1787037037037037 0.21927083333333333 0.1787037037037037
1 0.6424479166666667 0.15416666666666667 0.0078125 0.03796296296296296
1 0.6682291666666667 0.10740740740740741 0.671875 0.10925925925925926 0.6734375 0.11481481481481481 0.6713541666666667 0.13703703703703704 0.6682291666666667 0.14166666666666666 0.6661458333333333 0.13425925925925927 0.6651041666666667 0.11481481481481481 0.6677083333333333 0.10833333333333334
1 0.5421875 0.44074074074074077 0.5479166666666667 0.44907407407407407 0.5484375 0.46296296296296297 0.5432291666666667 0.49074074074074076 0.5401041666666667 0.4981481481481482 0.5401041666666667 0.475 0.5348958333333333 0.4564814814814815 0.5380208333333333 0.4425925925925926 0.5416666666666666 0.44074074074074077
1 0.7260416666666667 0.9527777777777777 0.7338541666666667 0.9675925925925926 0.7338541666666667 0.9796296296296296 0.7307291666666667 0.987037037037037 0.7244791666666667 0.9907407407407407 0.7260416666666667 0.9944444444444445 0.725 0.9990740740740741 0.7213541666666666 0.9990740740740741 0.7098958333333333 0.9879629629629629 0.703125 0.9916666666666667 0.6984375 0.9861111111111112 0.703125 0.9833333333333333 0.7213541666666666 0.9527777777777777 0.7255208333333333 0.9527777777777777
1 0.8208333333333333 0.31574074074074077 0.8229166666666666 0.28703703703703703 0.8276041666666667 0.2740740740740741 0.8322916666666667 0.2759259259259259 0.8338541666666667 0.2861111111111111 0.8244791666666667 0.3175925925925926 0.8213541666666667 0.31574074074074077
1 0.6640625 0.1712962962962963 0.6671875 0.1712962962962963 0.6692708333333334 0.18055555555555555 0.6651041666666667 0.2111111111111111 0.6635416666666667 0.21481481481481482 0.6598958333333333 0.21481481481481482 0.6598958333333333 0.1824074074074074 0.6640625 0.17222222222222222
1 0.1125 0.25555555555555554 0.1265625 0.26481481481481484 0.12708333333333333 0.27685185185185185 0.13177083333333334 0.28425925925925927 0.13020833333333334 0.28888888888888886 0.12291666666666666 0.287962962962963 0.1171875 0.2712962962962963 0.1125 0.2675925925925926 0.1125 0.2564814814814815
1 0.26197916666666665 0.1425925925925926 0.265625 0.14722222222222223 0.2671875 0.17037037037037037 0.271875 0.18518518518518517 0.2682291666666667 0.18703703703703703 0.26510416666666664 0.18333333333333332 0.2640625 0.19074074074074074 0.26197916666666665 0.1935185185185185 0.2609375 0.19166666666666668 0.25729166666666664 0.1675925925925926 0.26145833333333335 0.14351851851851852
1 0.4354166666666667 0.5148148148148148 0.44166666666666665 0.5287037037037037 0.4390625 0.5481481481481482 0.4390625 0.5675925925925925 0.43697916666666664 0.5666666666666667 0.43385416666666665 0.5527777777777778 0.428125 0.5462962962962963 0.4276041666666667 0.5398148148148149 0.4317708333333333 0.5157407407407407 0.4348958333333333 0.5148148148148148
1 0.7171875 0.5361111111111111 0.7171875 0.4981481481481482 0.7192708333333333 0.487962962962963 0.7265625 0.4722222222222222 0.7307291666666667 0.47314814814814815 0.7322916666666667 0.49444444444444446 0.728125 0.5037037037037037 0.7203125 0.5361111111111111 0.7177083333333333 0.5361111111111111
1 0.2947916666666667 0.08611111111111111 0.2994791666666667 0.0962962962962963 0.3015625 0.11481481481481481 0.3 0.12129629629629629 0.296875 0.12129629629629629 0.29635416666666664 0.11203703703703703 0.2916666666666667 0.10092592592592593 0.2921875 0.08703703703703704 0.2942708333333333 0.08611111111111111
1 0.023958333333333335 0.4027777777777778 0.03177083333333333 0.4212962962962963 0.041666666666666664 0.43148148148148147 0.030729166666666665 0.42962962962962964 0.029166666666666667 0.44537037037037036 0.026041666666666668 0.44537037037037036 0.0265625 0.4398148148148148 0.017708333333333333 0.4101851851851852 0.01875 0.4009259259259259 0.0234375 0.4027777777777778
1 0.12708333333333333 0.2212962962962963 0.13072916666666667 0.22777777777777777 0.13229166666666667 0.24444444444444444 0.13802083333333334 0.25462962962962965 0.13489583333333333 0.25925925925925924 0.13125 0.25833333333333336 0.12135416666666667 0.23703703703703705 0.12239583333333333 0.225 0.1265625 0.2212962962962963
1 0.9958333333333333 0.6203703703703703 0.9994791666666667 0.6222222222222222 0.9994791666666667 0.6268518518518519 0.9947916666666666 0.6324074074074074 0.9911458333333333 0.6453703703703704 0.9822916666666667 0.6564814814814814 0.9807291666666667 0.6675925925925926 0.9703125 0.6805555555555556 0.959375 0.6685185185185185 0.9588541666666667 0.6648148148148149 0.9697916666666667 0.649074074074074 0.978125 0.6287037037037037 0.9953125 0.6203703703703703
1 0.39010416666666664 0.712037037037037 0.3984375 0.7212962962962963 0.40208333333333335 0.737037037037037 0.4083333333333333 0.7379629629629629 0.4078125 0.7425925925925926 0.4010416666666667 0.7444444444444445 0.3958333333333333 0.7518518518518519 0.3958333333333333 0.7685185185185185 0.39375 0.775 0.390625 0.7759259259259259 0.39010416666666664 0.7509259259259259 0.3859375 0.7287037037037037 0.38697916666666665 0.7138888888888889 0.38958333333333334 0.7129629629629629
1 0.4635416666666667 0.6175925925925926 0.4703125 0.6296296296296297 0.4744791666666667 0.6675925925925926 0.4666666666666667 0.6648148148148149 0.46197916666666666 0.6712962962962963 0.45989583333333334 0.6712962962962963 0.4609375 0.6592592592592592 0.459375 0.6212962962962963 0.46041666666666664 0.6175925925925926 0.4630208333333333 0.6175925925925926
1 0.27239583333333334 0.937037037037037 0.2859375 0.9425925925925925 0.290625 0.9555555555555556 0.29635416666666664 0.9592592592592593 0.296875 0.9685185185185186 0.2859375 0.975 0.2791666666666667 0.9861111111111112 0.2765625 0.9842592592592593 0.2671875 0.9462962962962963 0.2677083333333333 0.9407407407407408 0.271875 0.937962962962963
1 0.24114583333333334 0.16111111111111112 0.2453125 0.1685185185185185 0.2484375 0.1962962962962963 0.24427083333333333 0.1962962962962963 0.2390625 0.18333333333333332 0.23697916666666666 0.1685185185185185 0.240625 0.16203703703703703
1 0.3692708333333333 0.6842592592592592 0.371875 0.6916666666666667 0.3765625 0.6925925925925925 0.3770833333333333 0.7157407407407408 0.38229166666666664 0.7268518518518519 0.3807291666666667 0.7324074074074074 0.3734375 0.7407407407407407 0.3729166666666667 0.7481481481481481 0.3697916666666667 0.7490740740740741 0.36770833333333336 0.7407407407407407 0.37083333333333335 0.7342592592592593 0.3703125 0.7277777777777777 0.35989583333333336 0.700925925925926 0.3640625 0.6851851851851852 0.36875 0.6842592592592592
1 0.3796875 0.09537037037037037 0.38333333333333336 0.0962962962962963 0.38645833333333335 0.1037037037037037 0.38697916666666665 0.1175925925925926 0.38697916666666665 0.13333333333333333 0.38229166666666664 0.13055555555555556 0.3796875 0.11203703703703703 0.3796875 0.0962962962962963
1 0.16458333333333333 0.23055555555555557 0.171875 0.23333333333333334 0.1796875 0.25 0.17916666666666667 0.2601851851851852 0.17604166666666668 0.2657407407407407 0.1734375 0.2657407407407407 0.16822916666666668 0.25 0.16510416666666666 0.23148148148148148
1 0.175 0.20555555555555555 0.18072916666666666 0.20925925925925926 0.18385416666666668 0.23148148148148148 0.18958333333333333 0.2388888888888889 0.1890625 0.24166666666666667 0.18229166666666666 0.23796296296296296 0.17864583333333334 0.23981481481481481 0.178125 0.22962962962962963 0.1734375 0.21666666666666667 0.175 0.2064814814814815
1 0.3625 0.05092592592592592 0.36614583333333334 0.07777777777777778 0.35885416666666664 0.08055555555555556 0.3578125 0.05648148148148148 0.359375 0.05185185185185185 0.3619791666666667 0.05185185185185185
1 0.23385416666666667 0.17916666666666667 0.009375 0.03611111111111111
1 0.24739583333333334 0.3212962962962963 0.2520833333333333 0.3388888888888889 0.2515625 0.36018518518518516 0.2484375 0.3574074074074074 0.23854166666666668 0.3277777777777778 0.24114583333333334 0.3148148148148148 0.24427083333333333 0.31574074074074077 0.246875 0.3212962962962963
1 0.3765625 0.09722222222222222 0.3802083333333333 0.10740740740740741 0.3807291666666667 0.13333333333333333 0.3765625 0.13333333333333333 0.3729166666666667 0.11203703703703703 0.3729166666666667 0.10555555555555556 0.37604166666666666 0.09814814814814815
1 0.20572916666666666 0.20277777777777778 0.20729166666666668 0.19537037037037036 0.21354166666666666 0.1925925925925926 0.21666666666666667 0.2064814814814815 0.2171875 0.22685185185185186 0.21302083333333333 0.22685185185185186 0.20885416666666667 0.2222222222222222 0.20625 0.2037037037037037
1 0.32760416666666664 0.6953703703703704 0.33177083333333335 0.6953703703703704 0.3385416666666667 0.7064814814814815 0.3421875 0.7296296296296296 0.3385416666666667 0.737037037037037 0.3380208333333333 0.7481481481481481 0.3338541666666667 0.75 0.3265625 0.7166666666666667 0.3260416666666667 0.7 0.32760416666666664 0.6962962962962963
1 0.6184895833333334 0.29953703703703705 0.0109375 0.04722222222222222
1 0.6611979166666667 0.12453703703703704 0.0078125 0.03796296296296296
1 0.3380208333333333 0.0712962962962963 0.34479166666666666 0.08703703703703704 0.3453125 0.10462962962962963 0.3416666666666667 0.10648148148148148 0.33697916666666666 0.09166666666666666 0.3359375 0.075 0.3375 0.07222222222222222
1 0.19791666666666666 0.21388888888888888 0.20052083333333334 0.21944444444444444 0.20104166666666667 0.22870370370370371 0.19583333333333333 0.2351851851851852 0.1921875 0.22870370370370371 0.18958333333333333 0.21203703703703702 0.19322916666666667 0.2064814814814815 0.19739583333333333 0.21388888888888888
1 0.07395833333333333 0.33425925925925926 0.078125 0.3351851851851852 0.08854166666666667 0.3537037037037037 0.0953125 0.3592592592592593 0.09322916666666667 0.36203703703703705 0.08697916666666666 0.36018518518518516 0.08541666666666667 0.3638888888888889 0.0859375 0.37592592592592594 0.08333333333333333 0.37777777777777777 0.08072916666666667 0.3592592592592593 0.07395833333333333 0.34814814814814815 0.07395833333333333 0.3351851851851852
1 0.8395833333333333 0.1574074074074074 0.8411458333333334 0.16944444444444445 0.8359375 0.19166666666666668 0.8286458333333333 0.20092592592592592 0.8260416666666667 0.19907407407407407 0.8307291666666666 0.17962962962962964 0.8307291666666666 0.1712962962962963 0.8390625 0.1574074074074074
1 0.6229166666666667 0.22314814814814815 0.628125 0.22777777777777777 0.6291666666666667 0.2351851851851852 0.6260416666666667 0.25555555555555554 0.6229166666666667 0.26296296296296295 0.6197916666666666 0.26296296296296295 0.6197916666666666 0.2361111111111111 0.6229166666666667 0.22407407407407406
1 0.47760416666666666 0.5583333333333333 0.48385416666666664 0.5666666666666667 0.48541666666666666 0.5879629629629629 0.4828125 0.5962962962962963 0.4765625 0.600925925925926 0.4734375 0.6129629629629629 0.47291666666666665 0.5638888888888889 0.4739583333333333 0.5592592592592592 0.47708333333333336 0.5583333333333333
1 0.5260416666666666 0.5555555555555556 0.5328125 0.5657407407407408 0.534375 0.5787037037037037 0.5291666666666667 0.5925925925925926 0.5255208333333333 0.6148148148148148 0.5223958333333333 0.6148148148148148 0.5234375 0.5898148148148148 0.5182291666666666 0.5675925925925925 0.5223958333333333 0.5564814814814815 0.5255208333333333 0.5555555555555556
1 0.10208333333333333 0.337037037037037 0.10520833333333333 0.3388888888888889 0.10729166666666666 0.34814814814814815 0.10208333333333333 0.35555555555555557 0.09895833333333333 0.35462962962962963 0.1015625 0.33796296296296297
1 0.5958333333333333 0.5907407407407408 0.6020833333333333 0.6037037037037037 0.6020833333333333 0.6296296296296297 0.6010416666666667 0.6361111111111111 0.5984375 0.637962962962963 0.5953125 0.6287037037037037 0.5890625 0.65 0.5869791666666667 0.649074074074074 0.5890625 0.5962962962962963 0.5911458333333334 0.5916666666666667 0.5953125 0.5907407407407408
1 0.4708333333333333 0.4759259259259259 0.47552083333333334 0.4759259259259259 0.4828125 0.49444444444444446 0.47708333333333336 0.5268518518518519 0.4739583333333333 0.5296296296296297 0.4708333333333333 0.5083333333333333 0.465625 0.5046296296296297 0.4708333333333333 0.47685185185185186
1 0.321875 0.08888888888888889 0.32447916666666665 0.09074074074074075 0.3265625 0.09814814814814815 0.32916666666666666 0.11944444444444445 0.32395833333333335 0.1175925925925926 0.3177083333333333 0.12685185185185185 0.3182291666666667 0.09722222222222222 0.31927083333333334 0.09074074074074075 0.32135416666666666 0.08888888888888889
1 0.5255208333333333 0.6759259259259259 0.5286458333333334 0.6787037037037037 0.5296875 0.687037037037037 0.5328125 0.6916666666666667 0.5276041666666667 0.737037037037037 0.5234375 0.737037037037037 0.5234375 0.7194444444444444 0.5197916666666667 0.7129629629629629 0.5182291666666666 0.7037037037037037 0.51875 0.6925925925925925 0.5223958333333333 0.6777777777777778 0.525 0.6768518518518518
1 0.5708333333333333 0.5657407407407408 0.5744791666666667 0.587037037037037 0.5744791666666667 0.6018518518518519 0.5671875 0.6203703703703703 0.565625 0.6194444444444445 0.5640625 0.5768518518518518 0.5671875 0.5675925925925925 0.5703125 0.5657407407407408
1 0.6265625 0.20277777777777778 0.6296875 0.20277777777777778 0.6322916666666667 0.22037037037037038 0.6296875 0.2351851851851852 0.6265625 0.23425925925925925 0.6229166666666667 0.22314814814814815 0.6229166666666667 0.21666666666666667 0.6265625 0.2037037037037037
1 0.3859375 0.03611111111111111 0.3890625 0.044444444444444446 0.3890625 0.06388888888888888 0.38385416666666666 0.07037037037037037 0.38177083333333334 0.04351851851851852 0.38333333333333336 0.037037037037037035 0.3854166666666667 0.03611111111111111
1 0.28177083333333336 0.1412037037037037 0.009375 0.03425925925925926
1 0.3458333333333333 0.6944444444444444 0.3489583333333333 0.6953703703703704 0.35260416666666666 0.7046296296296296 0.3572916666666667 0.7092592592592593 0.35989583333333336 0.7212962962962963 0.35885416666666664 0.7296296296296296 0.3489583333333333 0.7574074074074074 0.3463541666666667 0.7564814814814815 0.3489583333333333 0.7435185185185185 0.3484375 0.737037037037037 0.34322916666666664 0.7314814814814815 0.340625 0.7175925925925926 0.3411458333333333 0.6981481481481482 0.3453125 0.6944444444444444