0 0.07760416666666667 0.12222222222222222 0.08229166666666667 0.1259259259259259 0.0890625 0.1398148148148148 0.08854166666666667 0.15925925925925927 0.08645833333333333 0.1648148148148148 0.06979166666666667 0.17592592592592593 0.046875 0.2074074074074074 0.0375 0.21203703703703702 0.021354166666666667 0.2111111111111111 0.016666666666666666 0.21944444444444444 0 0.20925925925925926 0 0.16666666666666666 0.0171875 0.14444444444444443 0.03177083333333333 0.13240740740740742 0.046875 0.12962962962962962 0.059895833333333336 0.12129629629629629 0.07708333333333334 0.12222222222222222
0 0.665625 0.20277777777777778 0.6786458333333333 0.22037037037037038 0.6885416666666667 0.22685185185185186 0.690625 0.2324074074074074 0.6895833333333333 0.2574074074074074 0.684375 0.2712962962962963 0.68125 0.28888888888888886 0.6786458333333333 0.29259259259259257 0.6432291666666666 0.25092592592592594 0.64375 0.23425925925925925 0.6505208333333333 0.21388888888888888 0.6546875 0.20833333333333334 0.6651041666666667 0.20277777777777778
0 0.5734375 0.2972222222222222 0.5802083333333333 0.30462962962962964 0.5953125 0.3425925925925926 0.5953125 0.36666666666666664 0.590625 0.38333333333333336 0.5911458333333334 0.3907407407407407 0.5880208333333333 0.39814814814814814 0.584375 0.3972222222222222 0.5796875 0.3888888888888889 0.56875 0.38055555555555554 0.5645833333333333 0.37037037037037035 0.55 0.3490740740740741 0.5473958333333333 0.3388888888888889 0.5484375 0.32592592592592595 0.5567708333333333 0.29907407407407405 0.5666666666666667 0.29444444444444445 0.5729166666666666 0.2972222222222222
0 0.9390625 0.7324074074074074 0.953125 0.7388888888888889 0.99375 0.7731481481481481 0.9947916666666666 0.8148148148148148 0.9911458333333333 0.8305555555555556 0.984375 0.8351851851851851 0.9692708333333333 0.837037037037037 0.9536458333333333 0.8342592592592593 0.9390625 0.8185185185185185 0.9296875 0.8138888888888889 0.9145833333333333 0.8138888888888889 0.9041666666666667 0.8027777777777778 0.9036458333333334 0.7842592592592592 0.9098958333333333 0.7583333333333333 0.9114583333333334 0.7435185185185185 0.9286458333333333 0.7333333333333333 0.9385416666666667 0.7324074074074074
0 0.696875 0.2796296296296296 0.7067708333333333 0.2861111111111111 0.7140625 0.2953703703703704 0.7239583333333334 0.3138888888888889 0.7265625 0.32407407407407407 0.7239583333333334 0.35185185185185186 0.7177083333333333 0.36574074074074076 0.709375 0.3685185185185185 0.7036458333333333 0.36666666666666664 0.6921875 0.35555555555555557 0.6854166666666667 0.3416666666666667 0.6848958333333334 0.3175925925925926 0.68125 0.2972222222222222 0.6869791666666667 0.2851851851851852 0.6963541666666667 0.2796296296296296
0 0.07604166666666666 0.23796296296296296 0.08333333333333333 0.24074074074074073 0.09583333333333334 0.25462962962962965 0.09739583333333333 0.2657407407407407 0.0953125 0.2796296296296296 0.08802083333333334 0.2898148148148148 0.07864583333333333 0.2916666666666667 0.0578125 0.31574074074074077 0.052083333333333336 0.325 0.051041666666666666 0.3333333333333333 0.04375 0.3425925925925926 0.027604166666666666 0.3416666666666667 0.015625 0.3333333333333333 0.008333333333333333 0.32314814814814813 0.003125 0.3101851851851852 0.0036458333333333334 0.30092592592592593 0.015104166666666667 0.275 0.028645833333333332 0.2574074074074074 0.042708333333333334 0.24722222222222223 0.050520833333333334 0.2490740740740741 0.0640625 0.24074074074074073 0.07552083333333333 0.23796296296296296
0 0.1546875 0.32592592592592595 0.17395833333333333 0.33796296296296297 0.17864583333333334 0.3453703703703704 0.18177083333333333 0.36203703703703705 0.16145833333333334 0.40185185185185185 0.14739583333333334 0.4222222222222222 0.13802083333333334 0.4185185185185185 0.1265625 0.4074074074074074 0.11979166666666667 0.375 0.121875 0.36203703703703705 0.12916666666666668 0.3472222222222222 0.14635416666666667 0.32407407407407407 0.15416666666666667 0.32592592592592595
0 0.36666666666666664 0.4638888888888889 0.4192708333333333 0.4935185185185185 0.5244791666666667 0.562962962962963 0.5265625 0.5703703703703704 0.525 0.5916666666666667 0.5260416666666666 0.5981481481481481 0.5229166666666667 0.612037037037037 0.5239583333333333 0.6157407407407407 0.5223958333333333 0.6259259259259259 0.5140625 0.6518518518518519 0.5135416666666667 0.6777777777777778 0.5057291666666667 0.6935185185185185 0.5020833333333333 0.7083333333333334 0.4979166666666667 0.7138888888888889 0.4583333333333333 0.687037037037037 0.44583333333333336 0.6833333333333333 0.44479166666666664 0.6888888888888889 0.44166666666666665 0.6907407407407408 0.43125 0.6888888888888889 0.4166666666666667 0.6712962962962963 0.35989583333333336 0.6333333333333333 0.3416666666666667 0.6166666666666667 0.3307291666666667 0.6129629629629629 0.31614583333333335 0.5962962962962963 0.3104166666666667 0.5944444444444444 0.3 0.5842592592592593 0.29635416666666664 0.5592592592592592 0.29635416666666664 0.5435185185185185 0.30625 0.5111111111111111 0.3203125 0.47962962962962963 0.33125 0.4666666666666667 0.3385416666666667 0.4666666666666667 0.3484375 0.47685185185185186 0.35208333333333336 0.47685185185185186 0.3609375 0.46296296296296297 0.36614583333333334 0.4638888888888889
0 0.5291666666666667 0.5435185185185185 0.5359375 0.5527777777777778 0.5395833333333333 0.5796296296296296 0.5479166666666667 0.5907407407407408 0.546875 0.6027777777777777 0.5395833333333333 0.6064814814814815 0.5276041666666667 0.6027777777777777 0.5270833333333333 0.5694444444444444 0.5234375 0.5601851851851852 0.5140625 0.5537037037037037 0.5151041666666667 0.549074074074074 0.5286458333333334 0.5435185185185185
0 0.8125 0.5462962962962963 0.821875 0.549074074074074 0.8645833333333334 0.5740740740740741 0.8734375 0.5814814814814815 0.8854166666666666 0.6 0.8932291666666666 0.6055555555555555 0.9015625 0.6175925925925926 0.9072916666666667 0.6407407407407407 0.9078125 0.6555555555555556 0.90625 0.6638888888888889 0.8979166666666667 0.6805555555555556 0.8859375 0.6861111111111111 0.8765625 0.6861111111111111 0.85625 0.662962962962963 0.8177083333333334 0.637962962962963 0.8098958333333334 0.625 0.7864583333333334 0.600925925925926 0.7864583333333334 0.5833333333333334 0.7911458333333333 0.5611111111111111 0.8020833333333334 0.5462962962962963 0.8119791666666667 0.5462962962962963
0 0.540625 0 0.5614583333333333 0 0.5651041666666666 0.03148148148148148 0.5645833333333333 0.06296296296296296 0.5619791666666667 0.0712962962962963 0.5510416666666667 0.07314814814814814 0.5390625 0.07037037037037037 0.5375 0.028703703703703703 0.540625 0.000925925925925926
0 0.7697916666666667 0.5888888888888889 0.8078125 0.625 0.8140625 0.6370370370370371 0.8078125 0.6888888888888889 0.8036458333333333 0.6944444444444444 0.7942708333333334 0.6888888888888889 0.7848958333333333 0.6888888888888889 0.7557291666666667 0.6648148148148149 0.7447916666666666 0.6601851851851852 0.7380208333333333 0.6462962962962963 0.7375 0.6351851851851852 0.7479166666666667 0.6074074074074074 0.7625 0.5879629629629629 0.7692708333333333 0.5888888888888889
0 0.9713541666666666 0.6574074074074074 0.9802083333333333 0.6657407407407407 0.99375 0.6601851851851852 0.9994791666666667 0.6648148148148149 0.9994791666666667 0.6777777777777778 0.9963541666666667 0.6824074074074075 0.996875 0.6888888888888889 0.9994791666666667 0.6907407407407408 0.9994791666666667 0.725925925925926 0.9807291666666667 0.7138888888888889 0.9901041666666667 0.6972222222222222 0.990625 0.687962962962963 0.9880208333333333 0.6833333333333333 0.9854166666666667 0.6851851851851852 0.9817708333333334 0.7018518518518518 0.9776041666666667 0.7074074074074074 0.9692708333333333 0.7 0.9588541666666667 0.6833333333333333 0.9567708333333333 0.675 0.9578125 0.6694444444444444 0.9640625 0.6601851851851852 0.9708333333333333 0.6574074074074074
0 0.9609375 0.5305555555555556 0.978125 0.5361111111111111 0.9994791666666667 0.5481481481481482 0.9994791666666667 0.6101851851851852 0.9885416666666667 0.6166666666666667 0.9598958333333333 0.6027777777777777 0.9453125 0.6046296296296296 0.940625 0.5981481481481481 0.9364583333333333 0.5777777777777777 0.9385416666666667 0.5537037037037037 0.9520833333333333 0.5324074074074074 0.9604166666666667 0.5305555555555556
0 0.6026041666666667 0.8425925925925926 0.6057291666666667 0.8462962962962963 0.609375 0.8592592592592593 0.609375 0.8675925925925926 0.6046875 0.8824074074074074 0.6098958333333333 0.9148148148148149 0.6057291666666667 0.9342592592592592 0.6015625 0.9388888888888889 0.5953125 0.9388888888888889 0.5911458333333334 0.9351851851851852 0.5859375 0.9074074074074074 0.5916666666666667 0.8537037037037037 0.5947916666666667 0.8462962962962963 0.6020833333333333 0.8425925925925926
0 0.628125 0.8398148148148148 0.6338541666666667 0.8518518518518519 0.6375 0.8805555555555555 0.640625 0.8898148148148148 0.6380208333333334 0.8962962962962963 0.6354166666666666 0.9277777777777778 0.6359375 0.9425925925925925 0.634375 0.9472222222222222 0.6307291666666667 0.9490740740740741 0.6265625 0.9490740740740741 0.6223958333333334 0.9425925925925925 0.6161458333333333 0.8898148148148148 0.6125 0.8805555555555555 0.6125 0.8712962962962963 0.6182291666666667 0.8435185185185186 0.6229166666666667 0.8379629629629629 0.6276041666666666 0.8398148148148148
0 0.203125 0.7555555555555555 0.21875 0.7666666666666667 0.22760416666666666 0.7861111111111111 0.23489583333333333 0.7898148148148149 0.23697916666666666 0.7953703703703704 0.23645833333333333 0.8009259259259259 0.22864583333333333 0.8138888888888889 0.2140625 0.8277777777777777 0.16875 0.8601851851851852 0.15052083333333333 0.8555555555555555 0.13958333333333334 0.8379629629629629 0.13854166666666667 0.8231481481481482 0.1421875 0.7824074074074074 0.146875 0.7768518518518519 0.16770833333333332 0.7657407407407407 0.20260416666666667 0.7555555555555555
0 0.37447916666666664 0.16574074074074074 0.3854166666666667 0.17222222222222222 0.39895833333333336 0.18796296296296297 0.4036458333333333 0.21296296296296297 0.4041666666666667 0.24074074074074073 0.4010416666666667 0.24351851851851852 0.3963541666666667 0.23796296296296296 0.38385416666666666 0.2361111111111111 0.3729166666666667 0.22592592592592592 0.3651041666666667 0.22870370370370371 0.36041666666666666 0.22314814814814815 0.35833333333333334 0.20925925925925926 0.359375 0.1814814814814815 0.36822916666666666 0.1675925925925926 0.37395833333333334 0.16574074074074074
0 0.5239583333333333 0.05277777777777778 0.5302083333333333 0.05740740740740741 0.5348958333333333 0.08055555555555556 0.5338541666666666 0.10833333333333334 0.5286458333333334 0.125 0.5255208333333333 0.125 0.5125 0.10555555555555556 0.5088541666666667 0.09537037037037037 0.5119791666666667 0.05555555555555555 0.5145833333333333 0.05277777777777778 0.5234375 0.05277777777777778
0 0.24166666666666667 0.26851851851851855 0.26458333333333334 0.2777777777777778 0.2864583333333333 0.2935185185185185 0.3 0.3416666666666667 0.30364583333333334 0.37037037037037035 0.296875 0.3925925925925926 0.2833333333333333 0.4166666666666667 0.2828125 0.425 0.26927083333333335 0.44907407407407407 0.26666666666666666 0.4638888888888889 0.2630208333333333 0.4722222222222222 0.2526041666666667 0.4824074074074074 0.23125 0.5287037037037037 0.22239583333333332 0.5435185185185185 0.2046875 0.5805555555555556 0.20208333333333334 0.5907407407407408 0.1796875 0.6324074074074074 0.17239583333333333 0.6574074074074074 0.165625 0.6712962962962963 0.15260416666666668 0.6907407407407408 0.12760416666666666 0.7425925925925926 0.11614583333333334 0.7546296296296297 0.0953125 0.7444444444444445 0.06822916666666666 0.7166666666666667 0.0671875 0.6944444444444444 0.027604166666666666 0.6574074074074074 0.01875 0.6444444444444445 0.01875 0.6388888888888888 0.025 0.6231481481481481 0.07552083333333333 0.5453703703703704 0.10729166666666666 0.487962962962963 0.115625 0.4777777777777778 0.14583333333333334 0.42592592592592593 0.15989583333333332 0.4185185185185185 0.1578125 0.4148148148148148 0.159375 0.4064814814814815 0.16927083333333334 0.39166666666666666 0.17760416666666667 0.3731481481481482 0.23125 0.28888888888888886 0.23697916666666666 0.27314814814814814 0.24114583333333334 0.26851851851851855
0 0.8015625 0.8009259259259259 0.80625 0.8037037037037037 0.8177083333333334 0.8018518518518518 0.8307291666666666 0.8083333333333333 0.8380208333333333 0.8268518518518518 0.8380208333333333 0.8351851851851851 0.8458333333333333 0.8481481481481481 0.8453125 0.8527777777777777 0.8369791666666667 0.8583333333333333 0.83125 0.8583333333333333 0.80625 0.8453703703703703 0.7979166666666667 0.8324074074074074 0.7864583333333334 0.8277777777777777 0.7802083333333333 0.8212962962962963 0.778125 0.8138888888888889 0.7822916666666667 0.8064814814814815 0.8010416666666667 0.8009259259259259
0 0.5473958333333333 0.14444444444444443 0.5552083333333333 0.15092592592592594 0.5630208333333333 0.17777777777777778 0.5682291666666667 0.2074074074074074 0.56875 0.23055555555555557 0.5651041666666666 0.24166666666666667 0.5598958333333334 0.24444444444444444 0.5401041666666667 0.24259259259259258 0.5375 0.23703703703703705 0.5286458333333334 0.18888888888888888 0.528125 0.1537037037037037 0.5338541666666666 0.14722222222222223 0.546875 0.14444444444444443
0 0.3255208333333333 0.7083333333333334 0.3385416666666667 0.7148148148148148 0.34322916666666664 0.7240740740740741 0.3489583333333333 0.7287037037037037 0.3494791666666667 0.7351851851851852 0.3453125 0.7425925925925926 0.33125 0.7453703703703703 0.3171875 0.7546296296296297 0.3067708333333333 0.7546296296296297 0.2947916666666667 0.7444444444444445 0.290625 0.7314814814814815 0.2911458333333333 0.7129629629629629 0.29375 0.7092592592592593 0.30364583333333334 0.712037037037037 0.30833333333333335 0.7074074074074074 0.325 0.7083333333333334
0 0.6802083333333333 0.37962962962962965 0.6994791666666667 0.4009259259259259 0.7166666666666667 0.42685185185185187 0.7260416666666667 0.4351851851851852 0.7328125 0.46111111111111114 0.7411458333333333 0.4703703703703704 0.7479166666666667 0.4842592592592593 0.7489583333333333 0.4981481481481482 0.7453125 0.5166666666666667 0.734375 0.5333333333333333 0.7276041666666667 0.5370370370370371 0.715625 0.5333333333333333 0.7135416666666666 0.5287037037037037 0.7140625 0.5203703703703704 0.7119791666666667 0.5120370370370371 0.684375 0.47129629629629627 0.6765625 0.46574074074074073 0.6609375 0.4638888888888889 0.6546875 0.45185185185185184 0.6505208333333333 0.42407407407407405 0.6536458333333334 0.4046296296296296 0.6708333333333333 0.38333333333333336 0.6796875 0.37962962962962965
0 0.6588541666666666 0.05092592592592592 0.665625 0.06388888888888888 0.6671875 0.07314814814814814 0.6640625 0.08981481481481482 0.6411458333333333 0.07777777777777778 0.6385416666666667 0.06481481481481481 0.6395833333333333 0.05740740740740741 0.64375 0.05277777777777778 0.6536458333333334 0.049074074074074076 0.6583333333333333 0.05092592592592592
0 0.022395833333333334 0.023148148148148147 0.033854166666666664 0.013888888888888888 0.04791666666666667 0.007407407407407408 0.051041666666666666 0.012962962962962963 0.05520833333333333 0.032407407407407406 0.0546875 0.037037037037037035 0.0515625 0.040740740740740744 0.027604166666666666 0.05 0.025 0.04814814814814815 0.01875 0.032407407407407406 0.022395833333333334 0.024074074074074074
0 0.6786458333333333 0.4685185185185185 0.6927083333333334 0.4842592592592593 0.7109375 0.5138888888888888 0.7119791666666667 0.5361111111111111 0.7067708333333333 0.5527777777777778 0.7072916666666667 0.5675925925925925 0.703125 0.5731481481481482 0.6994791666666667 0.5731481481481482 0.6932291666666667 0.5648148148148148 0.6786458333333333 0.5564814814814815 0.6630208333333333 0.5370370370370371 0.6541666666666667 0.5361111111111111 0.65 0.5277777777777778 0.6494791666666667 0.5111111111111111 0.6536458333333334 0.49537037037037035 0.6682291666666667 0.4703703703703704 0.671875 0.4675925925925926 0.678125 0.4685185185185185
0 0.6192708333333333 0.29444444444444445 0.6265625 0.29907407407407405 0.6302083333333334 0.3351851851851852 0.6296875 0.34444444444444444 0.6229166666666667 0.36203703703703705 0.6197916666666666 0.36203703703703705 0.615625 0.3509259259259259 0.609375 0.34444444444444444 0.6072916666666667 0.32222222222222224 0.6078125 0.3138888888888889 0.6125 0.3 0.6140625 0.2962962962962963 0.61875 0.29444444444444445
0 0.46197916666666666 0 0.4859375 0 0.4875 0.012037037037037037 0.4869791666666667 0.044444444444444446 0.4817708333333333 0.05925925925925926 0.48125 0.08148148148148149 0.47708333333333336 0.08611111111111111 0.4583333333333333 0.08518518518518518 0.45260416666666664 0.0787037037037037 0.45208333333333334 0.05648148148148148 0.45416666666666666 0.04259259259259259 0.45208333333333334 0.03518518518518519 0.4578125 0.025 0.46197916666666666 0.000925925925925926
0 0.953125 0.47129629629629627 0.9791666666666666 0.5037037037037037 0.9994791666666667 0.524074074074074 0.9994791666666667 0.5472222222222223 0.9651041666666667 0.5305555555555556 0.9458333333333333 0.5314814814814814 0.9427083333333334 0.5277777777777778 0.9375 0.5055555555555555 0.9380208333333333 0.48518518518518516 0.940625 0.47685185185185186 0.9458333333333333 0.46944444444444444 0.9526041666666667 0.47129629629629627
0 0.6536458333333334 0.7027777777777777 0.7015625 0.7231481481481481 0.728125 0.7407407407407407 0.7520833333333333 0.7611111111111111 0.7546875 0.7722222222222223 0.7552083333333334 0.7925925925925926 0.7526041666666666 0.8148148148148148 0.7479166666666667 0.8314814814814815 0.725 0.8416666666666667 0.7177083333333333 0.8416666666666667 0.7078125 0.8277777777777777 0.6578125 0.7981481481481482 0.6473958333333333 0.799074074074074 0.6322916666666667 0.7814814814814814 0.6286458333333333 0.7722222222222223 0.6276041666666666 0.7592592592592593 0.6333333333333333 0.7222222222222222 0.640625 0.7055555555555556 0.646875 0.7018518518518518 0.653125 0.7027777777777777
0 0.7130208333333333 0.8731481481481481 0.7177083333333333 0.8768518518518519 0.7203125 0.8833333333333333 0.7197916666666667 0.9083333333333333 0.7161458333333334 0.9277777777777778 0.7239583333333334 0.9305555555555556 0.7270833333333333 0.937037037037037 0.7197916666666667 0.9564814814814815 0.7026041666666667 0.9712962962962963 0.696875 0.9703703703703703 0.6947916666666667 0.9657407407407408 0.6953125 0.8972222222222223 0.7046875 0.8722222222222222 0.7125 0.8731481481481481
0 0.5359375 0.3277777777777778 0.5442708333333334 0.337037037037037 0.55625 0.3638888888888889 0.5578125 0.3888888888888889 0.5536458333333333 0.40925925925925927 0.5536458333333333 0.4222222222222222 0.5505208333333333 0.42777777777777776 0.5416666666666666 0.41574074074074074 0.5317708333333333 0.4074074074074074 0.5229166666666667 0.39351851851851855 0.5151041666666667 0.38796296296296295 0.5098958333333333 0.375 0.509375 0.3574074074074074 0.5145833333333333 0.3351851851851852 0.5270833333333333 0.32685185185185184 0.5354166666666667 0.3277777777777778
0 0.5052083333333334 0.8092592592592592 0.509375 0.8185185185185185 0.5145833333333333 0.8444444444444444 0.5213541666666667 0.8453703703703703 0.5234375 0.8574074074074074 0.5208333333333334 0.9 0.5171875 0.9083333333333333 0.5130208333333334 0.9111111111111111 0.5083333333333333 0.9074074074074074 0.5067708333333333 0.8935185185185185 0.5015625 0.8824074074074074 0.49270833333333336 0.8398148148148148 0.4921875 0.8222222222222222 0.4942708333333333 0.812962962962963 0.4973958333333333 0.8092592592592592 0.5046875 0.8092592592592592
0 0.6833333333333333 0 0.721875 0.001851851851851852 0.7208333333333333 0.019444444444444445 0.715625 0.02962962962962963 0.7020833333333333 0.03148148148148148 0.6921875 0.025925925925925925 0.6833333333333333 0.000925925925925926
0 0.6072916666666667 0.5046296296296297 0.6541666666666667 0.5472222222222223 0.6666666666666666 0.5722222222222222 0.6822916666666666 0.5916666666666667 0.6854166666666667 0.612037037037037 0.6786458333333333 0.6388888888888888 0.66875 0.6537037037037037 0.6614583333333334 0.6574074074074074 0.6453125 0.6537037037037037 0.634375 0.6333333333333333 0.6203125 0.6157407407407407 0.6020833333333333 0.5972222222222222 0.5848958333333333 0.5916666666666667 0.5796875 0.5814814814814815 0.575 0.5555555555555556 0.5770833333333333 0.5398148148148149 0.5838541666666667 0.5194444444444445 0.5953125 0.5055555555555555 0.6067708333333334 0.5046296296296297
0 0.5942708333333333 0.06111111111111111 0.60625 0.07962962962962963 0.6072916666666667 0.08611111111111111 0.6166666666666667 0.10185185185185185 0.6213541666666667 0.15648148148148147 0.6244791666666667 0.1685185185185185 0.6229166666666667 0.20092592592592592 0.6161458333333333 0.2101851851851852 0.6057291666666667 0.21296296296296297 0.5984375 0.21296296296296297 0.5932291666666667 0.20555555555555555 0.5932291666666667 0.19166666666666668 0.5802083333333333 0.16666666666666666 0.5708333333333333 0.12962962962962962 0.5739583333333333 0.07314814814814814 0.5838541666666667 0.06296296296296296 0.59375 0.06111111111111111
0 0.7776041666666667 0.17222222222222222 0.7822916666666667 0.175 0.7864583333333334 0.18518518518518517 0.7911458333333333 0.22314814814814815 0.7885416666666667 0.23055555555555557 0.7911458333333333 0.23981481481481481 0.7916666666666666 0.25833333333333336 0.7890625 0.26481481481481484 0.7911458333333333 0.2796296296296296 0.7833333333333333 0.29074074074074074 0.7703125 0.28888888888888886 0.7572916666666667 0.2814814814814815 0.7541666666666667 0.2740740740740741 0.7546875 0.2574074074074074 0.7515625 0.23703703703703705 0.7520833333333333 0.2324074074074074 0.7552083333333334 0.2324074074074074 0.7713541666666667 0.25277777777777777 0.7755208333333333 0.2564814814814815 0.7786458333333334 0.25462962962962965 0.7770833333333333 0.2490740740740741 0.7713541666666667 0.24444444444444444 0.7541666666666667 0.22037037037037038 0.7515625 0.20925925925925926 0.7520833333333333 0.19444444444444445 0.7583333333333333 0.175 0.7635416666666667 0.1712962962962963 0.7770833333333333 0.17222222222222222
0 0.6619791666666667 0.27314814814814814 0.6744791666666666 0.287962962962963 0.6802083333333333 0.29907407407407405 0.684375 0.3138888888888889 0.6854166666666667 0.3333333333333333 0.6833333333333333 0.3425925925925926 0.6770833333333334 0.35555555555555557 0.6786458333333333 0.36666666666666664 0.675 0.36944444444444446 0.6692708333333334 0.3611111111111111 0.6546875 0.35 0.64375 0.3333333333333333 0.6369791666666667 0.33055555555555555 0.6348958333333333 0.3194444444444444 0.6369791666666667 0.30277777777777776 0.646875 0.2796296296296296 0.6541666666666667 0.2740740740740741 0.6614583333333334 0.27314814814814814
0 0.7140625 0.03518518518518519 0.7229166666666667 0.03888888888888889 0.7286458333333333 0.04537037037037037 0.7286458333333333 0.06851851851851852 0.7239583333333334 0.08888888888888889 0.71875 0.1 0.7083333333333334 0.11296296296296296 0.7015625 0.1287037037037037 0.6979166666666666 0.13240740740740742 0.6854166666666667 0.13055555555555556 0.675 0.12314814814814815 0.6713541666666667 0.11666666666666667 0.6723958333333333 0.1037037037037037 0.675 0.09351851851851851 0.6953125 0.05462962962962963 0.7078125 0.03796296296296296 0.7135416666666666 0.03518518518518519
0 0.4119791666666667 0.8222222222222222 0.41302083333333334 0.8324074074074074 0.4109375 0.8481481481481481 0.39375 0.8824074074074074 0.38958333333333334 0.9 0.3770833333333333 0.9212962962962963 0.375 0.9194444444444444 0.3734375 0.9111111111111111 0.3765625 0.8777777777777778 0.3880208333333333 0.8555555555555555 0.39791666666666664 0.8277777777777777 0.40729166666666666 0.8212962962962963 0.4114583333333333 0.8222222222222222
0 0.7723958333333333 0.38333333333333336 0.8140625 0.42592592592592593 0.8307291666666666 0.4564814814814815 0.8442708333333333 0.475 0.85 0.487962962962963 0.8489583333333334 0.5101851851851852 0.8458333333333333 0.5212962962962963 0.840625 0.5305555555555556 0.83125 0.5388888888888889 0.8140625 0.5416666666666666 0.8072916666666666 0.5370370370370371 0.7973958333333333 0.5120370370370371 0.7885416666666667 0.5055555555555555 0.7661458333333333 0.4787037037037037 0.7619791666666667 0.475 0.7515625 0.4740740740740741 0.74375 0.4638888888888889 0.7432291666666667 0.44907407407407407 0.7369791666666666 0.43425925925925923 0.7364583333333333 0.4212962962962963 0.7515625 0.3907407407407407 0.7619791666666667 0.3814814814814815 0.771875 0.38333333333333336
1 0.4270833333333333 0.4351851851851852 0.43072916666666666 0.43425925925925923 0.43854166666666666 0.45092592592592595 0.4354166666666667 0.5 0.4317708333333333 0.49907407407407406 0.425 0.45 0.4270833333333333 0.4361111111111111
1 0.11927083333333334 0.3453703703703704 0.12760416666666666 0.3537037037037037 0.12291666666666666 0.3685185185185185 0.11979166666666667 0.3675925925925926 0.11302083333333333 0.35 0.11510416666666666 0.3453703703703704 0.11875 0.3453703703703704
1 0.63125 0.021296296296296296 0.6333333333333333 0.028703703703703703 0.6328125 0.05277777777777778 0.6302083333333334 0.06388888888888888 0.6260416666666667 0.05740740740740741 0.6244791666666667 0.03611111111111111 0.6265625 0.025 0.6307291666666667 0.021296296296296296
1 0.9239583333333333 0.45925925925925926 0.9255208333333333 0.4666666666666667 0.9229166666666667 0.48333333333333334 0.9067708333333333 0.5120370370370371 0.9026041666666667 0.5111111111111111 0.903125 0.5 0.9015625 0.49722222222222223 0.8927083333333333 0.49907407407407406 0.8885416666666667 0.49444444444444446 0.8890625 0.49166666666666664 0.8994791666666667 0.4861111111111111 0.9197916666666667 0.4601851851851852 0.9234375 0.45925925925925926
1 0.3890625 0.45740740740740743 0.3953125 0.46944444444444444 0.3963541666666667 0.4777777777777778 0.39479166666666665 0.47962962962962963 0.38333333333333336 0.47314814814814815 0.38385416666666666 0.4583333333333333 0.3885416666666667 0.45740740740740743
1 0 0.4351851851851852 0.00625 0.4388888888888889 0.0109375 0.4546296296296296 0.023958333333333335 0.4703703703703704 0.0265625 0.47685185185185186 0.0234375 0.48148148148148145 0.015625 0.4824074074074074 0 0.4675925925925926 0 0.4361111111111111
1 0.3489583333333333 0.4601851851851852 0.3541666666666667 0.4722222222222222 0.3494791666666667 0.48148148148148145 0.34270833333333334 0.4675925925925926 0.34479166666666666 0.4601851851851852 0.3484375 0.4601851851851852
1 0.13802083333333334 0 0.14427083333333332 0 0.15104166666666666 0.011111111111111112 0.14635416666666667 0.012962962962962963 0.14322916666666666 0.018518518518518517 0.13802083333333334 0.000925925925925926
1 0.4505208333333333 0.3824074074074074 0.4583333333333333 0.39537037037037037 0.4578125 0.41203703703703703 0.45260416666666664 0.4351851851851852 0.44947916666666665 0.4351851851851852 0.4505208333333333 0.42407407407407405 0.44583333333333336 0.41574074074074074 0.44479166666666664 0.40555555555555556 0.446875 0.3861111111111111 0.45 0.3824074074074074
1 0.5458333333333333 0.14351851851851852 0.546875 0.12407407407407407 0.5494791666666666 0.12222222222222222 0.5541666666666667 0.13055555555555556 0.5552083333333333 0.14444444444444443 0.5536458333333333 0.14907407407407408 0.5463541666666667 0.14351851851851852
1 0.19270833333333334 0.9148148148148149 0.19583333333333333 0.924074074074074 0.19947916666666668 0.9212962962962963 0.209375 0.9314814814814815 0.20625 0.9462962962962963 0.19635416666666666 0.95 0.19375 0.9490740740740741 0.1921875 0.9407407407407408 0.184375 0.9231481481481482 0.1875 0.9148148148148149 0.1921875 0.9148148148148149
1 0.425 0.4935185185185185 0.42135416666666664 0.49166666666666664 0.41875 0.475 0.4125 0.46574074074074073 0.41354166666666664 0.44537037037037036 0.4171875 0.4324074074074074 0.42135416666666664 0.43148148148148147 0.42552083333333335 0.4444444444444444 0.4265625 0.4546296296296296 0.425 0.4925925925925926
1 0.036458333333333336 0.08981481481481482 0.046875 0.10277777777777777 0.051041666666666666 0.12314814814814815 0.05 0.1287037037037037 0.0453125 0.1287037037037037 0.041666666666666664 0.12314814814814815 0.03229166666666667 0.09351851851851851 0.03333333333333333 0.08981481481481482 0.0359375 0.08981481481481482
1 0.28229166666666666 0.825925925925926 0.2828125 0.8351851851851851 0.29791666666666666 0.8555555555555555 0.2942708333333333 0.862037037037037 0.29322916666666665 0.8722222222222222 0.290625 0.8740740740740741 0.278125 0.8675925925925926 0.26875 0.8435185185185186 0.2703125 0.837037037037037 0.2755208333333333 0.8333333333333334 0.2791666666666667 0.825925925925926 0.28177083333333336 0.825925925925926
1 0.7286458333333333 0 0.7385416666666667 0 0.7296875 0.037037037037037035 0.7270833333333333 0.040740740740740744 0.7239583333333334 0.03425925925925926 0.7286458333333333 0.000925925925925926
1 0.86796875 0.4444444444444444 0.024479166666666666 0.053703703703703705
1 0.4005208333333333 0.9712962962962963 0.40520833333333334 0.9712962962962963 0.4088541666666667 0.987037037037037 0.4114583333333333 0.9907407407407407 0.41770833333333335 0.9879629629629629 0.4244791666666667 0.9907407407407407 0.421875 0.9990740740740741 0.3953125 0.9990740740740741 0.39427083333333335 0.9833333333333333 0.4005208333333333 0.9722222222222222
1 0.2552083333333333 0.8537037037037037 0.26145833333333335 0.8574074074074074 0.26614583333333336 0.8694444444444445 0.27239583333333334 0.8777777777777778 0.2734375 0.8953703703703704 0.26875 0.9009259259259259 0.26510416666666664 0.8953703703703704 0.25833333333333336 0.8916666666666667 0.2515625 0.8925925925925926 0.246875 0.8833333333333333 0.24583333333333332 0.8731481481481481 0.24791666666666667 0.8648148148148148 0.2515625 0.8555555555555555 0.2546875 0.8546296296296296
1 0.5567708333333333 0.13055555555555556 0.5604166666666667 0.13055555555555556 0.565625 0.1425925925925926 0.5645833333333333 0.17407407407407408 0.5635416666666667 0.17592592592592593 0.5609375 0.17314814814814813 0.5552083333333333 0.14722222222222223 0.5567708333333333 0.13148148148148148
1 0.07916666666666666 0 0.0859375 0 0.09166666666666666 0.022222222222222223 0.09270833333333334 0.03425925925925926 0.09635416666666667 0.04351851851851852 0.0953125 0.04722222222222222 0.0859375 0.04722222222222222 0.0859375 0.037037037037037035 0.08020833333333334 0.022222222222222223 0.078125 0.006481481481481481 0.07916666666666666 0.000925925925925926
1 0.22395833333333334 0.5981481481481481 0.23229166666666667 0.6046296296296296 0.24114583333333334 0.6259259259259259 0.24270833333333333 0.6333333333333333 0.23802083333333332 0.6453703703703704 0.23333333333333334 0.6435185185185185 0.228125 0.6314814814814815 0.2203125 0.625 0.21822916666666667 0.6027777777777777 0.21979166666666666 0.5981481481481481 0.2234375 0.5981481481481481
1 0.490625 0.23055555555555557 0.4942708333333333 0.23055555555555557 0.4984375 0.24814814814814815 0.49322916666666666 0.2833333333333333 0.49114583333333334 0.287962962962963 0.4895833333333333 0.2861111111111111 0.48541666666666666 0.2462962962962963 0.490625 0.23148148148148148
1 0.5895833333333333 0.027777777777777776 0.59375 0.037037037037037035 0.59375 0.04537037037037037 0.5916666666666667 0.05740740740740741 0.5885416666666666 0.06111111111111111 0.5838541666666667 0.06018518518518518 0.5838541666666667 0.03796296296296296 0.5859375 0.028703703703703703 0.5890625 0.027777777777777776
1 0.6932291666666667 0.2222222222222222 0.703125 0.23981481481481481 0.6979166666666666 0.2759259259259259 0.6932291666666667 0.2814814814814815 0.6901041666666666 0.27870370370370373 0.6875 0.26851851851851855 0.6911458333333333 0.2564814814814815 0.6901041666666666 0.22314814814814815 0.6927083333333334 0.2222222222222222
1 0.44583333333333336 0.34629629629629627 0.45208333333333334 0.35833333333333334 0.45208333333333334 0.37407407407407406 0.4453125 0.387037037037037 0.44375 0.39814814814814814 0.4421875 0.4 0.4390625 0.38333333333333336 0.4390625 0.362962962962963 0.4427083333333333 0.34814814814814815 0.4453125 0.3472222222222222
1 0.9114583333333334 0.6962962962962963 0.9197916666666667 0.7 0.9208333333333333 0.7138888888888889 0.9104166666666667 0.7222222222222222 0.9052083333333333 0.7314814814814815 0.89375 0.7388888888888889 0.8916666666666667 0.7351851851851852 0.8927083333333333 0.7268518518518519 0.8848958333333333 0.7212962962962963 0.8895833333333333 0.7064814814814815 0.9109375 0.6962962962962963
1 0.103125 0.3648148148148148 0.12447916666666667 0.4027777777777778 0.12291666666666666 0.4083333333333333 0.11614583333333334 0.4 0.1140625 0.40185185185185185 0.11510416666666666 0.41944444444444445 0.11354166666666667 0.42314814814814816 0.11041666666666666 0.41944444444444445 0.10729166666666666 0.39814814814814814 0.10104166666666667 0.3888888888888889 0.09791666666666667 0.37962962962962965 0.09895833333333333 0.3675925925925926 0.10260416666666666 0.3648148148148148
1 0.08541666666666667 0.4777777777777778 0.0953125 0.48148148148148145 0.103125 0.49074074074074076 0.10208333333333333 0.4981481481481482 0.09427083333333333 0.5092592592592593 0.08958333333333333 0.5092592592592593 0.08489583333333334 0.5027777777777778 0.0828125 0.48703703703703705 0.0796875 0.4824074074074074 0.08125 0.4777777777777778 0.08489583333333334 0.4777777777777778
1 0.20208333333333334 0.95 0.20364583333333333 0.9518518518518518 0.20260416666666667 0.9629629629629629 0.21510416666666668 0.9768518518518519 0.21041666666666667 0.9833333333333333 0.21614583333333334 0.9907407407407407 0.21614583333333334 0.9944444444444445 0.2125 0.9990740740740741 0.20677083333333332 0.9990740740740741 0.19583333333333333 0.9916666666666667 0.1828125 0.9685185185185186 0.18489583333333334 0.9592592592592593 0.2015625 0.95
1 0.7479166666666667 0.018518518518518517 0.7505208333333333 0.032407407407407406 0.7479166666666667 0.05 0.7453125 0.05925925925925926 0.7390625 0.06666666666666667 0.7359375 0.06388888888888888 0.7385416666666667 0.03888888888888889 0.7421875 0.023148148148148147 0.7473958333333334 0.018518518518518517
1 0.996875 0.6601851851851852 0.9994791666666667 0.6611111111111111 0.9994791666666667 0.6777777777777778 0.9895833333333334 0.7027777777777777 0.9776041666666667 0.7175925925925926 0.9744791666666667 0.7166666666666667 0.9739583333333334 0.7129629629629629 0.9828125 0.6935185185185185 0.9802083333333333 0.675 0.9864583333333333 0.6648148148148149 0.9963541666666667 0.6601851851851852
1 0.5760416666666667 0.2222222222222222 0.578125 0.23796296296296296 0.5770833333333333 0.25 0.575 0.2537037037037037 0.5713541666666667 0.24722222222222223 0.5677083333333334 0.2490740740740741 0.5661458333333333 0.24351851851851852 0.5703125 0.22314814814814815 0.5755208333333334 0.2222222222222222
1 0.5380208333333333 0.11574074074074074 0.5427083333333333 0.13703703703703704 0.5401041666666667 0.14444444444444443 0.5369791666666667 0.14629629629629629 0.5328125 0.14444444444444443 0.5322916666666667 0.1287037037037037 0.5354166666666667 0.11666666666666667 0.5375 0.11574074074074074
1 0.2359375 0.8759259259259259 0.2453125 0.8824074074074074 0.2520833333333333 0.899074074074074 0.2520833333333333 0.912962962962963 0.24895833333333334 0.9185185185185185 0.24427083333333333 0.9185185185185185 0.2265625 0.899074074074074 0.22291666666666668 0.8851851851851852 0.2234375 0.8796296296296297 0.22708333333333333 0.875 0.23541666666666666 0.8759259259259259
1 0.4010416666666667 0.937037037037037 0.40520833333333334 0.9435185185185185 0.40625 0.9601851851851851 0.4046875 0.9648148148148148 0.39895833333333336 0.9685185185185186 0.38229166666666664 0.9629629629629629 0.3807291666666667 0.9555555555555556 0.38385416666666666 0.937037037037037 0.4005208333333333 0.937037037037037
1 0.013020833333333334 0.05092592592592592 0.01875 0.05648148148148148 0.024479166666666666 0.06759259259259259 0.030729166666666665 0.08981481481481482 0.029166666666666667 0.09907407407407408 0.025 0.0962962962962963 0.009375 0.06666666666666667 0.008333333333333333 0.05462962962962963 0.0125 0.05092592592592592
1 0.5677083333333334 0.24537037037037038 0.5755208333333334 0.2537037037037037 0.5744791666666667 0.2722222222222222 0.56875 0.2898148148148148 0.5661458333333333 0.29074074074074074 0.5640625 0.2777777777777778 0.5640625 0.2574074074074074 0.5671875 0.2462962962962963
1 0.6796875 0.6592592592592592 0.6828125 0.6648148148148149 0.6817708333333333 0.6824074074074075 0.6765625 0.700925925925926 0.671875 0.7083333333333334 0.6640625 0.7074074074074074 0.6614583333333334 0.7018518518518518 0.6708333333333333 0.6685185185185185 0.675 0.6601851851851852 0.6791666666666667 0.6592592592592592
1 0.5776041666666667 0.22407407407407406 0.5734375 0.2212962962962963 0.5713541666666667 0.21296296296296297 0.5713541666666667 0.2037037037037037 0.5760416666666667 0.17777777777777778 0.578125 0.175 0.5822916666666667 0.18703703703703703 0.5817708333333333 0.20462962962962963 0.578125 0.22314814814814815
1 0.753125 0.3509259259259259 0.7546875 0.35833333333333334 0.7515625 0.375 0.7494791666666667 0.3824074074074074 0.7442708333333333 0.38981481481481484 0.7401041666666667 0.38796296296296295 0.7375 0.38055555555555554 0.740625 0.3648148148148148 0.7489583333333333 0.35185185185185186 0.7526041666666666 0.3509259259259259
1 0.7479166666666667 0.18055555555555555 0.75 0.1962962962962963 0.7453125 0.2101851851851852 0.7390625 0.2064814814814815 0.7375 0.19537037037037036 0.7447916666666666 0.18055555555555555 0.7473958333333334 0.18055555555555555
1 0.7864583333333334 0.08425925925925926 0.7911458333333333 0.08981481481481482 0.7911458333333333 0.09722222222222222 0.7770833333333333 0.13425925925925927 0.7729166666666667 0.13240740740740742 0.7744791666666667 0.11944444444444445 0.7802083333333333 0.09166666666666666 0.7828125 0.08518518518518518 0.7859375 0.08425925925925926
1 0.6052083333333333 0 0.6130208333333333 0 0.6135416666666667 0.002777777777777778 0.6088541666666667 0.037037037037037035 0.6057291666666667 0.03796296296296296 0.6041666666666666 0.012037037037037037 0.6052083333333333 0.000925925925925926