1 0.3177083333333333 0.8490740740740741 0.32864583333333336 0.8722222222222222 0.33125 0.8731481481481481 0.33489583333333334 0.8666666666666667 0.33697916666666666 0.8694444444444445 0.33489583333333334 0.8787037037037037 0.32708333333333334 0.8824074074074074 0.32395833333333335 0.9046296296296297 0.32083333333333336 0.9101851851851852 0.3177083333333333 0.9101851851851852 0.3203125 0.8972222222222223 0.3203125 0.8861111111111111 0.31145833333333334 0.8629629629629629 0.3125 0.8537037037037037 0.3171875 0.85
1 0.43333333333333335 0.7648148148148148 0.4453125 0.7842592592592592 0.4401041666666667 0.7898148148148149 0.4421875 0.8074074074074075 0.43697916666666664 0.8092592592592592 0.4354166666666667 0.825925925925926 0.4328125 0.8324074074074074 0.43020833333333336 0.8305555555555556 0.4317708333333333 0.8231481481481482 0.43072916666666666 0.7953703703703704 0.421875 0.7805555555555556 0.421875 0.774074074074074 0.4244791666666667 0.7685185185185185 0.4328125 0.7648148148148148
1 0.2203125 0.18333333333333332 0.22395833333333334 0.18425925925925926 0.22708333333333333 0.19166666666666668 0.23125 0.21296296296296297 0.228125 0.21944444444444444 0.22395833333333334 0.21666666666666667 0.21927083333333333 0.1925925925925926 0.2203125 0.18425925925925926
1 0.36354166666666665 0.7898148148148149 0.3692708333333333 0.8009259259259259 0.3723958333333333 0.8277777777777777 0.3703125 0.8361111111111111 0.36770833333333336 0.8351851851851851 0.3651041666666667 0.825925925925926 0.359375 0.8194444444444444 0.35572916666666665 0.8083333333333333 0.35520833333333335 0.7962962962962963 0.3567708333333333 0.7916666666666666 0.36302083333333335 0.7898148148148149
1 0.3854166666666667 0.14629629629629629 0.3890625 0.14629629629629629 0.39166666666666666 0.1574074074074074 0.39166666666666666 0.1814814814814815 0.3890625 0.18518518518518517 0.384375 0.16203703703703703 0.3854166666666667 0.14722222222222223
1 0.38385416666666666 0.04259259259259259 0.38697916666666665 0.04259259259259259 0.39010416666666664 0.05555555555555555 0.38958333333333334 0.07037037037037037 0.38697916666666665 0.075 0.3854166666666667 0.07222222222222222 0.38333333333333336 0.05648148148148148 0.38385416666666666 0.04351851851851852
1 0.15729166666666666 0.23981481481481481 0.16458333333333333 0.25 0.16458333333333333 0.25925925925925924 0.16875 0.26666666666666666 0.16770833333333332 0.2712962962962963 0.16510416666666666 0.2722222222222222 0.15364583333333334 0.25462962962962965 0.15364583333333334 0.24074074074074073 0.15677083333333333 0.23981481481481481
1 0.5838541666666667 0.2962962962962963 0.5880208333333333 0.3148148148148148 0.584375 0.32407407407407407 0.5838541666666667 0.33611111111111114 0.5817708333333333 0.3416666666666667 0.5802083333333333 0.3398148148148148 0.5776041666666667 0.30833333333333335 0.5807291666666666 0.2962962962962963 0.5833333333333334 0.2962962962962963
1 0.6177083333333333 0.937037037037037 0.6296875 0.9537037037037037 0.6302083333333334 0.9805555555555555 0.6265625 0.9814814814814815 0.6229166666666667 0.9768518518518519 0.6177083333333333 0.9777777777777777 0.6083333333333333 0.9861111111111112 0.6052083333333333 0.9861111111111112 0.6041666666666666 0.9824074074074074 0.6098958333333333 0.9675925925925926 0.6098958333333333 0.9564814814814815 0.6057291666666667 0.9527777777777777 0.6046875 0.9462962962962963 0.6098958333333333 0.9453703703703704 0.6135416666666667 0.937037037037037 0.6171875 0.937037037037037
1 0.6546875 0.16111111111111112 0.6583333333333333 0.17314814814814813 0.6583333333333333 0.18518518518518517 0.6510416666666666 0.20185185185185187 0.6494791666666667 0.19907407407407407 0.6484375 0.17407407407407408 0.6541666666666667 0.16111111111111112
1 0.11145833333333334 0.26851851851851855 0.11510416666666666 0.26851851851851855 0.11770833333333333 0.2722222222222222 0.12604166666666666 0.30277777777777776 0.1203125 0.30462962962962964 0.11510416666666666 0.3 0.11145833333333334 0.26944444444444443
1 0.153125 0.25462962962962965 0.1609375 0.26296296296296295 0.16458333333333333 0.2712962962962963 0.1640625 0.2824074074074074 0.16822916666666668 0.2916666666666667 0.16614583333333333 0.3 0.1640625 0.3 0.15416666666666667 0.27870370370370373 0.14895833333333333 0.25833333333333336 0.15260416666666668 0.25462962962962965
1 0.3807291666666667 0.5972222222222222 0.39010416666666664 0.6083333333333333 0.3927083333333333 0.6166666666666667 0.390625 0.6296296296296297 0.3932291666666667 0.6398148148148148 0.390625 0.6435185185185185 0.38125 0.6388888888888888 0.3770833333333333 0.6046296296296296 0.3802083333333333 0.5972222222222222
1 0.41354166666666664 0.5990740740740741 0.41770833333333335 0.5990740740740741 0.4239583333333333 0.6175925925925926 0.42135416666666664 0.6416666666666667 0.42239583333333336 0.6620370370370371 0.4192708333333333 0.6675925925925926 0.4161458333333333 0.6675925925925926 0.4140625 0.6370370370370371 0.40677083333333336 0.6194444444444445 0.41354166666666664 0.6
1 0.3729166666666667 0.05185185185185185 0.3734375 0.05648148148148148 0.3765625 0.06018518518518518 0.37604166666666666 0.0712962962962963 0.378125 0.08055555555555556 0.3765625 0.08333333333333333 0.3734375 0.0824074074074074 0.3692708333333333 0.07037037037037037 0.36875 0.06388888888888888 0.3729166666666667 0.05277777777777778
1 0.3390625 0.07962962962962963 0.34375 0.09074074074074075 0.3458333333333333 0.10555555555555556 0.3416666666666667 0.11388888888888889 0.34010416666666665 0.11296296296296296 0.3375 0.09907407407407408 0.33697916666666666 0.08425925925925926 0.3385416666666667 0.07962962962962963
1 0.08697916666666666 0.3287037037037037 0.0953125 0.3388888888888889 0.0984375 0.35185185185185186 0.103125 0.35555555555555557 0.103125 0.3592592592592593 0.09895833333333333 0.3611111111111111 0.09895833333333333 0.37037037037037035 0.09635416666666667 0.36944444444444446 0.084375 0.34444444444444444 0.08333333333333333 0.33055555555555555 0.084375 0.3277777777777778 0.08645833333333333 0.3287037037037037
1 0.2791666666666667 0.13518518518518519 0.2859375 0.1527777777777778 0.28489583333333335 0.16203703703703703 0.28020833333333334 0.16666666666666666 0.27760416666666665 0.1638888888888889 0.275 0.1398148148148148 0.2786458333333333 0.13518518518518519
1 0.3421875 0.6101851851851852 0.35208333333333336 0.6212962962962963 0.35260416666666666 0.6398148148148148 0.34739583333333335 0.6453703703703704 0.3416666666666667 0.6407407407407407 0.3380208333333333 0.6231481481481481 0.33697916666666666 0.6129629629629629 0.3380208333333333 0.6101851851851852 0.3416666666666667 0.6101851851851852
1 0.11614583333333334 0.22962962962962963 0.11979166666666667 0.22777777777777777 0.12447916666666667 0.23796296296296296 0.12864583333333332 0.25925925925925924 0.13177083333333334 0.2657407407407407 0.13072916666666667 0.26851851851851855 0.1265625 0.26851851851851855 0.1171875 0.24537037037037038 0.11614583333333334 0.23055555555555557
1 0.3619791666666667 0.7592592592592593 0.3671875 0.7657407407407407 0.36770833333333336 0.7777777777777778 0.3697916666666667 0.7814814814814814 0.3697916666666667 0.787962962962963 0.36666666666666664 0.7907407407407407 0.35572916666666665 0.7907407407407407 0.3515625 0.7814814814814814 0.3489583333333333 0.7685185185185185 0.3484375 0.7620370370370371 0.35104166666666664 0.7583333333333333 0.3614583333333333 0.7592592592592593
1 0.4979166666666667 0.5981481481481481 0.5057291666666667 0.6101851851851852 0.5052083333333334 0.6296296296296297 0.5098958333333333 0.6435185185185185 0.509375 0.649074074074074 0.5072916666666667 0.65 0.5015625 0.6361111111111111 0.4953125 0.6481481481481481 0.490625 0.6481481481481481 0.4942708333333333 0.6305555555555555 0.4947916666666667 0.6083333333333333 0.4973958333333333 0.5990740740740741
1 0.21927083333333333 0.9212962962962963 0.22604166666666667 0.9314814814814815 0.221875 0.9407407407407408 0.22135416666666666 0.9546296296296296 0.22395833333333334 0.9666666666666667 0.221875 0.9685185185185186 0.2171875 0.9666666666666667 0.20625 0.950925925925926 0.20416666666666666 0.9611111111111111 0.20260416666666667 0.9629629629629629 0.20104166666666667 0.9601851851851851 0.2046875 0.9259259259259259 0.21875 0.9212962962962963
1 0.328125 0.12129629629629629 0.3333333333333333 0.13703703703703704 0.3333333333333333 0.14722222222222223 0.33125 0.15462962962962962 0.32760416666666664 0.15092592592592594 0.32447916666666665 0.13796296296296295 0.32447916666666665 0.1259259259259259 0.32760416666666664 0.12129629629629629
1 0.39375 0.13703703703703704 0.4 0.15092592592592594 0.39895833333333336 0.18055555555555555 0.3963541666666667 0.18055555555555555 0.390625 0.15185185185185185 0.3932291666666667 0.13796296296296295
1 0.17916666666666667 0.22685185185185186 0.18229166666666666 0.225 0.18645833333333334 0.23333333333333334 0.18854166666666666 0.24814814814814815 0.1921875 0.25833333333333336 0.190625 0.26481481481481484 0.18697916666666667 0.26481481481481484 0.1796875 0.24351851851851852 0.17916666666666667 0.22777777777777777
1 0.19635416666666666 0.2037037037037037 0.2015625 0.21944444444444444 0.20364583333333333 0.23333333333333334 0.20260416666666667 0.2388888888888889 0.19270833333333334 0.2212962962962963 0.1921875 0.20925925925925926 0.19583333333333333 0.2037037037037037
1 0.7203125 0.3148148148148148 0.7223958333333333 0.3351851851851852 0.7135416666666666 0.3731481481481482 0.7114583333333333 0.36574074074074076 0.7078125 0.36203703703703705 0.7078125 0.3574074074074074 0.7119791666666667 0.3314814814814815 0.7197916666666667 0.3148148148148148
1 0.5744791666666667 0.3851851851851852 0.5786458333333333 0.387037037037037 0.5838541666666667 0.40370370370370373 0.5776041666666667 0.42962962962962964 0.5744791666666667 0.4388888888888889 0.5729166666666666 0.4388888888888889 0.5744791666666667 0.41759259259259257 0.5703125 0.3990740740740741 0.5744791666666667 0.3861111111111111
1 0.64375 0.10462962962962963 0.6479166666666667 0.1111111111111111 0.64375 0.13796296296296295 0.640625 0.13796296296296295 0.6395833333333333 0.1175925925925926 0.640625 0.10740740740740741 0.6432291666666666 0.10555555555555556
1 0.29375 0.12314814814814815 0.296875 0.12777777777777777 0.2989583333333333 0.13703703703703704 0.2989583333333333 0.14722222222222223 0.29375 0.1574074074074074 0.2911458333333333 0.15462962962962962 0.28958333333333336 0.14166666666666666 0.290625 0.1259259259259259 0.29322916666666665 0.12314814814814815
1 0.13125 0.2814814814814815 0.13697916666666668 0.2861111111111111 0.1390625 0.29907407407407405 0.14375 0.3111111111111111 0.14427083333333332 0.3175925925925926 0.140625 0.3212962962962963 0.13385416666666666 0.3101851851851852 0.12760416666666666 0.2898148148148148 0.128125 0.2824074074074074 0.13072916666666667 0.2814814814814815
1 0.6276041666666666 0.5166666666666667 0.6296875 0.5018518518518519 0.6276041666666666 0.47685185185185186 0.6338541666666667 0.4638888888888889 0.6375 0.46574074074074073 0.6369791666666667 0.4740740740740741 0.6390625 0.48148148148148145 0.6317708333333333 0.5138888888888888 0.6302083333333334 0.5175925925925926 0.628125 0.5166666666666667
1 0.47760416666666666 0.6425925925925926 0.4859375 0.6527777777777778 0.4869791666666667 0.6620370370370371 0.48072916666666665 0.6916666666666667 0.47760416666666666 0.6981481481481482 0.47604166666666664 0.6962962962962963 0.4765625 0.6824074074074075 0.4703125 0.6768518518518518 0.4708333333333333 0.65 0.4739583333333333 0.6435185185185185 0.47708333333333336 0.6425925925925926
1 0.5109375 0.9101851851851852 0.5166666666666667 0.9185185185185185 0.5177083333333333 0.9287037037037037 0.5171875 0.9351851851851852 0.5119791666666667 0.9407407407407408 0.5145833333333333 0.9490740740740741 0.5125 0.9537037037037037 0.5005208333333333 0.9490740740740741 0.5005208333333333 0.9092592592592592 0.5015625 0.9064814814814814 0.5072916666666667 0.9064814814814814 0.5104166666666666 0.9101851851851852
1 0.5880208333333333 0.2462962962962963 0.5869791666666667 0.23425925925925925 0.5885416666666666 0.2037037037037037 0.5921875 0.20185185185185187 0.5947916666666667 0.21574074074074073 0.59375 0.22962962962962963 0.5885416666666666 0.24537037037037038
1 0.4703125 0.8101851851851852 0.47708333333333336 0.8240740740740741 0.4786458333333333 0.837037037037037 0.47552083333333334 0.8537037037037037 0.4671875 0.8731481481481481 0.4635416666666667 0.8731481481481481 0.4661458333333333 0.8629629629629629 0.4661458333333333 0.8379629629629629 0.4583333333333333 0.8277777777777777 0.46458333333333335 0.8101851851851852 0.46979166666666666 0.8101851851851852
1 0.60625 0.30925925925925923 0.6119791666666666 0.325 0.6088541666666667 0.3425925925925926 0.6057291666666667 0.35185185185185186 0.6026041666666667 0.35462962962962963 0.6015625 0.32685185185185184 0.6036458333333333 0.31203703703703706 0.6057291666666667 0.30925925925925923
1 0.6645833333333333 0.12222222222222222 0.6671875 0.1388888888888889 0.6630208333333333 0.16574074074074074 0.6604166666666667 0.1675925925925926 0.6588541666666666 0.1638888888888889 0.6583333333333333 0.14074074074074075 0.6640625 0.12314814814814815
1 0.8208333333333333 0.24444444444444444 0.016666666666666666 0.05
1 0.3145833333333333 0.35648148148148145 0.32083333333333336 0.3712962962962963 0.325 0.40370370370370373 0.32135416666666666 0.40370370370370373 0.3177083333333333 0.39814814814814814 0.31302083333333336 0.4009259259259259 0.3140625 0.38425925925925924 0.3104166666666667 0.36574074074074076 0.31145833333333334 0.3592592592592593 0.3140625 0.35648148148148145
1 0.23020833333333332 0.9342592592592592 0.2359375 0.9462962962962963 0.24114583333333334 0.9472222222222222 0.24427083333333333 0.9527777777777777 0.24635416666666668 0.9703703703703703 0.24114583333333334 0.9814814814814815 0.23177083333333334 0.9731481481481481 0.2265625 0.9731481481481481 0.2234375 0.962037037037037 0.22239583333333332 0.9398148148148148 0.22708333333333333 0.9324074074074075 0.2296875 0.9342592592592592