0 0.68125 0.5712962962962963 0.7052083333333333 0.5740740740740741 0.7125 0.5796296296296296 0.7223958333333333 0.5814814814814815 0.746875 0.5777777777777777 0.8572916666666667 0.6037037037037037 0.8645833333333334 0.6083333333333333 0.8661458333333333 0.6148148148148148 0.8578125 0.625 0.8473958333333333 0.6462962962962963 0.853125 0.687037037037037 0.853125 0.6990740740740741 0.8677083333333333 0.7185185185185186 0.878125 0.7222222222222222 0.8796875 0.7287037037037037 0.8770833333333333 0.7379629629629629 0.859375 0.7638888888888888 0.8494791666666667 0.7731481481481481 0.821875 0.7685185185185185 0.815625 0.7638888888888888 0.7973958333333333 0.7592592592592593 0.78125 0.7592592592592593 0.76875 0.7675925925925926 0.7541666666666667 0.7694444444444445 0.740625 0.7592592592592593 0.7265625 0.7546296296296297 0.6598958333333333 0.7407407407407407 0.6473958333333333 0.7296296296296296 0.6260416666666667 0.7333333333333333 0.6145833333333334 0.725 0.6109375 0.7203703703703703 0.6098958333333333 0.7148148148148148 0.6052083333333333 0.7194444444444444 0.5973958333333333 0.7138888888888889 0.59375 0.7064814814814815 0.5927083333333333 0.6888888888888889 0.5947916666666667 0.6435185185185185 0.5989583333333334 0.6231481481481481 0.6135416666666667 0.5879629629629629 0.6270833333333333 0.5777777777777777 0.640625 0.5777777777777777 0.6515625 0.5814814814814815 0.653125 0.5842592592592593 0.6536458333333334 0.5981481481481481 0.6557291666666667 0.5990740740740741 0.6619791666666667 0.5916666666666667 0.6609375 0.5842592592592593 0.6682291666666667 0.5703703703703704 0.6729166666666667 0.5685185185185185 0.6807291666666667 0.5712962962962963
0 0.3619791666666667 0 0.42083333333333334 0 0.4078125 0.037037037037037035 0.3984375 0.05185185185185185 0.37552083333333336 0.05092592592592592 0.3625 0.046296296296296294 0.35833333333333334 0.019444444444444445 0.35833333333333334 0.007407407407407408 0.3619791666666667 0.000925925925925926
0 0.4635416666666667 0.32592592592592595 0.49583333333333335 0.37962962962962965 0.5 0.39351851851851855 0.5119791666666667 0.4148148148148148 0.5140625 0.4222222222222222 0.5151041666666667 0.4388888888888889 0.5125 0.45185185185185184 0.49947916666666664 0.4675925925925926 0.4895833333333333 0.47129629629629627 0.4828125 0.4703703703703704 0.4734375 0.46296296296296297 0.465625 0.43796296296296294 0.4401041666666667 0.3925925925925926 0.4348958333333333 0.36944444444444446 0.434375 0.35185185185185186 0.4427083333333333 0.337037037037037 0.45625 0.32407407407407407 0.4630208333333333 0.32592592592592595
0 0.4869791666666667 0 0.5067708333333333 0 0.5088541666666667 0.005555555555555556 0.5098958333333333 0.024074074074074074 0.5088541666666667 0.04259259259259259 0.49947916666666664 0.05 0.4875 0.04814814814814815 0.48385416666666664 0.03981481481481482 0.484375 0.004629629629629629 0.4869791666666667 0.000925925925925926
0 0.5713541666666667 0.49444444444444446 0.5770833333333333 0.5018518518518519 0.5822916666666667 0.5185185185185185 0.5895833333333333 0.5305555555555556 0.5901041666666667 0.5407407407407407 0.5776041666666667 0.5666666666666667 0.5619791666666667 0.5814814814814815 0.5515625 0.587037037037037 0.5442708333333334 0.5990740740740741 0.5328125 0.5953703703703703 0.5291666666666667 0.5851851851851851 0.5223958333333333 0.5574074074074075 0.5255208333333333 0.5305555555555556 0.5296875 0.5222222222222223 0.5385416666666667 0.5138888888888888 0.5708333333333333 0.49444444444444446
0 0.7645833333333333 0.35185185185185186 0.7963541666666667 0.3685185185185185 0.8208333333333333 0.39351851851851855 0.8244791666666667 0.4009259259259259 0.8286458333333333 0.42407407407407405 0.8260416666666667 0.45 0.8083333333333333 0.4685185185185185 0.8 0.4675925925925926 0.790625 0.45185185185185184 0.771875 0.4388888888888889 0.7526041666666666 0.4324074074074074 0.7375 0.4361111111111111 0.7322916666666667 0.4305555555555556 0.7296875 0.4203703703703704 0.7239583333333334 0.4101851851851852 0.7234375 0.3824074074074074 0.7270833333333333 0.36574074074074076 0.7302083333333333 0.36018518518518516 0.7473958333333334 0.3472222222222222 0.7640625 0.35185185185185186
0 0.053125 0.875 0.06770833333333333 0.8740740740740741 0.07447916666666667 0.8888888888888888 0.08854166666666667 0.8935185185185185 0.08958333333333333 0.9018518518518519 0.0875 0.9083333333333333 0.08072916666666667 0.9138888888888889 0.07395833333333333 0.9296296296296296 0.05625 0.9481481481481482 0.050520833333333334 0.9601851851851851 0.040625 0.9703703703703703 0.008854166666666666 0.9583333333333334 0 0.9481481481481482 0 0.9046296296296297 0.03697916666666667 0.8740740740740741 0.05260416666666667 0.875
0 0.6484375 0.49907407407407406 0.6963541666666667 0.5092592592592593 0.7010416666666667 0.5148148148148148 0.7036458333333333 0.524074074074074 0.73125 0.5342592592592592 0.734375 0.5407407407407407 0.7359375 0.5518518518518518 0.7375 0.5740740740740741 0.7338541666666667 0.5768518518518518 0.721875 0.5777777777777777 0.7072916666666667 0.5712962962962963 0.6703125 0.5657407407407408 0.6583333333333333 0.5842592592592593 0.6484375 0.5787037037037037 0.6276041666666666 0.575 0.6244791666666667 0.5685185185185185 0.625 0.5388888888888889 0.6302083333333334 0.5166666666666667 0.6375 0.5 0.6479166666666667 0.49907407407407406
0 0.4817708333333333 0.044444444444444446 0.48802083333333335 0.05648148148148148 0.49270833333333336 0.0824074074074074 0.49375 0.11944444444444445 0.4890625 0.12777777777777777 0.4744791666666667 0.12962962962962962 0.46875 0.12777777777777777 0.4666666666666667 0.12407407407407407 0.4625 0.07777777777777778 0.4666666666666667 0.05 0.4703125 0.04537037037037037 0.48125 0.044444444444444446
0 0.9411458333333333 0.3194444444444444 0.9739583333333334 0.3277777777777778 0.9802083333333333 0.33240740740740743 0.9859375 0.3416666666666667 0.9994791666666667 0.3509259259259259 0.9994791666666667 0.42407407407407405 0.9958333333333333 0.425 0.9880208333333333 0.42407407407407405 0.9770833333333333 0.4111111111111111 0.9552083333333333 0.4027777777777778 0.9416666666666667 0.37777777777777777 0.9171875 0.3768518518518518 0.909375 0.3731481481481482 0.90625 0.34814814814814815 0.9119791666666667 0.3333333333333333 0.925 0.3212962962962963 0.940625 0.3194444444444444
0 0.5338541666666666 0.2074074074074074 0.5401041666666667 0.20925925925925926 0.5578125 0.22870370370370371 0.575 0.25277777777777777 0.5953125 0.28888888888888886 0.5973958333333333 0.3055555555555556 0.5932291666666667 0.32314814814814813 0.5864583333333333 0.3314814814814815 0.5755208333333334 0.3388888888888889 0.5572916666666666 0.3314814814814815 0.5526041666666667 0.31296296296296294 0.5479166666666667 0.30462962962962964 0.5338541666666666 0.28703703703703703 0.5213541666666667 0.2796296296296296 0.5182291666666666 0.2722222222222222 0.5140625 0.25277777777777777 0.5140625 0.23796296296296296 0.5223958333333333 0.2175925925925926 0.5333333333333333 0.2074074074074074
0 0.1015625 0.175 0.10677083333333333 0.1814814814814815 0.109375 0.18981481481481483 0.109375 0.20555555555555555 0.09427083333333333 0.225 0.07864583333333333 0.2564814814814815 0.075 0.25925925925925924 0.05416666666666667 0.2611111111111111 0.04635416666666667 0.2601851851851852 0.03697916666666667 0.2490740740740741 0.03697916666666667 0.21851851851851853 0.0484375 0.1935185185185185 0.0515625 0.18888888888888888 0.08177083333333333 0.17314814814814813 0.10104166666666667 0.175
0 0.6 0.39351851851851855 0.6307291666666667 0.40370370370370373 0.64375 0.41574074074074074 0.6552083333333333 0.4212962962962963 0.6614583333333334 0.43148148148148147 0.6635416666666667 0.4462962962962963 0.6625 0.46944444444444444 0.6567708333333333 0.4842592592592593 0.6447916666666667 0.4962962962962963 0.6401041666666667 0.4962962962962963 0.6291666666666667 0.4842592592592593 0.5854166666666667 0.47314814814814815 0.5744791666666667 0.47962962962962963 0.5567708333333333 0.4601851851851852 0.5588541666666667 0.4101851851851852 0.5640625 0.3972222222222222 0.5734375 0.3907407407407407 0.5994791666666667 0.39351851851851855
0 0.640625 0.21944444444444444 0.6729166666666667 0.24814814814814815 0.6921875 0.2796296296296296 0.6963541666666667 0.2824074074074074 0.7067708333333333 0.30185185185185187 0.70625 0.3277777777777778 0.6984375 0.3425925925925926 0.6916666666666667 0.3490740740740741 0.6817708333333333 0.35 0.6765625 0.3537037037037037 0.6682291666666667 0.34814814814814815 0.6609375 0.33055555555555555 0.6567708333333333 0.3287037037037037 0.6453125 0.3148148148148148 0.6322916666666667 0.30277777777777776 0.6234375 0.30185185185185187 0.6197916666666666 0.29814814814814816 0.6104166666666667 0.2675925925925926 0.6125 0.24259259259259258 0.621875 0.22314814814814815 0.6307291666666667 0.21666666666666667 0.6401041666666667 0.21944444444444444
0 0.7026041666666667 0.13796296296296295 0.7197916666666667 0.14351851851851852 0.7416666666666667 0.16018518518518518 0.746875 0.19074074074074074 0.7453125 0.20092592592592592 0.7385416666666667 0.2111111111111111 0.7223958333333333 0.21203703703703702 0.7119791666666667 0.2074074074074074 0.7083333333333334 0.2 0.7052083333333333 0.16296296296296298 0.7020833333333333 0.14907407407407408 0.7026041666666667 0.1388888888888889
0 0.7838541666666666 0.4777777777777778 0.8088541666666667 0.4842592592592593 0.8380208333333333 0.49722222222222223 0.8692708333333333 0.5259259259259259 0.8734375 0.5324074074074074 0.8791666666666667 0.55 0.8796875 0.5712962962962963 0.8734375 0.5916666666666667 0.8666666666666667 0.6 0.8447916666666667 0.5990740740740741 0.8244791666666667 0.5824074074074074 0.7927083333333333 0.5648148148148148 0.7744791666666667 0.5648148148148148 0.7552083333333334 0.5398148148148149 0.7515625 0.5287037037037037 0.7515625 0.5138888888888888 0.7557291666666667 0.49074074074074076 0.7651041666666667 0.4759259259259259 0.7833333333333333 0.4777777777777778
1 0.259375 0.9574074074074074 0.2791666666666667 0.9768518518518519 0.2791666666666667 0.9935185185185185 0.27708333333333335 0.9953703703703703 0.26875 0.9953703703703703 0.26197916666666665 0.9851851851851852 0.25416666666666665 0.9861111111111112 0.24947916666666667 0.9824074074074074 0.246875 0.9722222222222222 0.24739583333333334 0.9638888888888889 0.25885416666666666 0.9574074074074074
1 0.084375 0.2833333333333333 0.08802083333333334 0.2861111111111111 0.0921875 0.2953703703703704 0.10416666666666667 0.3287037037037037 0.10520833333333333 0.3351851851851852 0.10208333333333333 0.34074074074074073 0.0875 0.31296296296296294 0.07864583333333333 0.30462962962962964 0.0765625 0.2861111111111111 0.07916666666666666 0.2814814814814815 0.08385416666666666 0.2833333333333333
1 0.646875 0.10462962962962963 0.6505208333333333 0.10555555555555556 0.6536458333333334 0.12129629629629629 0.6515625 0.1527777777777778 0.6505208333333333 0.1537037037037037 0.6473958333333333 0.1425925925925926 0.64375 0.14907407407407408 0.6421875 0.14722222222222223 0.6421875 0.13240740740740742 0.646875 0.10555555555555556
1 0.028125 0.16296296296296298 0.0328125 0.1638888888888889 0.04635416666666667 0.18703703703703703 0.04375 0.1962962962962963 0.04010416666666667 0.2 0.036458333333333336 0.19907407407407407 0.027083333333333334 0.1712962962962963 0.028125 0.1638888888888889
1 0.53125 0 0.5375 0 0.5380208333333333 0.003703703703703704 0.5364583333333334 0.023148148148148147 0.5328125 0.028703703703703703 0.53125 0.000925925925925926
1 0.5 0.2050925925925926 0.0125 0.04537037037037037
1 0.7854166666666667 0.2824074074074074 0.7895833333333333 0.27685185185185185 0.7942708333333334 0.27870370370370373 0.7911458333333333 0.29814814814814816 0.7875 0.3074074074074074 0.7885416666666667 0.33240740740740743 0.7859375 0.33425925925925926 0.7838541666666666 0.3314814814814815 0.7802083333333333 0.31296296296296294 0.7765625 0.31574074074074077 0.7729166666666667 0.32407407407407407 0.7692708333333333 0.3212962962962963 0.7692708333333333 0.3175925925925926 0.778125 0.3037037037037037 0.7822916666666667 0.287962962962963 0.7854166666666667 0.2833333333333333
1 0.2828125 0.9212962962962963 0.290625 0.9287037037037037 0.3 0.9462962962962963 0.3015625 0.95 0.3 0.9601851851851851 0.29635416666666664 0.9601851851851851 0.2916666666666667 0.9546296296296296 0.2859375 0.9546296296296296 0.2828125 0.9490740740740741 0.2791666666666667 0.9564814814814815 0.27447916666666666 0.9518518518518518 0.27447916666666666 0.9425925925925925 0.27760416666666665 0.9361111111111111 0.2765625 0.9259259259259259 0.28229166666666666 0.9212962962962963
1 0.5572916666666666 0.05092592592592592 0.5604166666666667 0.053703703703703705 0.5619791666666667 0.062037037037037036 0.5604166666666667 0.0787037037037037 0.5557291666666667 0.07962962962962963 0.5526041666666667 0.07407407407407407 0.5526041666666667 0.06296296296296296 0.5567708333333333 0.05185185185185185
1 0 0.23333333333333334 0.0140625 0.25462962962962965 0.0140625 0.25833333333333336 0.0109375 0.2611111111111111 0 0.2518518518518518 0 0.23425925925925925
1 0.23177083333333334 0.5277777777777778 0.24479166666666666 0.5296296296296297 0.2625 0.5666666666666667 0.26145833333333335 0.5712962962962963 0.25416666666666665 0.5740740740740741 0.25052083333333336 0.5666666666666667 0.24270833333333333 0.562037037037037 0.23541666666666666 0.5472222222222223 0.23489583333333333 0.5361111111111111 0.23177083333333334 0.5324074074074074 0.23177083333333334 0.5287037037037037
1 0.016145833333333335 0.6759259259259259 0.01875 0.6787037037037037 0.021875 0.6759259259259259 0.028125 0.6768518518518518 0.03854166666666667 0.6916666666666667 0.053125 0.7027777777777777 0.057291666666666664 0.7092592592592593 0.058333333333333334 0.7157407407407408 0.0578125 0.7231481481481481 0.05416666666666667 0.725925925925926 0.0375 0.7203703703703703 0.03177083333333333 0.7101851851851851 0.01875 0.6990740740740741 0.0109375 0.6824074074074075 0.011979166666666667 0.6759259259259259 0.015625 0.6759259259259259
1 0.1265625 0.006481481481481481 0.13072916666666667 0.013888888888888888 0.13177083333333334 0.025 0.13541666666666666 0.03518518518518519 0.13385416666666666 0.03888888888888889 0.13125 0.03796296296296296 0.121875 0.018518518518518517 0.12239583333333333 0.007407407407407408 0.12604166666666666 0.006481481481481481
1 0.3182291666666667 0.712037037037037 0.33229166666666665 0.7268518518518519 0.3296875 0.7342592592592593 0.33229166666666665 0.7518518518518519 0.33125 0.7592592592592593 0.32864583333333336 0.7611111111111111 0.32708333333333334 0.7509259259259259 0.31875 0.7407407407407407 0.3104166666666667 0.7203703703703703 0.31145833333333334 0.712037037037037 0.3177083333333333 0.712037037037037
1 0.4234375 0.3194444444444444 0.42916666666666664 0.325 0.43385416666666665 0.3416666666666667 0.42864583333333334 0.3592592592592593 0.428125 0.36944444444444446 0.42552083333333335 0.37222222222222223 0.42291666666666666 0.36574074074074076 0.4239583333333333 0.3509259259259259 0.41875 0.33611111111111114 0.4203125 0.3212962962962963 0.42291666666666666 0.3194444444444444
1 0.5411458333333333 0.12962962962962962 0.5447916666666667 0.1398148148148148 0.5458333333333333 0.1527777777777778 0.5442708333333334 0.175 0.540625 0.17777777777777778 0.5369791666666667 0.16944444444444445 0.5354166666666667 0.1537037037037037 0.5364583333333334 0.1361111111111111 0.540625 0.12962962962962962
1 0.703125 0.03425925925925926 0.7052083333333333 0.03981481481481482 0.703125 0.06574074074074074 0.7015625 0.07314814814814814 0.696875 0.0787037037037037 0.6932291666666667 0.075 0.6942708333333333 0.049074074074074076 0.6984375 0.03333333333333333 0.7 0.03148148148148148 0.7026041666666667 0.03425925925925926
1 0.05677083333333333 0.11018518518518519 0.071875 0.1361111111111111 0.06770833333333333 0.14629629629629629 0.0515625 0.1175925925925926 0.051041666666666666 0.11296296296296296 0.053125 0.10925925925925926 0.05625 0.11018518518518519
1 0.4578125 0.2074074074074074 0.46458333333333335 0.22407407407407406 0.46770833333333334 0.2462962962962963 0.4666666666666667 0.25092592592592594 0.4635416666666667 0.24722222222222223 0.46197916666666666 0.2490740740740741 0.459375 0.2657407407407407 0.45677083333333335 0.26481481481481484 0.45625 0.23981481481481481 0.45364583333333336 0.225 0.4546875 0.2101851851851852 0.45729166666666665 0.2074074074074074
1 0.9458333333333333 0.44907407407407407 0.959375 0.43425925925925923 0.9635416666666666 0.43333333333333335 0.965625 0.46111111111111114 0.9640625 0.46574074074074073 0.9572916666666667 0.4666666666666667 0.946875 0.47685185185185186 0.9322916666666666 0.4842592592592593 0.9317708333333333 0.4740740740740741 0.9348958333333334 0.46296296296296297 0.9458333333333333 0.45
1 0.43125 0.7305555555555555 0.440625 0.7314814814814815 0.4479166666666667 0.7444444444444445 0.4479166666666667 0.7583333333333333 0.453125 0.7666666666666667 0.45260416666666664 0.7722222222222223 0.4484375 0.7722222222222223 0.43854166666666666 0.7638888888888888 0.43072916666666666 0.762962962962963 0.42916666666666664 0.7564814814814815 0.43125 0.7481481481481481 0.43125 0.7314814814814815
1 0.0078125 0.7611111111111111 0.007291666666666667 0.7703703703703704 0.009375 0.774074074074074 0.019270833333333334 0.7796296296296297 0.0328125 0.7962962962962963 0.03229166666666667 0.8 0.022916666666666665 0.8009259259259259 0.016666666666666666 0.8101851851851852 0 0.7935185185185185 0 0.762962962962963 0.007291666666666667 0.7611111111111111
1 0.5083333333333333 0.04537037037037037 0.5119791666666667 0.05648148148148148 0.5083333333333333 0.09074074074074075 0.5052083333333334 0.08888888888888889 0.5015625 0.06851851851851852 0.5015625 0.05648148148148148 0.5041666666666667 0.04722222222222222 0.5078125 0.04537037037037037
1 0.26875 0.8398148148148148 0.28541666666666665 0.8555555555555555 0.28958333333333336 0.8546296296296296 0.29635416666666664 0.8462962962962963 0.3 0.8462962962962963 0.3 0.8527777777777777 0.2947916666666667 0.8592592592592593 0.2864583333333333 0.8611111111111112 0.2828125 0.8703703703703703 0.2760416666666667 0.8712962962962963 0.2640625 0.8490740740740741 0.26510416666666664 0.8425925925925926 0.2682291666666667 0.8407407407407408
1 0.51875 0.05277777777777778 0.5213541666666667 0.06296296296296296 0.5197916666666667 0.08518518518518518 0.515625 0.09907407407407408 0.5130208333333334 0.0962962962962963 0.5119791666666667 0.06296296296296296 0.5145833333333333 0.053703703703703705 0.5182291666666666 0.05277777777777778
1 0.4739583333333333 0.21296296296296297 0.47239583333333335 0.2064814814814815 0.4734375 0.19074074074074074 0.4765625 0.18055555555555555 0.48072916666666665 0.17962962962962964 0.48385416666666664 0.18611111111111112 0.4864583333333333 0.20462962962962963 0.484375 0.20833333333333334 0.48020833333333335 0.2064814814814815 0.4744791666666667 0.21203703703703702
1 0.27291666666666664 0.7981481481481482 0.2791666666666667 0.8027777777777778 0.28072916666666664 0.8111111111111111 0.2875 0.8203703703703704 0.2760416666666667 0.8444444444444444 0.27239583333333334 0.8435185185185186 0.2677083333333333 0.8305555555555556 0.26197916666666665 0.8268518518518518 0.2598958333333333 0.8175925925925925 0.2604166666666667 0.8027777777777778 0.27239583333333334 0.7981481481481482
1 0.684375 0.2074074074074074 0.6895833333333333 0.23055555555555557 0.6822916666666666 0.24351851851851852 0.68125 0.2564814814814815 0.6776041666666667 0.25555555555555554 0.6744791666666666 0.24814814814814815 0.6760416666666667 0.22777777777777777 0.675 0.21944444444444444 0.6796875 0.21481481481481482 0.68125 0.2074074074074074 0.6838541666666667 0.2074074074074074
1 0.7171875 0.9685185185185186 0.721875 0.9703703703703703 0.734375 0.9861111111111112 0.7364583333333333 0.9916666666666667 0.7359375 0.9990740740740741 0.7203125 0.9990740740740741 0.7125 0.9842592592592593 0.7130208333333333 0.9768518518518519 0.7166666666666667 0.9694444444444444
1 0.3098958333333333 0.7824074074074074 0.31666666666666665 0.787962962962963 0.32864583333333336 0.7888888888888889 0.33125 0.7916666666666666 0.33125 0.7972222222222223 0.3223958333333333 0.8055555555555556 0.3229166666666667 0.8240740740740741 0.32083333333333336 0.8314814814814815 0.3177083333333333 0.8314814814814815 0.3182291666666667 0.8185185185185185 0.3104166666666667 0.8027777777777778 0.30364583333333334 0.8138888888888889 0.30364583333333334 0.8064814814814815 0.30572916666666666 0.8037037037037037 0.3046875 0.7861111111111111 0.309375 0.7824074074074074
1 0.08229166666666667 0.6111111111111112 0.09479166666666666 0.6185185185185185 0.09739583333333333 0.6231481481481481 0.09947916666666666 0.6370370370370371 0.11197916666666667 0.6425925925925926 0.1125 0.6472222222222223 0.109375 0.65 0.09375 0.6472222222222223 0.0796875 0.6333333333333333 0.0765625 0.6138888888888889 0.07760416666666667 0.6111111111111112 0.08177083333333333 0.6111111111111112
1 0.07447916666666667 0.6305555555555555 0.09010416666666667 0.6435185185185185 0.09791666666666667 0.662962962962963 0.10625 0.6675925925925926 0.10677083333333333 0.6712962962962963 0.09166666666666666 0.6712962962962963 0.07708333333333334 0.6583333333333333 0.06927083333333334 0.6370370370370371 0.07083333333333333 0.6314814814814815 0.07395833333333333 0.6305555555555555
1 0.7765625 0.22777777777777777 0.7791666666666667 0.23055555555555557 0.7791666666666667 0.23981481481481481 0.775 0.25555555555555554 0.7765625 0.26944444444444443 0.7661458333333333 0.2759259259259259 0.7640625 0.2722222222222222 0.76875 0.24259259259259258 0.7760416666666666 0.22777777777777777
1 0.540625 0.37222222222222223 0.5458333333333333 0.37962962962962965 0.5473958333333333 0.39351851851851855 0.5447916666666667 0.4101851851851852 0.5380208333333333 0.425 0.5364583333333334 0.425 0.5364583333333334 0.41759259259259257 0.5322916666666667 0.4009259259259259 0.53125 0.38425925925925924 0.5354166666666667 0.375 0.5401041666666667 0.37222222222222223
1 0.44583333333333336 0.3 0.45260416666666664 0.3055555555555556 0.45416666666666666 0.3138888888888889 0.453125 0.32222222222222224 0.44583333333333336 0.3333333333333333 0.44375 0.3314814814814815 0.44114583333333335 0.31666666666666665 0.44166666666666665 0.30277777777777776 0.4453125 0.3
1 0.4822916666666667 0.2074074074074074 0.4864583333333333 0.21666666666666667 0.4864583333333333 0.22870370370370371 0.484375 0.2361111111111111 0.4859375 0.25462962962962965 0.48489583333333336 0.262037037037037 0.4822916666666667 0.26481481481481484 0.48072916666666665 0.26481481481481484 0.48125 0.2462962962962963 0.4765625 0.23703703703703705 0.475 0.225 0.4765625 0.2101851851851852 0.4817708333333333 0.2074074074074074
1 0 0.16018518518518518 0.005208333333333333 0.1638888888888889 0.016145833333333335 0.1925925925925926 0.011458333333333333 0.19722222222222222 0.0046875 0.1824074074074074 0 0.17777777777777778 0 0.16111111111111112
1 0.5270833333333333 0.058333333333333334 0.5291666666666667 0.06018518518518518 0.5296875 0.0712962962962963 0.5286458333333334 0.09537037037037037 0.5265625 0.10185185185185185 0.5229166666666667 0.09814814814814815 0.5203125 0.0787037037037037 0.5213541666666667 0.06111111111111111 0.5265625 0.058333333333333334
1 0.48854166666666665 0.762962962962963 0.5026041666666666 0.7861111111111111 0.5005208333333333 0.7925925925925926 0.49114583333333334 0.799074074074074 0.4864583333333333 0.8074074074074075 0.4828125 0.8064814814814815 0.48385416666666664 0.7888888888888889 0.48020833333333335 0.7685185185185185 0.4817708333333333 0.7620370370370371 0.48802083333333335 0.762962962962963
1 0.6786458333333333 0.35555555555555557 0.6822916666666666 0.362962962962963 0.6828125 0.37222222222222223 0.6713541666666667 0.3990740740740741 0.6682291666666667 0.39814814814814814 0.6677083333333333 0.39166666666666666 0.6645833333333333 0.3861111111111111 0.6666666666666666 0.3712962962962963 0.6723958333333333 0.3574074074074074 0.678125 0.35555555555555557
1 0.42604166666666665 0.9583333333333334 0.4390625 0.9675925925925926 0.4421875 0.9731481481481481 0.4421875 0.987037037037037 0.43697916666666664 0.9944444444444445 0.4296875 0.9935185185185185 0.41875 0.9740740740740741 0.41875 0.9666666666666667 0.42552083333333335 0.9583333333333334
1 0.40520833333333334 0.32685185185185184 0.4109375 0.3314814814814815 0.4161458333333333 0.34444444444444444 0.4161458333333333 0.3592592592592593 0.4114583333333333 0.3824074074074074 0.409375 0.37962962962962965 0.409375 0.3675925925925926 0.40625 0.35462962962962963 0.4036458333333333 0.35185185185185186 0.4005208333333333 0.35555555555555557 0.4 0.3416666666666667 0.40260416666666665 0.3287037037037037 0.4046875 0.32685185185185184
1 0.5260416666666666 0.025925925925925925 0.5291666666666667 0.03425925925925926 0.5302083333333333 0.05092592592592592 0.5291666666666667 0.05740740740740741 0.5223958333333333 0.06481481481481481 0.5203125 0.05277777777777778 0.5208333333333334 0.03981481481481482 0.5223958333333333 0.02962962962962963 0.5255208333333333 0.025925925925925925