1 0.25833333333333336 0.16574074074074074 0.2630208333333333 0.1787037037037037 0.26458333333333334 0.19907407407407407 0.2604166666666667 0.20092592592592592 0.25416666666666665 0.1824074074074074 0.25416666666666665 0.17407407407407408 0.2578125 0.16666666666666666
1 0.6473958333333333 0.1527777777777778 0.65 0.16666666666666666 0.6473958333333333 0.18703703703703703 0.64375 0.19166666666666668 0.6421875 0.16111111111111112 0.6432291666666666 0.15555555555555556 0.646875 0.1527777777777778
1 0.6197916666666666 0.2851851851851852 0.6223958333333334 0.3 0.61875 0.3277777777777778 0.6161458333333333 0.33055555555555555 0.6145833333333334 0.3287037037037037 0.6130208333333333 0.29907407407407405 0.6161458333333333 0.2861111111111111 0.6192708333333333 0.2851851851851852
1 0.14479166666666668 0.23333333333333334 0.15104166666666666 0.24722222222222223 0.15260416666666668 0.2601851851851852 0.15104166666666666 0.2657407407407407 0.14166666666666666 0.24814814814814815 0.14166666666666666 0.2361111111111111 0.14427083333333332 0.23333333333333334
1 0.6109375 0.4861111111111111 0.6130208333333333 0.49074074074074076 0.6125 0.5222222222222223 0.6088541666666667 0.5222222222222223 0.6010416666666667 0.5111111111111111 0.6052083333333333 0.487962962962963 0.6104166666666667 0.4861111111111111
1 0.5838541666666667 0.3416666666666667 0.5859375 0.3296296296296296 0.5854166666666667 0.3074074074074074 0.590625 0.2972222222222222 0.5932291666666667 0.3 0.59375 0.3111111111111111 0.590625 0.34629629629629627 0.5880208333333333 0.34814814814814815 0.584375 0.3416666666666667
1 0.6369791666666667 0.19074074074074074 0.6390625 0.21666666666666667 0.6359375 0.23425925925925925 0.6338541666666667 0.2388888888888889 0.6317708333333333 0.23703703703703705 0.6307291666666667 0.21666666666666667 0.6369791666666667 0.19166666666666668
1 0.47291666666666665 0.9351851851851852 0.47708333333333336 0.9435185185185185 0.4786458333333333 0.9666666666666667 0.48385416666666664 0.9731481481481481 0.49114583333333334 0.975925925925926 0.4890625 0.9814814814814815 0.48489583333333336 0.9842592592592593 0.4796875 0.9824074074074074 0.4744791666666667 0.975925925925926 0.4703125 0.9814814814814815 0.46458333333333335 0.9805555555555555 0.46041666666666664 0.9703703703703703 0.4557291666666667 0.9666666666666667 0.45677083333333335 0.962037037037037 0.46145833333333336 0.9583333333333334 0.4635416666666667 0.9444444444444444 0.46875 0.9351851851851852 0.47239583333333335 0.9351851851851852
1 0.05364583333333333 0.3814814814814815 0.0671875 0.3925925925925926 0.08020833333333334 0.4148148148148148 0.07291666666666667 0.41388888888888886 0.07135416666666666 0.4166666666666667 0.07239583333333334 0.42685185185185187 0.07083333333333333 0.4287037037037037 0.05364583333333333 0.39351851851851855 0.053125 0.3824074074074074
1 0.278125 0.14814814814814814 0.008333333333333333 0.03148148148148148
1 0.8489583333333334 0.46944444444444444 0.8515625 0.475 0.8510416666666667 0.4861111111111111 0.8421875 0.5166666666666667 0.8401041666666667 0.5157407407407407 0.840625 0.5046296296296297 0.8385416666666666 0.5018518518518519 0.8338541666666667 0.5111111111111111 0.8317708333333333 0.5120370370370371 0.8307291666666666 0.5074074074074074 0.8380208333333333 0.4925925925925926 0.8395833333333333 0.4759259259259259 0.8447916666666667 0.4675925925925926 0.8484375 0.46944444444444444
1 0.3380208333333333 0.09444444444444444 0.340625 0.10555555555555556 0.340625 0.11481481481481481 0.3385416666666667 0.11944444444444445 0.3328125 0.10925925925925926 0.3338541666666667 0.0962962962962963 0.3375 0.09444444444444444
1 0.6083333333333333 0.22314814814814815 0.6125 0.22037037037037038 0.6166666666666667 0.2324074074074074 0.6125 0.2657407407407407 0.609375 0.2657407407407407 0.60625 0.23703703703703705 0.6083333333333333 0.22407407407407406
1 0.38125 0.058333333333333334 0.3828125 0.06851851851851852 0.3807291666666667 0.08333333333333333 0.3776041666666667 0.08055555555555556 0.3765625 0.06759259259259259 0.3770833333333333 0.06018518518518518 0.3807291666666667 0.058333333333333334
1 0.04739583333333333 0.38796296296296295 0.0515625 0.38981481481481484 0.0546875 0.3990740740740741 0.057291666666666664 0.425 0.051041666666666666 0.41388888888888886 0.046875 0.4111111111111111 0.043229166666666666 0.41388888888888886 0.03958333333333333 0.4101851851851852 0.03854166666666667 0.39537037037037037 0.046875 0.38796296296296295
1 0.1125 0.29259259259259257 0.1125 0.28055555555555556 0.10833333333333334 0.26944444444444443 0.10729166666666666 0.2564814814814815 0.11302083333333333 0.2462962962962963 0.11666666666666667 0.24814814814814815 0.1203125 0.26481481481481484 0.1203125 0.2740740740740741 0.12291666666666666 0.2814814814814815 0.12291666666666666 0.2898148148148148 0.11302083333333333 0.29259259259259257
1 0.465625 0.5305555555555556 0.4713541666666667 0.5425925925925926 0.4734375 0.5722222222222222 0.4671875 0.575925925925926 0.4630208333333333 0.5833333333333334 0.46145833333333336 0.5324074074074074 0.46510416666666665 0.5305555555555556
1 0.575 0.3990740740740741 0.5796875 0.4074074074074074 0.5796875 0.41574074074074074 0.5776041666666667 0.4398148148148148 0.5713541666666667 0.4444444444444444 0.5697916666666667 0.44351851851851853 0.5692708333333333 0.41203703703703703 0.5744791666666667 0.3990740740740741
1 0.5447916666666667 0.47314814814814815 0.5453125 0.48148148148148145 0.5479166666666667 0.487962962962963 0.5479166666666667 0.5111111111111111 0.5515625 0.5222222222222223 0.5510416666666667 0.5259259259259259 0.546875 0.5277777777777778 0.5432291666666667 0.5157407407407407 0.5385416666666667 0.5259259259259259 0.5333333333333333 0.5259259259259259 0.5369791666666667 0.5111111111111111 0.5354166666666667 0.4888888888888889 0.5390625 0.48055555555555557 0.5395833333333333 0.4740740740740741 0.5442708333333334 0.47314814814814815
1 0.29635416666666664 0.14074074074074075 0.3 0.16111111111111112 0.3 0.1712962962962963 0.29791666666666666 0.17222222222222222 0.29635416666666664 0.1712962962962963 0.2921875 0.14814814814814814 0.29270833333333335 0.1398148148148148 0.29583333333333334 0.14074074074074075
1 0.6018229166666667 0.24259259259259258 0.008854166666666666 0.04814814814814815
1 0.5151041666666667 0.43703703703703706 0.5192708333333333 0.4537037037037037 0.51875 0.46111111111111114 0.515625 0.4648148148148148 0.5067708333333333 0.4564814814814815 0.5072916666666667 0.44537037037037036 0.5104166666666666 0.43703703703703706 0.5145833333333333 0.43703703703703706
1 0.6614583333333334 0.1574074074074074 0.6604166666666667 0.13518518518518519 0.6630208333333333 0.13055555555555556 0.6666666666666666 0.13425925925925927 0.6677083333333333 0.1398148148148148 0.6645833333333333 0.1574074074074074 0.6619791666666667 0.1574074074074074
1 0.6333333333333333 0.1259259259259259 0.6354166666666666 0.14074074074074075 0.6322916666666667 0.16018518518518518 0.6302083333333334 0.1638888888888889 0.6270833333333333 0.1638888888888889 0.6260416666666667 0.13796296296296295 0.6296875 0.12685185185185185 0.6328125 0.1259259259259259
1 0.2234375 0.18333333333333332 0.228125 0.19074074074074074 0.23072916666666668 0.21481481481481482 0.228125 0.21944444444444444 0.22395833333333334 0.21851851851851853 0.2203125 0.18888888888888888 0.22291666666666668 0.18425925925925926
1 0.13697916666666668 0.2935185185185185 0.14791666666666667 0.30648148148148147 0.15052083333333333 0.33055555555555555 0.14739583333333334 0.33240740740740743 0.14427083333333332 0.325 0.13958333333333334 0.33055555555555555 0.13697916666666668 0.3138888888888889 0.13020833333333334 0.30833333333333335 0.1328125 0.2972222222222222 0.13645833333333332 0.29444444444444445
1 0.45260416666666664 0.21574074074074073 0.4552083333333333 0.22407407407407406 0.4552083333333333 0.24166666666666667 0.4583333333333333 0.25555555555555554 0.45625 0.2574074074074074 0.453125 0.24814814814814815 0.446875 0.2518518518518518 0.44895833333333335 0.24166666666666667 0.4479166666666667 0.2222222222222222 0.45 0.21666666666666667 0.45208333333333334 0.21666666666666667
1 0.07135416666666666 0.3509259259259259 0.08229166666666667 0.36574074074074076 0.08333333333333333 0.3768518518518518 0.08802083333333334 0.3851851851851852 0.08177083333333333 0.39537037037037037 0.07552083333333333 0.3768518518518518 0.06979166666666667 0.3685185185185185 0.06822916666666666 0.35555555555555557 0.07083333333333333 0.3509259259259259
1 0.175 0.25462962962962965 0.17864583333333334 0.2564814814814815 0.18333333333333332 0.2657407407407407 0.18697916666666667 0.27870370370370373 0.18541666666666667 0.2898148148148148 0.18072916666666666 0.28888888888888886 0.17447916666666666 0.27314814814814814 0.175 0.25555555555555554
1 0.45989583333333334 0.4648148148148148 0.46822916666666664 0.4777777777777778 0.46927083333333336 0.5083333333333333 0.4666666666666667 0.5120370370370371 0.4630208333333333 0.4981481481481482 0.46041666666666664 0.5166666666666667 0.45729166666666665 0.5185185185185185 0.4583333333333333 0.4888888888888889 0.45677083333333335 0.4722222222222222 0.459375 0.46574074074074073
1 0.6265625 0.20925925925925926 0.6296875 0.22685185185185186 0.6265625 0.25092592592592594 0.6229166666666667 0.25462962962962965 0.621875 0.2518518518518518 0.621875 0.23796296296296296 0.6192708333333333 0.23055555555555557 0.6229166666666667 0.21388888888888888 0.6260416666666667 0.2101851851851852
1 0.6265625 0.2916666666666667 0.6291666666666667 0.3 0.628125 0.3194444444444444 0.6260416666666667 0.32592592592592595 0.6213541666666667 0.3296296296296296 0.6182291666666667 0.3287037037037037 0.6208333333333333 0.32407407407407407 0.6213541666666667 0.30185185185185187 0.6229166666666667 0.29444444444444445 0.6260416666666667 0.2916666666666667
1 0.43333333333333335 0.20833333333333334 0.4359375 0.22407407407407406 0.4359375 0.23796296296296296 0.4328125 0.24814814814814815 0.43020833333333336 0.24537037037037038 0.428125 0.2175925925925926 0.42864583333333334 0.21203703703703702 0.4328125 0.20833333333333334
1 0.5083333333333333 0.46111111111111114 0.5151041666666667 0.46296296296296297 0.5171875 0.4722222222222222 0.515625 0.5018518518518519 0.5114583333333333 0.5055555555555555 0.5078125 0.5157407407407407 0.5052083333333334 0.5166666666666667 0.5072916666666667 0.49722222222222223 0.50625 0.4740740740740741 0.5083333333333333 0.462037037037037
1 0.5380208333333333 0.46944444444444444 0.5401041666666667 0.4703703703703704 0.540625 0.475 0.5354166666666667 0.49074074074074076 0.5385416666666667 0.5037037037037037 0.5364583333333334 0.5148148148148148 0.534375 0.512962962962963 0.5348958333333333 0.49907407407407406 0.53125 0.4925925925925926 0.5307291666666667 0.47962962962962963 0.5348958333333333 0.4703703703703704 0.5375 0.46944444444444444
1 0.16614583333333333 0.2518518518518518 0.1734375 0.26481481481481484 0.17447916666666666 0.2796296296296296 0.17135416666666667 0.2935185185185185 0.16822916666666668 0.29259259259259257 0.16770833333333332 0.27870370370370373 0.16302083333333334 0.2574074074074074 0.16302083333333334 0.2537037037037037 0.165625 0.2518518518518518
1 0.046875 0.40925925925925927 0.0515625 0.412962962962963 0.0609375 0.4305555555555556 0.0625 0.4425925925925926 0.06041666666666667 0.44537037037037036 0.05 0.43703703703703706 0.04114583333333333 0.41203703703703703 0.04635416666666667 0.40925925925925927
1 0.1890625 0.18518518518518517 0.19375 0.1925925925925926 0.19895833333333332 0.21481481481481482 0.19583333333333333 0.2175925925925926 0.1921875 0.21574074074074073 0.18541666666666667 0.1935185185185185 0.18854166666666666 0.18611111111111112
1 0.6015625 0.2824074074074074 0.6046875 0.28425925925925927 0.6078125 0.29259259259259257 0.6067708333333334 0.3138888888888889 0.6020833333333333 0.32592592592592595 0.5989583333333334 0.325 0.5984375 0.29259259259259257 0.6015625 0.2833333333333333
1 0.6682291666666667 0.19814814814814816 0.6703125 0.20185185185185187 0.6697916666666667 0.22037037037037038 0.6682291666666667 0.23703703703703705 0.665625 0.24074074074074073 0.6630208333333333 0.2388888888888889 0.6614583333333334 0.2101851851851852 0.6645833333333333 0.2 0.6677083333333333 0.19814814814814816
1 0.022916666666666665 0.4166666666666667 0.030208333333333334 0.43333333333333335 0.0359375 0.4398148148148148 0.036458333333333336 0.44537037037037036 0.034895833333333334 0.44722222222222224 0.0265625 0.44166666666666665 0.021875 0.43148148148148147 0.018229166666666668 0.41759259259259257 0.022395833333333334 0.4166666666666667
1 0.5328125 0.45555555555555555 0.5333333333333333 0.475 0.53125 0.48518518518518516 0.5286458333333334 0.48703703703703705 0.5255208333333333 0.5027777777777778 0.5223958333333333 0.5009259259259259 0.5234375 0.45740740740740743 0.5260416666666666 0.44722222222222224 0.5286458333333334 0.44722222222222224 0.5322916666666667 0.45555555555555555
1 0.634375 0.36666666666666664 0.6369791666666667 0.3712962962962963 0.6390625 0.3907407407407407 0.6354166666666666 0.4009259259259259 0.6333333333333333 0.4222222222222222 0.6296875 0.4203703703703704 0.6265625 0.387037037037037 0.6307291666666667 0.3685185185185185 0.6338541666666667 0.36666666666666664
1 0.6427083333333333 0.11666666666666667 0.6453125 0.12685185185185185 0.6411458333333333 0.15462962962962962 0.6375 0.15 0.6375 0.12962962962962962 0.6401041666666667 0.11574074074074074 0.6421875 0.11666666666666667
1 0.5986979166666667 0.4976851851851852 0.0140625 0.04722222222222222
1 0.5875 0.36574074074074076 0.5927083333333333 0.37592592592592594 0.590625 0.3861111111111111 0.5916666666666667 0.3962962962962963 0.58125 0.4074074074074074 0.58125 0.36944444444444446 0.5833333333333334 0.3638888888888889 0.5869791666666667 0.36574074074074076
1 0.640625 0.16018518518518518 0.6432291666666666 0.17685185185185184 0.6369791666666667 0.19814814814814816 0.6354166666666666 0.19537037037037036 0.6354166666666666 0.16944444444444445 0.6369791666666667 0.16111111111111112 0.6401041666666667 0.16018518518518518
1 0.6020833333333333 0.5731481481481482 0.6 0.5712962962962963 0.6010416666666667 0.5564814814814815 0.5973958333333333 0.5398148148148149 0.596875 0.5277777777777778 0.6020833333333333 0.5148148148148148 0.6057291666666667 0.5148148148148148 0.6104166666666667 0.524074074074074 0.6098958333333333 0.5398148148148149 0.6057291666666667 0.549074074074074 0.6020833333333333 0.5722222222222222
1 0.65 0.16203703703703703 0.6541666666666667 0.16296296296296298 0.6557291666666667 0.16944444444444445 0.653125 0.19722222222222222 0.6505208333333333 0.2 0.6484375 0.1787037037037037 0.65 0.16296296296296298
1 0.5713541666666667 0.47685185185185186 0.5765625 0.48333333333333334 0.578125 0.5018518518518519 0.5708333333333333 0.5287037037037037 0.56875 0.5268518518518519 0.5651041666666666 0.5111111111111111 0.5645833333333333 0.4925925925925926 0.5666666666666667 0.48148148148148145 0.5708333333333333 0.47685185185185186
1 0.36822916666666666 0.9342592592592592 0.3729166666666667 0.937037037037037 0.3765625 0.9435185185185185 0.38333333333333336 0.9648148148148148 0.38229166666666664 0.9703703703703703 0.37604166666666666 0.9703703703703703 0.3734375 0.9944444444444445 0.3703125 0.9916666666666667 0.3697916666666667 0.9712962962962963 0.3651041666666667 0.9657407407407408 0.3625 0.9574074074074074 0.35572916666666665 0.9694444444444444 0.35572916666666665 0.9564814814814815 0.35989583333333336 0.9388888888888889 0.3625 0.9333333333333333 0.36770833333333336 0.9342592592592592
1 0.9911458333333333 0.612037037037037 0.9994791666666667 0.6018518518518519 0.9994791666666667 0.637962962962963 0.9921875 0.6481481481481481 0.9916666666666667 0.6592592592592592 0.9833333333333333 0.649074074074074 0.9890625 0.6305555555555555 0.9911458333333333 0.6129629629629629
1 0.6505208333333333 0.2175925925925926 0.653125 0.23796296296296296 0.65 0.2564814814814815 0.6473958333333333 0.262037037037037 0.6447916666666667 0.2601851851851852 0.6447916666666667 0.23055555555555557 0.6473958333333333 0.21851851851851853 0.65 0.2175925925925926