1 0.44947916666666665 0.525 0.45260416666666664 0.5277777777777778 0.4578125 0.5453703703703704 0.4546875 0.5601851851851852 0.45625 0.5703703703703704 0.4546875 0.5833333333333334 0.453125 0.5861111111111111 0.44947916666666665 0.5851851851851851 0.44895833333333335 0.5601851851851852 0.44427083333333334 0.5537037037037037 0.4427083333333333 0.5462962962962963 0.44375 0.5370370370370371 0.44895833333333335 0.5259259259259259
1 0.19947916666666668 0.21944444444444444 0.2046875 0.23425925925925925 0.20520833333333333 0.25462962962962965 0.203125 0.25833333333333336 0.19739583333333333 0.24814814814814815 0.19479166666666667 0.23148148148148148 0.196875 0.22037037037037038 0.19895833333333332 0.21944444444444444
1 0.3953125 0.17314814814814813 0.39895833333333336 0.18333333333333332 0.39739583333333334 0.21481481481481482 0.39427083333333335 0.2101851851851852 0.390625 0.18796296296296297 0.3921875 0.17314814814814813 0.39479166666666665 0.17314814814814813
1 0.36614583333333334 0.06481481481481481 0.3697916666666667 0.07685185185185185 0.3692708333333333 0.09537037037037037 0.36614583333333334 0.09444444444444444 0.36354166666666665 0.08333333333333333 0.3625 0.07037037037037037 0.365625 0.06481481481481481
1 0.15052083333333333 0.2657407407407407 0.15 0.25462962962962965 0.146875 0.24722222222222223 0.146875 0.24074074074074073 0.15052083333333333 0.23425925925925925 0.1546875 0.23703703703703705 0.159375 0.2601851851851852 0.1578125 0.26851851851851855 0.15416666666666667 0.26944444444444443 0.15104166666666666 0.2657407407407407
1 0.371875 0.9564814814814815 0.3796875 0.9361111111111111 0.38697916666666665 0.9351851851851852 0.4005208333333333 0.9629629629629629 0.4010416666666667 0.9722222222222222 0.39739583333333334 0.9796296296296296 0.390625 0.9814814814814815 0.3848958333333333 0.9990740740740741 0.37864583333333335 0.9990740740740741 0.384375 0.9787037037037037 0.38385416666666666 0.9666666666666667 0.37864583333333335 0.9564814814814815 0.3723958333333333 0.9574074074074074
1 0.12291666666666666 0.2814814814814815 0.1265625 0.28055555555555556 0.1328125 0.2861111111111111 0.134375 0.3 0.13697916666666668 0.30648148148148147 0.13333333333333333 0.31574074074074077 0.13385416666666666 0.3277777777777778 0.1265625 0.3212962962962963 0.12135416666666667 0.30092592592592593 0.12291666666666666 0.2824074074074074
1 0.3416666666666667 0.15925925925925927 0.009375 0.03518518518518519
1 0.109375 0.31203703703703706 0.1125 0.31296296296296294 0.12291666666666666 0.3277777777777778 0.1203125 0.3592592592592593 0.11875 0.3611111111111111 0.11666666666666667 0.35833333333333334 0.11458333333333333 0.33796296296296297 0.10833333333333334 0.3314814814814815 0.10885416666666667 0.31296296296296294
1 0.17395833333333333 0.2462962962962963 0.18177083333333333 0.2675925925925926 0.18177083333333333 0.2722222222222222 0.17916666666666667 0.2759259259259259 0.17552083333333332 0.275 0.16979166666666667 0.2611111111111111 0.16927083333333334 0.24814814814814815 0.1734375 0.2462962962962963
1 0.5286458333333334 0.33796296296296297 0.5328125 0.33796296296296297 0.5390625 0.362962962962963 0.5390625 0.36574074074074076 0.5338541666666666 0.37037037037037035 0.5322916666666667 0.3861111111111111 0.5291666666666667 0.38981481481481484 0.5286458333333334 0.3388888888888889
1 0.24114583333333334 0.1824074074074074 0.2328125 0.16296296296296298 0.2328125 0.15555555555555556 0.23645833333333333 0.14907407407407408 0.240625 0.1537037037037037 0.2421875 0.16018518518518518 0.24479166666666666 0.1824074074074074 0.24166666666666667 0.1824074074074074
1 0.0375 0.3888888888888889 0.049479166666666664 0.41203703703703703 0.05520833333333333 0.4185185185185185 0.05416666666666667 0.42592592592592593 0.046875 0.42962962962962964 0.044270833333333336 0.42777777777777776 0.033854166666666664 0.4 0.03333333333333333 0.3925925925925926 0.03697916666666667 0.3888888888888889
1 0.1265625 0.2222222222222222 0.13385416666666666 0.23796296296296296 0.13697916666666668 0.26481481481481484 0.13333333333333333 0.2657407407407407 0.13125 0.2564814814814815 0.12291666666666666 0.24074074074074073 0.12291666666666666 0.23055555555555557 0.12604166666666666 0.22314814814814815
1 0.8984375 0.425 0.9020833333333333 0.42777777777777776 0.9046875 0.44722222222222224 0.8890625 0.47685185185185186 0.8890625 0.48055555555555557 0.8859375 0.48055555555555557 0.8838541666666667 0.47685185185185186 0.8854166666666666 0.4638888888888889 0.8890625 0.4425925925925926 0.8979166666666667 0.425
1 0.30364583333333334 0.887962962962963 0.31302083333333336 0.912962962962963 0.3151041666666667 0.9287037037037037 0.31145833333333334 0.9388888888888889 0.2994791666666667 0.9175925925925926 0.29791666666666666 0.9092592592592592 0.29322916666666665 0.9009259259259259 0.29635416666666664 0.8907407407407407 0.303125 0.887962962962963
1 0.48125 0.5342592592592592 0.48854166666666665 0.5537037037037037 0.484375 0.5712962962962963 0.48385416666666664 0.5935185185185186 0.48072916666666665 0.5962962962962963 0.4791666666666667 0.5925925925925926 0.4791666666666667 0.5768518518518518 0.4744791666666667 0.5592592592592592 0.47760416666666666 0.537962962962963 0.48072916666666665 0.5342592592592592
1 0.4635416666666667 0.7861111111111111 0.47291666666666665 0.7935185185185185 0.47708333333333336 0.8055555555555556 0.478125 0.8185185185185185 0.47708333333333336 0.825 0.4739583333333333 0.8240740740740741 0.4708333333333333 0.8157407407407408 0.4661458333333333 0.8212962962962963 0.465625 0.8453703703703703 0.4630208333333333 0.8490740740740741 0.45989583333333334 0.8481481481481481 0.46041666666666664 0.8138888888888889 0.45729166666666665 0.7972222222222223 0.4578125 0.7888888888888889 0.4630208333333333 0.7861111111111111
1 0.28072916666666664 0.8842592592592593 0.2859375 0.8925925925925926 0.2869791666666667 0.9194444444444444 0.2760416666666667 0.9296296296296296 0.27239583333333334 0.9259259259259259 0.271875 0.9194444444444444 0.2677083333333333 0.9092592592592592 0.26510416666666664 0.8898148148148148 0.271875 0.8833333333333333 0.28020833333333334 0.8842592592592593
1 0.3 0.11574074074074074 0.3026041666666667 0.14814814814814814 0.3 0.14814814814814814 0.29322916666666665 0.1259259259259259 0.29583333333333334 0.11666666666666667 0.2994791666666667 0.11574074074074074
1 0.4049479166666667 0.18518518518518517 0.009895833333333333 0.044444444444444446
1 0.1484375 0.26851851851851855 0.1546875 0.2759259259259259 0.15677083333333333 0.2898148148148148 0.16197916666666667 0.2962962962962963 0.16145833333333334 0.3 0.15729166666666666 0.29814814814814816 0.1578125 0.30462962962962964 0.15520833333333334 0.30833333333333335 0.14583333333333334 0.2824074074074074 0.14479166666666668 0.26944444444444443 0.14791666666666667 0.26851851851851855
1 0.3734375 0.3638888888888889 0.37864583333333335 0.37592592592592594 0.38125 0.40185185185185185 0.3859375 0.4111111111111111 0.384375 0.412962962962963 0.38229166666666664 0.412962962962963 0.3802083333333333 0.4074074074074074 0.37552083333333336 0.4101851851851852 0.3703125 0.4074074074074074 0.3729166666666667 0.3925925925925926 0.3697916666666667 0.37592592592592594 0.37083333333333335 0.36574074074074076 0.3729166666666667 0.3638888888888889
1 0.2203125 0.15555555555555556 0.225 0.15833333333333333 0.22760416666666666 0.1638888888888889 0.22916666666666666 0.19074074074074074 0.22708333333333333 0.19444444444444445 0.22447916666666667 0.1925925925925926 0.21875 0.1675925925925926 0.21979166666666666 0.15648148148148147
1 0.33177083333333335 0.6925925925925925 0.3411458333333333 0.7027777777777777 0.3463541666666667 0.7185185185185186 0.3463541666666667 0.7231481481481481 0.33697916666666666 0.7388888888888889 0.33489583333333334 0.7490740740740741 0.33125 0.7490740740740741 0.325 0.6990740740740741 0.32760416666666664 0.6925925925925925 0.33125 0.6925925925925925
1 0.17916666666666667 0.22962962962962963 0.18645833333333334 0.25092592592592594 0.1859375 0.2564814814814815 0.18229166666666666 0.2601851851851852 0.17864583333333334 0.25925925925925924 0.17291666666666666 0.24537037037037038 0.17395833333333333 0.23055555555555557 0.17864583333333334 0.22962962962962963
1 0.290625 0.7333333333333333 0.3 0.7407407407407407 0.30104166666666665 0.7546296296296297 0.3078125 0.7648148148148148 0.30520833333333336 0.7694444444444445 0.30052083333333335 0.7648148148148148 0.29739583333333336 0.7675925925925926 0.29635416666666664 0.7870370370370371 0.29322916666666665 0.7870370370370371 0.28958333333333336 0.7731481481481481 0.2875 0.7509259259259259 0.284375 0.7416666666666667 0.2859375 0.7324074074074074 0.29010416666666666 0.7333333333333333
1 0.3463541666666667 0.13703703703703704 0.3489583333333333 0.1398148148148148 0.35208333333333336 0.16018518518518518 0.35208333333333336 0.17222222222222222 0.3489583333333333 0.17407407407407408 0.3458333333333333 0.16574074074074074 0.34322916666666664 0.14722222222222223 0.34322916666666664 0.14074074074074075 0.3458333333333333 0.13703703703703704
1 0.7005208333333334 0.2601851851851852 0.7041666666666667 0.2611111111111111 0.70625 0.2796296296296296 0.6994791666666667 0.30925925925925923 0.6953125 0.3111111111111111 0.6942708333333333 0.3055555555555556 0.6942708333333333 0.2814814814814815 0.7005208333333334 0.2611111111111111
1 0.5885416666666666 0.4083333333333333 0.5880208333333333 0.37592592592592594 0.5916666666666667 0.36203703703703705 0.5973958333333333 0.37222222222222223 0.5989583333333334 0.38333333333333336 0.5942708333333333 0.4046296296296296 0.5916666666666667 0.40925925925925927 0.5890625 0.4083333333333333
1 0.6645833333333333 0.1111111111111111 0.6666666666666666 0.12222222222222222 0.6614583333333334 0.14629629629629629 0.6588541666666666 0.14444444444444443 0.6583333333333333 0.12222222222222222 0.6604166666666667 0.1111111111111111 0.6640625 0.1111111111111111
1 0.2520833333333333 0.16111111111111112 0.2557291666666667 0.16574074074074074 0.25885416666666666 0.17685185185185184 0.25833333333333336 0.18981481481481483 0.2557291666666667 0.1925925925925926 0.2515625 0.19166666666666668 0.24947916666666667 0.1712962962962963 0.24947916666666667 0.1648148148148148 0.2515625 0.16111111111111112
1 0.3692708333333333 0.8944444444444445 0.375 0.9018518518518519 0.37916666666666665 0.9324074074074075 0.3765625 0.9425925925925925 0.3703125 0.9453703703703704 0.36770833333333336 0.9416666666666667 0.365625 0.9277777777777778 0.35572916666666665 0.912962962962963 0.3572916666666667 0.9009259259259259 0.36875 0.8944444444444445
1 0.18854166666666666 0.22777777777777777 0.19375 0.23333333333333334 0.1953125 0.24444444444444444 0.19583333333333333 0.25833333333333336 0.19270833333333334 0.26666666666666666 0.19010416666666666 0.2657407407407407 0.190625 0.2574074074074074 0.184375 0.2324074074074074 0.18541666666666667 0.22777777777777777 0.18802083333333333 0.22777777777777777
1 0.09635416666666667 0.325 0.103125 0.3333333333333333 0.103125 0.3425925925925926 0.10833333333333334 0.3611111111111111 0.10572916666666667 0.36574074074074076 0.09479166666666666 0.34814814814814815 0.09166666666666666 0.3277777777777778 0.09583333333333334 0.325
1 0.6729166666666667 0.12037037037037036 0.6744791666666666 0.13148148148148148 0.6703125 0.15555555555555556 0.6682291666666667 0.15555555555555556 0.6666666666666666 0.1259259259259259 0.6682291666666667 0.12129629629629629 0.6723958333333333 0.12037037037037036
1 0.19270833333333334 0.17314814814814813 0.20104166666666667 0.19814814814814816 0.19739583333333333 0.2037037037037037 0.19270833333333334 0.20185185185185187 0.18697916666666667 0.1824074074074074 0.1875 0.17685185185185184 0.1921875 0.17314814814814813
1 0.8377604166666667 0.18703703703703703 0.0140625 0.03888888888888889
1 0.41458333333333336 0.9305555555555556 0.42135416666666664 0.9388888888888889 0.42291666666666666 0.9444444444444444 0.4234375 0.9546296296296296 0.4197916666666667 0.9648148148148148 0.4265625 0.9768518518518519 0.42552083333333335 0.9787037037037037 0.415625 0.9777777777777777 0.4088541666666667 0.9694444444444444 0.4036458333333333 0.9342592592592592 0.40677083333333336 0.9296296296296296 0.4140625 0.9305555555555556
1 0.5572916666666666 0.35555555555555557 0.5619791666666667 0.3685185185185185 0.5630208333333333 0.37777777777777777 0.5572916666666666 0.4009259259259259 0.5536458333333333 0.40370370370370373 0.5546875 0.38981481481481484 0.5520833333333334 0.3685185185185185 0.5567708333333333 0.35555555555555557
1 0.34270833333333334 0.08981481481481482 0.3453125 0.09259259259259259 0.34739583333333335 0.10648148148148148 0.35104166666666664 0.11574074074074074 0.3489583333333333 0.11944444444444445 0.3453125 0.11851851851851852 0.34375 0.125 0.3416666666666667 0.12407407407407407 0.33958333333333335 0.10925925925925926 0.33958333333333335 0.09814814814814815 0.3421875 0.08981481481481482
1 0.6541666666666667 0.412962962962963 0.6578125 0.4305555555555556 0.6484375 0.462037037037037 0.6458333333333334 0.4601851851851852 0.646875 0.42777777777777776 0.6536458333333334 0.412962962962963
1 0.546875 0.5064814814814815 0.5473958333333333 0.4842592592592593 0.5432291666666667 0.47129629629629627 0.5432291666666667 0.46296296296296297 0.5463541666666667 0.4527777777777778 0.5505208333333333 0.45092592592592595 0.5572916666666666 0.47129629629629627 0.5567708333333333 0.4787037037037037 0.5473958333333333 0.5055555555555555
1 0.3171875 0.12361111111111112 0.008333333333333333 0.03425925925925926
1 0.6401041666666667 0.12407407407407407 0.6432291666666666 0.1259259259259259 0.6463541666666667 0.13425925925925927 0.6427083333333333 0.15925925925925927 0.6395833333333333 0.16203703703703703 0.6369791666666667 0.1388888888888889 0.6401041666666667 0.125
1 0.5088541666666667 0.9203703703703704 0.5203125 0.937962962962963 0.5197916666666667 0.9490740740740741 0.5151041666666667 0.9564814814814815 0.5119791666666667 0.9675925925925926 0.5083333333333333 0.9657407407407408 0.5072916666666667 0.9592592592592593 0.4942708333333333 0.9351851851851852 0.5005208333333333 0.9305555555555556 0.5046875 0.9212962962962963 0.5083333333333333 0.9203703703703704
1 0.6572916666666667 0.19907407407407407 0.6598958333333333 0.20925925925925926 0.6598958333333333 0.2222222222222222 0.6541666666666667 0.23981481481481481 0.6515625 0.2388888888888889 0.6494791666666667 0.21388888888888888 0.6520833333333333 0.20092592592592592 0.6541666666666667 0.19722222222222222 0.6567708333333333 0.19907407407407407
1 0.26875 0.1574074074074074 0.27760416666666665 0.1824074074074074 0.27760416666666665 0.18611111111111112 0.275 0.18888888888888888 0.27239583333333334 0.1814814814814815 0.26875 0.19444444444444445 0.26458333333333334 0.16944444444444445 0.26510416666666664 0.15833333333333333 0.2682291666666667 0.1574074074074074