0 0.44427083333333334 0.5194444444444445 0.48072916666666665 0.525 0.4947916666666667 0.5342592592592592 0.4984375 0.5398148148148149 0.5015625 0.5518518518518518 0.5015625 0.5907407407407408 0.4942708333333333 0.6055555555555555 0.484375 0.6148148148148148 0.4765625 0.6157407407407407 0.4635416666666667 0.6074074074074074 0.4239583333333333 0.6083333333333333 0.41770833333333335 0.6157407407407407 0.4109375 0.6185185185185185 0.4005208333333333 0.6148148148148148 0.38958333333333334 0.5981481481481481 0.384375 0.5842592592592593 0.38385416666666666 0.5574074074074075 0.3885416666666667 0.5333333333333333 0.39375 0.525 0.4 0.5212962962962963 0.44375 0.5194444444444445
0 0.7760416666666666 0.21574074074074073 0.7859375 0.22685185185185186 0.7895833333333333 0.2351851851851852 0.7895833333333333 0.24537037037037038 0.7828125 0.26666666666666666 0.7791666666666667 0.2722222222222222 0.7651041666666667 0.2675925925925926 0.7677083333333333 0.2759259259259259 0.7619791666666667 0.2814814814814815 0.7447916666666666 0.2675925925925926 0.7411458333333333 0.2675925925925926 0.7515625 0.2851851851851852 0.7479166666666667 0.30277777777777776 0.7432291666666667 0.3074074074074074 0.7333333333333333 0.30462962962962964 0.7203125 0.2916666666666667 0.7171875 0.2833333333333333 0.7182291666666667 0.2675925925925926 0.7541666666666667 0.22314814814814815 0.7755208333333333 0.21574074074074073
0 0.5421875 0 0.5744791666666667 0 0.5697916666666667 0.04722222222222222 0.5682291666666667 0.07407407407407407 0.5692708333333333 0.09259259259259259 0.5651041666666666 0.12962962962962962 0.565625 0.13796296296296295 0.5588541666666667 0.1814814814814815 0.5546875 0.18703703703703703 0.5244791666666667 0.1824074074074074 0.51875 0.1787037037037037 0.5171875 0.17037037037037037 0.5177083333333333 0.15092592592592594 0.515625 0.1361111111111111 0.5296875 0.05740740740740741 0.5421875 0.000925925925925926
0 0.6166666666666667 0.03981481481481482 0.6286458333333333 0.046296296296296294 0.6291666666666667 0.06018518518518518 0.6239583333333333 0.08518518518518518 0.6140625 0.10185185185185185 0.5973958333333333 0.09907407407407408 0.5942708333333333 0.09537037037037037 0.5942708333333333 0.08703703703703704 0.5984375 0.06666666666666667 0.6067708333333334 0.04537037037037037 0.609375 0.041666666666666664 0.6161458333333333 0.03981481481481482
1 0.48932291666666666 0.8449074074074074 0.015104166666666667 0.04351851851851852
1 0.058333333333333334 0.5611111111111111 0.06979166666666667 0.5666666666666667 0.07395833333333333 0.5703703703703704 0.07760416666666667 0.5796296296296296 0.08958333333333333 0.5879629629629629 0.08802083333333334 0.5916666666666667 0.07864583333333333 0.5879629629629629 0.075 0.5916666666666667 0.07708333333333334 0.612037037037037 0.07447916666666667 0.6157407407407407 0.06822916666666666 0.5916666666666667 0.06041666666666667 0.5805555555555556 0.0578125 0.5722222222222222 0.05260416666666667 0.5666666666666667 0.053125 0.562962962962963 0.0578125 0.5611111111111111
1 0.64375 0.024074074074074074 0.6458333333333334 0.03425925925925926 0.640625 0.06574074074074074 0.6369791666666667 0.06296296296296296 0.6369791666666667 0.04722222222222222 0.6390625 0.03148148148148148 0.6432291666666666 0.025
1 0.3302083333333333 0.9166666666666666 0.334375 0.9231481481481482 0.3380208333333333 0.9444444444444444 0.3380208333333333 0.9490740740740741 0.33125 0.9564814814814815 0.3255208333333333 0.9435185185185185 0.3151041666666667 0.9296296296296296 0.315625 0.9194444444444444 0.32395833333333335 0.9101851851851852 0.32708333333333334 0.9111111111111111 0.3296875 0.9166666666666666
1 0.0328125 0.1814814814814815 0.03958333333333333 0.18703703703703703 0.0453125 0.1962962962962963 0.04479166666666667 0.20925925925925926 0.050520833333333334 0.22037037037037038 0.0515625 0.22685185185185186 0.042708333333333334 0.22685185185185186 0.03177083333333333 0.20925925925925926 0.029166666666666667 0.19444444444444445 0.03229166666666667 0.1824074074074074
1 0.8453125 0.12685185185185185 0.8489583333333334 0.1259259259259259 0.8505208333333333 0.1361111111111111 0.8416666666666667 0.16666666666666666 0.8390625 0.1712962962962963 0.8348958333333333 0.1712962962962963 0.8354166666666667 0.1638888888888889 0.8453125 0.12777777777777777
1 0.7411458333333333 0.08796296296296297 0.7442708333333333 0.09166666666666666 0.7447916666666666 0.09907407407407408 0.740625 0.11666666666666667 0.7375 0.12129629629629629 0.7333333333333333 0.11851851851851852 0.7328125 0.1111111111111111 0.7375 0.08888888888888889 0.740625 0.08796296296296297
1 0.5015625 0.3425925925925926 0.5046875 0.3453703703703704 0.5083333333333333 0.3574074074074074 0.5052083333333334 0.38981481481481484 0.503125 0.38796296296296295 0.5015625 0.3787037037037037 0.49895833333333334 0.3972222222222222 0.49583333333333335 0.3962962962962963 0.496875 0.3537037037037037 0.5010416666666667 0.3435185185185185
1 0.7828125 0.13055555555555556 0.784375 0.14722222222222223 0.7723958333333333 0.17592592592592593 0.7692708333333333 0.1712962962962963 0.7729166666666667 0.14814814814814814 0.775 0.1398148148148148 0.7822916666666667 0.13055555555555556
1 0.3765625 0.4898148148148148 0.3802083333333333 0.4898148148148148 0.38697916666666665 0.5018518518518519 0.3880208333333333 0.5148148148148148 0.3921875 0.5222222222222223 0.390625 0.5296296296296297 0.38385416666666666 0.5259259259259259 0.38177083333333334 0.549074074074074 0.3765625 0.55 0.37864583333333335 0.5398148148148149 0.378125 0.5259259259259259 0.37447916666666664 0.5175925925925926 0.3765625 0.49074074074074076
1 0.005729166666666666 0.24074074074074073 0.009375 0.24074074074074073 0.015104166666666667 0.2462962962962963 0.021354166666666667 0.2564814814814815 0.026041666666666668 0.2796296296296296 0.025520833333333333 0.28703703703703703 0.022395833333333334 0.287962962962963 0.021875 0.2814814814814815 0.0109375 0.2675925925925926 0.00625 0.2518518518518518 0.005729166666666666 0.24166666666666667
1 0.0625 0.5074074074074074 0.0703125 0.5120370370370371 0.07552083333333333 0.5231481481481481 0.0765625 0.5333333333333333 0.084375 0.5425925925925926 0.08125 0.5555555555555556 0.07864583333333333 0.5574074074074075 0.071875 0.5453703703703704 0.06458333333333334 0.537962962962963 0.057291666666666664 0.5231481481481481 0.05625 0.5074074074074074 0.06197916666666667 0.5074074074074074
1 0.16822916666666668 0.03611111111111111 0.17552083333333332 0.049074074074074076 0.17708333333333334 0.06018518518518518 0.17604166666666668 0.07592592592592592 0.175 0.07685185185185185 0.17135416666666667 0.062037037037037036 0.16458333333333333 0.05092592592592592 0.16458333333333333 0.04259259259259259 0.16770833333333332 0.037037037037037035
1 0.0515625 0.19537037037037036 0.0578125 0.2074074074074074 0.059895833333333336 0.22037037037037038 0.0640625 0.23055555555555557 0.0640625 0.2351851851851852 0.06197916666666667 0.2361111111111111 0.05416666666666667 0.22777777777777777 0.04583333333333333 0.20925925925925926 0.04791666666666667 0.19722222222222222 0.051041666666666666 0.19537037037037036
1 0.8515625 0.47685185185185186 0.8520833333333333 0.4962962962962963 0.8348958333333333 0.5324074074074074 0.83125 0.5351851851851852 0.8296875 0.5324074074074074 0.83125 0.5259259259259259 0.8296875 0.5111111111111111 0.8348958333333333 0.4935185185185185 0.846875 0.47685185185185186 0.8510416666666667 0.47685185185185186
1 0.5984375 0.29444444444444445 0.6005208333333333 0.31666666666666665 0.596875 0.337037037037037 0.5916666666666667 0.34629629629629627 0.5890625 0.3416666666666667 0.5916666666666667 0.3296296296296296 0.5916666666666667 0.3037037037037037 0.5953125 0.2953703703703704 0.5979166666666667 0.29444444444444445
1 0.023958333333333335 0.525 0.03229166666666667 0.5305555555555556 0.03958333333333333 0.5407407407407407 0.041666666666666664 0.5509259259259259 0.049479166666666664 0.562037037037037 0.049479166666666664 0.5694444444444444 0.046875 0.5722222222222222 0.041666666666666664 0.5638888888888889 0.027604166666666666 0.5546296296296296 0.019791666666666666 0.5425925925925926 0.018229166666666668 0.5277777777777778 0.0234375 0.525
1 0.08125 0.14537037037037037 0.09166666666666666 0.15833333333333333 0.09375 0.16944444444444445 0.10052083333333334 0.17777777777777778 0.1 0.1814814814814815 0.09375 0.1787037037037037 0.0921875 0.1814814814814815 0.09270833333333334 0.18888888888888888 0.09114583333333333 0.19074074074074074 0.08958333333333333 0.18796296296296297 0.08125 0.16296296296296298 0.08072916666666667 0.14629629629629629
1 0.6432291666666666 0.8481481481481481 0.6546875 0.8592592592592593 0.6546875 0.8722222222222222 0.6541666666666667 0.8759259259259259 0.6421875 0.8851851851851852 0.6385416666666667 0.8925925925925926 0.6317708333333333 0.8898148148148148 0.6359375 0.8805555555555555 0.6333333333333333 0.8685185185185185 0.6380208333333334 0.8592592592592593 0.6375 0.8518518518518519 0.6427083333333333 0.8481481481481481
1 0.15416666666666667 0.08796296296296297 0.16145833333333334 0.09537037037037037 0.165625 0.12222222222222222 0.16145833333333334 0.12962962962962962 0.15833333333333333 0.12962962962962962 0.15677083333333333 0.1111111111111111 0.15260416666666668 0.09722222222222222 0.15416666666666667 0.08888888888888889
1 0.06041666666666667 0.12777777777777777 0.06770833333333333 0.1388888888888889 0.07395833333333333 0.1574074074074074 0.07552083333333333 0.1675925925925926 0.07447916666666667 0.175 0.07083333333333333 0.175 0.06979166666666667 0.16574074074074074 0.058333333333333334 0.14537037037037037 0.057291666666666664 0.1398148148148148 0.058333333333333334 0.12962962962962962 0.059895833333333336 0.1287037037037037
1 0.9270833333333334 0.4787037037037037 0.9307291666666667 0.4842592592592593 0.93125 0.49444444444444446 0.9234375 0.5046296296296297 0.9182291666666667 0.5231481481481481 0.9130208333333333 0.5157407407407407 0.9041666666666667 0.5203703703703704 0.9010416666666666 0.5185185185185185 0.9229166666666667 0.47962962962962963 0.9265625 0.4787037037037037
1 0.28072916666666664 0.9351851851851852 0.28489583333333335 0.9388888888888889 0.2890625 0.9490740740740741 0.29322916666666665 0.9518518518518518 0.2947916666666667 0.9740740740740741 0.2916666666666667 0.9787037037037037 0.2890625 0.9787037037037037 0.28229166666666666 0.9685185185185186 0.27708333333333335 0.9685185185185186 0.27395833333333336 0.9648148148148148 0.2734375 0.9388888888888889 0.28020833333333334 0.9351851851851852
1 0.7479166666666667 0.1 0.7484375 0.1175925925925926 0.7411458333333333 0.14074074074074075 0.7369791666666666 0.1398148148148148 0.7395833333333334 0.12407407407407407 0.7390625 0.11481481481481481 0.7447916666666666 0.10092592592592593 0.7473958333333334 0.10092592592592593
1 0.5744791666666667 0.8388888888888889 0.5901041666666667 0.850925925925926 0.5927083333333333 0.8722222222222222 0.5895833333333333 0.8759259259259259 0.5729166666666666 0.8768518518518519 0.5651041666666666 0.8907407407407407 0.5583333333333333 0.8916666666666667 0.5578125 0.887962962962963 0.5723958333333333 0.8629629629629629 0.5692708333333333 0.8481481481481481 0.5739583333333333 0.8398148148148148
1 0.1796875 0.05555555555555555 0.1828125 0.058333333333333334 0.18385416666666668 0.06759259259259259 0.1921875 0.08333333333333333 0.1890625 0.08518518518518518 0.18541666666666667 0.07777777777777778 0.18333333333333332 0.08148148148148149 0.18229166666666666 0.09351851851851851 0.18020833333333333 0.09166666666666666 0.17760416666666667 0.075 0.17708333333333334 0.05925925925925926 0.17916666666666667 0.05555555555555555
1 0.5432291666666667 0.20462962962962963 0.546875 0.20462962962962963 0.5515625 0.21296296296296297 0.5515625 0.2212962962962963 0.546875 0.23333333333333334 0.5463541666666667 0.24537037037037038 0.5432291666666667 0.25092592592592594 0.5411458333333333 0.2222222222222222 0.5432291666666667 0.20555555555555555
1 0 0.3972222222222222 0.014583333333333334 0.4064814814814815 0.01875 0.4148148148148148 0.019270833333333334 0.42685185185185187 0.027083333333333334 0.4425925925925926 0.026041666666666668 0.44907407407407407 0.022916666666666665 0.44907407407407407 0.018229166666666668 0.4398148148148148 0.0125 0.4324074074074074 0.0078125 0.4305555555555556 0 0.4185185185185185 0 0.39814814814814814
1 0.10885416666666667 0.11666666666666667 0.11458333333333333 0.13425925925925927 0.12135416666666667 0.14722222222222223 0.11927083333333334 0.15185185185185185 0.11458333333333333 0.14629629629629629 0.1125 0.15833333333333333 0.109375 0.1574074074074074 0.10833333333333334 0.14166666666666666 0.103125 0.125 0.1046875 0.11574074074074074 0.10833333333333334 0.11666666666666667
1 0.2453125 0.6546296296296297 0.2484375 0.6620370370370371 0.2552083333333333 0.6601851851851852 0.2598958333333333 0.6648148148148149 0.2598958333333333 0.6833333333333333 0.2703125 0.7064814814814815 0.26875 0.7111111111111111 0.25833333333333336 0.7101851851851851 0.2520833333333333 0.6962962962962963 0.24270833333333333 0.6907407407407408 0.24114583333333334 0.674074074074074 0.24322916666666666 0.6675925925925926 0.24114583333333334 0.662962962962963 0.24114583333333334 0.6564814814814814 0.24479166666666666 0.6546296296296297
1 0.015104166666666667 0.22685185185185186 0.01875 0.22685185185185186 0.024479166666666666 0.23425925925925925 0.030729166666666665 0.25 0.03854166666666667 0.25833333333333336 0.030208333333333334 0.25833333333333336 0.029166666666666667 0.2740740740740741 0.026041666666666668 0.27314814814814814 0.020833333333333332 0.25555555555555554 0.0140625 0.24351851851851852 0.015104166666666667 0.22777777777777777
1 0.19947916666666668 0.8018518518518518 0.21302083333333333 0.8111111111111111 0.2234375 0.8277777777777777 0.2234375 0.8314814814814815 0.2140625 0.8453703703703703 0.21197916666666666 0.8453703703703703 0.2046875 0.8287037037037037 0.19375 0.8138888888888889 0.19427083333333334 0.8037037037037037 0.19895833333333332 0.8018518518518518
1 0.696875 0.3101851851851852 0.7020833333333333 0.3351851851851852 0.6947916666666667 0.3490740740740741 0.6895833333333333 0.36944444444444446 0.6854166666666667 0.36944444444444446 0.6854166666666667 0.3638888888888889 0.6895833333333333 0.34629629629629627 0.6911458333333333 0.3194444444444444 0.6963541666666667 0.3101851851851852
1 0.309375 0.9259259259259259 0.31614583333333335 0.9333333333333333 0.31614583333333335 0.9490740740740741 0.3177083333333333 0.9527777777777777 0.3171875 0.9592592592592593 0.3109375 0.9648148148148148 0.30520833333333336 0.9537037037037037 0.29635416666666664 0.9453703703703704 0.29322916666666665 0.9398148148148148 0.29270833333333335 0.9333333333333333 0.29270833333333335 0.925 0.29635416666666664 0.9194444444444444 0.30885416666666665 0.9259259259259259
1 0.17604166666666668 0.9296296296296296 0.18125 0.9351851851851852 0.19322916666666667 0.9333333333333333 0.19791666666666666 0.9416666666666667 0.19635416666666666 0.9490740740740741 0.18697916666666667 0.9601851851851851 0.18229166666666666 0.975925925925926 0.18020833333333333 0.975 0.17916666666666667 0.9675925925925926 0.16927083333333334 0.9537037037037037 0.16458333333333333 0.9388888888888889 0.165625 0.9324074074074075 0.16927083333333334 0.9287037037037037 0.17552083333333332 0.9296296296296296
1 0.3416666666666667 0.05462962962962963 0.3463541666666667 0.06944444444444445 0.34739583333333335 0.09259259259259259 0.3421875 0.09351851851851851 0.33697916666666666 0.07592592592592592 0.3380208333333333 0.05648148148148148 0.3411458333333333 0.05555555555555555
1 0.8421875 0.20277777777777778 0.8463541666666666 0.20555555555555555 0.846875 0.21944444444444444 0.8385416666666666 0.23796296296296296 0.8369791666666667 0.2462962962962963 0.8348958333333333 0.2490740740740741 0.8328125 0.2462962962962963 0.8348958333333333 0.22870370370370371 0.8421875 0.2037037037037037
1 0.5197916666666667 0.8203703703703704 0.5255208333333333 0.8314814814814815 0.5244791666666667 0.8481481481481481 0.5229166666666667 0.8546296296296296 0.5119791666666667 0.8731481481481481 0.5098958333333333 0.8703703703703703 0.5119791666666667 0.8583333333333333 0.5083333333333333 0.8518518518518519 0.5083333333333333 0.8314814814814815 0.5192708333333333 0.8203703703703704
1 0.4401041666666667 0.42314814814814816 0.44635416666666666 0.4324074074074074 0.4479166666666667 0.4388888888888889 0.44895833333333335 0.4648148148148148 0.44635416666666666 0.47314814814814815 0.4395833333333333 0.4777777777777778 0.43645833333333334 0.4638888888888889 0.43645833333333334 0.4287037037037037 0.4395833333333333 0.42314814814814816
1 0.3458333333333333 0.8972222222222223 0.35 0.8944444444444445 0.359375 0.9009259259259259 0.359375 0.9175925925925926 0.36302083333333335 0.9388888888888889 0.3609375 0.9453703703703704 0.3567708333333333 0.9462962962962963 0.3546875 0.937037037037037 0.3390625 0.9212962962962963 0.3380208333333333 0.9148148148148149 0.3458333333333333 0.8981481481481481
1 0.04114583333333333 0.1361111111111111 0.04895833333333333 0.14907407407407408 0.05572916666666667 0.17407407407407408 0.05416666666666667 0.17962962962962964 0.04010416666666667 0.15648148148148147 0.0359375 0.14351851851851852 0.0359375 0.1361111111111111 0.040625 0.1361111111111111
1 0.7359375 0.3333333333333333 0.7385416666666667 0.34629629629629627 0.7333333333333333 0.362962962962963 0.7338541666666667 0.37777777777777777 0.7322916666666667 0.38055555555555554 0.7229166666666667 0.37962962962962965 0.7203125 0.37407407407407406 0.7307291666666667 0.3453703703703704 0.7317708333333334 0.33425925925925926 0.7354166666666667 0.3333333333333333
1 0.5864583333333333 0.06759259259259259 0.5890625 0.06666666666666667 0.5932291666666667 0.07777777777777778 0.5932291666666667 0.08611111111111111 0.5895833333333333 0.0962962962962963 0.5880208333333333 0.11296296296296296 0.5848958333333333 0.11203703703703703 0.5828125 0.08055555555555556 0.5864583333333333 0.06851851851851852
1 0.7869791666666667 0.1685185185185185 0.7901041666666667 0.17777777777777778 0.7895833333333333 0.18888888888888888 0.7796875 0.2175925925925926 0.7776041666666667 0.21666666666666667 0.7760416666666666 0.2101851851851852 0.7822916666666667 0.175 0.7864583333333334 0.1685185185185185
1 0.421875 0.9648148148148148 0.4375 0.9712962962962963 0.4421875 0.9777777777777777 0.4421875 0.9833333333333333 0.4354166666666667 0.9962962962962963 0.4239583333333333 0.9990740740740741 0.42135416666666664 0.9944444444444445 0.421875 0.9657407407407408
1 0.6072916666666667 0 0.6125 0 0.6130208333333333 0.002777777777777778 0.6114583333333333 0.022222222222222223 0.6078125 0.024074074074074074 0.6072916666666667 0.000925925925925926
1 0.25833333333333336 0.9342592592592592 0.2635416666666667 0.9435185185185185 0.2703125 0.9444444444444444 0.2734375 0.9481481481481482 0.275 0.9611111111111111 0.2796875 0.9703703703703703 0.2791666666666667 0.975925925925926 0.2734375 0.9833333333333333 0.26927083333333335 0.9805555555555555 0.2671875 0.975 0.25885416666666666 0.975925925925926 0.25 0.9592592592592593 0.24895833333333334 0.950925925925926 0.2515625 0.9398148148148148 0.2578125 0.9351851851851852