0 0.03333333333333333 0.25 0.03854166666666667 0.2564814814814815 0.049479166666666664 0.2601851851851852 0.05364583333333333 0.26944444444444443 0.046875 0.28425925925925927 0.036458333333333336 0.2962962962962963 0.0265625 0.30277777777777776 0.016666666666666666 0.2962962962962963 0.015104166666666667 0.2935185185185185 0.015104166666666667 0.28425925925925927 0.027604166666666666 0.2657407407407407 0.025520833333333333 0.25925925925925924 0.0265625 0.25555555555555554 0.0328125 0.25
0 0.5552083333333333 0.06666666666666667 0.5744791666666667 0.07037037037037037 0.590625 0.07962962962962963 0.5921875 0.1037037037037037 0.5895833333333333 0.1259259259259259 0.5880208333333333 0.12962962962962962 0.5807291666666666 0.13148148148148148 0.5744791666666667 0.13796296296296295 0.5697916666666667 0.13703703703703704 0.5630208333333333 0.12777777777777777 0.5494791666666666 0.12407407407407407 0.5364583333333334 0.12129629629629629 0.5286458333333334 0.1259259259259259 0.5151041666666667 0.11203703703703703 0.5151041666666667 0.09444444444444444 0.5197916666666667 0.08055555555555556 0.5463541666666667 0.06759259259259259 0.5546875 0.06666666666666667
0 0.8401041666666667 0.017592592592592594 0.8526041666666667 0.019444444444444445 0.8447916666666667 0.03611111111111111 0.8140625 0.026851851851851852 0.8140625 0.014814814814814815 0.8177083333333334 0.011111111111111112 0.8395833333333333 0.017592592592592594
0 0.15260416666666668 0.1425925925925926 0.16197916666666667 0.1527777777777778 0.16614583333333333 0.16111111111111112 0.16510416666666666 0.16944444444444445 0.15833333333333333 0.17962962962962964 0.14739583333333334 0.17685185185185184 0.13645833333333332 0.16574074074074074 0.1359375 0.14907407407407408 0.1375 0.14351851851851852 0.14375 0.1398148148148148 0.15208333333333332 0.1425925925925926
0 0.5536458333333333 0.21944444444444444 0.5604166666666667 0.23055555555555557 0.5817708333333333 0.2851851851851852 0.5921875 0.3296296296296296 0.5916666666666667 0.3435185185185185 0.5869791666666667 0.35555555555555557 0.5765625 0.36203703703703705 0.5640625 0.3648148148148148 0.559375 0.3638888888888889 0.553125 0.35555555555555557 0.5416666666666666 0.31296296296296294 0.5276041666666667 0.2824074074074074 0.5286458333333334 0.26296296296296295 0.5270833333333333 0.2490740740740741 0.534375 0.22685185185185186 0.5453125 0.21944444444444444 0.553125 0.21944444444444444
0 0.8177083333333334 0.5972222222222222 0.8385416666666666 0.6092592592592593 0.878125 0.6388888888888888 0.8921875 0.6620370370370371 0.9114583333333334 0.6833333333333333 0.9182291666666667 0.6972222222222222 0.9203125 0.7222222222222222 0.915625 0.7444444444444445 0.9041666666666667 0.7555555555555555 0.8880208333333334 0.7592592592592593 0.8791666666666667 0.7592592592592593 0.8723958333333334 0.7555555555555555 0.8666666666666667 0.7444444444444445 0.8536458333333333 0.7287037037037037 0.834375 0.7138888888888889 0.8213541666666667 0.7 0.8171875 0.6972222222222222 0.8046875 0.6981481481481482 0.7932291666666667 0.687962962962963 0.790625 0.675 0.7833333333333333 0.6620370370370371 0.7802083333333333 0.6481481481481481 0.7822916666666667 0.6259259259259259 0.796875 0.5981481481481481 0.8171875 0.5972222222222222
0 0.7994791666666666 0.4425925925925926 0.8104166666666667 0.4425925925925926 0.8322916666666667 0.45925925925925926 0.8489583333333334 0.4787037037037037 0.8552083333333333 0.4935185185185185 0.8661458333333333 0.5074074074074074 0.8708333333333333 0.5222222222222223 0.8703125 0.537962962962963 0.8630208333333333 0.5583333333333333 0.85625 0.5675925925925925 0.840625 0.5648148148148148 0.8369791666666667 0.5611111111111111 0.8322916666666667 0.549074074074074 0.7953125 0.5138888888888888 0.7854166666666667 0.5120370370370371 0.78125 0.5064814814814815 0.7776041666666667 0.49074074074074076 0.7791666666666667 0.4777777777777778 0.7859375 0.45925925925925926 0.7953125 0.44351851851851853 0.7989583333333333 0.4425925925925926
0 0.3046875 0.6324074074074074 0.33541666666666664 0.6509259259259259 0.3411458333333333 0.662962962962963 0.3484375 0.6712962962962963 0.35052083333333334 0.6916666666666667 0.3567708333333333 0.7 0.3578125 0.7074074074074074 0.35208333333333336 0.7148148148148148 0.34427083333333336 0.7138888888888889 0.34010416666666665 0.7166666666666667 0.3265625 0.7166666666666667 0.31614583333333335 0.7148148148148148 0.31145833333333334 0.7101851851851851 0.29635416666666664 0.7092592592592593 0.28541666666666665 0.6953703703703704 0.2828125 0.6842592592592592 0.2828125 0.6666666666666666 0.28541666666666665 0.6601851851851852 0.29322916666666665 0.6574074074074074 0.2989583333333333 0.6370370370370371 0.30416666666666664 0.6324074074074074
0 0.41822916666666665 0.85 0.42135416666666664 0.8537037037037037 0.42135416666666664 0.8703703703703703 0.41875 0.8805555555555555 0.403125 0.9120370370370371 0.4005208333333333 0.925 0.39375 0.9351851851851852 0.3875 0.9518518518518518 0.3828125 0.9453703703703704 0.38333333333333336 0.9203703703703704 0.38645833333333335 0.9055555555555556 0.3958333333333333 0.8898148148148148 0.40677083333333336 0.8583333333333333 0.4114583333333333 0.8518518518518519 0.41770833333333335 0.85
0 0.1265625 0.5509259259259259 0.134375 0.5648148148148148 0.14010416666666667 0.562962962962963 0.14427083333333332 0.5555555555555556 0.14739583333333334 0.5564814814814815 0.15052083333333333 0.5657407407407408 0.15052083333333333 0.5814814814814815 0.14791666666666667 0.5916666666666667 0.13385416666666666 0.6129629629629629 0.13385416666666666 0.625 0.13177083333333334 0.6333333333333333 0.1265625 0.6351851851851852 0.11927083333333334 0.6092592592592593 0.11822916666666666 0.5925925925925926 0.11979166666666667 0.5675925925925925 0.12291666666666666 0.5564814814814815 0.1265625 0.5518518518518518
0 0.22083333333333333 0 0.26458333333333334 0 0.265625 0.008333333333333333 0.265625 0.016666666666666666 0.2625 0.022222222222222223 0.24947916666666667 0.032407407407407406 0.24114583333333334 0.04814814814814815 0.234375 0.05 0.2171875 0.046296296296296294 0.21302083333333333 0.041666666666666664 0.2109375 0.03425925925925926 0.20989583333333334 0.018518518518518517 0.21197916666666666 0.009259259259259259 0.22083333333333333 0.000925925925925926
0 0.053125 0.5351851851851852 0.06145833333333333 0.5361111111111111 0.08125 0.5564814814814815 0.09010416666666667 0.5851851851851851 0.07395833333333333 0.6027777777777777 0.0484375 0.6101851851851852 0.0359375 0.6222222222222222 0.024479166666666666 0.6194444444444445 0.014583333333333334 0.6055555555555555 0.0067708333333333336 0.5861111111111111 0.007291666666666667 0.5675925925925925 0.015104166666666667 0.5453703703703704 0.01875 0.5407407407407407 0.05260416666666667 0.5351851851851852
0 0.28958333333333336 0.11388888888888889 0.2947916666666667 0.11944444444444445 0.2984375 0.13055555555555556 0.3 0.15462962962962962 0.290625 0.175 0.29010416666666666 0.1814814814814815 0.2869791666666667 0.18518518518518517 0.26875 0.18333333333333332 0.26614583333333336 0.175 0.2630208333333333 0.14537037037037037 0.26510416666666664 0.13703703703703704 0.2760416666666667 0.11574074074074074 0.2786458333333333 0.11296296296296296 0.2890625 0.11388888888888889
0 0.3958333333333333 0.7509259259259259 0.39947916666666666 0.7583333333333333 0.4125 0.7638888888888888 0.415625 0.7685185185185185 0.4171875 0.7805555555555556 0.40729166666666666 0.799074074074074 0.4036458333333333 0.799074074074074 0.4010416666666667 0.7953703703703704 0.3927083333333333 0.7962962962962963 0.38125 0.7898148148148149 0.3692708333333333 0.7888888888888889 0.36302083333333335 0.7824074074074074 0.36614583333333334 0.7694444444444445 0.37135416666666665 0.7583333333333333 0.38125 0.75 0.390625 0.7481481481481481 0.3953125 0.7509259259259259
0 0.6375 0.8694444444444445 0.6453125 0.8805555555555555 0.6489583333333333 0.9157407407407407 0.6515625 0.924074074074074 0.6505208333333333 0.95 0.6484375 0.9601851851851851 0.6494791666666667 0.9768518518518519 0.6479166666666667 0.9824074074074074 0.64375 0.9851851851851852 0.6369791666666667 0.9814814814814815 0.634375 0.9731481481481481 0.6270833333333333 0.9101851851851852 0.6296875 0.8768518518518519 0.6328125 0.8712962962962963 0.6369791666666667 0.8694444444444445
0 0.15260416666666668 0.17962962962962964 0.16458333333333333 0.18888888888888888 0.1671875 0.20092592592592592 0.16041666666666668 0.21851851851851853 0.15104166666666666 0.22592592592592592 0.14375 0.21944444444444444 0.140625 0.2111111111111111 0.14010416666666667 0.20277777777777778 0.15052083333333333 0.19537037037037036 0.15104166666666666 0.1925925925925926 0.14479166666666668 0.18518518518518517 0.15208333333333332 0.17962962962962964
0 0.5489583333333333 0 0.5713541666666667 0 0.5760416666666667 0.025 0.5744791666666667 0.032407407407407406 0.5760416666666667 0.04537037037037037 0.5744791666666667 0.06388888888888888 0.5708333333333333 0.06666666666666667 0.5515625 0.06388888888888888 0.5489583333333333 0.05740740740740741 0.5489583333333333 0.014814814814814815 0.5505208333333333 0.009259259259259259 0.5489583333333333 0.000925925925925926
0 0.24427083333333333 0.38796296296296295 0.25677083333333334 0.4 0.27239583333333334 0.4074074074074074 0.32864583333333336 0.44907407407407407 0.3671875 0.48148148148148145 0.3776041666666667 0.5314814814814814 0.3776041666666667 0.5601851851851852 0.3567708333333333 0.6083333333333333 0.3463541666666667 0.625 0.33958333333333335 0.6157407407407407 0.31145833333333334 0.5953703703703703 0.30416666666666664 0.6 0.29322916666666665 0.5953703703703703 0.27760416666666665 0.575925925925926 0.23072916666666668 0.5361111111111111 0.19635416666666666 0.4962962962962963 0.1890625 0.49907407407407406 0.18541666666666667 0.49166666666666664 0.18125 0.4787037037037037 0.1796875 0.46296296296296297 0.184375 0.44074074074074077 0.19479166666666667 0.4212962962962963 0.21614583333333334 0.38981481481481484 0.23125 0.39166666666666666 0.24375 0.38796296296296295
0 0.7286458333333333 0.9074074074074074 0.7338541666666667 0.912962962962963 0.7348958333333333 0.9203703703703704 0.734375 0.9453703703703704 0.7307291666666667 0.9638888888888889 0.7380208333333333 0.9666666666666667 0.7421875 0.9731481481481481 0.7380208333333333 0.9898148148148148 0.7328125 0.9990740740740741 0.7114583333333333 0.9990740740740741 0.7119791666666667 0.9842592592592593 0.7098958333333333 0.9722222222222222 0.7104166666666667 0.9342592592592592 0.7192708333333333 0.9064814814814814 0.728125 0.9074074074074074
0 0.40989583333333335 0.33796296296296297 0.41875 0.3388888888888889 0.421875 0.3416666666666667 0.425 0.3509259259259259 0.4427083333333333 0.3574074074074074 0.453125 0.3768518518518518 0.4630208333333333 0.37962962962962965 0.4703125 0.3861111111111111 0.4739583333333333 0.3990740740740741 0.4708333333333333 0.4388888888888889 0.46197916666666666 0.4537037037037037 0.45729166666666665 0.45740740740740743 0.44895833333333335 0.45555555555555555 0.43645833333333334 0.44074074074074077 0.4197916666666667 0.4361111111111111 0.41354166666666664 0.42962962962962964 0.403125 0.42685185185185187 0.39427083333333335 0.42777777777777776 0.38958333333333334 0.43796296296296294 0.3828125 0.4398148148148148 0.378125 0.4361111111111111 0.3692708333333333 0.41944444444444445 0.35885416666666664 0.41944444444444445 0.35572916666666665 0.38981481481481484 0.3614583333333333 0.38333333333333336 0.3671875 0.3638888888888889 0.3692708333333333 0.3435185185185185 0.3770833333333333 0.34074074074074073 0.39739583333333334 0.3453703703703704 0.4036458333333333 0.33796296296296297 0.409375 0.33796296296296297
0 0.07552083333333333 0.25833333333333336 0.0796875 0.26481481481481484 0.08958333333333333 0.26851851851851855 0.0921875 0.2796296296296296 0.0859375 0.29259259259259257 0.07083333333333333 0.30833333333333335 0.057291666666666664 0.30185185185185187 0.05625 0.29259259259259257 0.06041666666666667 0.27685185185185185 0.0640625 0.2824074074074074 0.07239583333333334 0.27870370370370373 0.06458333333333334 0.2722222222222222 0.06458333333333334 0.2657407407407407 0.07135416666666666 0.25833333333333336 0.075 0.25833333333333336
0 0.6614583333333334 0.0962962962962963 0.029166666666666667 0.044444444444444446
0 0.6557291666666667 0.40370370370370373 0.6921875 0.44907407407407407 0.7072916666666667 0.4740740740740741 0.7109375 0.487962962962963 0.7213541666666666 0.5046296296296297 0.7244791666666667 0.524074074074074 0.7203125 0.5444444444444444 0.7114583333333333 0.5592592592592592 0.703125 0.5657407407407408 0.684375 0.5574074074074075 0.6770833333333334 0.5361111111111111 0.6505208333333333 0.4981481481481482 0.6333333333333333 0.48055555555555557 0.6265625 0.46296296296296297 0.6244791666666667 0.44907407407407407 0.6296875 0.43333333333333335 0.6453125 0.4074074074074074 0.6494791666666667 0.40370370370370373 0.6552083333333333 0.40370370370370373
0 0.14375 0.32685185185185184 0.15677083333333333 0.33425925925925926 0.18177083333333333 0.3287037037037037 0.19166666666666668 0.33425925925925926 0.19739583333333333 0.35462962962962963 0.19739583333333333 0.36944444444444446 0.19427083333333334 0.3787037037037037 0.19322916666666667 0.38981481481481484 0.1875 0.39814814814814814 0.16979166666666667 0.39814814814814814 0.14375 0.41203703703703703 0.1328125 0.4287037037037037 0.10833333333333334 0.4212962962962963 0.0953125 0.3907407407407407 0.096875 0.35185185185185186 0.1125 0.33425925925925926 0.14322916666666666 0.3277777777777778
0 0.09322916666666667 0.3055555555555556 0.103125 0.3101851851851852 0.10885416666666667 0.31851851851851853 0.11197916666666667 0.3296296296296296 0.10989583333333333 0.3388888888888889 0.09947916666666666 0.34814814814814815 0.09322916666666667 0.36203703703703705 0.0703125 0.39166666666666666 0.06510416666666667 0.4083333333333333 0.06041666666666667 0.412962962962963 0.053125 0.412962962962963 0.04791666666666667 0.4166666666666667 0.03854166666666667 0.41574074074074074 0.029166666666666667 0.4083333333333333 0.0171875 0.387037037037037 0.017708333333333333 0.37962962962962965 0.024479166666666666 0.36666666666666664 0.029166666666666667 0.34814814814814815 0.034375 0.33796296296296297 0.050520833333333334 0.3212962962962963 0.06510416666666667 0.31851851851851853 0.0828125 0.3055555555555556 0.09270833333333334 0.3055555555555556
0 0.11302083333333333 0.6287037037037037 0.11614583333333334 0.6314814814814815 0.1171875 0.6388888888888888 0.1234375 0.6481481481481481 0.12395833333333334 0.6620370370370371 0.11822916666666666 0.687962962962963 0.11145833333333334 0.7027777777777777 0.109375 0.7166666666666667 0.10625 0.7222222222222222 0.10260416666666666 0.7203703703703703 0.09947916666666666 0.7138888888888889 0.09479166666666666 0.7148148148148148 0.09375 0.7064814814814815 0.09010416666666667 0.7 0.08697916666666666 0.6731481481481482 0.090625 0.6583333333333333 0.09427083333333333 0.6555555555555556 0.10260416666666666 0.6685185185185185 0.10416666666666667 0.6620370370370371 0.10260416666666666 0.6462962962962963 0.10677083333333333 0.6333333333333333 0.1125 0.6287037037037037
0 0.7651041666666667 0.1574074074074074 0.7802083333333333 0.16018518518518518 0.7901041666666667 0.17222222222222222 0.79375 0.1814814814814815 0.8067708333333333 0.24814814814814815 0.8010416666666667 0.2574074074074074 0.8 0.2657407407407407 0.7921875 0.26944444444444443 0.7869791666666667 0.26851851851851855 0.7708333333333334 0.25277777777777777 0.7682291666666666 0.24722222222222223 0.7682291666666666 0.23981481481481481 0.7723958333333333 0.23425925925925925 0.765625 0.22870370370370371 0.7536458333333333 0.20277777777777778 0.7557291666666667 0.17685185185185184 0.7614583333333333 0.15833333333333333 0.7645833333333333 0.1574074074074074
0 0.98828125 0.6504629629629629 0.0234375 0.07314814814814814
0 0.6166666666666667 0.46296296296296297 0.6395833333333333 0.4861111111111111 0.6484375 0.5046296296296297 0.6484375 0.5222222222222223 0.6510416666666666 0.5351851851851852 0.6479166666666667 0.5472222222222223 0.6479166666666667 0.5648148148148148 0.6442708333333333 0.5685185185185185 0.6385416666666667 0.5638888888888889 0.6234375 0.5601851851851852 0.6052083333333333 0.5361111111111111 0.5953125 0.5324074074074074 0.5921875 0.525 0.5916666666666667 0.5101851851851852 0.5984375 0.4842592592592593 0.6088541666666667 0.4666666666666667 0.6161458333333333 0.46296296296296297
0 0.415625 0.03611111111111111 0.43645833333333334 0.04537037037037037 0.4395833333333333 0.05092592592592592 0.4427083333333333 0.10555555555555556 0.440625 0.12037037037037036 0.42291666666666666 0.15833333333333333 0.41875 0.17222222222222222 0.39895833333333336 0.20092592592592592 0.3880208333333333 0.22685185185185186 0.3703125 0.2601851851851852 0.3625 0.2833333333333333 0.34791666666666665 0.30185185185185187 0.3338541666666667 0.32592592592592595 0.32395833333333335 0.325 0.29583333333333334 0.30648148148148147 0.2833333333333333 0.25833333333333336 0.2791666666666667 0.25833333333333336 0.27708333333333335 0.2675925925925926 0.275 0.26851851851851855 0.27239583333333334 0.25462962962962965 0.27291666666666664 0.24722222222222223 0.28177083333333336 0.2324074074074074 0.284375 0.2222222222222222 0.2953125 0.20462962962962963 0.3026041666666667 0.17777777777777778 0.32447916666666665 0.14351851851851852 0.34270833333333334 0.13148148148148148 0.39947916666666666 0.03981481481481482 0.40520833333333334 0.03425925925925926 0.41510416666666666 0.03611111111111111
0 0.9713541666666666 0.49166666666666664 0.9994791666666667 0.5212962962962963 0.9994791666666667 0.5740740740740741 0.9869791666666666 0.5703703703703704 0.9729166666666667 0.5740740740740741 0.9666666666666667 0.5703703703703704 0.9635416666666666 0.5638888888888889 0.95625 0.5398148148148149 0.9536458333333333 0.5185185185185185 0.9557291666666666 0.5046296296296297 0.9588541666666667 0.49907407407407406 0.9708333333333333 0.49166666666666664
0 0.290625 0 0.31927083333333334 0 0.32395833333333335 0.005555555555555556 0.3255208333333333 0.017592592592592594 0.3229166666666667 0.02962962962962963 0.30833333333333335 0.040740740740740744 0.303125 0.05277777777777778 0.3 0.05462962962962963 0.28072916666666664 0.05 0.2760416666666667 0.044444444444444446 0.27447916666666666 0.028703703703703703 0.2864583333333333 0.004629629629629629 0.290625 0.000925925925925926
0 0.5182291666666666 0.8902777777777777 0.03229166666666667 0.10462962962962963
0 0.4432291666666667 0.5666666666666667 0.44947916666666665 0.5722222222222222 0.45677083333333335 0.5722222222222222 0.48333333333333334 0.5879629629629629 0.5026041666666666 0.6018518518518519 0.5203125 0.6194444444444445 0.5208333333333334 0.6351851851851852 0.5114583333333333 0.6814814814814815 0.5057291666666667 0.6898148148148148 0.49166666666666664 0.6935185185185185 0.48385416666666664 0.6888888888888889 0.4765625 0.6768518518518518 0.4359375 0.6518518518518519 0.42604166666666665 0.6509259259259259 0.41458333333333336 0.6305555555555555 0.4125 0.6055555555555555 0.41822916666666665 0.5842592592592593 0.4244791666666667 0.5712962962962963 0.4296875 0.5666666666666667 0.4427083333333333 0.5666666666666667
0 0.10625 0.1259259259259259 0.1171875 0.1388888888888889 0.1265625 0.15555555555555556 0.12708333333333333 0.16111111111111112 0.12604166666666666 0.1675925925925926 0.121875 0.175 0.10260416666666666 0.2 0.09010416666666667 0.19537037037037036 0.08385416666666666 0.18981481481481483 0.07552083333333333 0.1648148148148148 0.07447916666666667 0.15462962962962962 0.0796875 0.14074074074074075 0.0875 0.13333333333333333 0.0984375 0.125 0.10572916666666667 0.1259259259259259
0 0.6140625 0.8740740740740741 0.6182291666666667 0.8787037037037037 0.6208333333333333 0.8916666666666667 0.6203125 0.9074074074074074 0.6166666666666667 0.912962962962963 0.6166666666666667 0.9231481481481482 0.621875 0.95 0.6171875 0.9703703703703703 0.6130208333333333 0.9740740740740741 0.6072916666666667 0.9731481481481481 0.603125 0.9675925925925926 0.5989583333333334 0.9527777777777777 0.5979166666666667 0.9388888888888889 0.6036458333333333 0.8870370370370371 0.6072916666666667 0.8787037037037037 0.6135416666666667 0.8740740740740741
0 0.61875 0 0.6432291666666666 0 0.64375 0.010185185185185186 0.6421875 0.03148148148148148 0.6348958333333333 0.04259259259259259 0.6265625 0.04351851851851852 0.61875 0.028703703703703703 0.6171875 0.016666666666666666 0.61875 0.000925925925925926
0 0.7354166666666667 0.26666666666666666 0.7411458333333333 0.275 0.7442708333333333 0.2712962962962963 0.7515625 0.2759259259259259 0.7520833333333333 0.28888888888888886 0.7552083333333334 0.3037037037037037 0.7546875 0.3101851851851852 0.7520833333333333 0.3138888888888889 0.7375 0.30462962962962964 0.7260416666666667 0.29074074074074074 0.7255208333333333 0.27314814814814814 0.7302083333333333 0.26666666666666666 0.7348958333333333 0.26666666666666666
0 0.7083333333333334 0.30833333333333335 0.7270833333333333 0.33240740740740743 0.7302083333333333 0.3398148148148148 0.7302083333333333 0.3638888888888889 0.7255208333333333 0.3768518518518518 0.7260416666666667 0.38981481481481484 0.7239583333333334 0.39537037037037037 0.678125 0.3592592592592593 0.678125 0.3416666666666667 0.6859375 0.31666666666666665 0.6958333333333333 0.30277777777777776 0.7078125 0.30833333333333335
0 0.7109375 0 0.7145833333333333 0 0.7208333333333333 0.007407407407407408 0.728125 0.03425925925925926 0.7276041666666667 0.04814814814814815 0.721875 0.05740740740740741 0.7072916666666667 0.058333333333333334 0.7026041666666667 0.05648148148148148 0.6927083333333334 0.041666666666666664 0.6953125 0.011111111111111112 0.6994791666666667 0.003703703703703704 0.7109375 0.000925925925925926
1 0.4453125 0.5083333333333333 0.44947916666666665 0.5083333333333333 0.4578125 0.5259259259259259 0.45729166666666665 0.55 0.45260416666666664 0.55 0.4473958333333333 0.5611111111111111 0.44479166666666664 0.562037037037037 0.44427083333333334 0.5388888888888889 0.44166666666666665 0.5268518518518519 0.4453125 0.5092592592592593
1 0.19635416666666666 0.7972222222222223 0.2203125 0.8305555555555556 0.21614583333333334 0.8324074074074074 0.20625 0.825 0.203125 0.8342592592592593 0.19427083333333334 0.8305555555555556 0.18645833333333334 0.8166666666666667 0.1859375 0.812037037037037 0.1890625 0.8009259259259259 0.19270833333333334 0.7962962962962963 0.19583333333333333 0.7972222222222223
1 0.7354166666666667 0.03425925925925926 0.7375 0.03518518518518519 0.7390625 0.046296296296296294 0.7333333333333333 0.07777777777777778 0.73125 0.08055555555555556 0.7276041666666667 0.07777777777777778 0.7276041666666667 0.07314814814814814 0.7302083333333333 0.04814814814814815 0.7348958333333333 0.03425925925925926
1 0.2796875 0.8648148148148148 0.2859375 0.8703703703703703 0.2864583333333333 0.8777777777777778 0.284375 0.8851851851851852 0.2911458333333333 0.8972222222222223 0.290625 0.9027777777777778 0.2869791666666667 0.9074074074074074 0.2864583333333333 0.9166666666666666 0.2838541666666667 0.9194444444444444 0.278125 0.9138888888888889 0.2677083333333333 0.8861111111111111 0.2682291666666667 0.8722222222222222 0.271875 0.8666666666666667 0.2791666666666667 0.8648148148148148
1 0.6619791666666667 0.11018518518518519 0.6666666666666666 0.11574074074074074 0.6671875 0.1259259259259259 0.6630208333333333 0.13703703703703704 0.6614583333333334 0.15 0.6583333333333333 0.1537037037037037 0.6546875 0.1537037037037037 0.65625 0.1398148148148148 0.6546875 0.12314814814814815 0.6614583333333334 0.11018518518518519
1 0.5270833333333333 0.17222222222222222 0.5291666666666667 0.17407407407407408 0.5328125 0.18981481481481483 0.5260416666666666 0.2222222222222222 0.5239583333333333 0.21944444444444444 0.5203125 0.18888888888888888 0.5265625 0.17222222222222222
1 0.84375 0.05 0.8447916666666667 0.06388888888888888 0.8385416666666666 0.09444444444444444 0.8348958333333333 0.08796296296296297 0.83125 0.08796296296296297 0.83125 0.08518518518518518 0.8348958333333333 0.07592592592592592 0.8375 0.05925925925925926 0.8432291666666667 0.05
1 0.4010416666666667 0.48148148148148145 0.4083333333333333 0.4981481481481482 0.4088541666666667 0.5185185185185185 0.4088541666666667 0.5222222222222223 0.4041666666666667 0.525 0.4015625 0.5361111111111111 0.39895833333333336 0.5361111111111111 0.39947916666666666 0.5268518518518519 0.3958333333333333 0.5046296296296297 0.39739583333333334 0.4824074074074074 0.4005208333333333 0.48148148148148145
1 0.013541666666666667 0.4787037037037037 0.022395833333333334 0.4824074074074074 0.027083333333333334 0.487962962962963 0.04114583333333333 0.5194444444444445 0.03958333333333333 0.5268518518518519 0.021875 0.512962962962963 0.010416666666666666 0.49907407407407406 0.0067708333333333336 0.48055555555555557 0.008333333333333333 0.47685185185185186 0.013020833333333334 0.4787037037037037
1 0.17604166666666668 0 0.18333333333333332 0 0.18645833333333334 0.022222222222222223 0.18541666666666667 0.027777777777777776 0.18229166666666666 0.028703703703703703 0.18072916666666666 0.025925925925925925 0.17604166666666668 0.000925925925925926
1 0.41458333333333336 0.5101851851851852 0.4244791666666667 0.5157407407407407 0.4265625 0.5212962962962963 0.425 0.549074074074074 0.421875 0.5564814814814815 0.42135416666666664 0.5638888888888889 0.41822916666666665 0.5666666666666667 0.4166666666666667 0.5472222222222223 0.41302083333333334 0.5333333333333333 0.4125 0.5148148148148148 0.41458333333333336 0.5111111111111111
1 0.4890625 0.5083333333333333 0.49583333333333335 0.5222222222222223 0.4953125 0.5416666666666666 0.49166666666666664 0.5527777777777778 0.484375 0.5583333333333333 0.48072916666666665 0.5481481481481482 0.4786458333333333 0.5231481481481481 0.48385416666666664 0.5083333333333333 0.48854166666666665 0.5083333333333333
1 0.7864583333333334 0.37777777777777777 0.7927083333333333 0.3638888888888889 0.7963541666666667 0.36574074074074076 0.7953125 0.38333333333333336 0.7875 0.3990740740740741 0.7848958333333333 0.41759259259259257 0.7770833333333333 0.41574074074074074 0.7765625 0.40555555555555556 0.7796875 0.38981481481481484 0.7864583333333334 0.3787037037037037
1 0.1390625 0.049074074074074076 0.14375 0.05648148148148148 0.14947916666666666 0.07407407407407407 0.14947916666666666 0.07962962962962963 0.14375 0.08611111111111111 0.14114583333333333 0.08518518518518518 0.13802083333333334 0.07777777777777778 0.1328125 0.053703703703703705 0.13333333333333333 0.04814814814814815 0.13854166666666667 0.049074074074074076
1 0.415625 0.4898148148148148 0.42604166666666665 0.4981481481481482 0.42552083333333335 0.5212962962962963 0.4140625 0.5120370370370371 0.4125 0.49444444444444446 0.41510416666666666 0.4898148148148148
1 0.03177083333333333 0.13425925925925927 0.041666666666666664 0.15185185185185185 0.04375 0.17314814814814813 0.03958333333333333 0.17222222222222222 0.03177083333333333 0.15462962962962962 0.025520833333333333 0.15 0.025520833333333333 0.13703703703703704 0.03125 0.13425925925925927
1 0.28958333333333336 0.7944444444444444 0.2953125 0.8037037037037037 0.29791666666666666 0.8166666666666667 0.3046875 0.8277777777777777 0.30520833333333336 0.8333333333333334 0.30052083333333335 0.8425925925925926 0.29010416666666666 0.837037037037037 0.28854166666666664 0.8240740740740741 0.2833333333333333 0.8138888888888889 0.28125 0.7972222222222223 0.28489583333333335 0.7935185185185185 0.2890625 0.7944444444444444
1 0.23125 0.9037037037037037 0.23125 0.8981481481481481 0.24114583333333334 0.8851851851851852 0.24479166666666666 0.8842592592592593 0.25 0.8898148148148148 0.2515625 0.9037037037037037 0.2609375 0.912962962962963 0.2625 0.9175925925925926 0.2515625 0.9453703703703704 0.246875 0.9416666666666667 0.24427083333333333 0.925 0.23697916666666666 0.9083333333333333 0.23177083333333334 0.9037037037037037
1 0.3765625 0.30833333333333335 0.3796875 0.32037037037037036 0.37552083333333336 0.3296296296296296 0.37604166666666666 0.33796296296296297 0.3729166666666667 0.3416666666666667 0.36822916666666666 0.33796296296296297 0.3671875 0.30277777777777776 0.3697916666666667 0.2972222222222222 0.3729166666666667 0.29814814814814816 0.37604166666666666 0.30833333333333335
1 0.34322916666666664 0.10833333333333334 0.3494791666666667 0.1175925925925926 0.3385416666666667 0.13518518518518519 0.33697916666666666 0.13425925925925927 0.33645833333333336 0.12777777777777777 0.34010416666666665 0.11018518518518519 0.34270833333333334 0.10833333333333334
1 0.546875 0.15833333333333333 0.55 0.17592592592592593 0.5463541666666667 0.20185185185185187 0.5442708333333334 0.20555555555555555 0.5416666666666666 0.19722222222222222 0.540625 0.1712962962962963 0.5432291666666667 0.16111111111111112 0.5463541666666667 0.15833333333333333
1 0.09895833333333333 0.07407407407407407 0.10572916666666667 0.07685185185185185 0.109375 0.08611111111111111 0.109375 0.09351851851851851 0.11822916666666666 0.10555555555555556 0.1109375 0.10462962962962963 0.1109375 0.11203703703703703 0.10729166666666666 0.11296296296296296 0.09895833333333333 0.08518518518518518 0.09895833333333333 0.075
1 0.7151041666666667 0.8518518518518519 0.7151041666666667 0.8657407407407407 0.7098958333333333 0.8796296296296297 0.7098958333333333 0.8833333333333333 0.7135416666666666 0.8888888888888888 0.7109375 0.8935185185185185 0.7026041666666667 0.8833333333333333 0.6927083333333334 0.8814814814814815 0.6869791666666667 0.8722222222222222 0.6927083333333334 0.8648148148148148 0.6958333333333333 0.8546296296296296 0.703125 0.8537037037037037 0.7083333333333334 0.8490740740740741 0.7145833333333333 0.8518518518518519
1 0.70625 0.28055555555555556 0.017708333333333333 0.05
1 0.30520833333333336 0.9833333333333333 0.309375 0.9925925925925926 0.30885416666666665 0.9990740740740741 0.29270833333333335 0.9990740740740741 0.28489583333333335 0.9879629629629629 0.2838541666666667 0.9842592592592593 0.2875 0.9731481481481481 0.29635416666666664 0.9666666666666667 0.30104166666666665 0.9703703703703703 0.3046875 0.9833333333333333
1 0.8734375 0.4166666666666667 0.875 0.42314814814814816 0.8744791666666667 0.4351851851851852 0.8682291666666667 0.44814814814814813 0.8630208333333333 0.46574074074074073 0.859375 0.46944444444444444 0.8526041666666667 0.46574074074074073 0.8505208333333333 0.4546296296296296 0.8598958333333333 0.4351851851851852 0.8604166666666667 0.42592592592592593 0.8630208333333333 0.4203703703703704 0.86875 0.41574074074074074 0.8729166666666667 0.4166666666666667
1 0.07447916666666667 0.44351851851851853 0.08020833333333334 0.44907407407407407 0.08802083333333334 0.45092592592592595 0.09375 0.4583333333333333 0.09322916666666667 0.4703703703703704 0.10208333333333333 0.4861111111111111 0.10260416666666666 0.4962962962962963 0.09739583333333333 0.4962962962962963 0.08854166666666667 0.48518518518518516 0.07395833333333333 0.4583333333333333 0.07135416666666666 0.45 0.07395833333333333 0.4444444444444444
1 0.790625 0.09814814814814815 0.7942708333333334 0.10277777777777777 0.7942708333333334 0.11296296296296296 0.7869791666666667 0.13703703703703704 0.7833333333333333 0.14166666666666666 0.7802083333333333 0.14074074074074075 0.7802083333333333 0.13333333333333333 0.784375 0.1111111111111111 0.7901041666666667 0.09814814814814815
1 0.8348958333333333 0.22407407407407406 0.8364583333333333 0.22592592592592592 0.8354166666666667 0.2518518518518518 0.83125 0.2601851851851852 0.8276041666666667 0.25462962962962965 0.8244791666666667 0.25462962962962965 0.8192708333333333 0.26296296296296295 0.815625 0.262037037037037 0.8151041666666666 0.25833333333333336 0.8213541666666667 0.23796296296296296 0.828125 0.22777777777777777 0.834375 0.22407407407407406
1 0.8244791666666667 0.325 0.8307291666666666 0.3333333333333333 0.83125 0.34629629629629627 0.8244791666666667 0.36666666666666664 0.8208333333333333 0.37222222222222223 0.8140625 0.36944444444444446 0.8135416666666667 0.3648148148148148 0.8208333333333333 0.32685185185185184 0.8239583333333333 0.325
1 0.5015625 0.524074074074074 0.5057291666666667 0.5324074074074074 0.509375 0.5527777777777778 0.5041666666666667 0.5537037037037037 0.5026041666666666 0.5685185185185185 0.4979166666666667 0.5740740740740741 0.49583333333333335 0.5722222222222222 0.49322916666666666 0.55 0.49583333333333335 0.5425925925925926 0.496875 0.525 0.5010416666666667 0.524074074074074
1 0.49635416666666665 0.3074074074074074 0.5036458333333333 0.325 0.5046875 0.35 0.49947916666666664 0.3509259259259259 0.4979166666666667 0.34814814814814815 0.4973958333333333 0.35555555555555557 0.4947916666666667 0.36018518518518516 0.4921875 0.3592592592592593 0.49114583333333334 0.3138888888888889 0.49270833333333336 0.30648148148148147 0.49583333333333335 0.3074074074074074
1 0.103125 0.04722222222222222 0.11197916666666667 0.06481481481481481 0.11510416666666666 0.08703703703703704 0.11145833333333334 0.08703703703703704 0.09895833333333333 0.06574074074074074 0.09739583333333333 0.05092592592592592 0.09895833333333333 0.04722222222222222 0.10260416666666666 0.04722222222222222
1 0.5395833333333333 0.6527777777777778 0.5473958333333333 0.6777777777777778 0.5432291666666667 0.6814814814814815 0.5411458333333333 0.7018518518518518 0.5364583333333334 0.712037037037037 0.5348958333333333 0.7111111111111111 0.53125 0.6925925925925925 0.5276041666666667 0.687037037037037 0.5265625 0.6768518518518518 0.5307291666666667 0.6611111111111111 0.5354166666666667 0.6537037037037037 0.5390625 0.6527777777777778
1 0.6135416666666667 0.007407407407407408 0.6166666666666667 0.018518518518518517 0.6166666666666667 0.03148148148148148 0.6145833333333334 0.04259259259259259 0.609375 0.05462962962962963 0.6078125 0.05277777777777778 0.6083333333333333 0.024074074074074074 0.6130208333333333 0.007407407407407408
1 0.6369791666666667 0.04259259259259259 0.6411458333333333 0.05277777777777778 0.6395833333333333 0.07037037037037037 0.6333333333333333 0.0712962962962963 0.6333333333333333 0.04722222222222222 0.6364583333333333 0.04351851851851852
1 0.16458333333333333 0.925 0.17083333333333334 0.9314814814814815 0.17291666666666666 0.9407407407407408 0.18333333333333332 0.9361111111111111 0.1859375 0.9361111111111111 0.18697916666666667 0.9398148148148148 0.18229166666666666 0.9462962962962963 0.1671875 0.9546296296296296 0.1609375 0.9685185185185186 0.15833333333333333 0.9694444444444444 0.15416666666666667 0.9666666666666667 0.153125 0.9555555555555556 0.14375 0.937962962962963 0.146875 0.9314814814814815 0.1640625 0.925
1 0.7479166666666667 0.13148148148148148 0.7494791666666667 0.13703703703703704 0.7473958333333334 0.15462962962962962 0.7395833333333334 0.17685185185185184 0.7364583333333333 0.17777777777777778 0.7359375 0.17222222222222222 0.7416666666666667 0.1425925925925926 0.7473958333333334 0.13240740740740742
1 0.6635416666666667 0.1787037037037037 0.6645833333333333 0.20092592592592592 0.6588541666666666 0.22314814814814815 0.6546875 0.23055555555555557 0.6526041666666667 0.22962962962962963 0.6526041666666667 0.22592592592592592 0.6567708333333333 0.18888888888888888 0.6609375 0.17777777777777778 0.6630208333333333 0.1787037037037037
1 0.19895833333333332 0.9694444444444444 0.2125 0.9907407407407407 0.21770833333333334 0.9944444444444445 0.21875 0.9990740740740741 0.18802083333333333 0.9990740740740741 0.19114583333333332 0.975925925925926 0.19479166666666667 0.9703703703703703 0.1984375 0.9694444444444444