1 0.8328125 0.25462962962962965 0.8380208333333333 0.2388888888888889 0.8395833333333333 0.22037037037037038 0.8473958333333333 0.20462962962962963 0.8494791666666667 0.2064814814814815 0.8489583333333334 0.22314814814814815 0.8401041666666667 0.24351851851851852 0.8385416666666666 0.25462962962962965 0.8333333333333334 0.25462962962962965
1 0.7416666666666667 0.09259259259259259 0.7453125 0.0962962962962963 0.7458333333333333 0.10648148148148148 0.7411458333333333 0.14166666666666666 0.7375 0.14074074074074075 0.7364583333333333 0.13703703703703704 0.7369791666666666 0.1259259259259259 0.7354166666666667 0.11944444444444445 0.7359375 0.10648148148148148 0.7411458333333333 0.09259259259259259
1 0.3171875 0.9074074074074074 0.32083333333333336 0.9083333333333333 0.32760416666666664 0.9166666666666666 0.33125 0.9296296296296296 0.33489583333333334 0.9342592592592592 0.33489583333333334 0.9398148148148148 0.33229166666666665 0.9425925925925925 0.3265625 0.9425925925925925 0.325 0.9592592592592593 0.31927083333333334 0.962037037037037 0.31875 0.9407407407407408 0.3151041666666667 0.9314814814814815 0.30885416666666665 0.924074074074074 0.309375 0.9148148148148149 0.3171875 0.9083333333333333
1 0.6333333333333333 0.19814814814814816 0.6364583333333333 0.21666666666666667 0.6302083333333334 0.24166666666666667 0.6270833333333333 0.23333333333333334 0.6265625 0.21296296296296297 0.6307291666666667 0.19907407407407407 0.6328125 0.19814814814814816
1 0.8348958333333333 0.4398148148148148 0.840625 0.4425925925925926 0.8401041666666667 0.46296296296296297 0.83125 0.48055555555555557 0.8244791666666667 0.487962962962963 0.8208333333333333 0.4842592592592593 0.8140625 0.48518518518518516 0.8140625 0.48055555555555557 0.828125 0.4583333333333333 0.8348958333333333 0.44074074074074077
1 0.15052083333333333 0.03981481481481482 0.15364583333333334 0.040740740740740744 0.15885416666666666 0.05092592592592592 0.1625 0.07037037037037037 0.1609375 0.07685185185185185 0.1578125 0.07685185185185185 0.15 0.046296296296296294 0.15052083333333333 0.040740740740740744
1 0.9260416666666667 0.9490740740740741 0.9354166666666667 0.9546296296296296 0.9333333333333333 0.9731481481481481 0.9234375 0.9842592592592593 0.9046875 0.9888888888888889 0.8979166666666667 0.987037037037037 0.8979166666666667 0.9833333333333333 0.9052083333333333 0.9740740740740741 0.9036458333333334 0.9703703703703703 0.9041666666666667 0.9629629629629629 0.9130208333333333 0.9518518518518518 0.9255208333333333 0.9490740740740741
1 0.28802083333333334 0.9324074074074075 0.30052083333333335 0.9435185185185185 0.303125 0.9490740740740741 0.30416666666666664 0.9694444444444444 0.3 0.9777777777777777 0.29739583333333336 0.9787037037037037 0.29583333333333334 0.9777777777777777 0.2947916666666667 0.9694444444444444 0.2864583333333333 0.9601851851851851 0.2833333333333333 0.9490740740740741 0.27760416666666665 0.9416666666666667 0.2786458333333333 0.9333333333333333 0.2875 0.9324074074074075
1 0.05 0.18425925925925926 0.0546875 0.1925925925925926 0.057291666666666664 0.21666666666666667 0.06197916666666667 0.22962962962962963 0.06197916666666667 0.23333333333333334 0.058854166666666666 0.2361111111111111 0.05677083333333333 0.2361111111111111 0.050520833333333334 0.225 0.042708333333333334 0.1962962962962963 0.0453125 0.18518518518518517 0.049479166666666664 0.18425925925925926
1 0.04114583333333333 0.7055555555555556 0.050520833333333334 0.7092592592592593 0.05364583333333333 0.7138888888888889 0.05416666666666667 0.7231481481481481 0.058854166666666666 0.7305555555555555 0.06145833333333333 0.7453703703703703 0.06041666666666667 0.75 0.057291666666666664 0.7509259259259259 0.04375 0.7342592592592593 0.036458333333333336 0.737037037037037 0.027604166666666666 0.7203703703703703 0.0265625 0.7166666666666667 0.030729166666666665 0.7092592592592593 0.040625 0.7055555555555556
1 0.8348958333333333 0.37592592592592594 0.8354166666666667 0.38425925925925924 0.8291666666666667 0.39537037037037037 0.828125 0.4074074074074074 0.8260416666666667 0.40925925925925927 0.8171875 0.4046296296296296 0.8197916666666667 0.39166666666666666 0.828125 0.37222222222222223 0.8317708333333333 0.3712962962962963 0.834375 0.37592592592592594
1 0.13255208333333332 0.07083333333333333 0.013020833333333334 0.03796296296296296
1 0.016666666666666666 0.7138888888888889 0.030208333333333334 0.7231481481481481 0.035416666666666666 0.7342592592592593 0.0375 0.75 0.036458333333333336 0.7537037037037037 0.020833333333333332 0.7425925925925926 0.0171875 0.7425925925925926 0.015104166666666667 0.7481481481481481 0.011979166666666667 0.7481481481481481 0.0036458333333333334 0.7361111111111112 0.0020833333333333333 0.725925925925926 0 0.7240740740740741 0 0.7166666666666667 0.003125 0.7138888888888889 0.016145833333333335 0.7138888888888889
1 0.15729166666666666 0.08703703703703704 0.16197916666666667 0.09537037037037037 0.16302083333333334 0.10740740740740741 0.16666666666666666 0.11851851851851852 0.1671875 0.12314814814814815 0.16510416666666666 0.1259259259259259 0.16145833333333334 0.1259259259259259 0.15260416666666668 0.09722222222222222 0.15260416666666668 0.09166666666666666 0.15677083333333333 0.08703703703703704
1 0.1296875 0.09444444444444444 0.13645833333333332 0.10462962962962963 0.13854166666666667 0.11574074074074074 0.14375 0.12314814814814815 0.14427083333333332 0.12962962962962962 0.13697916666666668 0.12314814814814815 0.13541666666666666 0.1259259259259259 0.1359375 0.1361111111111111 0.13333333333333333 0.13796296296296295 0.13333333333333333 0.13055555555555556 0.12708333333333333 0.10185185185185185 0.12916666666666668 0.09537037037037037
1 0.036458333333333336 0.13240740740740742 0.042708333333333334 0.13148148148148148 0.04583333333333333 0.13425925925925927 0.05 0.14166666666666666 0.058333333333333334 0.16944444444444445 0.058333333333333334 0.175 0.0546875 0.17592592592592593 0.043229166666666666 0.1537037037037037 0.036458333333333336 0.13333333333333333
1 0.5328125 0.8018518518518518 0.5348958333333333 0.8037037037037037 0.5359375 0.812962962962963 0.5395833333333333 0.8175925925925925 0.540625 0.8277777777777777 0.5328125 0.850925925925926 0.5286458333333334 0.8518518518518519 0.5255208333333333 0.8564814814814815 0.5223958333333333 0.8546296296296296 0.5239583333333333 0.8361111111111111 0.5213541666666667 0.825 0.5229166666666667 0.8185185185185185 0.528125 0.812037037037037 0.5286458333333334 0.8055555555555556 0.5322916666666667 0.8018518518518518
1 0.0953125 0.13518518518518519 0.10208333333333333 0.14907407407407408 0.10104166666666667 0.16018518518518518 0.10729166666666666 0.175 0.10625 0.1814814814814815 0.09895833333333333 0.1712962962962963 0.09166666666666666 0.1537037037037037 0.09010416666666667 0.1398148148148148 0.09479166666666666 0.13518518518518519
1 0.34322916666666664 0.6101851851851852 0.3489583333333333 0.6157407407407407 0.35833333333333334 0.6425925925925926 0.3567708333333333 0.6527777777777778 0.3489583333333333 0.6648148148148149 0.34791666666666665 0.6527777777777778 0.34375 0.6453703703703704 0.3416666666666667 0.6296296296296297 0.3375 0.6157407407407407 0.3390625 0.6101851851851852 0.34270833333333334 0.6101851851851852
1 0.34270833333333334 0.8481481481481481 0.3484375 0.8537037037037037 0.35572916666666665 0.8555555555555555 0.3578125 0.862037037037037 0.3578125 0.8805555555555555 0.3614583333333333 0.8861111111111111 0.35885416666666664 0.8925925925925926 0.34270833333333334 0.8962962962962963 0.34010416666666665 0.8916666666666667 0.33229166666666665 0.8583333333333333 0.33489583333333334 0.85 0.3421875 0.8481481481481481
1 0.1203125 0.11481481481481481 0.12552083333333333 0.12222222222222222 0.12708333333333333 0.13796296296296295 0.13385416666666666 0.14351851851851852 0.13333333333333333 0.14814814814814814 0.1265625 0.1425925925925926 0.125 0.14629629629629629 0.12604166666666666 0.15555555555555556 0.12291666666666666 0.15462962962962962 0.115625 0.1259259259259259 0.115625 0.11574074074074074 0.11979166666666667 0.11481481481481481
1 0.2515625 0.7333333333333333 0.2552083333333333 0.7324074074074074 0.259375 0.7379629629629629 0.26875 0.7416666666666667 0.27708333333333335 0.7379629629629629 0.278125 0.7453703703703703 0.28177083333333336 0.7481481481481481 0.2786458333333333 0.7592592592592593 0.2755208333333333 0.7611111111111111 0.27239583333333334 0.7574074074074074 0.2682291666666667 0.7611111111111111 0.26875 0.7870370370370371 0.265625 0.7944444444444444 0.2635416666666667 0.7944444444444444 0.26145833333333335 0.7925925925925926 0.2630208333333333 0.7814814814814814 0.2609375 0.7657407407407407 0.2546875 0.7527777777777778 0.2515625 0.7518518518518519 0.2515625 0.7342592592592593
1 0.48020833333333335 0.3388888888888889 0.4864583333333333 0.35462962962962963 0.4869791666666667 0.3638888888888889 0.48385416666666664 0.3731481481481482 0.48385416666666664 0.38425925925925924 0.48072916666666665 0.38796296296296295 0.47604166666666664 0.3638888888888889 0.47708333333333336 0.3425925925925926 0.4796875 0.3398148148148148
1 0.6890625 0.2814814814814815 0.69375 0.29814814814814816 0.6817708333333333 0.32314814814814813 0.675 0.32037037037037036 0.6734375 0.3138888888888889 0.6828125 0.2972222222222222 0.6838541666666667 0.2833333333333333 0.6885416666666667 0.2814814814814815
1 0.6927083333333334 0.29814814814814816 0.6963541666666667 0.30648148148148147 0.6963541666666667 0.31851851851851853 0.690625 0.3472222222222222 0.684375 0.3527777777777778 0.68125 0.34629629629629627 0.684375 0.3333333333333333 0.684375 0.3175925925925926 0.6921875 0.29907407407407405
1 0.8463541666666666 0.46574074074074073 0.8479166666666667 0.4759259259259259 0.846875 0.487962962962963 0.83125 0.5138888888888888 0.8286458333333333 0.5120370370370371 0.8276041666666667 0.4888888888888889 0.8416666666666667 0.4666666666666667 0.8458333333333333 0.46574074074074073
1 0.16822916666666668 0.049074074074074076 0.17239583333333333 0.049074074074074076 0.17604166666666668 0.053703703703703705 0.18125 0.07777777777777778 0.175 0.08425925925925926 0.17239583333333333 0.0824074074074074 0.16822916666666668 0.06111111111111111 0.16822916666666668 0.05
1 0.24166666666666667 0.9490740740740741 0.24479166666666666 0.95 0.2546875 0.9629629629629629 0.25677083333333334 0.9703703703703703 0.2552083333333333 0.9879629629629629 0.24635416666666668 0.9907407407407407 0.2375 0.9851851851851852 0.23385416666666667 0.9685185185185186 0.234375 0.9537037037037037 0.24114583333333334 0.9490740740740741
1 0.515625 0.8342592592592593 0.5083333333333333 0.8111111111111111 0.5088541666666667 0.8009259259259259 0.5135416666666667 0.7861111111111111 0.5192708333333333 0.7824074074074074 0.5229166666666667 0.7981481481481482 0.5197916666666667 0.8296296296296296 0.5161458333333333 0.8333333333333334
1 0.26484375 0.026851851851851852 0.009895833333333333 0.03518518518518519
1 0.4427083333333333 0.47962962962962963 0.44947916666666665 0.4898148148148148 0.4484375 0.5231481481481481 0.4427083333333333 0.5296296296296297 0.4390625 0.5268518518518519 0.4359375 0.49537037037037035 0.4375 0.4842592592592593 0.4421875 0.47962962962962963
1 0.3494791666666667 0.8953703703703704 0.35520833333333335 0.9037037037037037 0.3614583333333333 0.9351851851851852 0.3614583333333333 0.9416666666666667 0.35625 0.9462962962962963 0.35260416666666666 0.9351851851851852 0.3385416666666667 0.9222222222222223 0.3385416666666667 0.9046296296296297 0.3421875 0.899074074074074 0.3489583333333333 0.8953703703703704
1 0.45625 0.8009259259259259 0.46770833333333334 0.8074074074074075 0.4739583333333333 0.8222222222222222 0.4734375 0.8314814814814815 0.46927083333333336 0.8379629629629629 0.47239583333333335 0.8527777777777777 0.4666666666666667 0.8527777777777777 0.4625 0.8416666666666667 0.4552083333333333 0.8342592592592593 0.45625 0.8018518518518518
1 0.08125 0.1 0.09166666666666666 0.12129629629629629 0.0953125 0.13240740740740742 0.0953125 0.1388888888888889 0.08854166666666667 0.13518518518518519 0.07760416666666667 0.1175925925925926 0.078125 0.10092592592592593 0.08072916666666667 0.1
1 0.6088541666666667 0.023148148148148147 0.6088541666666667 0.046296296296296294 0.6020833333333333 0.062037037037037036 0.6015625 0.03333333333333333 0.6057291666666667 0.023148148148148147 0.6083333333333333 0.023148148148148147
1 0.26614583333333336 0.9583333333333334 0.27239583333333334 0.9694444444444444 0.2796875 0.9731481481481481 0.2760416666666667 0.9833333333333333 0.2786458333333333 0.9879629629629629 0.2786458333333333 0.9925925925925926 0.2760416666666667 0.9953703703703703 0.2635416666666667 0.9898148148148148 0.259375 0.9842592592592593 0.259375 0.9666666666666667 0.26197916666666665 0.9592592592592593 0.265625 0.9583333333333334
1 0.8114583333333333 0.17037037037037037 0.8125 0.17592592592592593 0.8104166666666667 0.18703703703703703 0.8052083333333333 0.19814814814814816 0.8026041666666667 0.21481481481481482 0.8 0.21666666666666667 0.7963541666666667 0.21666666666666667 0.7947916666666667 0.21296296296296297 0.7994791666666666 0.20185185185185187 0.8 0.19166666666666668 0.803125 0.18055555555555555 0.8109375 0.17037037037037037
1 0.18697916666666667 0.4925925925925926 0.19739583333333333 0.5009259259259259 0.19947916666666668 0.5055555555555555 0.2046875 0.5287037037037037 0.21458333333333332 0.5509259259259259 0.21302083333333333 0.5555555555555556 0.20625 0.5453703703703704 0.19947916666666668 0.5444444444444444 0.19635416666666666 0.5361111111111111 0.1890625 0.5277777777777778 0.1859375 0.5148148148148148 0.18645833333333334 0.5046296296296297 0.18333333333333332 0.4962962962962963 0.18645833333333334 0.4925925925925926
1 0.8286458333333333 0.325 0.8328125 0.3333333333333333 0.8328125 0.3453703703703704 0.8302083333333333 0.35185185185185186 0.8192708333333333 0.34629629629629627 0.8171875 0.3388888888888889 0.8239583333333333 0.32407407407407407 0.828125 0.325