1 0.4703125 0.4666666666666667 0.4791666666666667 0.48055555555555557 0.4734375 0.5222222222222223 0.4703125 0.524074074074074 0.4703125 0.5101851851851852 0.465625 0.48333333333333334 0.4661458333333333 0.475 0.46979166666666666 0.4675925925925926
1 0.13489583333333333 0.725 0.13958333333333334 0.7453703703703703 0.14947916666666666 0.7518518518518519 0.1515625 0.762962962962963 0.15520833333333334 0.7685185185185185 0.15208333333333332 0.7722222222222223 0.14635416666666667 0.7712962962962963 0.1296875 0.7583333333333333 0.12291666666666666 0.7472222222222222 0.11927083333333334 0.7324074074074074 0.1265625 0.725 0.134375 0.725
1 0.34375 0.8935185185185185 0.3484375 0.9 0.3484375 0.9148148148148149 0.35208333333333336 0.9342592592592592 0.35208333333333336 0.9398148148148148 0.3463541666666667 0.9462962962962963 0.3421875 0.9333333333333333 0.3333333333333333 0.9314814814814815 0.33229166666666665 0.9212962962962963 0.32708333333333334 0.9074074074074074 0.328125 0.9009259259259259 0.33697916666666666 0.8925925925925926 0.34322916666666664 0.8935185185185185
1 0.6505208333333333 0.287962962962963 0.6515625 0.2611111111111111 0.6546875 0.2388888888888889 0.6588541666666666 0.23981481481481481 0.6604166666666667 0.25555555555555554 0.6552083333333333 0.2861111111111111 0.6510416666666666 0.287962962962963
1 0.8421875 0.46111111111111114 0.8453125 0.46944444444444444 0.8453125 0.47962962962962963 0.828125 0.5166666666666667 0.8244791666666667 0.5083333333333333 0.8208333333333333 0.5092592592592593 0.8203125 0.5046296296296297 0.8296875 0.47314814814814815 0.8333333333333334 0.4666666666666667 0.8416666666666667 0.46111111111111114
1 0.0375 0.1787037037037037 0.041666666666666664 0.18518518518518517 0.044270833333333336 0.19907407407407407 0.05416666666666667 0.21666666666666667 0.05364583333333333 0.22037037037037038 0.04895833333333333 0.21574074074074073 0.04635416666666667 0.22777777777777777 0.030729166666666665 0.19444444444444445 0.03229166666666667 0.18333333333333332 0.03697916666666667 0.1787037037037037
1 0.8390625 0.11018518518518519 0.8401041666666667 0.12037037037037036 0.8380208333333333 0.13055555555555556 0.83125 0.15185185185185185 0.8286458333333333 0.1527777777777778 0.8255208333333334 0.14722222222222223 0.8296875 0.12777777777777777 0.8385416666666666 0.11018518518518519
1 0.7614583333333333 0.12129629629629629 0.7625 0.12962962962962962 0.7572916666666667 0.14907407407407408 0.7567708333333333 0.16111111111111112 0.7546875 0.1638888888888889 0.75 0.15925925925925927 0.7515625 0.13333333333333333 0.7572916666666667 0.12037037037037036 0.7609375 0.12129629629629629
1 0.16145833333333334 0.028703703703703703 0.16822916666666668 0.04351851851851852 0.16979166666666667 0.06481481481481481 0.1671875 0.06759259259259259 0.16510416666666666 0.06388888888888888 0.1578125 0.04259259259259259 0.1578125 0.03611111111111111 0.1609375 0.02962962962962963
1 0.4505208333333333 0.37777777777777777 0.4583333333333333 0.3907407407407407 0.45625 0.41388888888888886 0.45260416666666664 0.4287037037037037 0.44583333333333336 0.4111111111111111 0.4453125 0.4027777777777778 0.44583333333333336 0.387037037037037 0.45 0.37777777777777777
1 0.0171875 0.21296296296296297 0.021875 0.22685185185185186 0.022395833333333334 0.23703703703703705 0.027604166666666666 0.25092592592592594 0.026041666666666668 0.2574074074074074 0.021875 0.24814814814814815 0.015104166666666667 0.24259259259259258 0.007291666666666667 0.22685185185185186 0.007291666666666667 0.22037037037037038 0.009375 0.21574074074074073 0.016666666666666666 0.21296296296296297
1 0.12291666666666666 0.6638888888888889 0.1265625 0.6675925925925926 0.13333333333333333 0.6666666666666666 0.14114583333333333 0.6777777777777778 0.14114583333333333 0.6935185185185185 0.15104166666666666 0.7101851851851851 0.1515625 0.7129629629629629 0.14947916666666666 0.7148148148148148 0.14635416666666667 0.7148148148148148 0.13020833333333334 0.6962962962962963 0.12239583333333333 0.6953703703703704 0.12083333333333333 0.6925925925925925 0.115625 0.6675925925925926 0.12239583333333333 0.6638888888888889
1 0.06875 0.19166666666666668 0.07447916666666667 0.19814814814814816 0.08125 0.225 0.08125 0.23333333333333334 0.0734375 0.22777777777777777 0.0671875 0.21296296296296297 0.065625 0.1925925925925926 0.06822916666666666 0.19166666666666668
1 0.12708333333333333 0.6296296296296297 0.13697916666666668 0.6333333333333333 0.1453125 0.6435185185185185 0.153125 0.6685185185185185 0.1515625 0.675 0.13802083333333334 0.6694444444444444 0.13125 0.6620370370370371 0.12760416666666666 0.6425925925925926 0.1234375 0.6370370370370371 0.12291666666666666 0.6333333333333333 0.1265625 0.6296296296296297
1 0.7895833333333333 0.12962962962962962 0.7921875 0.13333333333333333 0.7927083333333333 0.1425925925925926 0.7833333333333333 0.17407407407407408 0.7796875 0.17222222222222222 0.7796875 0.16111111111111112 0.7838541666666666 0.1388888888888889 0.7890625 0.13055555555555556
1 0.125 0.05925925925925926 0.13854166666666667 0.08981481481481482 0.13697916666666668 0.09537037037037037 0.13229166666666667 0.08981481481481482 0.13072916666666667 0.10185185185185185 0.12552083333333333 0.09444444444444444 0.12447916666666667 0.08796296296296297 0.11875 0.07685185185185185 0.11875 0.06388888888888888 0.12239583333333333 0.058333333333333334 0.12447916666666667 0.05925925925925926
1 0.05677083333333333 0.7981481481481482 0.06041666666666667 0.8027777777777778 0.06770833333333333 0.8 0.0765625 0.8092592592592592 0.08177083333333333 0.825 0.09375 0.8453703703703703 0.08854166666666667 0.8583333333333333 0.08541666666666667 0.8574074074074074 0.08229166666666667 0.8490740740740741 0.075 0.8425925925925926 0.06302083333333333 0.8398148148148148 0.05364583333333333 0.8268518518518518 0.053125 0.8138888888888889 0.0484375 0.8037037037037037 0.05260416666666667 0.7981481481481482 0.05625 0.7981481481481482
1 0.14791666666666667 0.07222222222222222 0.1546875 0.08055555555555556 0.15625 0.08796296296296297 0.15677083333333333 0.09814814814814815 0.15416666666666667 0.11666666666666667 0.1515625 0.11296296296296296 0.1453125 0.07685185185185185 0.1453125 0.07314814814814814 0.14739583333333334 0.07222222222222222
1 0.06354166666666666 0.15092592592592594 0.0671875 0.15092592592592594 0.07291666666666667 0.1574074074074074 0.07552083333333333 0.17222222222222222 0.08072916666666667 0.18425925925925926 0.08072916666666667 0.18888888888888888 0.07760416666666667 0.19074074074074074 0.06197916666666667 0.1675925925925926 0.06041666666666667 0.16018518518518518 0.06354166666666666 0.15185185185185185
1 0.9010416666666666 0.5324074074074074 0.9072916666666667 0.5194444444444445 0.9114583333333334 0.5203703703703704 0.9145833333333333 0.5157407407407407 0.91875 0.5185185185185185 0.9171875 0.5388888888888889 0.9078125 0.55 0.9005208333333333 0.5666666666666667 0.8984375 0.5657407407407408 0.8979166666666667 0.5546296296296296 0.8947916666666667 0.5601851851851852 0.890625 0.5601851851851852 0.8901041666666667 0.5564814814814815 0.9010416666666666 0.5333333333333333
1 0.4984375 0.47314814814814815 0.5026041666666666 0.47314814814814815 0.503125 0.48055555555555557 0.5083333333333333 0.4962962962962963 0.5046875 0.5175925925925926 0.5020833333333333 0.5222222222222223 0.4973958333333333 0.5203703703703704 0.4979166666666667 0.5046296296296297 0.49583333333333335 0.4842592592592593 0.4984375 0.4740740740740741
1 0.8630208333333333 0.4305555555555556 0.8661458333333333 0.4351851851851852 0.8661458333333333 0.44537037037037036 0.8625 0.45555555555555555 0.8489583333333334 0.4787037037037037 0.846875 0.4740740740740741 0.8479166666666667 0.46111111111111114 0.8625 0.4305555555555556
1 0.5958333333333333 0.12222222222222222 0.5994791666666667 0.1398148148148148 0.5921875 0.16944444444444445 0.5901041666666667 0.16574074074074074 0.5895833333333333 0.1361111111111111 0.5953125 0.12222222222222222
1 0.09583333333333334 0.08148148148148149 0.103125 0.09351851851851851 0.11041666666666666 0.11666666666666667 0.109375 0.12129629629629629 0.1046875 0.12037037037037036 0.09166666666666666 0.09537037037037037 0.09166666666666666 0.08796296296296297 0.0953125 0.08148148148148149
1 0.08541666666666667 0.18055555555555555 0.1078125 0.22037037037037038 0.10572916666666667 0.22592592592592592 0.10364583333333334 0.22592592592592592 0.09895833333333333 0.21481481481481482 0.0953125 0.21388888888888888 0.08854166666666667 0.23425925925925925 0.08958333333333333 0.2111111111111111 0.084375 0.20277777777777778 0.0828125 0.19444444444444445 0.0828125 0.18333333333333332 0.08489583333333334 0.18055555555555555
1 0.6932291666666667 0.8777777777777778 0.6973958333333333 0.9037037037037037 0.6901041666666666 0.9138888888888889 0.6890625 0.9222222222222223 0.6864583333333333 0.924074074074074 0.6822916666666666 0.9222222222222223 0.6791666666666667 0.9120370370370371 0.6651041666666667 0.9111111111111111 0.6625 0.9037037037037037 0.6760416666666667 0.8962962962962963 0.6869791666666667 0.8777777777777778 0.6927083333333334 0.8777777777777778
1 0.6052083333333333 0.047685185185185185 0.008333333333333333 0.03425925925925926
1 0.665625 0.10925925925925926 0.6682291666666667 0.11666666666666667 0.6682291666666667 0.12777777777777777 0.6625 0.15092592592592594 0.6578125 0.14907407407407408 0.6572916666666667 0.13703703703703704 0.659375 0.11574074074074074 0.6614583333333334 0.11018518518518519 0.6651041666666667 0.10925925925925926
1 0.27760416666666665 0.8481481481481481 0.28802083333333334 0.8537037037037037 0.29739583333333336 0.8759259259259259 0.2916666666666667 0.8814814814814815 0.2828125 0.8814814814814815 0.2760416666666667 0.8898148148148148 0.27395833333333336 0.887962962962963 0.275 0.8787037037037037 0.27291666666666664 0.875 0.26875 0.8759259259259259 0.265625 0.8722222222222222 0.265625 0.8555555555555555 0.26927083333333335 0.8481481481481481 0.27708333333333335 0.8481481481481481
1 0.7130208333333333 0.2898148148148148 0.715625 0.3148148148148148 0.7083333333333334 0.325 0.70625 0.33796296296296297 0.7026041666666667 0.34444444444444444 0.7 0.3435185185185185 0.6927083333333334 0.33055555555555555 0.6994791666666667 0.32314814814814813 0.7088541666666667 0.2916666666666667 0.7125 0.2898148148148148
1 0.26614583333333336 0.19074074074074074 0.27395833333333336 0.20833333333333334 0.2734375 0.2212962962962963 0.2755208333333333 0.22962962962962963 0.27395833333333336 0.23703703703703705 0.27239583333333334 0.23703703703703705 0.265625 0.21944444444444444 0.2625 0.20462962962962963 0.2625 0.19444444444444445 0.265625 0.19074074074074074
1 0.28958333333333336 0.9185185185185185 0.3020833333333333 0.9287037037037037 0.3046875 0.9351851851851852 0.30572916666666666 0.9564814814814815 0.30052083333333335 0.9648148148148148 0.29739583333333336 0.9638888888888889 0.29583333333333334 0.9546296296296296 0.2838541666666667 0.9398148148148148 0.2838541666666667 0.9314814814814815 0.2796875 0.9231481481481482 0.2828125 0.9157407407407407 0.2890625 0.9185185185185185
1 0.9598958333333333 0.5527777777777778 0.9625 0.5574074074074075 0.9625 0.575 0.9489583333333333 0.5972222222222222 0.9385416666666667 0.5916666666666667 0.9375 0.5842592592592593 0.9421875 0.5768518518518518 0.9473958333333333 0.5592592592592592 0.959375 0.5527777777777778
1 0.58125 0.04259259259259259 0.5838541666666667 0.044444444444444446 0.5859375 0.05925925925925926 0.5822916666666667 0.06759259259259259 0.5791666666666667 0.08425925925925926 0.5765625 0.08333333333333333 0.5755208333333334 0.07407407407407407 0.5776041666666667 0.05092592592592592 0.58125 0.04351851851851852
1 0.09375 0.11574074074074074 0.09635416666666667 0.11481481481481481 0.1046875 0.12314814814814815 0.10989583333333333 0.14444444444444443 0.11354166666666667 0.15 0.1125 0.15462962962962962 0.109375 0.15462962962962962 0.10572916666666667 0.16296296296296298 0.10416666666666667 0.16203703703703703 0.1 0.14351851851851852 0.09270833333333334 0.12777777777777777 0.09375 0.11666666666666667
1 0.057291666666666664 0.18796296296296297 0.0671875 0.19907407407407407 0.06822916666666666 0.21296296296296297 0.07395833333333333 0.23055555555555557 0.071875 0.23425925925925925 0.06822916666666666 0.22777777777777777 0.058333333333333334 0.22037037037037038 0.05260416666666667 0.20277777777777778 0.05416666666666667 0.18981481481481483 0.05677083333333333 0.18796296296296297
1 0.8598958333333333 0.20925925925925926 0.8619791666666666 0.21296296296296297 0.8630208333333333 0.225 0.8526041666666667 0.25833333333333336 0.8489583333333334 0.25833333333333336 0.8473958333333333 0.25277777777777777 0.8489583333333334 0.22962962962962963 0.8515625 0.22037037037037038 0.859375 0.20925925925925926
1 0.6911458333333333 0.8342592592592593 0.6994791666666667 0.8472222222222222 0.6994791666666667 0.8592592592592593 0.6921875 0.8740740740740741 0.68125 0.8833333333333333 0.6770833333333334 0.8833333333333333 0.6760416666666667 0.8805555555555555 0.678125 0.8722222222222222 0.6760416666666667 0.8574074074074074 0.671875 0.8490740740740741 0.675 0.8444444444444444 0.6791666666666667 0.8453703703703703 0.6859375 0.8342592592592593 0.690625 0.8342592592592593
1 0.5916666666666667 0.17037037037037037 0.5953125 0.17222222222222222 0.5989583333333334 0.18333333333333332 0.5947916666666667 0.20925925925925926 0.5927083333333333 0.21666666666666667 0.590625 0.2175925925925926 0.590625 0.20185185185185187 0.5875 0.18796296296296297 0.5916666666666667 0.1712962962962963
1 0.17604166666666668 0.030555555555555555 0.18020833333333333 0.03888888888888889 0.18229166666666666 0.06666666666666667 0.17760416666666667 0.06481481481481481 0.17083333333333334 0.04351851851851852 0.17135416666666667 0.03333333333333333 0.17552083333333332 0.030555555555555555
1 0.48072916666666665 0.3814814814814815 0.48385416666666664 0.39537037037037037 0.48125 0.4 0.48125 0.4101851851851852 0.4739583333333333 0.425 0.4734375 0.4027777777777778 0.4703125 0.39537037037037037 0.46979166666666666 0.3824074074074074 0.4734375 0.3712962962962963 0.47708333333333336 0.3712962962962963 0.48020833333333335 0.3814814814814815
1 0.3859375 0.8574074074074074 0.3880208333333333 0.8777777777777778 0.39479166666666665 0.8907407407407407 0.390625 0.8972222222222223 0.3828125 0.8972222222222223 0.37447916666666664 0.9046296296296297 0.3692708333333333 0.9027777777777778 0.371875 0.8944444444444445 0.371875 0.8629629629629629 0.37864583333333335 0.8555555555555555 0.3854166666666667 0.8574074074074074
1 0.050520833333333334 0.12314814814814815 0.05520833333333333 0.1259259259259259 0.058333333333333334 0.13425925925925927 0.06197916666666667 0.15092592592592594 0.06041666666666667 0.15925925925925927 0.05625 0.15648148148148147 0.044270833333333336 0.12685185185185185 0.04635416666666667 0.12314814814814815 0.05 0.12314814814814815
1 0.5427083333333333 0.5083333333333333 0.5463541666666667 0.5148148148148148 0.5484375 0.5342592592592592 0.5401041666666667 0.55 0.5364583333333334 0.562037037037037 0.5338541666666666 0.5611111111111111 0.5322916666666667 0.5203703703703704 0.5364583333333334 0.5101851851851852 0.5421875 0.5083333333333333
1 0.5994791666666667 0.058333333333333334 0.6026041666666667 0.06574074074074074 0.5989583333333334 0.09351851851851851 0.5958333333333333 0.09722222222222222 0.5932291666666667 0.08148148148148149 0.5932291666666667 0.06851851851851852 0.5947916666666667 0.06111111111111111 0.5989583333333334 0.058333333333333334
1 0.6057291666666667 0.8388888888888889 0.6104166666666667 0.8527777777777777 0.6098958333333333 0.8666666666666667 0.6151041666666667 0.8759259259259259 0.6151041666666667 0.8796296296296297 0.6109375 0.8842592592592593 0.60625 0.8833333333333333 0.5989583333333334 0.8740740740740741 0.5953125 0.8731481481481481 0.5921875 0.8777777777777778 0.5875 0.8777777777777778 0.5838541666666667 0.8731481481481481 0.5911458333333334 0.8648148148148148 0.6 0.8379629629629629 0.6052083333333333 0.8388888888888889
1 0.5916666666666667 0.03518518518518519 0.5953125 0.04351851851851852 0.5963541666666666 0.05277777777777778 0.5927083333333333 0.06851851851851852 0.5921875 0.08148148148148149 0.5880208333333333 0.08333333333333333 0.5869791666666667 0.06296296296296296 0.5875 0.044444444444444446 0.5911458333333334 0.03611111111111111
1 0.7171875 0.35555555555555557 0.7192708333333333 0.3592592592592593 0.7192708333333333 0.3685185185185185 0.715625 0.37962962962962965 0.7130208333333333 0.40370370370370373 0.7098958333333333 0.4064814814814815 0.7005208333333334 0.3962962962962963 0.7098958333333333 0.3685185185185185 0.7166666666666667 0.35555555555555557
1 0.7234375 0.24444444444444444 0.7234375 0.2675925925925926 0.7166666666666667 0.287962962962963 0.7140625 0.2861111111111111 0.7135416666666666 0.28055555555555556 0.709375 0.2759259259259259 0.709375 0.2722222222222222 0.7197916666666667 0.24537037037037038 0.7229166666666667 0.24444444444444444
1 0.8098958333333334 0.16296296296296298 0.8104166666666667 0.17407407407407408 0.7979166666666667 0.2 0.7958333333333333 0.19907407407407407 0.7958333333333333 0.19444444444444445 0.7994791666666666 0.1712962962962963 0.8036458333333333 0.1648148148148148 0.809375 0.16296296296296298
1 0.16875 0.8787037037037037 0.17760416666666667 0.8861111111111111 0.18385416666666668 0.8870370370370371 0.18385416666666668 0.8962962962962963 0.18854166666666666 0.9138888888888889 0.18333333333333332 0.9259259259259259 0.17864583333333334 0.9185185185185185 0.1671875 0.9092592592592592 0.1578125 0.8916666666666667 0.15885416666666666 0.8833333333333333 0.16822916666666668 0.8787037037037037
1 0.8979166666666667 0.5055555555555555 0.8994791666666667 0.5120370370370371 0.896875 0.5212962962962963 0.8833333333333333 0.5472222222222223 0.8765625 0.5444444444444444 0.878125 0.5296296296296297 0.8869791666666667 0.5111111111111111 0.8973958333333333 0.5055555555555555
1 0.6828125 0.8101851851851852 0.6854166666666667 0.8157407407407408 0.684375 0.8351851851851851 0.6817708333333333 0.8425925925925926 0.6755208333333333 0.8453703703703703 0.6598958333333333 0.8435185185185186 0.6557291666666667 0.837037037037037 0.6677083333333333 0.8296296296296296 0.6786458333333333 0.8101851851851852 0.6822916666666666 0.8101851851851852
1 0.3140625 0.9101851851851852 0.321875 0.9185185185185185 0.32708333333333334 0.9416666666666667 0.3260416666666667 0.9490740740740741 0.321875 0.9546296296296296 0.3177083333333333 0.9537037037037037 0.31666666666666665 0.9462962962962963 0.3026041666666667 0.9259259259259259 0.30364583333333334 0.9175925925925926 0.31354166666666666 0.9101851851851852