0 0.6140625 0.1 0.6192708333333333 0.10277777777777777 0.6239583333333333 0.11481481481481481 0.6333333333333333 0.14629629629629629 0.6338541666666667 0.15925925925925927 0.6375 0.175 0.6369791666666667 0.18703703703703703 0.6338541666666667 0.19537037037037036 0.6229166666666667 0.20092592592592592 0.6114583333333333 0.19907407407407407 0.6026041666666667 0.19166666666666668 0.6010416666666667 0.18055555555555555 0.5973958333333333 0.1712962962962963 0.5979166666666667 0.1648148148148148 0.5942708333333333 0.14351851851851852 0.59375 0.125 0.5994791666666667 0.10555555555555556 0.6041666666666666 0.10092592592592593 0.6135416666666667 0.1
0 0.058854166666666666 0.6685185185185185 0.07239583333333334 0.6777777777777778 0.08385416666666666 0.6990740740740741 0.084375 0.7083333333333334 0.07916666666666666 0.7268518518518519 0.07760416666666667 0.7435185185185185 0.0671875 0.7564814814814815 0.05520833333333333 0.7592592592592593 0.019791666666666666 0.8083333333333333 0.011979166666666667 0.8037037037037037 0 0.787962962962963 0 0.712037037037037 0.0234375 0.6953703703703704 0.03958333333333333 0.674074074074074 0.058333333333333334 0.6685185185185185
0 0.6213541666666667 0 0.6421875 0 0.6432291666666666 0.004629629629629629 0.6427083333333333 0.021296296296296296 0.6375 0.04351851851851852 0.6307291666666667 0.05740740740740741 0.6213541666666667 0.06018518518518518 0.609375 0.05555555555555555 0.6067708333333334 0.049074074074074076 0.6104166666666667 0.028703703703703703 0.6213541666666667 0.000925925925925926
0 0.09270833333333334 0.7824074074074074 0.1171875 0.8064814814814815 0.12239583333333333 0.8240740740740741 0.12291666666666666 0.8324074074074074 0.11770833333333333 0.8703703703703703 0.109375 0.8851851851851852 0.103125 0.8907407407407407 0.0875 0.8814814814814815 0.04375 0.8351851851851851 0.049479166666666664 0.8212962962962963 0.0703125 0.7925925925925926 0.08333333333333333 0.7824074074074074 0.0921875 0.7824074074074074
1 0.25625 0.912962962962963 0.2682291666666667 0.9212962962962963 0.26927083333333335 0.9324074074074075 0.2677083333333333 0.9490740740740741 0.265625 0.9537037037037037 0.2515625 0.9518518518518518 0.2453125 0.9388888888888889 0.24322916666666666 0.9287037037037037 0.24479166666666666 0.9212962962962963 0.24947916666666667 0.9138888888888889 0.2557291666666667 0.912962962962963
1 0.4359375 0.5287037037037037 0.44114583333333335 0.5370370370370371 0.4432291666666667 0.5564814814814815 0.4473958333333333 0.5648148148148148 0.4401041666666667 0.5703703703703704 0.4354166666666667 0.5814814814814815 0.43125 0.5564814814814815 0.43125 0.5444444444444444 0.42864583333333334 0.5398148148148149 0.42864583333333334 0.5361111111111111 0.4354166666666667 0.5287037037037037
1 0.30364583333333334 0.637962962962963 0.3078125 0.6407407407407407 0.31145833333333334 0.6601851851851852 0.309375 0.6796296296296296 0.30520833333333336 0.6861111111111111 0.30104166666666665 0.6833333333333333 0.30104166666666665 0.6712962962962963 0.29322916666666665 0.65 0.29322916666666665 0.6425925925925926 0.2953125 0.6388888888888888 0.303125 0.637962962962963
1 0.353125 0.7703703703703704 0.36041666666666666 0.7768518518518519 0.35989583333333336 0.8064814814814815 0.36875 0.8268518518518518 0.36666666666666664 0.8314814814814815 0.36302083333333335 0.8305555555555556 0.3536458333333333 0.8101851851851852 0.3453125 0.8009259259259259 0.3458333333333333 0.7722222222222223 0.34791666666666665 0.7685185185185185 0.35260416666666666 0.7703703703703704
1 0.5536458333333333 0.35833333333333334 0.5505208333333333 0.38981481481481484 0.546875 0.4027777777777778 0.5432291666666667 0.4 0.540625 0.36018518518518516 0.5463541666666667 0.34629629629629627 0.553125 0.35833333333333334
1 0.58984375 0.10092592592592593 0.009895833333333333 0.044444444444444446
1 0.014583333333333334 0.19907407407407407 0.017708333333333333 0.19166666666666668 0.022395833333333334 0.19074074074074074 0.030208333333333334 0.20925925925925926 0.03958333333333333 0.22314814814814815 0.03958333333333333 0.22685185185185186 0.0359375 0.22685185185185186 0.03333333333333333 0.2212962962962963 0.03125 0.2212962962962963 0.03125 0.23333333333333334 0.028645833333333332 0.2361111111111111 0.015104166666666667 0.2
1 0.8489583333333334 0.18425925925925926 0.014583333333333334 0.046296296296296294
1 0.7588541666666667 0.041666666666666664 0.7625 0.04814814814814815 0.7630208333333334 0.058333333333333334 0.7588541666666667 0.08425925925925926 0.7546875 0.09351851851851851 0.7520833333333333 0.09444444444444444 0.7489583333333333 0.08611111111111111 0.7526041666666666 0.0712962962962963 0.7520833333333333 0.06388888888888888 0.7546875 0.04722222222222222 0.7583333333333333 0.041666666666666664
1 0.13541666666666666 0.021296296296296296 0.146875 0.05 0.14114583333333333 0.05462962962962963 0.1375 0.05277777777777778 0.12916666666666668 0.028703703703703703 0.13020833333333334 0.020370370370370372 0.13489583333333333 0.021296296296296296
1 0 0.21666666666666667 0.005729166666666666 0.22037037037037038 0.0026041666666666665 0.22314814814814815 0.0140625 0.2388888888888889 0.017708333333333333 0.25 0.026041666666666668 0.26481481481481484 0.025520833333333333 0.2675925925925926 0.022395833333333334 0.2675925925925926 0.0171875 0.25925925925925924 0.011458333333333333 0.2601851851851852 0.005208333333333333 0.2490740740740741 0 0.24537037037037038 0 0.2212962962962963 0.0020833333333333333 0.22037037037037038 0 0.2175925925925926
1 0.30364583333333334 0.5361111111111111 0.3104166666666667 0.5416666666666666 0.321875 0.562962962962963 0.32083333333333336 0.5703703703703704 0.3145833333333333 0.5703703703703704 0.31302083333333336 0.5731481481481482 0.3140625 0.5898148148148148 0.3125 0.5944444444444444 0.3104166666666667 0.5972222222222222 0.30833333333333335 0.5953703703703703 0.30885416666666665 0.5879629629629629 0.30625 0.5731481481481482 0.2984375 0.5574074074074075 0.3 0.5407407407407407 0.303125 0.5370370370370371
1 0.1640625 0 0.17291666666666666 0 0.17864583333333334 0.023148148148148147 0.17864583333333334 0.02962962962962963 0.17395833333333333 0.028703703703703703 0.16614583333333333 0.011111111111111112 0.1640625 0.000925925925925926
1 0.265625 0.5574074074074075 0.2671875 0.575925925925926 0.28020833333333334 0.6018518518518519 0.2755208333333333 0.6037037037037037 0.271875 0.5972222222222222 0.26927083333333335 0.6074074074074074 0.25677083333333334 0.5916666666666667 0.25364583333333335 0.5787037037037037 0.25416666666666665 0.5601851851851852 0.26510416666666664 0.5574074074074075
1 0.8713541666666667 0.49722222222222223 0.8765625 0.49722222222222223 0.8791666666666667 0.5009259259259259 0.878125 0.5175925925925926 0.8744791666666667 0.5231481481481481 0.8640625 0.5277777777777778 0.8557291666666667 0.5416666666666666 0.8505208333333333 0.5398148148148149 0.8526041666666667 0.5259259259259259 0.8588541666666667 0.5148148148148148 0.8625 0.5027777777777778 0.8708333333333333 0.49722222222222223
1 0.8614583333333333 0.4759259259259259 0.8625 0.48518518518518516 0.859375 0.4981481481481482 0.8546875 0.5018518518518519 0.8453125 0.5175925925925926 0.8385416666666666 0.5148148148148148 0.8447916666666667 0.49444444444444446 0.8427083333333333 0.4842592592592593 0.8526041666666667 0.4759259259259259 0.8609375 0.4759259259259259
1 0.8036458333333333 0.09537037037037037 0.8052083333333333 0.10833333333333334 0.8036458333333333 0.12777777777777777 0.79375 0.14537037037037037 0.7911458333333333 0.14074074074074075 0.7953125 0.12314814814814815 0.7953125 0.11018518518518519 0.7984375 0.09814814814814815 0.803125 0.09537037037037037
1 0.10885416666666667 0.06018518518518518 0.11770833333333333 0.08148148148148149 0.11927083333333334 0.1 0.11614583333333334 0.1 0.10260416666666666 0.07037037037037037 0.10364583333333334 0.062037037037037036 0.10572916666666667 0.058333333333333334 0.10833333333333334 0.06018518518518518
1 0 0.24259259259259258 0.007291666666666667 0.25 0.013020833333333334 0.26481481481481484 0.023958333333333335 0.2796296296296296 0.01875 0.2916666666666667 0.015104166666666667 0.29259259259259257 0.0140625 0.2824074074074074 0.005729166666666666 0.26851851851851855 0 0.2638888888888889 0 0.24351851851851852
1 0.2703125 0.5138888888888888 0.2786458333333333 0.5212962962962963 0.2828125 0.5305555555555556 0.2833333333333333 0.5425925925925926 0.28958333333333336 0.5574074074074075 0.28958333333333336 0.562037037037037 0.2864583333333333 0.5666666666666667 0.28125 0.5564814814814815 0.2755208333333333 0.5537037037037037 0.2671875 0.5425925925925926 0.26458333333333334 0.5157407407407407 0.265625 0.512962962962963 0.26979166666666665 0.5138888888888888
1 0.45625 0.6101851851851852 0.4583333333333333 0.6138888888888889 0.4609375 0.6333333333333333 0.46197916666666666 0.6574074074074074 0.46041666666666664 0.6638888888888889 0.45625 0.6694444444444444 0.45364583333333336 0.6675925925925926 0.453125 0.6574074074074074 0.44947916666666665 0.6472222222222223 0.446875 0.6287037037037037 0.4479166666666667 0.6194444444444445 0.4557291666666667 0.6111111111111112
1 0.840625 0.37407407407407406 0.8427083333333333 0.3787037037037037 0.8416666666666667 0.38981481481481484 0.8364583333333333 0.39537037037037037 0.8276041666666667 0.41388888888888886 0.8223958333333333 0.4111111111111111 0.8223958333333333 0.4074074074074074 0.828125 0.3972222222222222 0.8265625 0.38333333333333336 0.834375 0.37222222222222223 0.8385416666666666 0.3712962962962963 0.8401041666666667 0.37407407407407406
1 0.21145833333333333 0.9416666666666667 0.225 0.9518518518518518 0.22395833333333334 0.9583333333333334 0.221875 0.9601851851851851 0.23020833333333332 0.9879629629629629 0.22395833333333334 0.9990740740740741 0.21302083333333333 0.9990740740740741 0.20104166666666667 0.962037037037037 0.19479166666666667 0.9555555555555556 0.19479166666666667 0.9518518518518518 0.19947916666666668 0.9462962962962963 0.2109375 0.9416666666666667
1 0.2755208333333333 0.8898148148148148 0.27708333333333335 0.8981481481481481 0.2838541666666667 0.9009259259259259 0.2828125 0.9259259259259259 0.2760416666666667 0.9324074074074075 0.2734375 0.924074074074074 0.26614583333333336 0.9157407407407407 0.2630208333333333 0.9037037037037037 0.26458333333333334 0.8953703703703704 0.2677083333333333 0.8907407407407407 0.275 0.8898148148148148
1 0.4 0.44907407407407407 0.4046875 0.45740740740740743 0.40729166666666666 0.47314814814814815 0.4078125 0.4898148148148148 0.4046875 0.49907407407407406 0.40208333333333335 0.4981481481481482 0.39739583333333334 0.487962962962963 0.3953125 0.4527777777777778 0.396875 0.44907407407407407 0.39947916666666666 0.44907407407407407
1 0.3078125 0.712037037037037 0.3151041666666667 0.7203703703703703 0.315625 0.7361111111111112 0.3177083333333333 0.7444444444444445 0.3104166666666667 0.7666666666666667 0.3067708333333333 0.7657407407407407 0.30572916666666666 0.7444444444444445 0.29791666666666666 0.7379629629629629 0.2953125 0.7324074074074074 0.296875 0.7138888888888889 0.3072916666666667 0.712037037037037
1 0.5328125 0.3435185185185185 0.5364583333333334 0.3453703703703704 0.540625 0.35833333333333334 0.5390625 0.3824074074074074 0.5328125 0.38796296296296295 0.5291666666666667 0.4 0.5260416666666666 0.4009259259259259 0.5291666666666667 0.3768518518518518 0.5291666666666667 0.3527777777777778 0.5328125 0.34444444444444444
1 0.3182291666666667 0.6518518518518519 0.32447916666666665 0.6564814814814814 0.33125 0.6703703703703704 0.3333333333333333 0.6824074074074075 0.3380208333333333 0.6861111111111111 0.3375 0.6953703703703704 0.33541666666666664 0.6990740740740741 0.32760416666666664 0.7027777777777777 0.325 0.700925925925926 0.3229166666666667 0.6907407407407408 0.3177083333333333 0.6805555555555556 0.3140625 0.6888888888888889 0.3177083333333333 0.6907407407407408 0.3177083333333333 0.6953703703703704 0.3104166666666667 0.6990740740740741 0.3098958333333333 0.6861111111111111 0.31614583333333335 0.6694444444444444 0.31614583333333335 0.6518518518518519 0.3177083333333333 0.6518518518518519
1 0.8658854166666666 0.2064814814814815 0.0171875 0.04814814814814815
1 0.10260416666666666 0.08333333333333333 0.10989583333333333 0.08888888888888889 0.1125 0.09814814814814815 0.11145833333333334 0.10555555555555556 0.11979166666666667 0.12222222222222222 0.1125 0.13518518518518519 0.10833333333333334 0.11296296296296296 0.10052083333333334 0.09814814814814815 0.09895833333333333 0.08425925925925926 0.10208333333333333 0.08333333333333333
1 0 0.21203703703703702 0.014583333333333334 0.22407407407407406 0.0171875 0.22962962962962963 0.017708333333333333 0.2388888888888889 0.023958333333333335 0.24814814814814815 0.020833333333333332 0.2537037037037037 0.0234375 0.262037037037037 0.022395833333333334 0.26296296296296295 0.016666666666666666 0.25 0.0109375 0.2462962962962963 0.008333333333333333 0.2361111111111111 0.005208333333333333 0.2324074074074074 0 0.23333333333333334 0 0.21296296296296297
1 0.5953125 0.062037037037037036 0.6010416666666667 0.07407407407407407 0.6010416666666667 0.08333333333333333 0.5963541666666666 0.10555555555555556 0.59375 0.1037037037037037 0.5927083333333333 0.08518518518518518 0.590625 0.07962962962962963 0.5947916666666667 0.06296296296296296
1 0.08177083333333333 0.13148148148148148 0.0875 0.13703703703703704 0.0953125 0.1527777777777778 0.10052083333333334 0.1712962962962963 0.10104166666666667 0.1787037037037037 0.09947916666666666 0.18333333333333332 0.08489583333333334 0.1648148148148148 0.07760416666666667 0.15092592592592594 0.07604166666666666 0.1361111111111111 0.08125 0.13148148148148148
1 0.2796875 0.6462962962962963 0.28854166666666664 0.6574074074074074 0.29270833333333335 0.6722222222222223 0.30104166666666665 0.675 0.3 0.6796296296296296 0.29375 0.6824074074074075 0.2869791666666667 0.6953703703703704 0.2734375 0.6601851851851852 0.27395833333333336 0.6472222222222223 0.2791666666666667 0.6462962962962963
1 0.784375 0.3731481481481482 0.784375 0.3907407407407407 0.7791666666666667 0.4185185185185185 0.7630208333333334 0.4111111111111111 0.7619791666666667 0.4074074074074074 0.7713541666666667 0.39537037037037037 0.7744791666666667 0.38333333333333336 0.7796875 0.3731481481481482 0.7838541666666666 0.3731481481481482
1 0.32135416666666666 0.8675925925925926 0.33229166666666665 0.8842592592592593 0.33541666666666664 0.8972222222222223 0.3359375 0.9111111111111111 0.33125 0.9194444444444444 0.328125 0.9203703703703704 0.3265625 0.9092592592592592 0.31666666666666665 0.8972222222222223 0.3145833333333333 0.8833333333333333 0.3098958333333333 0.8759259259259259 0.3109375 0.8694444444444445 0.32083333333333336 0.8675925925925926
1 0.16510416666666666 0.025 0.17083333333333334 0.03611111111111111 0.175 0.05092592592592592 0.175 0.062037037037037036 0.17135416666666667 0.062037037037037036 0.16666666666666666 0.05 0.1625 0.032407407407407406 0.1625 0.025925925925925925 0.16458333333333333 0.025
1 0.3260416666666667 0.7287037037037037 0.33541666666666664 0.7351851851851852 0.3380208333333333 0.7509259259259259 0.34322916666666664 0.7509259259259259 0.33177083333333335 0.774074074074074 0.328125 0.7722222222222223 0.3260416666666667 0.7601851851851852 0.3182291666666667 0.7388888888888889 0.3203125 0.7296296296296296 0.3255208333333333 0.7287037037037037
1 0.8536458333333333 0.2861111111111111 0.8572916666666667 0.28888888888888886 0.8578125 0.2962962962962963 0.8520833333333333 0.3175925925925926 0.8473958333333333 0.3148148148148148 0.8458333333333333 0.30925925925925923 0.8489583333333334 0.29259259259259257 0.853125 0.2861111111111111
1 0.465625 0.5148148148148148 0.4703125 0.5259259259259259 0.4713541666666667 0.5537037037037037 0.46197916666666666 0.5694444444444444 0.45989583333333334 0.5694444444444444 0.4609375 0.5537037037037037 0.4583333333333333 0.5268518518518519 0.45989583333333334 0.5175925925925926 0.46510416666666665 0.5148148148148148
1 0.8494791666666667 0.33611111111111114 0.8520833333333333 0.3416666666666667 0.8494791666666667 0.362962962962963 0.8453125 0.3731481481481482 0.8421875 0.375 0.8380208333333333 0.3731481481481482 0.8375 0.36944444444444446 0.8463541666666666 0.337037037037037 0.8489583333333334 0.33611111111111114
1 0.18489583333333334 0.9657407407407408 0.2015625 0.9722222222222222 0.20625 0.9777777777777777 0.2078125 0.9879629629629629 0.203125 0.9990740740740741 0.19895833333333332 0.9990740740740741 0.18072916666666666 0.9777777777777777 0.17864583333333334 0.9675925925925926 0.184375 0.9657407407407408
1 0.553125 0.39351851851851855 0.55625 0.3787037037037037 0.5609375 0.37407407407407406 0.565625 0.38333333333333336 0.5666666666666667 0.3962962962962963 0.5604166666666667 0.42592592592592593 0.5567708333333333 0.4287037037037037 0.5567708333333333 0.41759259259259257 0.5536458333333333 0.4111111111111111 0.5536458333333333 0.39444444444444443
1 0.38125 0.5768518518518518 0.39010416666666664 0.5842592592592593 0.3921875 0.5898148148148148 0.39114583333333336 0.5990740740740741 0.39427083333333335 0.6074074074074074 0.39427083333333335 0.612037037037037 0.3890625 0.6185185185185185 0.384375 0.6314814814814815 0.38229166666666664 0.6305555555555555 0.38333333333333336 0.6092592592592593 0.3796875 0.6037037037037037 0.3765625 0.5916666666666667 0.3765625 0.5805555555555556 0.3807291666666667 0.5768518518518518
1 0.3807291666666667 0.05277777777777778 0.3854166666666667 0.06018518518518518 0.3875 0.07407407407407407 0.39166666666666666 0.08518518518518518 0.390625 0.08981481481481482 0.3854166666666667 0.08611111111111111 0.38177083333333334 0.09814814814814815 0.3802083333333333 0.09814814814814815 0.3796875 0.075 0.3770833333333333 0.06296296296296296 0.3776041666666667 0.05462962962962963 0.3802083333333333 0.05277777777777778
1 0.8901041666666667 0.43425925925925923 0.8916666666666667 0.4388888888888889 0.8869791666666667 0.44351851851851853 0.8833333333333333 0.45740740740740743 0.8703125 0.4787037037037037 0.8661458333333333 0.4787037037037037 0.8651041666666667 0.4740740740740741 0.8682291666666667 0.4675925925925926 0.8708333333333333 0.44537037037037036 0.8760416666666667 0.4388888888888889 0.8895833333333333 0.43425925925925923
1 0.8244791666666667 0.4842592592592593 0.8270833333333333 0.48703703703703705 0.8276041666666667 0.5037037037037037 0.8166666666666667 0.5222222222222223 0.8083333333333333 0.5277777777777778 0.8057291666666667 0.5259259259259259 0.8072916666666666 0.5157407407407407 0.8140625 0.4981481481481482 0.8177083333333334 0.49074074074074076 0.8239583333333333 0.48518518518518516
1 0.07552083333333333 0.07592592592592592 0.08125 0.08888888888888889 0.08229166666666667 0.09814814814814815 0.08802083333333334 0.11388888888888889 0.08541666666666667 0.12037037037037036 0.0734375 0.09814814814814815 0.07083333333333333 0.08888888888888889 0.06927083333333334 0.07592592592592592 0.075 0.07592592592592592
1 0.7041666666666667 0.18703703703703703 0.7067708333333333 0.18611111111111112 0.7083333333333334 0.18981481481481483 0.7083333333333334 0.20277777777777778 0.703125 0.22962962962962963 0.6994791666666667 0.23148148148148148 0.6994791666666667 0.2212962962962963 0.6953125 0.22314814814814815 0.6989583333333333 0.20185185185185187 0.703125 0.19444444444444445 0.7041666666666667 0.18796296296296297
1 0.6463541666666667 0.8018518518518518 0.6510416666666666 0.8092592592592592 0.6536458333333334 0.8379629629629629 0.6505208333333333 0.8407407407407408 0.6473958333333333 0.837037037037037 0.6447916666666667 0.8425925925925926 0.6364583333333333 0.8444444444444444 0.63125 0.850925925925926 0.6276041666666666 0.8472222222222222 0.6359375 0.8277777777777777 0.6338541666666667 0.8175925925925925 0.6348958333333333 0.8101851851851852 0.640625 0.8009259259259259 0.6458333333333334 0.8018518518518518
1 0.24635416666666668 0.8648148148148148 0.25729166666666664 0.8796296296296297 0.2598958333333333 0.887962962962963 0.24895833333333334 0.8972222222222223 0.24166666666666667 0.9083333333333333 0.23645833333333333 0.9064814814814814 0.23854166666666668 0.8935185185185185 0.2296875 0.8759259259259259 0.22916666666666666 0.8694444444444445 0.23177083333333334 0.8657407407407407 0.24583333333333332 0.8648148148148148
1 0.7833333333333333 0.1425925925925926 0.7864583333333334 0.1574074074074074 0.7796875 0.1824074074074074 0.7791666666666667 0.19166666666666668 0.7723958333333333 0.19166666666666668 0.771875 0.18425925925925926 0.7755208333333333 0.15555555555555556 0.778125 0.14722222222222223 0.7828125 0.1425925925925926
1 0.7130208333333333 0.2712962962962963 0.715625 0.29074074074074074 0.7036458333333333 0.32592592592592595 0.6994791666666667 0.3194444444444444 0.6958333333333333 0.32037037037037036 0.6958333333333333 0.31296296296296294 0.7026041666666667 0.29907407407407405 0.7052083333333333 0.28055555555555556 0.7098958333333333 0.2712962962962963 0.7125 0.2712962962962963
1 0.29635416666666664 0.8898148148148148 0.3 0.8944444444444445 0.303125 0.9046296296296297 0.3072916666666667 0.9074074074074074 0.30572916666666666 0.9175925925925926 0.30885416666666665 0.925 0.3067708333333333 0.9305555555555556 0.3026041666666667 0.9314814814814815 0.29635416666666664 0.9222222222222223 0.28958333333333336 0.9351851851851852 0.2859375 0.9351851851851852 0.28541666666666665 0.9314814814814815 0.2869791666666667 0.9268518518518518 0.28541666666666665 0.9 0.28854166666666664 0.8898148148148148 0.29583333333333334 0.8898148148148148
1 0.9575520833333333 0.5351851851851852 0.0265625 0.040740740740740744
1 0.8380208333333333 0.4203703703703704 0.8380208333333333 0.4444444444444444 0.8255208333333334 0.4787037037037037 0.8223958333333333 0.47685185185185186 0.8213541666666667 0.46944444444444444 0.8166666666666667 0.46574074074074073 0.8234375 0.4398148148148148 0.8333333333333334 0.4203703703703704 0.8375 0.4203703703703704