1 0.26458333333333334 0.925 0.26979166666666665 0.9351851851851852 0.2677083333333333 0.9490740740740741 0.26875 0.9564814814814815 0.26666666666666666 0.9583333333333334 0.2515625 0.9537037037037037 0.24739583333333334 0.937962962962963 0.24739583333333334 0.9305555555555556 0.2526041666666667 0.924074074074074 0.2640625 0.925
1 0.25104166666666666 0.7314814814814815 0.2557291666666667 0.7398148148148148 0.25364583333333335 0.7546296296296297 0.24479166666666666 0.7601851851851852 0.24114583333333334 0.7583333333333333 0.23333333333333334 0.7444444444444445 0.2328125 0.7398148148148148 0.23854166666666668 0.7305555555555555 0.25052083333333336 0.7314814814814815
1 0.0609375 0.15555555555555556 0.06770833333333333 0.16666666666666666 0.06979166666666667 0.18425925925925926 0.0734375 0.1935185185185185 0.07135416666666666 0.19907407407407407 0.0671875 0.19907407407407407 0.06614583333333333 0.1935185185185185 0.0546875 0.17222222222222222 0.0546875 0.1638888888888889 0.06041666666666667 0.15555555555555556
1 0.5567708333333333 0.2712962962962963 0.5619791666666667 0.28703703703703703 0.5619791666666667 0.2935185185185185 0.5557291666666667 0.32314814814814813 0.5536458333333333 0.32592592592592595 0.5520833333333334 0.32407407407407407 0.55 0.2851851851851852 0.5546875 0.2722222222222222 0.55625 0.2722222222222222
1 0.5760416666666667 0.10833333333333334 0.5807291666666666 0.12037037037037036 0.58125 0.12777777777777777 0.5765625 0.13240740740740742 0.5744791666666667 0.15 0.5723958333333333 0.15092592592592594 0.5708333333333333 0.15 0.5708333333333333 0.11851851851851852 0.5734375 0.10925925925925926 0.5755208333333334 0.10833333333333334
1 0.8536458333333333 0.16666666666666666 0.8557291666666667 0.1685185185185185 0.8572916666666667 0.1814814814814815 0.8453125 0.21296296296296297 0.8427083333333333 0.20925925925925926 0.8453125 0.18518518518518517 0.8505208333333333 0.1685185185185185 0.853125 0.16666666666666666
1 0.7572916666666667 0.0763888888888889 0.014583333333333334 0.049074074074074076
1 0.1375 0.025 0.14895833333333333 0.053703703703703705 0.14791666666666667 0.058333333333333334 0.14479166666666668 0.06018518518518518 0.140625 0.058333333333333334 0.13072916666666667 0.032407407407407406 0.13177083333333334 0.027777777777777776 0.13697916666666668 0.025
1 0.17395833333333333 0 0.1765625 0 0.18072916666666666 0.008333333333333333 0.1796875 0.024074074074074074 0.18177083333333333 0.032407407407407406 0.18125 0.03888888888888889 0.17864583333333334 0.040740740740740744 0.175 0.021296296296296296 0.1703125 0.011111111111111112 0.16979166666666667 0.004629629629629629 0.17395833333333333 0.000925925925925926
1 0.29583333333333334 0.8935185185185185 0.3 0.8972222222222223 0.30833333333333335 0.9138888888888889 0.30885416666666665 0.9324074074074075 0.3072916666666667 0.9361111111111111 0.303125 0.9361111111111111 0.3 0.9287037037037037 0.2953125 0.9268518518518518 0.28958333333333336 0.9388888888888889 0.28802083333333334 0.937037037037037 0.28958333333333336 0.9259259259259259 0.2864583333333333 0.9185185185185185 0.28541666666666665 0.9064814814814814 0.28958333333333336 0.8944444444444445 0.2953125 0.8935185185185185
1 0.6885416666666667 0.15 0.6890625 0.1712962962962963 0.6859375 0.19166666666666668 0.6838541666666667 0.1925925925925926 0.6822916666666666 0.18703703703703703 0.6776041666666667 0.18888888888888888 0.6776041666666667 0.18333333333333332 0.6817708333333333 0.15925925925925927 0.6859375 0.15092592592592594 0.6880208333333333 0.15092592592592594
1 0 0.25092592592592594 0.0067708333333333336 0.26296296296296295 0.016666666666666666 0.2722222222222222 0.015625 0.2759259259259259 0.0125 0.2759259259259259 0.008333333333333333 0.2712962962962963 0.00625 0.2861111111111111 0 0.28703703703703703 0 0.2518518518518518
1 0.26666666666666666 0.5111111111111111 0.2755208333333333 0.5194444444444445 0.2796875 0.5314814814814814 0.28177083333333336 0.5564814814814815 0.28020833333333334 0.5611111111111111 0.2760416666666667 0.562962962962963 0.2713541666666667 0.5462962962962963 0.26458333333333334 0.537962962962963 0.2640625 0.524074074074074 0.26145833333333335 0.5138888888888888 0.26614583333333336 0.5111111111111111
1 0.2171875 0.7648148148148148 0.22395833333333334 0.7731481481481481 0.2328125 0.7916666666666666 0.23385416666666667 0.8 0.23072916666666668 0.8074074074074075 0.22760416666666666 0.8074074074074075 0.21354166666666666 0.787962962962963 0.209375 0.7685185185185185 0.21666666666666667 0.7648148148148148
1 0.3541666666666667 0.6259259259259259 0.36875 0.6546296296296297 0.3651041666666667 0.6583333333333333 0.3625 0.6527777777777778 0.35833333333333334 0.6518518518518519 0.35572916666666665 0.6555555555555556 0.35208333333333336 0.6712962962962963 0.3494791666666667 0.674074074074074 0.34791666666666665 0.6722222222222223 0.3494791666666667 0.6564814814814814 0.34375 0.6444444444444445 0.3390625 0.6435185185185185 0.3385416666666667 0.6398148148148148 0.34479166666666666 0.6314814814814815 0.34739583333333335 0.6212962962962963 0.3515625 0.6212962962962963 0.3536458333333333 0.6259259259259259
1 0.8625 0.5564814814814815 0.8661458333333333 0.5666666666666667 0.865625 0.5740740740740741 0.8520833333333333 0.5944444444444444 0.8447916666666667 0.6148148148148148 0.8416666666666667 0.6175925925925926 0.8401041666666667 0.612037037037037 0.8458333333333333 0.5990740740740741 0.846875 0.5916666666666667 0.8447916666666667 0.5898148148148148 0.8390625 0.5981481481481481 0.8385416666666666 0.5916666666666667 0.8505208333333333 0.5592592592592592 0.8567708333333334 0.5555555555555556 0.8619791666666666 0.5564814814814815
1 0.4390625 0.006481481481481481 0.44375 0.007407407407407408 0.44583333333333336 0.032407407407407406 0.4453125 0.03888888888888889 0.4390625 0.03888888888888889 0.4390625 0.007407407407407408
1 0.765625 0.062037037037037036 0.7697916666666667 0.075 0.7661458333333333 0.08796296296296297 0.765625 0.09907407407407408 0.7619791666666667 0.10925925925925926 0.7572916666666667 0.10925925925925926 0.7557291666666667 0.10185185185185185 0.7625 0.06759259259259259 0.7651041666666667 0.06296296296296296
1 0.1140625 0.05740740740740741 0.12447916666666667 0.08055555555555556 0.12708333333333333 0.09814814814814815 0.12395833333333334 0.09907407407407408 0.10885416666666667 0.07314814814814814 0.10833333333333334 0.06296296296296296 0.11354166666666667 0.05740740740740741
1 0.8234375 0.5425925925925926 0.8364583333333333 0.5351851851851852 0.8390625 0.5351851851851852 0.8416666666666667 0.5416666666666666 0.8390625 0.5564814814814815 0.83125 0.5685185185185185 0.825 0.5842592592592593 0.8166666666666667 0.5814814814814815 0.8208333333333333 0.5611111111111111 0.8208333333333333 0.55 0.8234375 0.5435185185185185
1 0.1375 0.07314814814814814 0.1484375 0.09537037037037037 0.14375 0.10833333333333334 0.140625 0.10555555555555556 0.13541666666666666 0.08333333333333333 0.13489583333333333 0.07777777777777778 0.13697916666666668 0.07314814814814814
1 0.078125 0.08148148148148149 0.08385416666666666 0.09814814814814815 0.08489583333333334 0.10740740740740741 0.090625 0.11851851851851852 0.08541666666666667 0.1259259259259259 0.07239583333333334 0.09259259259259259 0.0734375 0.0824074074074074 0.07760416666666667 0.08148148148148149
1 0.9703125 0.5231481481481481 0.971875 0.5342592592592592 0.9755208333333333 0.5398148148148149 0.975 0.5472222222222223 0.9630208333333333 0.5657407407407408 0.95625 0.5861111111111111 0.9526041666666667 0.5824074074074074 0.9526041666666667 0.5675925925925925 0.9354166666666667 0.5694444444444444 0.9333333333333333 0.5666666666666667 0.9442708333333333 0.5611111111111111 0.9515625 0.5388888888888889 0.9666666666666667 0.5222222222222223 0.9697916666666667 0.5231481481481481
1 0.428125 0.6527777777777778 0.4322916666666667 0.6638888888888889 0.43697916666666664 0.6675925925925926 0.4375 0.6731481481481482 0.4359375 0.6777777777777778 0.42916666666666664 0.6824074074074075 0.425 0.7055555555555556 0.42239583333333336 0.7037037037037037 0.42239583333333336 0.687037037037037 0.41875 0.6703703703703704 0.41875 0.6601851851851852 0.421875 0.6509259259259259 0.4276041666666667 0.6527777777777778
1 0.2515625 0.812962962962963 0.25885416666666666 0.8203703703703704 0.2604166666666667 0.8268518518518518 0.2598958333333333 0.8416666666666667 0.26197916666666665 0.8481481481481481 0.25885416666666666 0.8564814814814815 0.2546875 0.8601851851851852 0.24375 0.8416666666666667 0.23958333333333334 0.8240740740740741 0.2421875 0.8157407407407408 0.25104166666666666 0.812962962962963
1 0.334375 0.09074074074074075 0.3380208333333333 0.09074074074074075 0.3416666666666667 0.09907407407407408 0.34427083333333336 0.12685185185185185 0.34427083333333336 0.13425925925925927 0.3416666666666667 0.1361111111111111 0.34010416666666665 0.1287037037037037 0.3359375 0.12314814814814815 0.3338541666666667 0.10648148148148148 0.334375 0.09166666666666666
1 0.265625 0.7564814814814815 0.27760416666666665 0.7787037037037037 0.28541666666666665 0.774074074074074 0.28958333333333336 0.7759259259259259 0.28958333333333336 0.7824074074074074 0.2875 0.7870370370370371 0.2786458333333333 0.7898148148148149 0.26927083333333335 0.8046296296296296 0.26510416666666664 0.8037037037037037 0.2677083333333333 0.7953703703703704 0.25833333333333336 0.7824074074074074 0.25625 0.7666666666666667 0.25677083333333334 0.7611111111111111 0.2604166666666667 0.7546296296296297 0.26510416666666664 0.7564814814814815
1 0.571875 0.175 0.5765625 0.13333333333333333 0.5807291666666666 0.1287037037037037 0.5828125 0.1398148148148148 0.58125 0.17222222222222222 0.5776041666666667 0.16944444444444445 0.575 0.175 0.5723958333333333 0.175
1 0.3078125 0.6990740740740741 0.32135416666666666 0.7083333333333334 0.321875 0.7203703703703703 0.33125 0.7472222222222222 0.3302083333333333 0.7509259259259259 0.3171875 0.7444444444444445 0.3072916666666667 0.7277777777777777 0.30520833333333336 0.7092592592592593 0.30520833333333336 0.7018518518518518 0.3072916666666667 0.6990740740740741
1 0.859375 0.19907407407407407 0.8578125 0.18888888888888888 0.8598958333333333 0.175 0.8640625 0.1638888888888889 0.8703125 0.1527777777777778 0.8729166666666667 0.1527777777777778 0.8734375 0.1675925925925926 0.8697916666666666 0.17962962962962964 0.8640625 0.18796296296296297 0.8625 0.1962962962962963 0.8598958333333333 0.19814814814814816
1 0.6026041666666667 0.007407407407407408 0.6052083333333333 0.013888888888888888 0.6052083333333333 0.023148148148148147 0.603125 0.041666666666666664 0.5989583333333334 0.049074074074074076 0.596875 0.046296296296296294 0.596875 0.012037037037037037 0.6020833333333333 0.007407407407407408
1 0.07760416666666667 0.1259259259259259 0.0890625 0.1425925925925926 0.090625 0.15925925925925927 0.096875 0.1685185185185185 0.0953125 0.175 0.09166666666666666 0.175 0.090625 0.16944444444444445 0.07447916666666667 0.1398148148148148 0.07395833333333333 0.12685185185185185 0.07708333333333334 0.1259259259259259
1 0.2375 0.6611111111111111 0.25052083333333336 0.6611111111111111 0.25677083333333334 0.675 0.26145833333333335 0.6787037037037037 0.26510416666666664 0.6777777777777778 0.26614583333333336 0.6814814814814815 0.265625 0.6851851851851852 0.25677083333333334 0.6925925925925925 0.25625 0.7 0.25833333333333336 0.7074074074074074 0.2557291666666667 0.7166666666666667 0.2520833333333333 0.7166666666666667 0.25104166666666666 0.7037037037037037 0.246875 0.6916666666666667 0.23958333333333334 0.6796296296296296 0.23645833333333333 0.6675925925925926 0.2375 0.6620370370370371
1 0.3489583333333333 0.5657407407407408 0.35572916666666665 0.575925925925926 0.3567708333333333 0.5833333333333334 0.3645833333333333 0.5944444444444444 0.36302083333333335 0.6027777777777777 0.35833333333333334 0.5972222222222222 0.3541666666666667 0.5972222222222222 0.35208333333333336 0.6037037037037037 0.35208333333333336 0.6148148148148148 0.3494791666666667 0.6194444444444445 0.34739583333333335 0.6194444444444445 0.3463541666666667 0.6027777777777777 0.34791666666666665 0.5879629629629629 0.34427083333333336 0.575 0.34479166666666666 0.5666666666666667 0.3484375 0.5657407407407408
1 0.8276041666666667 0.4777777777777778 0.8192708333333333 0.4685185185185185 0.83125 0.4398148148148148 0.8416666666666667 0.42592592592592593 0.8463541666666666 0.42777777777777776 0.846875 0.4361111111111111 0.8421875 0.45740740740740743 0.828125 0.47685185185185186
1 0.7098958333333333 0.26666666666666666 0.7135416666666666 0.2675925925925926 0.7166666666666667 0.29444444444444445 0.709375 0.3037037037037037 0.70625 0.32407407407407407 0.7036458333333333 0.3277777777777778 0.7 0.325 0.7057291666666666 0.2796296296296296 0.7088541666666667 0.275 0.7098958333333333 0.2675925925925926
1 0.18385416666666668 0.011111111111111112 0.190625 0.023148148148148147 0.19010416666666666 0.032407407407407406 0.19270833333333334 0.04259259259259259 0.1890625 0.05185185185185185 0.18697916666666667 0.03981481481481482 0.18125 0.03148148148148148 0.17916666666666667 0.023148148148148147 0.18020833333333333 0.012037037037037037 0.18333333333333332 0.011111111111111112
1 0.33645833333333336 0.6666666666666666 0.34270833333333334 0.675 0.34479166666666666 0.6851851851851852 0.34479166666666666 0.7055555555555556 0.3416666666666667 0.7138888888888889 0.33125 0.687962962962963 0.3302083333333333 0.6694444444444444 0.3328125 0.6657407407407407 0.3359375 0.6666666666666666
1 0.04375 0.18518518518518517 0.050520833333333334 0.1935185185185185 0.0546875 0.2074074074074074 0.06145833333333333 0.22037037037037038 0.06041666666666667 0.225 0.05416666666666667 0.22314814814814815 0.043229166666666666 0.20462962962962963 0.04114583333333333 0.1925925925925926 0.04114583333333333 0.18796296296296297 0.043229166666666666 0.18518518518518517
1 0.0375 0.2175925925925926 0.043229166666666666 0.22407407407407406 0.04583333333333333 0.2361111111111111 0.05625 0.24444444444444444 0.053125 0.24722222222222223 0.0484375 0.24259259259259258 0.043229166666666666 0.24259259259259258 0.043229166666666666 0.2611111111111111 0.04114583333333333 0.2601851851851852 0.03802083333333333 0.2462962962962963 0.027604166666666666 0.22685185185185186 0.027604166666666666 0.22314814814814815 0.03177083333333333 0.2175925925925926 0.03697916666666667 0.2175925925925926
1 0.21458333333333332 0.9472222222222222 0.22395833333333334 0.9518518518518518 0.2265625 0.9564814814814815 0.2234375 0.9629629629629629 0.23072916666666668 0.9898148148148148 0.22916666666666666 0.9990740740740741 0.215625 0.9990740740740741 0.20260416666666667 0.9666666666666667 0.196875 0.9592592592592593 0.19635416666666666 0.9564814814814815 0.19895833333333332 0.9518518518518518 0.20989583333333334 0.9462962962962963 0.2140625 0.9472222222222222
1 0.5291666666666667 0.4685185185185185 0.5364583333333334 0.47685185185185186 0.5380208333333333 0.48333333333333334 0.5375 0.4981481481481482 0.5328125 0.5157407407407407 0.5291666666666667 0.5194444444444445 0.5260416666666666 0.5175925925925926 0.5244791666666667 0.5111111111111111 0.5229166666666667 0.4842592592592593 0.5286458333333334 0.46944444444444444
1 0.3104166666666667 0.8935185185185185 0.31302083333333336 0.8861111111111111 0.31614583333333335 0.8842592592592593 0.3265625 0.8833333333333333 0.33125 0.8861111111111111 0.33541666666666664 0.8962962962962963 0.3359375 0.9138888888888889 0.33541666666666664 0.9194444444444444 0.33125 0.925 0.328125 0.925 0.3260416666666667 0.9138888888888889 0.3109375 0.8944444444444445
1 0.859375 0.2962962962962963 0.8666666666666667 0.30277777777777776 0.8682291666666667 0.3074074074074074 0.8661458333333333 0.32592592592592595 0.8604166666666667 0.3314814814814815 0.8546875 0.3287037037037037 0.85 0.3212962962962963 0.8557291666666667 0.29814814814814816 0.8588541666666667 0.2962962962962963
1 0.18229166666666666 0.9675925925925926 0.20625 0.9796296296296296 0.2078125 0.9935185185185185 0.20625 0.9990740740740741 0.19791666666666666 0.9990740740740741 0.18020833333333333 0.9805555555555555 0.17604166666666668 0.9703703703703703 0.18177083333333333 0.9675925925925926
1 0.37552083333333336 0.03888888888888889 0.37916666666666665 0.049074074074074076 0.3802083333333333 0.06666666666666667 0.3770833333333333 0.0712962962962963 0.3729166666666667 0.06944444444444445 0.3697916666666667 0.04814814814814815 0.371875 0.03981481481481482 0.375 0.03888888888888889
1 0.8833333333333333 0.48518518518518516 0.8802083333333334 0.47962962962962963 0.8885416666666667 0.46944444444444444 0.8911458333333333 0.4564814814814815 0.9083333333333333 0.44907407407407407 0.9098958333333333 0.4546296296296296 0.9067708333333333 0.45925925925925926 0.9052083333333333 0.4703703703703704 0.8973958333333333 0.48148148148148145 0.8947916666666667 0.5 0.8932291666666666 0.5018518518518519 0.890625 0.49907407407407406 0.8901041666666667 0.4777777777777778 0.8838541666666667 0.4842592592592593
1 0.7901041666666667 0.5175925925925926 0.7932291666666667 0.5351851851851852 0.7869791666666667 0.549074074074074 0.7859375 0.5675925925925925 0.7828125 0.5657407407407408 0.7796875 0.5537037037037037 0.7755208333333333 0.5537037037037037 0.775 0.55 0.78125 0.5287037037037037 0.7895833333333333 0.5175925925925926
1 0.5026041666666666 0.43796296296296294 0.5098958333333333 0.44907407407407407 0.5125 0.45925925925925926 0.5119791666666667 0.4638888888888889 0.5072916666666667 0.46944444444444444 0.5046875 0.4861111111111111 0.5015625 0.4842592592592593 0.5015625 0.4685185185185185 0.4973958333333333 0.4583333333333333 0.4979166666666667 0.44722222222222224 0.5 0.4388888888888889 0.5020833333333333 0.43796296296296294
1 0.18854166666666666 0 0.1953125 0 0.19947916666666668 0.028703703703703703 0.19895833333333332 0.032407407407407406 0.19010416666666666 0.019444444444444445 0.18802083333333333 0.012962962962962963 0.18854166666666666 0.000925925925925926
1 0.3171875 0.8138888888888889 0.321875 0.8240740740740741 0.3307291666666667 0.8277777777777777 0.3328125 0.8342592592592593 0.32864583333333336 0.8388888888888889 0.32083333333333336 0.8398148148148148 0.3177083333333333 0.850925925925926 0.3151041666666667 0.8537037037037037 0.3098958333333333 0.8527777777777777 0.309375 0.8435185185185186 0.303125 0.8240740740740741 0.3026041666666667 0.8166666666666667 0.30520833333333336 0.812962962962963 0.31666666666666665 0.8138888888888889
1 0.5020833333333333 0.4888888888888889 0.5041666666666667 0.4935185185185185 0.5052083333333334 0.5064814814814815 0.5046875 0.525 0.4942708333333333 0.5537037037037037 0.4921875 0.549074074074074 0.49322916666666666 0.5203703703703704 0.49114583333333334 0.5046296296296297 0.4984375 0.4898148148148148 0.5015625 0.4888888888888889
1 0.7203125 0.09166666666666666 0.7239583333333334 0.09722222222222222 0.7244791666666667 0.10648148148148148 0.7171875 0.1361111111111111 0.7135416666666666 0.14166666666666666 0.7114583333333333 0.1388888888888889 0.715625 0.11574074074074074 0.715625 0.10092592592592593 0.7197916666666667 0.09259259259259259
1 0.8041666666666667 0.15555555555555556 0.8057291666666667 0.15833333333333333 0.8057291666666667 0.1675925925925926 0.8036458333333333 0.1787037037037037 0.8005208333333333 0.18425925925925926 0.8 0.2037037037037037 0.796875 0.2037037037037037 0.7942708333333334 0.1935185185185185 0.7921875 0.1935185185185185 0.7869791666666667 0.20277777777777778 0.7859375 0.19722222222222222 0.7927083333333333 0.18518518518518517 0.8 0.15925925925925927 0.8036458333333333 0.15555555555555556
1 0.7270833333333333 0.32407407407407407 0.7307291666666667 0.3351851851851852 0.7276041666666667 0.362962962962963 0.7223958333333333 0.3592592592592593 0.7182291666666667 0.35185185185185186 0.7244791666666667 0.32685185185185184 0.7265625 0.325
1 0.2557291666666667 0.5583333333333333 0.2604166666666667 0.5638888888888889 0.2625 0.5796296296296296 0.2671875 0.5925925925925926 0.2671875 0.6 0.26510416666666664 0.6046296296296296 0.26145833333333335 0.6046296296296296 0.24635416666666668 0.5777777777777777 0.246875 0.5657407407407408 0.2515625 0.5583333333333333 0.2552083333333333 0.5583333333333333
1 0.6072916666666667 0 0.6171875 0 0.6140625 0.028703703703703703 0.6119791666666666 0.032407407407407406 0.609375 0.032407407407407406 0.6078125 0.028703703703703703 0.6072916666666667 0.000925925925925926
1 0.265625 0.9 0.26979166666666665 0.8935185185185185 0.2760416666666667 0.8925925925925926 0.2791666666666667 0.9 0.2828125 0.9009259259259259 0.28541666666666665 0.9074074074074074 0.2890625 0.9305555555555556 0.2911458333333333 0.9333333333333333 0.2890625 0.9388888888888889 0.2864583333333333 0.9342592592592592 0.2760416666666667 0.9324074074074075 0.2708333333333333 0.9277777777777778 0.26458333333333334 0.9157407407407407 0.265625 0.9009259259259259
1 0.26614583333333336 0.8083333333333333 0.2760416666666667 0.8148148148148148 0.28072916666666664 0.825925925925926 0.2864583333333333 0.8277777777777777 0.2890625 0.8351851851851851 0.2869791666666667 0.8453703703703703 0.2734375 0.8518518518518519 0.26979166666666665 0.8490740740740741 0.2677083333333333 0.8361111111111111 0.2604166666666667 0.8203703703703704 0.26145833333333335 0.8111111111111111 0.265625 0.8083333333333333