0 0.6598958333333333 0.10740740740740741 0.6666666666666666 0.11574074074074074 0.6697916666666667 0.1287037037037037 0.6651041666666667 0.14444444444444443 0.64375 0.13333333333333333 0.6401041666666667 0.12037037037037036 0.646875 0.10925925925925926 0.659375 0.10740740740740741
0 0.16145833333333334 0.35462962962962963 0.16979166666666667 0.35462962962962963 0.18229166666666666 0.3611111111111111 0.1859375 0.37037037037037035 0.18541666666666667 0.37962962962962965 0.16927083333333334 0.40555555555555556 0.16145833333333334 0.4064814814814815 0.15572916666666667 0.39444444444444443 0.15572916666666667 0.38981481481481484 0.15989583333333332 0.37962962962962965 0.15677083333333333 0.3648148148148148 0.15833333333333333 0.3574074074074074 0.1609375 0.35555555555555557
0 0.25416666666666665 0 0.2869791666666667 0 0.28958333333333336 0.012037037037037037 0.2984375 0.004629629629629629 0.3098958333333333 0.005555555555555556 0.3255208333333333 0 0.34427083333333336 0 0.34270833333333334 0.008333333333333333 0.31666666666666665 0.032407407407407406 0.30885416666666665 0.05092592592592592 0.3 0.05185185185185185 0.284375 0.062037037037037036 0.2578125 0.05648148148148148 0.2515625 0.025925925925925925 0.25 0.008333333333333333 0.25416666666666665 0.000925925925925926
0 0.7817708333333333 0.6416666666666667 0.8317708333333333 0.6675925925925926 0.8421875 0.6805555555555556 0.8630208333333333 0.6972222222222222 0.8697916666666666 0.7083333333333334 0.8765625 0.7324074074074074 0.8765625 0.7574074074074074 0.8734375 0.7694444444444445 0.8630208333333333 0.7814814814814814 0.8453125 0.7833333333333333 0.8348958333333333 0.7796296296296297 0.8270833333333333 0.7648148148148148 0.7989583333333333 0.7453703703703703 0.7791666666666667 0.7351851851851852 0.7744791666666667 0.7379629629629629 0.765625 0.737037037037037 0.7583333333333333 0.7296296296296296 0.7489583333333333 0.7037037037037037 0.7515625 0.6592592592592592 0.7546875 0.65 0.7635416666666667 0.6388888888888888 0.78125 0.6416666666666667
0 0.9614583333333333 0.512962962962963 0.9682291666666667 0.5231481481481481 0.978125 0.5287037037037037 0.9994791666666667 0.5537037037037037 0.9994791666666667 0.5953703703703703 0.9833333333333333 0.5879629629629629 0.9661458333333334 0.5916666666666667 0.9604166666666667 0.5842592592592593 0.953125 0.5648148148148148 0.9494791666666667 0.5287037037037037 0.9552083333333333 0.5148148148148148 0.9609375 0.512962962962963
0 0.4161458333333333 0.8787037037037037 0.4203125 0.8833333333333333 0.41822916666666665 0.9055555555555556 0.40572916666666664 0.9314814814814815 0.40520833333333334 0.937962962962963 0.4010416666666667 0.9444444444444444 0.3984375 0.9564814814814815 0.39114583333333336 0.9666666666666667 0.3875 0.9796296296296296 0.38333333333333336 0.9833333333333333 0.3802083333333333 0.9731481481481481 0.38333333333333336 0.9407407407407408 0.3927083333333333 0.924074074074074 0.403125 0.8907407407407407 0.4078125 0.8833333333333333 0.415625 0.8787037037037037
0 0.6380208333333334 0.8953703703703704 0.6427083333333333 0.9009259259259259 0.6453125 0.9092592592592592 0.6489583333333333 0.9435185185185185 0.6515625 0.95 0.6505208333333333 0.9787037037037037 0.6473958333333333 0.9990740740740741 0.6354166666666666 0.9990740740740741 0.6265625 0.9351851851851852 0.6265625 0.9185185185185185 0.6291666666666667 0.9018518518518519 0.6338541666666667 0.8953703703703704 0.6375 0.8953703703703704
0 0.3619791666666667 0 0.365625 0.002777777777777778 0.3729166666666667 0 0.3765625 0.003703703703703704 0.3796875 0.04259259259259259 0.3776041666666667 0.05092592592592592 0.3692708333333333 0.05925925925925926 0.3651041666666667 0.06018518518518518 0.36041666666666666 0.05648148148148148 0.35833333333333334 0.044444444444444446 0.35833333333333334 0.021296296296296296 0.359375 0.005555555555555556 0.3619791666666667 0.000925925925925926
0 0.24322916666666666 0.030555555555555555 0.25052083333333336 0.04537037037037037 0.2520833333333333 0.062037037037037036 0.24895833333333334 0.0712962962962963 0.2375 0.08425925925925926 0.2234375 0.07962962962962963 0.21822916666666667 0.049074074074074076 0.225 0.03425925925925926 0.23541666666666666 0.027777777777777776 0.24270833333333333 0.030555555555555555
0 0.21510416666666668 0.2851851851851852 0.22864583333333333 0.28888888888888886 0.24270833333333333 0.3055555555555556 0.24479166666666666 0.31296296296296294 0.24427083333333333 0.3314814814814815 0.234375 0.35833333333333334 0.23333333333333334 0.37407407407407406 0.23072916666666668 0.37962962962962965 0.21770833333333334 0.387037037037037 0.19270833333333334 0.3824074074074074 0.18020833333333333 0.3527777777777778 0.17604166666666668 0.337037037037037 0.17864583333333334 0.32407407407407407 0.1953125 0.2898148148148148 0.20260416666666667 0.2851851851851852 0.21458333333333332 0.2851851851851852
0 0.7619791666666667 0.21574074074074073 0.7765625 0.22314814814814815 0.7796875 0.22685185185185186 0.7822916666666667 0.2361111111111111 0.7796875 0.25462962962962965 0.7729166666666667 0.2657407407407407 0.7723958333333333 0.2722222222222222 0.765625 0.2777777777777778 0.7552083333333334 0.275 0.7541666666666667 0.27870370370370373 0.7567708333333333 0.28055555555555556 0.7588541666666667 0.29074074074074074 0.7489583333333333 0.31296296296296294 0.7453125 0.31666666666666665 0.7317708333333334 0.3138888888888889 0.7192708333333333 0.3037037037037037 0.7166666666666667 0.29814814814814816 0.7161458333333334 0.2861111111111111 0.7182291666666667 0.27870370370370373 0.7354166666666667 0.2537037037037037 0.7505208333333333 0.22592592592592592 0.7614583333333333 0.21666666666666667
0 0.321875 0.07777777777777778 0.328125 0.08055555555555556 0.33125 0.08611111111111111 0.33125 0.10462962962962963 0.3203125 0.11851851851851852 0.30833333333333335 0.14444444444444443 0.28541666666666665 0.14351851851851852 0.28125 0.1361111111111111 0.28072916666666664 0.12037037037037036 0.28802083333333334 0.09814814814814815 0.2953125 0.08611111111111111 0.309375 0.07777777777777778 0.32135416666666666 0.07777777777777778
0 0 0.22037037037037038 0.0046875 0.21944444444444444 0.007291666666666667 0.22407407407407406 0.0203125 0.23333333333333334 0.050520833333333334 0.2777777777777778 0.059375 0.29814814814814816 0.058854166666666666 0.3055555555555556 0.043229166666666666 0.33796296296296297 0.03125 0.3453703703703704 0 0.3787037037037037 0 0.2212962962962963
0 0.4546875 0.40555555555555556 0.47760416666666666 0.4111111111111111 0.48125 0.4185185185185185 0.4822916666666667 0.4287037037037037 0.4875 0.43796296296296294 0.4875 0.4537037037037037 0.49114583333333334 0.4703703703703704 0.4791666666666667 0.475 0.44583333333333336 0.475 0.44114583333333335 0.48055555555555557 0.43645833333333334 0.4777777777777778 0.4322916666666667 0.4648148148148148 0.4317708333333333 0.44907407407407407 0.434375 0.42407407407407405 0.4395833333333333 0.4074074074074074 0.45416666666666666 0.40555555555555556
0 0.5151041666666667 0.8685185185185185 0.5208333333333334 0.8870370370370371 0.5234375 0.9037037037037037 0.5255208333333333 0.9064814814814814 0.5333333333333333 0.9064814814814814 0.5307291666666667 0.9425925925925925 0.53125 0.9592592592592593 0.5234375 0.9712962962962963 0.5182291666666666 0.9675925925925926 0.5166666666666667 0.9518518518518518 0.5083333333333333 0.9324074074074075 0.5015625 0.9 0.5015625 0.8722222222222222 0.50625 0.8657407407407407 0.5130208333333334 0.8657407407407407 0.5145833333333333 0.8685185185185185
0 0.6125 0.899074074074074 0.6177083333333333 0.9046296296296297 0.6197916666666666 0.9148148148148149 0.6197916666666666 0.9324074074074075 0.6171875 0.9388888888888889 0.6166666666666667 0.95 0.621875 0.9768518518518519 0.6171875 0.9990740740740741 0.6046875 0.9990740740740741 0.6015625 0.9916666666666667 0.5973958333333333 0.9666666666666667 0.6010416666666667 0.9481481481481482 0.6026041666666667 0.9138888888888889 0.60625 0.9037037037037037 0.6119791666666666 0.9
0 0.6213541666666667 0.03148148148148148 0.6296875 0.03611111111111111 0.6328125 0.04259259259259259 0.6244791666666667 0.07777777777777778 0.6166666666666667 0.09259259259259259 0.5984375 0.08981481481481482 0.5953125 0.08518518518518518 0.5953125 0.075 0.6020833333333333 0.05 0.6088541666666667 0.03518518518518519 0.6135416666666667 0.030555555555555555 0.6208333333333333 0.03148148148148148
0 0.7270833333333333 0.11851851851851852 0.7348958333333333 0.12777777777777777 0.7390625 0.1574074074074074 0.7390625 0.18796296296296297 0.7380208333333333 0.19537037037037036 0.7328125 0.2037037037037037 0.7135416666666666 0.20277777777777778 0.7088541666666667 0.2 0.7067708333333333 0.1935185185185185 0.7067708333333333 0.12962962962962962 0.7130208333333333 0.12037037037037036 0.7265625 0.11851851851851852
0 0.7135416666666666 0.04537037037037037 0.725 0.06574074074074074 0.7317708333333334 0.10555555555555556 0.728125 0.11666666666666667 0.7114583333333333 0.12037037037037036 0.7052083333333333 0.13055555555555556 0.6994791666666667 0.1259259259259259 0.6916666666666667 0.09722222222222222 0.6916666666666667 0.07314814814814814 0.6947916666666667 0.06388888888888888 0.6953125 0.053703703703703705 0.6994791666666667 0.046296296296296294 0.7052083333333333 0.04351851851851852 0.7130208333333333 0.04537037037037037
0 0.8328125 0.22685185185185186 0.8385416666666666 0.24074074074074073 0.8395833333333333 0.26851851851851855 0.8354166666666667 0.27870370370370373 0.8223958333333333 0.2638888888888889 0.8166666666666667 0.26666666666666666 0.8135416666666667 0.27314814814814814 0.8098958333333334 0.27314814814814814 0.7994791666666666 0.25462962962962965 0.8 0.24444444444444444 0.803125 0.2351851851851852 0.815625 0.22314814814814815 0.828125 0.22037037037037038 0.8322916666666667 0.22685185185185186
1 0.28541666666666665 0.9277777777777778 0.28854166666666664 0.937962962962963 0.29375 0.9444444444444444 0.2921875 0.9527777777777777 0.2953125 0.9601851851851851 0.2947916666666667 0.9638888888888889 0.28958333333333336 0.9694444444444444 0.2864583333333333 0.9611111111111111 0.28229166666666666 0.9592592592592593 0.2734375 0.9722222222222222 0.271875 0.9712962962962963 0.27291666666666664 0.9583333333333334 0.2703125 0.9490740740740741 0.2703125 0.937037037037037 0.2755208333333333 0.925 0.28177083333333336 0.924074074074074 0.28489583333333335 0.9277777777777778
1 0.09739583333333333 0.13055555555555556 0.10364583333333334 0.13796296296296295 0.11197916666666667 0.16296296296296298 0.11041666666666666 0.1675925925925926 0.10260416666666666 0.175 0.10104166666666667 0.15462962962962962 0.09322916666666667 0.13425925925925927 0.09479166666666666 0.12962962962962962 0.096875 0.13055555555555556
1 0.6369791666666667 0.046296296296296294 0.6364583333333333 0.06481481481481481 0.6333333333333333 0.08055555555555556 0.6296875 0.0787037037037037 0.6296875 0.06111111111111111 0.6328125 0.046296296296296294 0.6364583333333333 0.046296296296296294
1 0.3489583333333333 0.9601851851851851 0.35208333333333336 0.9657407407407408 0.3578125 0.9657407407407408 0.3614583333333333 0.9703703703703703 0.36041666666666666 0.9990740740740741 0.3416666666666667 0.9990740740740741 0.3416666666666667 0.9842592592592593 0.34375 0.9768518518518519 0.3411458333333333 0.9657407407407408 0.34479166666666666 0.9583333333333334 0.3484375 0.9601851851851851
1 0.5223958333333333 0.19444444444444445 0.5255208333333333 0.19444444444444445 0.5291666666666667 0.20555555555555555 0.5307291666666667 0.22685185185185186 0.5307291666666667 0.23333333333333334 0.5260416666666666 0.24166666666666667 0.5213541666666667 0.23703703703703705 0.51875 0.20925925925925926 0.5223958333333333 0.19537037037037036
1 0.5958333333333333 0.022222222222222223 0.5984375 0.04259259259259259 0.5916666666666667 0.06111111111111111 0.5901041666666667 0.03611111111111111 0.5927083333333333 0.024074074074074074 0.5953125 0.022222222222222223
1 0.5640625 0.16111111111111112 0.5671875 0.16111111111111112 0.5697916666666667 0.17037037037037037 0.5671875 0.19722222222222222 0.5604166666666667 0.21203703703703702 0.5583333333333333 0.17777777777777778 0.5640625 0.16203703703703703
1 0.7692708333333333 0.1638888888888889 0.7734375 0.1712962962962963 0.7734375 0.1814814814814815 0.7661458333333333 0.2101851851851852 0.7614583333333333 0.2101851851851852 0.7614583333333333 0.20277777777777778 0.7635416666666667 0.1935185185185185 0.7651041666666667 0.1648148148148148 0.76875 0.1638888888888889
1 0.03958333333333333 0.20833333333333334 0.046875 0.22037037037037038 0.050520833333333334 0.23333333333333334 0.058854166666666666 0.23796296296296296 0.050520833333333334 0.23425925925925925 0.0484375 0.23703703703703705 0.05 0.25462962962962965 0.0390625 0.2388888888888889 0.035416666666666666 0.2212962962962963 0.035416666666666666 0.2101851851851852 0.0390625 0.20833333333333334
1 0.2760416666666667 0.24166666666666667 0.284375 0.2574074074074074 0.2838541666666667 0.2722222222222222 0.2869791666666667 0.2824074074074074 0.2864583333333333 0.2861111111111111 0.2828125 0.2851851851851852 0.27447916666666666 0.262037037037037 0.27291666666666664 0.24444444444444444 0.2755208333333333 0.24166666666666667
1 0.058333333333333334 0.19814814814814816 0.06927083333333334 0.21296296296296297 0.06927083333333334 0.22592592592592592 0.07552083333333333 0.23425925925925925 0.07604166666666666 0.23796296296296296 0.07083333333333333 0.24259259259259258 0.0625 0.23425925925925925 0.057291666666666664 0.21666666666666667 0.05416666666666667 0.19907407407407407 0.0578125 0.19814814814814816
1 0.17604166666666668 0.03796296296296296 0.18333333333333332 0.05 0.18333333333333332 0.06111111111111111 0.18541666666666667 0.06851851851851852 0.18541666666666667 0.075 0.18333333333333332 0.07592592592592592 0.17864583333333334 0.07222222222222222 0.171875 0.046296296296296294 0.171875 0.04259259259259259 0.17552083333333332 0.03796296296296296
1 0.11510416666666666 0.18888888888888888 0.125 0.19907407407407407 0.13177083333333334 0.2324074074074074 0.13177083333333334 0.2361111111111111 0.12916666666666668 0.23703703703703705 0.1203125 0.2175925925925926 0.11510416666666666 0.21296296296296297 0.1125 0.20277777777777778 0.11510416666666666 0.18981481481481483
1 0.4276041666666667 0.3888888888888889 0.4354166666666667 0.4 0.4359375 0.4064814814814815 0.4322916666666667 0.42777777777777776 0.42864583333333334 0.43333333333333335 0.4265625 0.4324074074074074 0.42604166666666665 0.41203703703703703 0.42135416666666664 0.4083333333333333 0.42291666666666666 0.3907407407407407 0.4270833333333333 0.3888888888888889
1 0.8203125 0.4981481481481482 0.8317708333333333 0.47685185185185186 0.8348958333333333 0.4648148148148148 0.8427083333333333 0.4583333333333333 0.846875 0.4583333333333333 0.8484375 0.46296296296296297 0.8473958333333333 0.47962962962962963 0.8375 0.5 0.828125 0.5092592592592593 0.8255208333333334 0.5027777777777778 0.8208333333333333 0.49907407407407406
1 0.6244791666666667 0.1638888888888889 0.6302083333333334 0.18518518518518517 0.6255208333333333 0.18981481481481483 0.6192708333333333 0.21944444444444444 0.6166666666666667 0.21666666666666667 0.6177083333333333 0.19907407407407407 0.6151041666666667 0.19166666666666668 0.615625 0.1814814814814815 0.6213541666666667 0.16574074074074074 0.6239583333333333 0.1638888888888889
1 0.43697916666666664 0.16111111111111112 0.43802083333333336 0.19444444444444445 0.4359375 0.19722222222222222 0.42864583333333334 0.19074074074074074 0.42604166666666665 0.17037037037037037 0.43072916666666666 0.15092592592592594 0.43645833333333334 0.16111111111111112
1 0.12916666666666668 0.08981481481481482 0.13645833333333332 0.10277777777777777 0.13802083333333334 0.11203703703703703 0.1390625 0.12685185185185185 0.13385416666666666 0.13148148148148148 0.12708333333333333 0.11296296296296296 0.12552083333333333 0.09074074074074075 0.12864583333333332 0.08981481481481482
1 0.01875 0.49722222222222223 0.029166666666666667 0.5027777777777778 0.035416666666666666 0.5111111111111111 0.03854166666666667 0.5231481481481481 0.04739583333333333 0.5398148148148149 0.04635416666666667 0.549074074074074 0.0421875 0.55 0.021354166666666667 0.5185185185185185 0.015104166666666667 0.5037037037037037 0.015104166666666667 0.5 0.018229166666666668 0.4981481481481482
1 0.13333333333333333 0.08518518518518518 0.1375 0.08333333333333333 0.14010416666666667 0.08796296296296297 0.14739583333333334 0.11203703703703703 0.14635416666666667 0.11574074074074074 0.14166666666666666 0.11574074074074074 0.13177083333333334 0.09537037037037037 0.13125 0.09074074074074075 0.13333333333333333 0.08611111111111111
1 0.07291666666666667 0.1175925925925926 0.078125 0.125 0.0859375 0.1537037037037037 0.08489583333333334 0.15648148148148147 0.08125 0.1537037037037037 0.078125 0.15833333333333333 0.07552083333333333 0.1574074074074074 0.0734375 0.1425925925925926 0.06875 0.1287037037037037 0.06927083333333334 0.12314814814814815 0.06614583333333333 0.11666666666666667 0.06666666666666667 0.11203703703703703 0.06927083333333334 0.11203703703703703 0.07239583333333334 0.1175925925925926
1 0.8901041666666667 0.49074074074074076 0.8942708333333333 0.49074074074074076 0.8963541666666667 0.49444444444444446 0.896875 0.5055555555555555 0.8869791666666667 0.525 0.8864583333333333 0.5342592592592592 0.875 0.5370370370370371 0.8723958333333334 0.5324074074074074 0.8833333333333333 0.5064814814814815 0.8890625 0.4981481481481482 0.8901041666666667 0.49166666666666664
1 0.4739583333333333 0.5027777777777778 0.47708333333333336 0.5046296296296297 0.4817708333333333 0.5194444444444445 0.48072916666666665 0.5416666666666666 0.47604166666666664 0.5564814814814815 0.4739583333333333 0.5583333333333333 0.4708333333333333 0.5537037037037037 0.471875 0.5333333333333333 0.46770833333333334 0.5222222222222223 0.46927083333333336 0.5111111111111111 0.4734375 0.5037037037037037
1 0.33125 0.8962962962962963 0.3380208333333333 0.9083333333333333 0.3416666666666667 0.9287037037037037 0.3421875 0.937037037037037 0.3385416666666667 0.9444444444444444 0.334375 0.9435185185185185 0.32916666666666666 0.9351851851851852 0.32135416666666666 0.9083333333333333 0.3223958333333333 0.9 0.3307291666666667 0.8962962962962963
1 0.08854166666666667 0.5361111111111111 0.10208333333333333 0.5462962962962963 0.10572916666666667 0.5638888888888889 0.115625 0.5879629629629629 0.11458333333333333 0.5944444444444444 0.11197916666666667 0.5944444444444444 0.10625 0.5824074074074074 0.0859375 0.5601851851851852 0.0828125 0.5388888888888889 0.08802083333333334 0.5361111111111111
1 0.1890625 0.10833333333333334 0.1921875 0.10925925925925926 0.20104166666666667 0.1259259259259259 0.20572916666666666 0.12962962962962962 0.20104166666666667 0.1361111111111111 0.20104166666666667 0.14537037037037037 0.19635416666666666 0.14444444444444443 0.1890625 0.1259259259259259 0.1890625 0.10925925925925926
1 0.3 0.8953703703703704 0.3067708333333333 0.8981481481481481 0.315625 0.9175925925925926 0.31927083333333334 0.9425925925925925 0.3140625 0.9537037037037037 0.3104166666666667 0.9537037037037037 0.30833333333333335 0.9407407407407408 0.30520833333333336 0.9361111111111111 0.2994791666666667 0.9342592592592592 0.29739583333333336 0.9277777777777778 0.296875 0.9101851851851852 0.2942708333333333 0.8981481481481481 0.2994791666666667 0.8953703703703704
1 0.10260416666666666 0.09814814814814815 0.11041666666666666 0.10648148148148148 0.115625 0.12314814814814815 0.11614583333333334 0.13333333333333333 0.1125 0.13796296296296295 0.10833333333333334 0.13703703703703704 0.09895833333333333 0.10740740740740741 0.09895833333333333 0.10277777777777777 0.10208333333333333 0.09814814814814815
1 0.35208333333333336 0.8870370370370371 0.36041666666666666 0.8972222222222223 0.35989583333333336 0.9148148148148149 0.36302083333333335 0.9324074074074075 0.35833333333333334 0.9351851851851852 0.35104166666666664 0.9296296296296296 0.34479166666666666 0.9138888888888889 0.34479166666666666 0.8944444444444445 0.3484375 0.887962962962963 0.3515625 0.887962962962963
1 0.7453125 0.10648148148148148 0.7479166666666667 0.10833333333333334 0.7489583333333333 0.11944444444444445 0.7458333333333333 0.13518518518518519 0.7416666666666667 0.14537037037037037 0.7380208333333333 0.14351851851851852 0.7401041666666667 0.12962962962962962 0.7395833333333334 0.11944444444444445 0.7447916666666666 0.10648148148148148
1 0.040625 0.5009259259259259 0.05416666666666667 0.5148148148148148 0.058333333333333334 0.55 0.05625 0.55 0.051041666666666666 0.5407407407407407 0.04635416666666667 0.5388888888888889 0.036458333333333336 0.5175925925925926 0.034375 0.5046296296296297 0.036458333333333336 0.5009259259259259 0.04010416666666667 0.5009259259259259
1 0.6140625 0 0.61875 0 0.6166666666666667 0.013888888888888888 0.6145833333333334 0.012037037037037037 0.6140625 0.000925925925925926
1 0.6921875 0.31296296296296294 0.6989583333333333 0.30648148148148147 0.7026041666666667 0.32685185185185184 0.7015625 0.33425925925925926 0.696875 0.3416666666666667 0.6927083333333334 0.3638888888888889 0.6880208333333333 0.36574074074074076 0.6880208333333333 0.35833333333333334 0.6854166666666667 0.35462962962962963 0.6890625 0.3453703703703704 0.6921875 0.3138888888888889
1 0.24635416666666668 0.950925925925926 0.2515625 0.9601851851851851 0.2526041666666667 0.9703703703703703 0.2520833333333333 0.987037037037037 0.24791666666666667 0.9916666666666667 0.24322916666666666 0.9916666666666667 0.23385416666666667 0.9851851851851852 0.2296875 0.9712962962962963 0.2296875 0.9555555555555556 0.23125 0.9518518518518518 0.23802083333333332 0.9490740740740741 0.24583333333333332 0.950925925925926
1 0.37447916666666664 0.9685185185185186 0.3807291666666667 0.9805555555555555 0.3807291666666667 0.9990740740740741 0.365625 0.9990740740740741 0.3645833333333333 0.9953703703703703 0.36302083333333335 0.9879629629629629 0.3645833333333333 0.9722222222222222 0.37395833333333334 0.9685185185185186
1 0.8385416666666666 0.1925925925925926 0.8416666666666667 0.1935185185185185 0.8427083333333333 0.20092592592592592 0.8411458333333334 0.21296296296296297 0.8317708333333333 0.23055555555555557 0.8296875 0.2212962962962963 0.83125 0.2111111111111111 0.8385416666666666 0.1935185185185185
1 0.6052083333333333 0 0.6109375 0 0.609375 0.011111111111111112 0.6052083333333333 0.010185185185185186 0.6052083333333333 0.000925925925925926
1 0.51875 0.29259259259259257 0.5161458333333333 0.25092592592592594 0.51875 0.23703703703703705 0.521875 0.2351851851851852 0.5260416666666666 0.25092592592592594 0.521875 0.29074074074074074 0.5192708333333333 0.29259259259259257
1 0.14270833333333333 0.05462962962962963 0.15052083333333333 0.07962962962962963 0.15104166666666666 0.08796296296296297 0.146875 0.08796296296296297 0.1359375 0.06666666666666667 0.13645833333333332 0.05277777777777778 0.140625 0.05185185185185185 0.1421875 0.05462962962962963
1 0.45364583333333336 0.5 0.4583333333333333 0.5074074074074074 0.46145833333333336 0.5370370370370371 0.459375 0.5462962962962963 0.44947916666666665 0.5546296296296296 0.4479166666666667 0.5157407407407407 0.44947916666666665 0.5064814814814815 0.453125 0.5
1 0.03802083333333333 0.1259259259259259 0.05625 0.15833333333333333 0.05677083333333333 0.1638888888888889 0.05364583333333333 0.16666666666666666 0.046875 0.1638888888888889 0.03333333333333333 0.1361111111111111 0.0328125 0.12962962962962962 0.0375 0.1259259259259259
1 0.6161458333333333 0.11944444444444445 0.6171875 0.09166666666666666 0.6192708333333333 0.08333333333333333 0.6229166666666667 0.07962962962962963 0.6260416666666667 0.08796296296296297 0.6255208333333333 0.09907407407407408 0.621875 0.12037037037037036 0.6166666666666667 0.12037037037037036
1 0.6453125 0.8055555555555556 0.6505208333333333 0.8231481481481482 0.6510416666666666 0.8490740740740741 0.6494791666666667 0.8518518518518519 0.6364583333333333 0.8518518518518519 0.6296875 0.862037037037037 0.6265625 0.862037037037037 0.625 0.8583333333333333 0.6364583333333333 0.8379629629629629 0.6401041666666667 0.812037037037037 0.6447916666666667 0.8055555555555556
1 0.6369791666666667 0.7796296296296297 0.6390625 0.7898148148148149 0.6307291666666667 0.8212962962962963 0.6161458333333333 0.8175925925925925 0.6229166666666667 0.7935185185185185 0.6229166666666667 0.7842592592592592 0.6270833333333333 0.7796296296296297 0.6364583333333333 0.7796296296296297
1 0.2598958333333333 0.9222222222222223 0.26927083333333335 0.9314814814814815 0.27239583333333334 0.9601851851851851 0.26875 0.9638888888888889 0.2557291666666667 0.9601851851851851 0.2515625 0.9490740740740741 0.2515625 0.9287037037037037 0.259375 0.9222222222222223
1 0.7791666666666667 0.13055555555555556 0.7854166666666667 0.13240740740740742 0.7869791666666667 0.1388888888888889 0.7859375 0.15462962962962962 0.78125 0.16296296296296298 0.7796875 0.1712962962962963 0.7760416666666666 0.17222222222222222 0.7739583333333333 0.16574074074074074 0.7770833333333333 0.1537037037037037 0.7791666666666667 0.13148148148148148
1 0.46145833333333336 0.8981481481481481 0.4703125 0.9111111111111111 0.4703125 0.9166666666666666 0.46458333333333335 0.9268518518518518 0.4609375 0.9425925925925925 0.45625 0.950925925925926 0.45364583333333336 0.9490740740740741 0.45625 0.9287037037037037 0.45260416666666664 0.925 0.45260416666666664 0.9083333333333333 0.4552083333333333 0.899074074074074 0.4609375 0.8981481481481481
1 0.8052083333333333 0.337037037037037 0.8098958333333334 0.3416666666666667 0.8114583333333333 0.34814814814814815 0.8083333333333333 0.36018518518518516 0.8036458333333333 0.36574074074074076 0.8 0.38055555555555554 0.7973958333333333 0.38425925925925924 0.7932291666666667 0.3787037037037037 0.7895833333333333 0.3824074074074074 0.7890625 0.37592592592592594 0.7932291666666667 0.3648148148148148 0.796875 0.3453703703703704 0.8010416666666667 0.337037037037037 0.8046875 0.337037037037037