0 0.4822916666666667 0.3861111111111111 0.4869791666666667 0.38981481481481484 0.49322916666666666 0.4046296296296296 0.49270833333333336 0.42962962962962964 0.4895833333333333 0.44166666666666665 0.4875 0.4444444444444444 0.478125 0.44074074074074077 0.45625 0.44166666666666665 0.44947916666666665 0.4462962962962963 0.446875 0.4388888888888889 0.44635416666666666 0.42777777777777776 0.453125 0.3962962962962963 0.4609375 0.38981481481481484 0.4817708333333333 0.3861111111111111
0 0.6234375 0.06574074074074074 0.628125 0.06759259259259259 0.6307291666666667 0.07407407407407407 0.6302083333333334 0.08425925925925926 0.6234375 0.09259259259259259 0.6192708333333333 0.09259259259259259 0.6161458333333333 0.08796296296296297 0.615625 0.0712962962962963 0.6182291666666667 0.06574074074074074 0.6229166666666667 0.06574074074074074
0 0.5609375 0.1361111111111111 0.5614583333333333 0.17592592592592593 0.5609375 0.1814814814814815 0.5578125 0.18425925925925926 0.546875 0.18055555555555555 0.5432291666666667 0.17037037037037037 0.5520833333333334 0.14537037037037037 0.5604166666666667 0.1361111111111111
0 0.1171875 0.35185185185185186 0.121875 0.36666666666666664 0.12083333333333333 0.3814814814814815 0.10989583333333333 0.39537037037037037 0.1015625 0.4212962962962963 0.09635416666666667 0.42407407407407405 0.0671875 0.4212962962962963 0.0625 0.4074074074074074 0.06354166666666666 0.39351851851851855 0.06979166666666667 0.37592592592592594 0.07760416666666667 0.362962962962963 0.1046875 0.3490740740740741 0.11666666666666667 0.35185185185185186
0 0.5447916666666667 0.18796296296296297 0.5494791666666666 0.2064814814814815 0.5421875 0.22037037037037038 0.5395833333333333 0.2324074074074074 0.5375 0.22777777777777777 0.534375 0.22777777777777777 0.5322916666666667 0.23148148148148148 0.5302083333333333 0.2212962962962963 0.5302083333333333 0.20462962962962963 0.5317708333333333 0.1925925925925926 0.534375 0.18703703703703703 0.540625 0.18518518518518517 0.5442708333333334 0.18796296296296297
0 0.5817708333333333 0.06851851851851852 0.5854166666666667 0.07407407407407407 0.584375 0.09166666666666666 0.5807291666666666 0.09814814814814815 0.575 0.10185185185185185 0.5692708333333333 0.1 0.56875 0.08518518518518518 0.5744791666666667 0.07037037037037037 0.58125 0.06851851851851852
0 0.7723958333333333 0.2388888888888889 0.8005208333333333 0.24351851851851852 0.8020833333333334 0.2462962962962963 0.8005208333333333 0.25462962962962965 0.7963541666666667 0.2601851851851852 0.771875 0.25462962962962965 0.7677083333333333 0.2490740740740741 0.7682291666666666 0.24166666666666667 0.771875 0.23981481481481481
0 0.6432291666666666 0.06388888888888888 0.6473958333333333 0.06851851851851852 0.6479166666666667 0.07962962962962963 0.6411458333333333 0.08981481481481482 0.6359375 0.08796296296296297 0.6322916666666667 0.07777777777777778 0.6348958333333333 0.06574074074074074 0.6427083333333333 0.06388888888888888
0 0.3359375 0.15462962962962962 0.34010416666666665 0.1675925925925926 0.33958333333333335 0.17222222222222222 0.33541666666666664 0.1787037037037037 0.328125 0.1824074074074074 0.325 0.1685185185185185 0.3255208333333333 0.16203703703703703 0.32864583333333336 0.15462962962962962 0.33541666666666664 0.15462962962962962
0 0.7536458333333333 0.6462962962962963 0.7864583333333334 0.6712962962962963 0.8036458333333333 0.6916666666666667 0.8145833333333333 0.7064814814814815 0.825 0.7287037037037037 0.8395833333333333 0.7518518518518519 0.8453125 0.7712962962962963 0.8416666666666667 0.7851851851851852 0.8317708333333333 0.8037037037037037 0.8234375 0.8083333333333333 0.803125 0.8 0.7958333333333333 0.7898148148148149 0.7947916666666667 0.7824074074074074 0.790625 0.774074074074074 0.7598958333333333 0.7324074074074074 0.7552083333333334 0.7277777777777777 0.7458333333333333 0.7268518518518519 0.7375 0.7166666666666667 0.7286458333333333 0.6888888888888889 0.7307291666666667 0.6722222222222223 0.7442708333333333 0.6462962962962963 0.7479166666666667 0.6435185185185185 0.753125 0.6462962962962963
0 0.55 0.2657407407407407 0.5484375 0.2574074074074074 0.5489583333333333 0.2388888888888889 0.5526041666666667 0.23148148148148148 0.5572916666666666 0.23425925925925925 0.5588541666666667 0.262037037037037 0.5505208333333333 0.2657407407407407
0 0.9645833333333333 0.8611111111111112 0.978125 0.8657407407407407 0.9994791666666667 0.8805555555555555 0.9994791666666667 0.8972222222222223 0.9953125 0.9009259259259259 0.9973958333333334 0.9083333333333333 0.9994791666666667 0.9092592592592592 0.9994791666666667 0.950925925925926 0.9947916666666666 0.9574074074074074 0.9635416666666666 0.95 0.9567708333333333 0.9546296296296296 0.9494791666666667 0.9546296296296296 0.9442708333333333 0.9490740740740741 0.9390625 0.9351851851851852 0.9354166666666667 0.9018518518518519 0.9354166666666667 0.8861111111111111 0.9546875 0.8648148148148148 0.9640625 0.8611111111111112
0 0.6901041666666666 0.2564814814814815 0.7005208333333334 0.262037037037037 0.7067708333333333 0.27870370370370373 0.7161458333333334 0.31666666666666665 0.7140625 0.3351851851851852 0.7072916666666667 0.3425925925925926 0.6890625 0.3398148148148148 0.6776041666666667 0.30648148148148147 0.6755208333333333 0.2712962962962963 0.6838541666666667 0.25833333333333336 0.6895833333333333 0.2564814814814815
0 0.4088541666666667 0.3435185185185185 0.4119791666666667 0.3453703703703704 0.41458333333333336 0.35555555555555557 0.4166666666666667 0.37222222222222223 0.415625 0.38425925925925924 0.4041666666666667 0.4064814814814815 0.396875 0.4083333333333333 0.390625 0.4185185185185185 0.3848958333333333 0.39166666666666666 0.3848958333333333 0.3685185185185185 0.3963541666666667 0.34444444444444444 0.4083333333333333 0.3435185185185185
0 0.09322916666666667 0.5962962962962963 0.09739583333333333 0.5990740740740741 0.0984375 0.612037037037037 0.09479166666666666 0.6212962962962963 0.08489583333333334 0.6351851851851852 0.08020833333333334 0.6546296296296297 0.07708333333333334 0.6583333333333333 0.07083333333333333 0.6574074074074074 0.065625 0.6509259259259259 0.065625 0.6314814814814815 0.0671875 0.6268518518518519 0.07447916666666667 0.6259259259259259 0.07864583333333333 0.6194444444444445 0.07916666666666666 0.6083333333333333 0.075 0.5990740740740741 0.07708333333333334 0.5953703703703703 0.09270833333333334 0.5962962962962963
0 0.5244791666666667 0.046296296296296294 0.5286458333333334 0.049074074074074076 0.5307291666666667 0.05555555555555555 0.5182291666666666 0.06481481481481481 0.515625 0.06481481481481481 0.5104166666666666 0.05555555555555555 0.5104166666666666 0.05185185185185185 0.5151041666666667 0.046296296296296294 0.5239583333333333 0.046296296296296294
0 0.22708333333333333 0.2861111111111111 0.23385416666666667 0.28888888888888886 0.24010416666666667 0.30185185185185187 0.2375 0.3101851851851852 0.2296875 0.3194444444444444 0.2203125 0.3212962962962963 0.21822916666666667 0.3055555555555556 0.2203125 0.2972222222222222 0.22395833333333334 0.2962962962962963 0.22708333333333333 0.28703703703703703
0 0.9364583333333333 0.6972222222222222 0.9557291666666666 0.7092592592592593 0.9713541666666666 0.7231481481481481 0.9854166666666667 0.7361111111111112 0.9916666666666667 0.7472222222222222 0.9942708333333333 0.7657407407407407 0.9994791666666667 0.7694444444444445 0.9994791666666667 0.7833333333333333 0.9875 0.7916666666666666 0.9791666666666666 0.8046296296296296 0.9661458333333334 0.8027777777777778 0.9552083333333333 0.7962962962962963 0.9255208333333333 0.7675925925925926 0.9213541666666667 0.7592592592592593 0.9140625 0.7546296296296297 0.9098958333333333 0.7472222222222222 0.9098958333333333 0.7407407407407407 0.9166666666666666 0.7222222222222222 0.928125 0.7018518518518518 0.9359375 0.6972222222222222
0 0.8807291666666667 0.7416666666666667 0.8901041666666667 0.7527777777777778 0.8911458333333333 0.7666666666666667 0.8973958333333333 0.7796296296296297 0.9005208333333333 0.7814814814814814 0.9046875 0.7814814814814814 0.9083333333333333 0.7768518518518519 0.9067708333333333 0.7675925925925926 0.909375 0.7546296296296297 0.9114583333333334 0.7537037037037037 0.9192708333333334 0.7611111111111111 0.9213541666666667 0.7685185185185185 0.9208333333333333 0.7768518518518519 0.925 0.7888888888888889 0.9229166666666667 0.7944444444444444 0.925 0.8092592592592592 0.9208333333333333 0.8157407407407408 0.9135416666666667 0.8148148148148148 0.9010416666666666 0.7981481481481482 0.8921875 0.7935185185185185 0.8744791666666667 0.7759259259259259 0.8723958333333334 0.7574074074074074 0.8765625 0.7453703703703703 0.8802083333333334 0.7416666666666667
0 0.5208333333333334 0.7861111111111111 0.5604166666666667 0.7962962962962963 0.6098958333333333 0.8240740740740741 0.6135416666666667 0.8305555555555556 0.6166666666666667 0.8453703703703703 0.6166666666666667 0.8722222222222222 0.6140625 0.8962962962962963 0.6072916666666667 0.9083333333333333 0.5953125 0.9120370370370371 0.5885416666666666 0.9111111111111111 0.5786458333333333 0.9 0.5661458333333333 0.8944444444444445 0.5328125 0.8833333333333333 0.5229166666666667 0.8861111111111111 0.5182291666666666 0.8842592592592593 0.5052083333333334 0.8685185185185185 0.503125 0.8638888888888889 0.5026041666666666 0.8546296296296296 0.5052083333333334 0.8111111111111111 0.5109375 0.7888888888888889 0.5203125 0.7861111111111111
0 0.6197916666666666 0.7129629629629629 0.6442708333333333 0.7222222222222222 0.6609375 0.7324074074074074 0.665625 0.7398148148148148 0.6671875 0.7481481481481481 0.6666666666666666 0.7861111111111111 0.6682291666666667 0.7944444444444444 0.6651041666666667 0.8 0.6614583333333334 0.8009259259259259 0.64375 0.7962962962962963 0.6338541666666667 0.7972222222222223 0.6203125 0.7888888888888889 0.6083333333333333 0.7907407407407407 0.6020833333333333 0.7824074074074074 0.5994791666666667 0.7703703703703704 0.6057291666666667 0.7379629629629629 0.6119791666666666 0.7166666666666667 0.6192708333333333 0.7129629629629629
0 0.434375 0.08796296296296297 0.4395833333333333 0.09444444444444444 0.4401041666666667 0.10277777777777777 0.4390625 0.10648148148148148 0.4296875 0.11388888888888889 0.41875 0.11296296296296296 0.4171875 0.09814814814814815 0.42239583333333336 0.08796296296296297 0.43385416666666665 0.08796296296296297
0 0.4981770833333333 0.5032407407407408 0.5348958333333333 0.6768518518518518
0 0.2515625 0.5796296296296296 0.2942708333333333 0.5814814814814815 0.31875 0.587037037037037 0.33125 0.5842592592592593 0.35260416666666666 0.5861111111111111 0.35885416666666664 0.5972222222222222 0.3692708333333333 0.5990740740740741 0.3880208333333333 0.6194444444444445 0.39375 0.6296296296296297 0.4036458333333333 0.6648148148148149 0.4046875 0.7 0.39791666666666664 0.7277777777777777 0.39166666666666666 0.7314814814814815 0.38333333333333336 0.7314814814814815 0.37916666666666665 0.7379629629629629 0.3734375 0.7407407407407407 0.36666666666666664 0.7388888888888889 0.359375 0.7305555555555555 0.32708333333333334 0.7324074074074074 0.2994791666666667 0.7287037037037037 0.29583333333333334 0.7342592592592593 0.28802083333333334 0.7361111111111112 0.2791666666666667 0.7296296296296296 0.27395833333333336 0.7175925925925926 0.26979166666666665 0.7138888888888889 0.25364583333333335 0.7138888888888889 0.2453125 0.7175925925925926 0.24166666666666667 0.7157407407407408 0.22083333333333333 0.6462962962962963 0.2265625 0.6175925925925926 0.2328125 0.5981481481481481 0.24114583333333334 0.5814814814814815 0.25104166666666666 0.5796296296296296
0 0.36614583333333334 0.47129629629629627 0.36770833333333336 0.47314814814814815 0.36666666666666664 0.48055555555555557 0.3692708333333333 0.487962962962963 0.371875 0.4759259259259259 0.3765625 0.47685185185185186 0.378125 0.4824074074074074 0.3776041666666667 0.49537037037037035 0.37395833333333334 0.5120370370370371 0.36822916666666666 0.5203703703703704 0.36614583333333334 0.5305555555555556 0.3625 0.5333333333333333 0.35989583333333336 0.5009259259259259 0.3625 0.487962962962963 0.36614583333333334 0.48055555555555557 0.36614583333333334 0.4722222222222222
0 0.5317708333333333 0.02962962962962963 0.5348958333333333 0.032407407407407406 0.5375 0.041666666666666664 0.5375 0.049074074074074076 0.5328125 0.05462962962962963 0.5182291666666666 0.046296296296296294 0.5182291666666666 0.03981481481481482 0.5213541666666667 0.030555555555555555 0.53125 0.02962962962962963
0 0.8354166666666667 0.9814814814814815 0.840625 0.987037037037037 0.8505208333333333 0.9805555555555555 0.8651041666666667 0.9824074074074074 0.8682291666666667 0.9944444444444445 0.8677083333333333 0.9990740740740741 0.8166666666666667 0.9990740740740741 0.8213541666666667 0.9842592592592593 0.8348958333333333 0.9814814814814815
0 0.5119791666666667 0.22962962962962963 0.5182291666666666 0.23425925925925925 0.5213541666666667 0.2462962962962963 0.515625 0.2712962962962963 0.509375 0.28703703703703703 0.4942708333333333 0.2824074074074074 0.4875 0.28425925925925927 0.48541666666666666 0.275 0.496875 0.23703703703703705 0.503125 0.23055555555555557 0.5114583333333333 0.22962962962962963
0 0.8 0.4962962962962963 0.803125 0.5009259259259259 0.8015625 0.5259259259259259 0.8005208333333333 0.5333333333333333 0.7942708333333334 0.5472222222222223 0.7901041666666667 0.5462962962962963 0.7880208333333333 0.5324074074074074 0.7822916666666667 0.525 0.78125 0.5166666666666667 0.7864583333333334 0.49907407407407406 0.7901041666666667 0.5 0.7875 0.5083333333333333 0.7895833333333333 0.5120370370370371 0.8 0.49722222222222223
0 0.675 0.22407407407407406 0.6869791666666667 0.2462962962962963 0.6880208333333333 0.25462962962962965 0.6828125 0.2611111111111111 0.6765625 0.2814814814814815 0.675 0.28425925925925927 0.6713541666666667 0.2824074074074074 0.6619791666666667 0.2675925925925926 0.6619791666666667 0.2611111111111111 0.6651041666666667 0.25092592592592594 0.6630208333333333 0.24074074074074073 0.6692708333333334 0.22777777777777777 0.6744791666666666 0.225
0 0.5640625 0.4046296296296296 0.5708333333333333 0.40925925925925927 0.5994791666666667 0.44907407407407407 0.6380208333333334 0.5111111111111111 0.7067708333333333 0.612037037037037 0.7072916666666667 0.6342592592592593 0.7046875 0.6777777777777778 0.7005208333333334 0.6944444444444444 0.6958333333333333 0.7027777777777777 0.6807291666666667 0.7166666666666667 0.6682291666666667 0.7333333333333333 0.6505208333333333 0.7231481481481481 0.6479166666666667 0.7185185185185186 0.640625 0.7166666666666667 0.63125 0.6925925925925925 0.6125 0.6592592592592592 0.6114583333333333 0.6509259259259259 0.5989583333333334 0.6333333333333333 0.5942708333333333 0.6194444444444445 0.5833333333333334 0.6046296296296296 0.5828125 0.5981481481481481 0.5791666666666667 0.5916666666666667 0.5729166666666666 0.5861111111111111 0.5671875 0.5851851851851851 0.5604166666666667 0.575925925925926 0.55625 0.5564814814814815 0.5458333333333333 0.5398148148148149 0.5390625 0.5203703703703704 0.5286458333333334 0.5037037037037037 0.5270833333333333 0.4898148148148148 0.5302083333333333 0.47685185185185186 0.5302083333333333 0.45740740740740743 0.5328125 0.4351851851851852 0.5354166666666667 0.42777777777777776 0.5473958333333333 0.41388888888888886 0.5567708333333333 0.4064814814814815 0.5635416666666667 0.40555555555555556
0 0.4859375 0.13148148148148148 0.49947916666666664 0.1361111111111111 0.503125 0.14074074074074075 0.5046875 0.17592592592592593 0.5026041666666666 0.19074074074074074 0.5036458333333333 0.20277777777777778 0.5020833333333333 0.22407407407407406 0.48854166666666665 0.2462962962962963 0.4875 0.2518518518518518 0.48020833333333335 0.25925925925925924 0.4666666666666667 0.28425925925925927 0.45416666666666666 0.3 0.4354166666666667 0.2962962962962963 0.425 0.29074074074074074 0.421875 0.2861111111111111 0.4203125 0.23333333333333334 0.42135416666666664 0.20185185185185187 0.4270833333333333 0.1814814814814815 0.465625 0.1361111111111111 0.475 0.13055555555555556 0.48541666666666666 0.13148148148148148
0 0.9963541666666667 0.8111111111111111 0.9994791666666667 0.812962962962963 0.9994791666666667 0.825 0.9953125 0.8314814814814815 0.9994791666666667 0.8333333333333334 0.9994791666666667 0.862037037037037 0.9947916666666666 0.8629629629629629 0.9703125 0.8481481481481481 0.9661458333333334 0.8416666666666667 0.9651041666666667 0.8314814814814815 0.9666666666666667 0.8203703703703704 0.9692708333333333 0.8157407407407408 0.9875 0.8083333333333333 0.9958333333333333 0.8111111111111111
0 0.5776041666666667 0.02962962962962963 0.5869791666666667 0.03981481481481482 0.5854166666666667 0.05 0.5671875 0.046296296296296294 0.5666666666666667 0.03518518518518519 0.5682291666666667 0.028703703703703703 0.5770833333333333 0.02962962962962963
0 0.5130208333333334 0.15648148148148147 0.515625 0.16111111111111112 0.5151041666666667 0.1648148148148148 0.5052083333333334 0.18055555555555555 0.5041666666666667 0.1574074074074074 0.5125 0.15648148148148147
0 0.35442708333333334 0.20694444444444443 0.0328125 0.04537037037037037
0 0.4953125 0.04722222222222222 0.4973958333333333 0.05462962962962963 0.49166666666666664 0.06759259259259259 0.49114583333333334 0.08703703703703704 0.4828125 0.09351851851851851 0.47708333333333336 0.09351851851851851 0.475 0.08888888888888889 0.475 0.05648148148148148 0.4828125 0.04814814814814815 0.4947916666666667 0.04722222222222222
0 0.515625 0.16203703703703703 0.5260416666666666 0.16944444444444445 0.5276041666666667 0.175 0.5260416666666666 0.19444444444444445 0.51875 0.20462962962962963 0.5119791666666667 0.20462962962962963 0.5052083333333334 0.18518518518518517 0.5067708333333333 0.17037037037037037 0.5119791666666667 0.16111111111111112 0.5151041666666667 0.16203703703703703
0 0.2421875 0.32407407407407407 0.24479166666666666 0.3277777777777778 0.246875 0.3388888888888889 0.24739583333333334 0.34814814814814815 0.2453125 0.35555555555555557 0.22135416666666666 0.37592592592592594 0.21614583333333334 0.387037037037037 0.20989583333333334 0.3925925925925926 0.19270833333333334 0.3907407407407407 0.18541666666666667 0.38425925925925924 0.18177083333333333 0.3712962962962963 0.18541666666666667 0.35 0.20625 0.3287037037037037 0.21666666666666667 0.3296296296296296 0.22083333333333333 0.32407407407407407 0.2265625 0.32222222222222224 0.24166666666666667 0.32407407407407407
0 0.1984375 0.5657407407407408 0.21041666666666667 0.5648148148148148 0.21822916666666667 0.5722222222222222 0.2234375 0.5953703703703703 0.22395833333333334 0.6055555555555555 0.21770833333333334 0.6212962962962963 0.20625 0.6333333333333333 0.19427083333333334 0.6305555555555555 0.15104166666666666 0.6481481481481481 0.14166666666666666 0.6620370370370371 0.13489583333333333 0.6611111111111111 0.13020833333333334 0.6564814814814814 0.12291666666666666 0.6583333333333333 0.11614583333333334 0.6472222222222223 0.11354166666666667 0.6361111111111111 0.1140625 0.6018518518518519 0.11822916666666666 0.5879629629629629 0.14479166666666668 0.5731481481481482 0.16510416666666666 0.5666666666666667 0.17552083333333332 0.5638888888888889 0.19791666666666666 0.5657407407407408
0 0.1609375 0.8601851851851852 0.17291666666666666 0.8712962962962963 0.18072916666666666 0.8898148148148148 0.1890625 0.8907407407407407 0.19114583333333332 0.8944444444444445 0.19114583333333332 0.9009259259259259 0.18958333333333333 0.9074074074074074 0.17916666666666667 0.9259259259259259 0.15572916666666667 0.9546296296296296 0.1484375 0.9694444444444444 0.13697916666666668 0.9851851851851852 0.13541666666666666 0.9925925925925926 0.13125 0.9990740740740741 0.11510416666666666 0.9990740740740741 0.10677083333333333 0.9935185185185185 0.10572916666666667 0.9851851851851852 0.0984375 0.9731481481481481 0.09375 0.9564814814814815 0.09166666666666666 0.925 0.1015625 0.9074074074074074 0.140625 0.8685185185185185 0.16041666666666668 0.8601851851851852
0 0.546875 0.3212962962962963 0.5536458333333333 0.33796296296296297 0.5614583333333333 0.3824074074074074 0.5609375 0.3990740740740741 0.5536458333333333 0.40370370370370373 0.5395833333333333 0.40370370370370373 0.5348958333333333 0.4009259259259259 0.5328125 0.3962962962962963 0.5322916666666667 0.3787037037037037 0.525 0.35555555555555557 0.5255208333333333 0.337037037037037 0.5307291666666667 0.32407407407407407 0.5380208333333333 0.32037037037037036 0.5463541666666667 0.3212962962962963
0 0.5833333333333334 0.5555555555555556 0.365625 0.562962962962963
0 0.453125 0.06666666666666667 0.45364583333333336 0.0824074074074074 0.4505208333333333 0.08796296296296297 0.44427083333333334 0.08981481481481482 0.4395833333333333 0.08703703703703704 0.4401041666666667 0.07407407407407407 0.44583333333333336 0.06666666666666667 0.45260416666666664 0.06666666666666667
0 0 0.8527777777777777 0.008333333333333333 0.8537037037037037 0.011979166666666667 0.862037037037037 0.011979166666666667 0.8685185185185185 0.008854166666666666 0.8777777777777778 0 0.8861111111111111 0 0.8537037037037037
0 0.5671875 0.19444444444444445 0.5713541666666667 0.1935185185185185 0.5760416666666667 0.20092592592592592 0.5744791666666667 0.21944444444444444 0.5671875 0.22314814814814815 0.565625 0.20555555555555555 0.5671875 0.19537037037037036
0 0.49375 0.09259259259259259 0.4921875 0.06574074074074074 0.49895833333333334 0.05462962962962963 0.5114583333333333 0.05555555555555555 0.5151041666666667 0.06666666666666667 0.5119791666666667 0.07685185185185185 0.5078125 0.08055555555555556 0.5015625 0.08055555555555556 0.496875 0.09166666666666666 0.4942708333333333 0.09259259259259259
0 0.9755208333333333 0.6675925925925926 0.9994791666666667 0.6777777777777778 0.9994791666666667 0.7462962962962963 0.9947916666666666 0.7490740740740741 0.9854166666666667 0.7361111111111112 0.9442708333333333 0.6990740740740741 0.9458333333333333 0.6833333333333333 0.9526041666666667 0.674074074074074 0.9630208333333333 0.6675925925925926 0.975 0.6675925925925926
0 0.7859375 0.8324074074074074 0.7880208333333333 0.8444444444444444 0.7958333333333333 0.8546296296296296 0.7958333333333333 0.8638888888888889 0.8 0.8694444444444445 0.80625 0.862037037037037 0.8119791666666667 0.8629629629629629 0.8130208333333333 0.8592592592592593 0.8104166666666667 0.8518518518518519 0.8125 0.8416666666666667 0.8171875 0.8388888888888889 0.8244791666666667 0.85 0.8291666666666667 0.8722222222222222 0.828125 0.8833333333333333 0.825 0.8861111111111111 0.8041666666666667 0.8759259259259259 0.79375 0.8759259259259259 0.7791666666666667 0.8601851851851852 0.7755208333333333 0.8490740740740741 0.7765625 0.8388888888888889 0.7796875 0.8333333333333334 0.7854166666666667 0.8324074074074074
0 0.9223958333333333 0.9453703703703704 0.9401041666666666 0.9546296296296296 0.9536458333333333 0.9574074074074074 0.9895833333333334 0.9814814814814815 0.9994791666666667 0.9842592592592593 0.9994791666666667 0.9944444444444445 0.9947916666666666 0.9990740740740741 0.9609375 0.9990740740740741 0.953125 0.9962962962962963 0.9046875 0.9990740740740741 0.9036458333333334 0.9796296296296296 0.9067708333333333 0.9592592592592593 0.9130208333333333 0.9490740740740741 0.921875 0.9453703703703704
0 0.2682291666666667 0.5564814814814815 0.275 0.5611111111111111 0.2796875 0.5685185185185185 0.28229166666666666 0.5768518518518518 0.2796875 0.5805555555555556 0.246875 0.5777777777777777 0.25833333333333336 0.5583333333333333 0.2677083333333333 0.5564814814814815
0 0.5916666666666667 0.04259259259259259 0.5958333333333333 0.04722222222222222 0.5973958333333333 0.05648148148148148 0.5921875 0.07407407407407407 0.5848958333333333 0.0712962962962963 0.5833333333333334 0.06481481481481481 0.5864583333333333 0.04722222222222222 0.5911458333333334 0.04351851851851852
0 0.5078125 0.28425925925925927 0.5114583333333333 0.2962962962962963 0.5135416666666667 0.3175925925925926 0.5161458333333333 0.3212962962962963 0.5145833333333333 0.3296296296296296 0.515625 0.3574074074074074 0.5119791666666667 0.36574074074074076 0.50625 0.3675925925925926 0.4942708333333333 0.3675925925925926 0.4869791666666667 0.36203703703703705 0.48541666666666666 0.3527777777777778 0.4859375 0.33055555555555555 0.48385416666666664 0.32037037037037036 0.4869791666666667 0.3138888888888889 0.48854166666666665 0.28425925925925927 0.5072916666666667 0.28425925925925927
0 0.4739583333333333 0.8722222222222222 0.484375 0.8824074074074074 0.49114583333333334 0.8935185185185185 0.49375 0.9074074074074074 0.49270833333333336 0.9111111111111111 0.48489583333333336 0.9194444444444444 0.47708333333333336 0.9185185185185185 0.47239583333333335 0.9231481481481482 0.45677083333333335 0.9268518518518518 0.44583333333333336 0.9259259259259259 0.4421875 0.9222222222222223 0.4390625 0.9111111111111111 0.4390625 0.8935185185185185 0.44583333333333336 0.8851851851851852 0.453125 0.8861111111111111 0.4630208333333333 0.8740740740740741 0.4734375 0.8722222222222222
0 0.5830729166666667 0.4722222222222222 0.3651041666666667 0.39444444444444443
0 0.7109375 0.8629629629629629 0.7119791666666667 0.8712962962962963 0.7255208333333333 0.8935185185185185 0.7255208333333333 0.9055555555555556 0.7098958333333333 0.9009259259259259 0.7036458333333333 0.8935185185185185 0.6994791666666667 0.8833333333333333 0.7010416666666667 0.8657407407407407 0.7052083333333333 0.862037037037037 0.7104166666666667 0.8629629629629629
0 0.5515625 0.11481481481481481 0.55625 0.12314814814814815 0.5572916666666666 0.13240740740740742 0.5505208333333333 0.1527777777777778 0.5473958333333333 0.15555555555555556 0.5322916666666667 0.1527777777777778 0.5291666666666667 0.14722222222222223 0.5291666666666667 0.1398148148148148 0.5322916666666667 0.12777777777777777 0.5369791666666667 0.11944444444444445 0.5421875 0.11481481481481481 0.5510416666666667 0.11481481481481481
0 0.14270833333333333 0.7111111111111111 0.15052083333333333 0.7175925925925926 0.15052083333333333 0.7305555555555555 0.14427083333333332 0.7407407407407407 0.13854166666666667 0.7601851851851852 0.12864583333333332 0.7759259259259259 0.12395833333333334 0.7787037037037037 0.11927083333333334 0.7768518518518519 0.11302083333333333 0.7675925925925926 0.1125 0.7574074074074074 0.11927083333333334 0.7444444444444445 0.13697916666666668 0.7351851851851852 0.140625 0.7388888888888889 0.14166666666666666 0.7333333333333333 0.14010416666666667 0.7287037037037037 0.1265625 0.7231481481481481 0.125 0.7166666666666667 0.13020833333333334 0.7111111111111111 0.1421875 0.7111111111111111
0 0.634375 0.29907407407407405 0.640625 0.30185185185185187 0.6447916666666667 0.3101851851851852 0.6463541666666667 0.32314814814814813 0.6416666666666667 0.33240740740740743 0.6255208333333333 0.3287037037037037 0.6208333333333333 0.3175925925925926 0.6223958333333334 0.3055555555555556 0.6338541666666667 0.29907407407407405
0 0.6083333333333333 0.06759259259259259 0.6114583333333333 0.07222222222222222 0.6088541666666667 0.08148148148148149 0.609375 0.08796296296296297 0.6057291666666667 0.08703703703703704 0.6036458333333333 0.08981481481481482 0.596875 0.08796296296296297 0.5963541666666666 0.07407407407407407 0.6005208333333333 0.06666666666666667 0.6078125 0.06759259259259259
0 0.33541666666666664 0.38981481481481484 0.3484375 0.39351851851851855 0.35572916666666665 0.4009259259259259 0.359375 0.4546296296296296 0.35260416666666666 0.48333333333333334 0.346875 0.49166666666666664 0.34270833333333334 0.5083333333333333 0.33541666666666664 0.5194444444444445 0.33125 0.5333333333333333 0.3223958333333333 0.5407407407407407 0.3046875 0.5388888888888889 0.2994791666666667 0.5342592592592592 0.29583333333333334 0.5268518518518519 0.29583333333333334 0.49722222222222223 0.30364583333333334 0.43796296296296294 0.32447916666666665 0.3972222222222222 0.32864583333333336 0.39166666666666666 0.33489583333333334 0.38981481481481484
0 0.465625 0.06111111111111111 0.46822916666666664 0.06944444444444445 0.4671875 0.08148148148148149 0.4640625 0.08796296296296297 0.45416666666666666 0.08703703703703704 0.45208333333333334 0.07777777777777778 0.45260416666666664 0.06759259259259259 0.45989583333333334 0.06111111111111111 0.46510416666666665 0.06111111111111111
0 0.7401041666666667 0.43333333333333335 0.7510416666666667 0.4398148148148148 0.7729166666666667 0.46111111111111114 0.7760416666666666 0.4759259259259259 0.7776041666666667 0.5037037037037037 0.7734375 0.5138888888888888 0.7697916666666667 0.5166666666666667 0.7473958333333334 0.5120370370370371 0.7401041666666667 0.5046296296296297 0.7338541666666667 0.4462962962962963 0.734375 0.4351851851851852 0.7395833333333334 0.43333333333333335
1 0.321875 0.8361111111111111 0.33177083333333335 0.8425925925925926 0.334375 0.8518518518518519 0.33645833333333336 0.8722222222222222 0.3302083333333333 0.8842592592592593 0.32760416666666664 0.8833333333333333 0.3171875 0.8574074074074074 0.31666666666666665 0.8407407407407408 0.32135416666666666 0.8361111111111111
1 0.49635416666666665 0.9157407407407407 0.5046875 0.9305555555555556 0.5046875 0.9490740740740741 0.5067708333333333 0.9564814814814815 0.5046875 0.9629629629629629 0.5015625 0.9638888888888889 0.49270833333333336 0.9518518518518518 0.49114583333333334 0.9425925925925925 0.49114583333333334 0.9185185185185185 0.49270833333333336 0.9148148148148149 0.49583333333333335 0.9157407407407407
1 0.16458333333333333 0.262037037037037 0.16927083333333334 0.262037037037037 0.17604166666666668 0.29259259259259257 0.17083333333333334 0.2953703703703704 0.16510416666666666 0.27870370370370373 0.16458333333333333 0.26296296296296295
1 0.5953125 0.19814814814814816 0.5973958333333333 0.20277777777777778 0.5953125 0.22685185185185186 0.5916666666666667 0.22685185185185186 0.5895833333333333 0.2064814814814815 0.5911458333333334 0.19814814814814816 0.5947916666666667 0.19814814814814816
1 0.675 0.44351851851851853 0.6713541666666667 0.4324074074074074 0.6734375 0.4074074074074074 0.6776041666666667 0.3972222222222222 0.6802083333333333 0.3990740740740741 0.6822916666666666 0.4064814814814815 0.6822916666666666 0.4148148148148148 0.6765625 0.4287037037037037 0.675 0.4425925925925926
1 0.159375 0.24814814814814815 0.16458333333333333 0.2611111111111111 0.165625 0.2796296296296296 0.16197916666666667 0.2824074074074074 0.1546875 0.25925925925925924 0.15520833333333334 0.25092592592592594 0.15885416666666666 0.24814814814814815
1 0.6973958333333333 0.5462962962962963 0.6994791666666667 0.5407407407407407 0.703125 0.5101851851851852 0.7072916666666667 0.49444444444444446 0.7109375 0.4925925925925926 0.7140625 0.5055555555555555 0.7140625 0.5222222222222223 0.7078125 0.5305555555555556 0.7046875 0.5472222222222223 0.6979166666666666 0.5472222222222223
1 0.6020833333333333 0.2953703703703704 0.6046875 0.30277777777777776 0.6020833333333333 0.33796296296296297 0.5989583333333334 0.33796296296296297 0.5973958333333333 0.31296296296296294 0.5989583333333334 0.2972222222222222 0.6015625 0.2953703703703704
1 0.7307291666666667 0.6037037037037037 0.7302083333333333 0.5944444444444444 0.7338541666666667 0.5824074074074074 0.734375 0.5722222222222222 0.7375 0.562962962962963 0.7442708333333333 0.5555555555555556 0.7479166666666667 0.5555555555555556 0.7484375 0.5592592592592592 0.7442708333333333 0.5842592592592593 0.7411458333333333 0.5916666666666667 0.7364583333333333 0.5944444444444444 0.7338541666666667 0.6027777777777777 0.73125 0.6037037037037037
1 0.2515625 0.24166666666666667 0.246875 0.22407407407407406 0.24739583333333334 0.21388888888888888 0.25104166666666666 0.20925925925925926 0.2557291666666667 0.2351851851851852 0.2552083333333333 0.23981481481481481 0.2520833333333333 0.24166666666666667
1 0.03958333333333333 0.3277777777777778 0.04635416666666667 0.33425925925925926 0.05364583333333333 0.3592592592592593 0.04635416666666667 0.3611111111111111 0.03802083333333333 0.34814814814814815 0.036458333333333336 0.33425925925925926 0.0390625 0.3287037037037037
1 0.3109375 0.13425925925925927 0.3140625 0.1398148148148148 0.315625 0.14907407407407408 0.3140625 0.15925925925925927 0.31197916666666664 0.15833333333333333 0.30885416666666665 0.14444444444444443 0.3104166666666667 0.13425925925925927
1 0.3489583333333333 0.8074074074074075 0.35885416666666664 0.8203703703703704 0.35885416666666664 0.8351851851851851 0.3614583333333333 0.8472222222222222 0.35885416666666664 0.8555555555555555 0.35260416666666666 0.8601851851851852 0.35 0.8574074074074074 0.3453125 0.8361111111111111 0.34375 0.8138888888888889 0.3453125 0.8064814814814815 0.3484375 0.8074074074074075
1 0.728125 0.4935185185185185 0.7296875 0.49537037037037035 0.7286458333333333 0.5259259259259259 0.7234375 0.5416666666666666 0.7166666666666667 0.5398148148148149 0.7166666666666667 0.5277777777777778 0.7203125 0.5074074074074074 0.725 0.49444444444444446 0.7276041666666667 0.4935185185185185
1 0.057291666666666664 0.36574074074074076 0.058854166666666666 0.37777777777777777 0.06302083333333333 0.3888888888888889 0.06302083333333333 0.39351851851851855 0.058333333333333334 0.3972222222222222 0.0546875 0.39537037037037037 0.051041666666666666 0.37962962962962965 0.04635416666666667 0.36944444444444446 0.04895833333333333 0.36018518518518516 0.05364583333333333 0.36018518518518516 0.05677083333333333 0.36574074074074076
1 0.2140625 0.2351851851851852 0.21666666666666667 0.2388888888888889 0.22239583333333332 0.2611111111111111 0.2234375 0.26851851851851855 0.22083333333333333 0.27314814814814814 0.21666666666666667 0.27314814814814814 0.21302083333333333 0.25925925925925924 0.21145833333333333 0.23796296296296296 0.21354166666666666 0.2351851851851852
1 0.984375 0.6398148148148148 0.9885416666666667 0.6453703703703704 0.9890625 0.6546296296296297 0.9875 0.6601851851851852 0.98125 0.6675925925925926 0.9697916666666667 0.6657407407407407 0.9703125 0.6481481481481481 0.9734375 0.6435185185185185 0.9838541666666667 0.6398148148148148
1 0.8140625 0.4888888888888889 0.8239583333333333 0.49444444444444446 0.8177083333333334 0.5148148148148148 0.8140625 0.5148148148148148 0.8119791666666667 0.5092592592592593 0.8140625 0.4898148148148148
1 0.5421875 0.9527777777777777 0.55 0.9601851851851851 0.5520833333333334 0.9787037037037037 0.5463541666666667 0.9861111111111112 0.5473958333333333 0.9907407407407407 0.5458333333333333 0.9953703703703703 0.5401041666666667 0.9990740740740741 0.5260416666666666 0.9990740740740741 0.5255208333333333 0.9935185185185185 0.534375 0.9777777777777777 0.5317708333333333 0.9638888888888889 0.5354166666666667 0.9537037037037037 0.5416666666666666 0.9527777777777777
1 0.278125 0.8194444444444444 0.2859375 0.825 0.2875 0.8407407407407408 0.290625 0.8472222222222222 0.284375 0.8555555555555555 0.28489583333333335 0.8740740740740741 0.2828125 0.8787037037037037 0.278125 0.8546296296296296 0.271875 0.8407407407407408 0.27239583333333334 0.8194444444444444 0.27760416666666665 0.8194444444444444
1 0.19583333333333333 0.28425925925925927 0.190625 0.28055555555555556 0.18854166666666666 0.28888888888888886 0.18541666666666667 0.29074074074074074 0.1859375 0.24814814814814815 0.18958333333333333 0.24537037037037038 0.19375 0.2490740740740741 0.19479166666666667 0.2574074074074074 0.19270833333333334 0.26944444444444443 0.19635416666666666 0.2833333333333333
1 0.265625 0.4083333333333333 0.2755208333333333 0.44907407407407407 0.27239583333333334 0.45092592592592595 0.26875 0.44166666666666665 0.26510416666666664 0.4537037037037037 0.2630208333333333 0.45 0.26145833333333335 0.425 0.26197916666666665 0.40925925925925927 0.26510416666666664 0.4083333333333333
1 0.6213541666666667 0.9805555555555555 0.6255208333333333 0.9731481481481481 0.6302083333333334 0.9722222222222222 0.6364583333333333 0.9916666666666667 0.6364583333333333 0.9990740740740741 0.6197916666666666 0.9990740740740741 0.6197916666666666 0.9842592592592593 0.6213541666666667 0.9814814814814815
1 0.521875 0.2777777777777778 0.5244791666666667 0.28703703703703703 0.5239583333333333 0.30462962962962964 0.5255208333333333 0.3138888888888889 0.5239583333333333 0.31574074074074077 0.5182291666666666 0.3138888888888889 0.5171875 0.3074074074074074 0.5182291666666666 0.27870370370370373 0.5213541666666667 0.2777777777777778
1 0.29583333333333334 0.8064814814814815 0.30364583333333334 0.8194444444444444 0.30364583333333334 0.8398148148148148 0.29322916666666665 0.8342592592592593 0.2911458333333333 0.8296296296296296 0.28854166666666664 0.8101851851851852 0.2953125 0.8064814814814815
1 0.6020833333333333 0.2574074074074074 0.6046875 0.2740740740740741 0.6 0.2935185185185185 0.596875 0.2861111111111111 0.5963541666666666 0.2722222222222222 0.6015625 0.2574074074074074
1 0.2557291666666667 0.20555555555555555 0.2604166666666667 0.21481481481481482 0.2604166666666667 0.2361111111111111 0.25885416666666666 0.2388888888888889 0.25625 0.23796296296296296 0.25052083333333336 0.21666666666666667 0.2552083333333333 0.20555555555555555
1 0.14427083333333332 0.2814814814814815 0.14739583333333334 0.2833333333333333 0.15208333333333332 0.2953703703703704 0.15520833333333334 0.31666666666666665 0.1515625 0.32407407407407407 0.1484375 0.32222222222222224 0.14270833333333333 0.3074074074074074 0.14114583333333333 0.28703703703703703 0.14375 0.2814814814814815
1 0.5927083333333333 0.38055555555555554 0.5963541666666666 0.39351851851851855 0.59375 0.4148148148148148 0.5916666666666667 0.4222222222222222 0.5895833333333333 0.42314814814814816 0.5875 0.4212962962962963 0.5854166666666667 0.4046296296296296 0.5890625 0.38333333333333336 0.5921875 0.38055555555555554
1 0.6135416666666667 0.2611111111111111 0.6151041666666667 0.2638888888888889 0.6145833333333334 0.2861111111111111 0.6135416666666667 0.2935185185185185 0.6109375 0.2972222222222222 0.6072916666666667 0.2962962962962963 0.6067708333333334 0.2777777777777778 0.6083333333333333 0.26851851851851855 0.6130208333333333 0.2611111111111111
1 0.6473958333333333 0.40555555555555556 0.6473958333333333 0.37962962962962965 0.65 0.36666666666666664 0.6546875 0.3638888888888889 0.6567708333333333 0.36944444444444446 0.6567708333333333 0.3787037037037037 0.6505208333333333 0.4027777777777778 0.6479166666666667 0.4046296296296296
1 0.48125 0.9203703703703704 0.4901041666666667 0.9361111111111111 0.49114583333333334 0.9703703703703703 0.4869791666666667 0.9703703703703703 0.48385416666666664 0.9638888888888889 0.4739583333333333 0.9768518518518519 0.4713541666666667 0.9722222222222222 0.4765625 0.9601851851851851 0.47760416666666666 0.9277777777777778 0.48072916666666665 0.9203703703703704
1 0.6369791666666667 0.36944444444444446 0.640625 0.3685185185185185 0.6427083333333333 0.387037037037037 0.6375 0.41574074074074074 0.6333333333333333 0.41759259259259257 0.634375 0.4 0.6322916666666667 0.387037037037037 0.6369791666666667 0.37037037037037035
1 0.5932291666666667 0.25925925925925924 0.5927083333333333 0.22685185185185186 0.5979166666666667 0.22037037037037038 0.6005208333333333 0.2361111111111111 0.5973958333333333 0.25833333333333336 0.59375 0.25925925925925924
1 0.6453125 0.3296296296296296 0.6489583333333333 0.33611111111111114 0.6494791666666667 0.34814814814814815 0.64375 0.37222222222222223 0.6390625 0.37037037037037035 0.6395833333333333 0.3425925925925926 0.6416666666666667 0.3333333333333333 0.6447916666666667 0.3296296296296296
1 0.29322916666666665 0.8314814814814815 0.3026041666666667 0.8361111111111111 0.30833333333333335 0.8518518518518519 0.30885416666666665 0.862037037037037 0.3067708333333333 0.8768518518518519 0.3026041666666667 0.8787037037037037 0.303125 0.8675925925925926 0.29270833333333335 0.8490740740740741 0.290625 0.8388888888888889 0.29270833333333335 0.8324074074074074