0 0.7161458333333334 0.6435185185185185 0.73125 0.6472222222222223 0.7697916666666667 0.6666666666666666 0.7791666666666667 0.6666666666666666 0.7890625 0.6824074074074075 0.8041666666666667 0.6907407407407408 0.8151041666666666 0.7055555555555556 0.8203125 0.725925925925926 0.8203125 0.7648148148148148 0.8177083333333334 0.7768518518518519 0.8036458333333333 0.7861111111111111 0.7911458333333333 0.7870370370370371 0.78125 0.7824074074074074 0.7744791666666667 0.7703703703703704 0.759375 0.7583333333333333 0.7286458333333333 0.7425925925925926 0.7109375 0.7444444444444445 0.7010416666666667 0.7333333333333333 0.6953125 0.7101851851851851 0.6963541666666667 0.674074074074074 0.7052083333333333 0.6462962962962963 0.715625 0.6435185185185185
0 0.39895833333333336 0.600925925925926 0.4078125 0.6138888888888889 0.4140625 0.6407407407407407 0.4140625 0.6657407407407407 0.4088541666666667 0.6805555555555556 0.4041666666666667 0.6888888888888889 0.39739583333333334 0.6944444444444444 0.3859375 0.6907407407407408 0.3489583333333333 0.7138888888888889 0.3411458333333333 0.7203703703703703 0.33541666666666664 0.7314814814814815 0.328125 0.7379629629629629 0.30625 0.7342592592592593 0.3026041666666667 0.7287037037037037 0.29583333333333334 0.7055555555555556 0.29322916666666665 0.687037037037037 0.29322916666666665 0.6703703703703704 0.29583333333333334 0.6564814814814814 0.3067708333333333 0.6425925925925926 0.3625 0.6074074074074074 0.3723958333333333 0.6064814814814815 0.390625 0.5972222222222222 0.3984375 0.600925925925926
0 0.24895833333333334 0.7351851851851852 0.2546875 0.7416666666666667 0.2625 0.7574074074074074 0.26875 0.7796296296296297 0.265625 0.7953703703703704 0.2609375 0.8027777777777778 0.25677083333333334 0.8166666666666667 0.24791666666666667 0.8268518518518518 0.2390625 0.8314814814814815 0.19895833333333332 0.8861111111111111 0.18645833333333334 0.9111111111111111 0.18072916666666666 0.9157407407407407 0.17552083333333332 0.9157407407407407 0.1671875 0.9231481481481482 0.15729166666666666 0.9222222222222223 0.14322916666666666 0.9037037037037037 0.13385416666666666 0.8703703703703703 0.13385416666666666 0.8592592592592593 0.1359375 0.8527777777777777 0.15416666666666667 0.8203703703703704 0.19583333333333333 0.7685185185185185 0.21927083333333333 0.7490740740740741 0.23072916666666668 0.7361111111111112 0.23645833333333333 0.7333333333333333 0.2484375 0.7351851851851852
0 0.7479166666666667 0.22314814814814815 0.759375 0.23333333333333334 0.7807291666666667 0.2611111111111111 0.7828125 0.26944444444444443 0.7828125 0.2935185185185185 0.7802083333333333 0.3037037037037037 0.775 0.3101851851851852 0.7682291666666666 0.3111111111111111 0.7515625 0.3055555555555556 0.7442708333333333 0.2962962962962963 0.74375 0.2324074074074074 0.7473958333333334 0.22407407407407406
1 0.40677083333333336 0.6972222222222222 0.41302083333333334 0.7018518518518518 0.4161458333333333 0.7138888888888889 0.41458333333333336 0.7472222222222222 0.4125 0.75 0.40989583333333335 0.7490740740740741 0.4046875 0.737037037037037 0.4041666666666667 0.7194444444444444 0.4010416666666667 0.7 0.40625 0.6972222222222222
1 0.5197916666666667 0.26481481481481484 0.5260416666666666 0.275 0.5255208333333333 0.3 0.5270833333333333 0.3111111111111111 0.5255208333333333 0.3138888888888889 0.5223958333333333 0.30648148148148147 0.51875 0.31851851851851853 0.515625 0.31851851851851853 0.5166666666666667 0.2972222222222222 0.5151041666666667 0.27685185185185185 0.5192708333333333 0.26481481481481484
1 0.07447916666666667 0.1111111111111111 0.07916666666666666 0.12222222222222222 0.07864583333333333 0.15185185185185185 0.07604166666666666 0.15648148148148147 0.07395833333333333 0.15555555555555556 0.071875 0.14074074074074075 0.06510416666666667 0.12037037037037036 0.0671875 0.11203703703703703 0.07395833333333333 0.1111111111111111
1 0.5385416666666667 0.18055555555555555 0.5421875 0.18888888888888888 0.5369791666666667 0.22685185185185186 0.534375 0.22407407407407406 0.53125 0.19537037037037036 0.5322916666666667 0.18055555555555555 0.5380208333333333 0.18055555555555555
1 0.5515625 0.17592592592592593 0.5536458333333333 0.17685185185185184 0.5552083333333333 0.18703703703703703 0.5505208333333333 0.22407407407407406 0.5463541666666667 0.22314814814814815 0.5447916666666667 0.18425925925925926 0.546875 0.17777777777777778 0.5510416666666667 0.17592592592592593
1 0.03802083333333333 0.1361111111111111 0.043229166666666666 0.14351851851851852 0.04635416666666667 0.15648148148148147 0.0484375 0.1675925925925926 0.046875 0.17407407407407408 0.030208333333333334 0.14722222222222223 0.0296875 0.14166666666666666 0.0328125 0.13148148148148148 0.0375 0.1361111111111111
1 0.8473958333333333 0.1412037037037037 0.016666666666666666 0.04722222222222222
1 0.7520833333333333 0.037037037037037035 0.753125 0.04537037037037037 0.7515625 0.06296296296296296 0.7442708333333333 0.08333333333333333 0.7411458333333333 0.08148148148148149 0.74375 0.05462962962962963 0.7479166666666667 0.03981481481481482 0.7515625 0.037037037037037035
1 0.8109375 0.9268518518518518 0.8145833333333333 0.9342592592592592 0.8140625 0.9490740740740741 0.8057291666666667 0.9629629629629629 0.803125 0.9768518518518519 0.7994791666666666 0.975925925925926 0.7989583333333333 0.9629629629629629 0.7932291666666667 0.9518518518518518 0.7822916666666667 0.9537037037037037 0.7791666666666667 0.9518518518518518 0.7755208333333333 0.9416666666666667 0.7885416666666667 0.9407407407407408 0.8104166666666667 0.9268518518518518
1 0.15520833333333334 0 0.16458333333333333 0 0.16666666666666666 0.020370370370370372 0.16614583333333333 0.026851851851851852 0.1625 0.026851851851851852 0.15520833333333334 0.000925925925925926
1 0.6369791666666667 0.12129629629629629 0.6333333333333333 0.11388888888888889 0.6322916666666667 0.09074074074074075 0.6380208333333334 0.0787037037037037 0.640625 0.0787037037037037 0.64375 0.08888888888888889 0.6369791666666667 0.12037037037037036
1 0.024479166666666666 0.19074074074074074 0.0359375 0.21296296296296297 0.04375 0.22037037037037038 0.043229166666666666 0.22314814814814815 0.0375 0.22592592592592592 0.0359375 0.23333333333333334 0.0328125 0.23333333333333334 0.03177083333333333 0.22685185185185186 0.023958333333333335 0.21574074074074073 0.022395833333333334 0.2 0.018229166666666668 0.19166666666666668 0.023958333333333335 0.19074074074074074
1 0.16458333333333333 0 0.175 0 0.1796875 0.028703703703703703 0.1765625 0.03333333333333333 0.17239583333333333 0.030555555555555555 0.16458333333333333 0.000925925925925926
1 0.8104166666666667 0.3638888888888889 0.8119791666666667 0.37592592592592594 0.8104166666666667 0.3888888888888889 0.8046875 0.4074074074074074 0.7973958333333333 0.4203703703703704 0.79375 0.4185185185185185 0.790625 0.4111111111111111 0.7958333333333333 0.37962962962962965 0.8057291666666667 0.3638888888888889 0.8098958333333334 0.3638888888888889
1 0.3671875 0.05277777777777778 0.3697916666666667 0.05462962962962963 0.3729166666666667 0.06388888888888888 0.3729166666666667 0.09444444444444444 0.3697916666666667 0.09166666666666666 0.365625 0.07407407407407407 0.3651041666666667 0.05648148148148148 0.36666666666666664 0.05277777777777778
1 0 0.2611111111111111 0.0109375 0.275 0.009895833333333333 0.2796296296296296 0.007291666666666667 0.28055555555555556 0 0.2740740740740741 0 0.262037037037037
1 0.1546875 0.022222222222222223 0.16354166666666667 0.03518518518518519 0.1625 0.046296296296296294 0.16770833333333332 0.062037037037037036 0.16614583333333333 0.06759259259259259 0.16354166666666667 0.06666666666666667 0.153125 0.037037037037037035 0.15260416666666668 0.025 0.15416666666666667 0.022222222222222223
1 0.07864583333333333 0.049074074074074076 0.08229166666666667 0.05555555555555555 0.08541666666666667 0.06944444444444445 0.09322916666666667 0.08148148148148149 0.0859375 0.08796296296296297 0.0828125 0.08611111111111111 0.06979166666666667 0.06018518518518518 0.07083333333333333 0.05277777777777778 0.078125 0.049074074074074076
1 0.9776041666666667 0.5259259259259259 0.9802083333333333 0.5287037037037037 0.9776041666666667 0.5481481481481482 0.9729166666666667 0.5546296296296296 0.9583333333333334 0.5648148148148148 0.9510416666666667 0.562962962962963 0.9494791666666667 0.5592592592592592 0.9682291666666667 0.5314814814814814 0.9770833333333333 0.5259259259259259
1 0.115625 0.04351851851851852 0.12239583333333333 0.053703703703703705 0.121875 0.06296296296296296 0.11666666666666667 0.06851851851851852 0.10885416666666667 0.053703703703703705 0.1125 0.04351851851851852 0.11510416666666666 0.04351851851851852
1 0.5119791666666667 0.9407407407407408 0.515625 0.9435185185185185 0.5244791666666667 0.9425925925925925 0.5276041666666667 0.9574074074074074 0.5244791666666667 0.9666666666666667 0.515625 0.975925925925926 0.5104166666666666 0.9861111111111112 0.5057291666666667 0.9833333333333333 0.5052083333333334 0.9712962962962963 0.5015625 0.9592592592592593 0.50625 0.9518518518518518 0.5072916666666667 0.9435185185185185 0.5114583333333333 0.9407407407407408
1 0.20364583333333333 0.9435185185185185 0.22135416666666666 0.9666666666666667 0.22604166666666667 0.9851851851851852 0.225 0.9925925925925926 0.22135416666666666 0.9990740740740741 0.20885416666666667 0.9990740740740741 0.19895833333333332 0.9722222222222222 0.196875 0.9601851851851851 0.19114583333333332 0.9555555555555556 0.19270833333333334 0.9481481481481482 0.203125 0.9435185185185185
1 0.17552083333333332 0.03148148148148148 0.17864583333333334 0.03981481481481482 0.1796875 0.05462962962962963 0.18541666666666667 0.06481481481481481 0.18541666666666667 0.06944444444444445 0.18072916666666666 0.0712962962962963 0.17864583333333334 0.06388888888888888 0.178125 0.07407407407407407 0.17552083333333332 0.07685185185185185 0.1734375 0.075 0.17291666666666666 0.06296296296296296 0.16927083333333334 0.046296296296296294 0.1703125 0.03333333333333333 0.175 0.03148148148148148
1 0.290625 0.8851851851851852 0.2947916666666667 0.8898148148148148 0.29791666666666666 0.9027777777777778 0.30364583333333334 0.9074074074074074 0.3015625 0.9166666666666666 0.30520833333333336 0.925 0.30052083333333335 0.9314814814814815 0.29322916666666665 0.9185185185185185 0.2890625 0.9212962962962963 0.28958333333333336 0.925 0.2864583333333333 0.9314814814814815 0.2838541666666667 0.9314814814814815 0.275 0.9185185185185185 0.27395833333333336 0.9101851851851852 0.2765625 0.899074074074074 0.284375 0.8870370370370371 0.29010416666666666 0.8851851851851852
1 0.04791666666666667 0.14722222222222223 0.05520833333333333 0.1527777777777778 0.06041666666666667 0.1648148148148148 0.06145833333333333 0.17407407407407408 0.06666666666666667 0.18703703703703703 0.0640625 0.19166666666666668 0.06041666666666667 0.19074074074074074 0.05677083333333333 0.17962962962962964 0.0484375 0.16944444444444445 0.04375 0.15092592592592594 0.04479166666666667 0.14722222222222223 0.04739583333333333 0.14722222222222223
1 0.4401041666666667 0.2518518518518518 0.446875 0.26666666666666666 0.44635416666666666 0.2740740740740741 0.4427083333333333 0.2759259259259259 0.43125 0.26851851851851855 0.43645833333333334 0.2537037037037037 0.4395833333333333 0.2518518518518518
1 0.45625 0.25277777777777777 0.4630208333333333 0.27037037037037037 0.4630208333333333 0.2759259259259259 0.45989583333333334 0.2796296296296296 0.45364583333333336 0.27685185185185185 0.4510416666666667 0.26944444444444443 0.4505208333333333 0.2564814814814815 0.45260416666666664 0.2518518518518518 0.4557291666666667 0.25277777777777777
1 0.5291666666666667 0.06851851851851852 0.5328125 0.07962962962962963 0.5328125 0.09166666666666666 0.5270833333333333 0.09444444444444444 0.5234375 0.09259259259259259 0.5229166666666667 0.08425925925925926 0.5255208333333333 0.07222222222222222 0.5286458333333334 0.06944444444444445
1 0.26666666666666666 0.8009259259259259 0.278125 0.8157407407407408 0.27395833333333336 0.8231481481481482 0.2703125 0.8388888888888889 0.26197916666666665 0.8305555555555556 0.25833333333333336 0.8157407407407408 0.26145833333333335 0.8027777777777778 0.26614583333333336 0.8009259259259259
1 0.496875 0.18888888888888888 0.5 0.18888888888888888 0.50625 0.2 0.5046875 0.22777777777777777 0.4979166666666667 0.2388888888888889 0.4973958333333333 0.22037037037037038 0.49375 0.20277777777777778 0.496875 0.18981481481481483
1 0.09322916666666667 0.09907407407407408 0.09479166666666666 0.08703703703703704 0.0984375 0.08148148148148149 0.10208333333333333 0.08333333333333333 0.10572916666666667 0.09074074074074075 0.10729166666666666 0.1037037037037037 0.1109375 0.11388888888888889 0.10677083333333333 0.12129629629629629 0.10208333333333333 0.11944444444444445 0.09375 0.09907407407407408
1 0.0953125 0.10462962962962963 0.10572916666666667 0.12407407407407407 0.10729166666666666 0.1388888888888889 0.11197916666666667 0.15092592592592594 0.10572916666666667 0.15833333333333333 0.1015625 0.1574074074074074 0.1 0.1425925925925926 0.09479166666666666 0.1259259259259259 0.09375 0.11018518518518519 0.09010416666666667 0.10277777777777777 0.0921875 0.1 0.09479166666666666 0.10462962962962963
1 0.240625 0.8870370370370371 0.2453125 0.8972222222222223 0.2552083333333333 0.9037037037037037 0.2453125 0.9064814814814814 0.23958333333333334 0.9175925925925926 0.23541666666666666 0.9194444444444444 0.22552083333333334 0.9046296296296297 0.22447916666666667 0.8861111111111111 0.22604166666666667 0.8805555555555555 0.23489583333333333 0.875 0.24010416666666667 0.8870370370370371
1 0.6848958333333334 0.2935185185185185 0.6984375 0.23796296296296296 0.7020833333333333 0.23981481481481481 0.703125 0.26666666666666666 0.696875 0.2759259259259259 0.6921875 0.2953703703703704 0.6854166666666667 0.2935185185185185
1 0.828125 0.4962962962962963 0.8322916666666667 0.48148148148148145 0.8385416666666666 0.47314814814814815 0.8484375 0.4703703703703704 0.8489583333333334 0.48333333333333334 0.8484375 0.4898148148148148 0.8385416666666666 0.5027777777777778 0.8348958333333333 0.5157407407407407 0.8229166666666666 0.5138888888888888 0.8234375 0.5055555555555555 0.828125 0.49722222222222223
1 0.14375 0.09907407407407408 0.14375 0.10555555555555556 0.13645833333333332 0.0962962962962963 0.13489583333333333 0.10833333333333334 0.1328125 0.10833333333333334 0.13177083333333334 0.09537037037037037 0.12552083333333333 0.0712962962962963 0.12864583333333332 0.06481481481481481 0.13385416666666666 0.06759259259259259 0.1390625 0.08981481481481482 0.14322916666666666 0.09907407407407408
1 0.35885416666666664 0.7925925925925926 0.3619791666666667 0.7953703703703704 0.36614583333333334 0.7925925925925926 0.3703125 0.7962962962962963 0.3697916666666667 0.8138888888888889 0.36614583333333334 0.8268518518518518 0.36614583333333334 0.8435185185185186 0.36354166666666665 0.8472222222222222 0.35 0.8064814814814815 0.35208333333333336 0.7935185185185185 0.35833333333333334 0.7925925925925926
1 0.07760416666666667 0.11666666666666667 0.08385416666666666 0.11851851851851852 0.0890625 0.13425925925925927 0.09791666666666667 0.15 0.0953125 0.1527777777777778 0.09010416666666667 0.14722222222222223 0.08958333333333333 0.15833333333333333 0.08802083333333334 0.16018518518518518 0.07760416666666667 0.125 0.07760416666666667 0.1175925925925926
1 0.0140625 0.21481481481481482 0.019791666666666666 0.21944444444444444 0.022395833333333334 0.23425925925925925 0.030208333333333334 0.24722222222222223 0.026041666666666668 0.25277777777777777 0.024479166666666666 0.2601851851851852 0.022395833333333334 0.2601851851851852 0.021875 0.25277777777777777 0.015625 0.23703703703703705 0.0078125 0.22962962962962963 0.007291666666666667 0.21388888888888888 0.013541666666666667 0.21481481481481482
1 0.9572916666666667 0.49907407407407406 0.9614583333333333 0.5037037037037037 0.9625 0.5203703703703704 0.9463541666666667 0.5453703703703704 0.9375 0.5388888888888889 0.9354166666666667 0.5314814814814814 0.9411458333333333 0.5222222222222223 0.9401041666666666 0.5157407407407407 0.9427083333333334 0.5101851851851852 0.9567708333333333 0.49907407407407406
1 0.5567708333333333 0.18518518518518517 0.5619791666666667 0.2 0.5609375 0.22407407407407406 0.5578125 0.2351851851851852 0.5536458333333333 0.2351851851851852 0.5526041666666667 0.2074074074074074 0.55625 0.18611111111111112
1 0.18333333333333332 0.9638888888888889 0.20052083333333334 0.9777777777777777 0.20208333333333334 0.9879629629629629 0.2 0.9953703703703703 0.19635416666666666 0.9990740740740741 0.18177083333333333 0.9861111111111112 0.17447916666666666 0.975925925925926 0.17447916666666666 0.9666666666666667 0.1828125 0.9638888888888889
1 0.8453125 0.1648148148148148 0.8473958333333333 0.17777777777777778 0.8348958333333333 0.20925925925925926 0.8354166666666667 0.18333333333333332 0.8421875 0.16574074074074074 0.8447916666666667 0.1648148148148148
1 0.540625 0.27037037037037037 0.5447916666666667 0.2824074074074074 0.5447916666666667 0.29074074074074074 0.5427083333333333 0.29907407407407405 0.5421875 0.3148148148148148 0.5395833333333333 0.3212962962962963 0.5359375 0.3175925925925926 0.5338541666666666 0.28888888888888886 0.5375 0.2722222222222222 0.5401041666666667 0.27037037037037037
1 0.796875 0.8194444444444444 0.8005208333333333 0.8222222222222222 0.8036458333333333 0.8314814814814815 0.8015625 0.8398148148148148 0.8010416666666667 0.8574074074074074 0.7932291666666667 0.8703703703703703 0.7890625 0.8694444444444445 0.7854166666666667 0.8583333333333333 0.7890625 0.8490740740740741 0.7869791666666667 0.8398148148148148 0.7885416666666667 0.8277777777777777 0.7963541666666667 0.8194444444444444
1 0.5265625 0.16944444444444445 0.5302083333333333 0.17962962962962964 0.5307291666666667 0.19074074074074074 0.5276041666666667 0.19907407407407407 0.5265625 0.2175925925925926 0.5244791666666667 0.22314814814814815 0.521875 0.2212962962962963 0.521875 0.20833333333333334 0.5177083333333333 0.18518518518518517 0.5260416666666666 0.16944444444444445
1 0.6541666666666667 0.8444444444444444 0.6416666666666667 0.8277777777777777 0.6333333333333333 0.8314814814814815 0.6322916666666667 0.8240740740740741 0.65 0.7962962962962963 0.6546875 0.7962962962962963 0.65625 0.8046296296296296 0.6557291666666667 0.8296296296296296 0.6578125 0.8351851851851851 0.6578125 0.8416666666666667 0.6546875 0.8435185185185186
1 0.17864583333333334 0 0.1875 0 0.1875 0.011111111111111112 0.1921875 0.028703703703703703 0.1921875 0.03333333333333333 0.1890625 0.032407407407407406 0.18020833333333333 0.012962962962962963 0.17864583333333334 0.000925925925925926
1 0.3255208333333333 0.8638888888888889 0.3385416666666667 0.8805555555555555 0.34270833333333334 0.8962962962962963 0.3421875 0.9009259259259259 0.33697916666666666 0.9046296296296297 0.33125 0.9138888888888889 0.328125 0.9120370370370371 0.3223958333333333 0.8907407407407407 0.321875 0.8796296296296297 0.3182291666666667 0.8703703703703703 0.31927083333333334 0.8629629629629629 0.325 0.8638888888888889
1 0.6265625 0.04537037037037037 0.6291666666666667 0.05 0.6265625 0.09166666666666666 0.621875 0.09166666666666666 0.6182291666666667 0.06574074074074074 0.6208333333333333 0.05092592592592592 0.6260416666666667 0.046296296296296294
1 0.7989583333333333 0.13935185185185187 0.015625 0.04537037037037037
1 0.6296875 0.09444444444444444 0.6328125 0.10740740740740741 0.6276041666666666 0.1388888888888889 0.625 0.1398148148148148 0.6234375 0.1111111111111111 0.6255208333333333 0.09814814814814815 0.6291666666666667 0.09537037037037037
1 0.825 0.26851851851851855 0.8291666666666667 0.27685185185185185 0.8276041666666667 0.29444444444444445 0.8203125 0.29259259259259257 0.8171875 0.287962962962963 0.8182291666666667 0.2796296296296296 0.8244791666666667 0.26851851851851855