0 0.5838541666666667 0.7518518518518519 0.5958333333333333 0.7546296296296297 0.60625 0.7657407407407407 0.6078125 0.775 0.6078125 0.8046296296296296 0.6098958333333333 0.8157407407407408 0.6057291666666667 0.8222222222222222 0.5921875 0.8296296296296296 0.5734375 0.8324074074074074 0.553125 0.8305555555555556 0.5359375 0.8240740740740741 0.5338541666666666 0.8185185185185185 0.5354166666666667 0.7759259259259259 0.5390625 0.7518518518518519 0.54375 0.7472222222222222 0.5671875 0.7472222222222222 0.5833333333333334 0.7518518518518519
0 0.12708333333333333 0.4148148148148148 0.13802083333333334 0.4287037037037037 0.13802083333333334 0.43333333333333335 0.12447916666666667 0.45185185185185184 0.12083333333333333 0.46296296296296297 0.1140625 0.4675925925925926 0.11041666666666666 0.4740740740740741 0.1046875 0.4740740740740741 0.09635416666666667 0.4666666666666667 0.09322916666666667 0.45925925925925926 0.09427083333333333 0.4537037037037037 0.09791666666666667 0.44907407407407407 0.09895833333333333 0.41759259259259257 0.1015625 0.4148148148148148 0.1265625 0.4148148148148148
0 0.6921875 0 0.7197916666666667 0 0.728125 0.03148148148148148 0.7276041666666667 0.040740740740740744 0.7239583333333334 0.05092592592592592 0.7161458333333334 0.05462962962962963 0.7036458333333333 0.053703703703703705 0.7 0.04814814814814815 0.7015625 0.03981481481481482 0.7 0.022222222222222223 0.6979166666666666 0.024074074074074074 0.6958333333333333 0.03611111111111111 0.6895833333333333 0.025925925925925925 0.6890625 0.006481481481481481 0.6921875 0.000925925925925926
0 0.6177083333333333 0.45925925925925926 0.6416666666666667 0.48703703703703705 0.6494791666666667 0.5009259259259259 0.6489583333333333 0.5268518518518519 0.6442708333333333 0.5416666666666666 0.6458333333333334 0.5574074074074075 0.6421875 0.5638888888888889 0.6395833333333333 0.5638888888888889 0.6307291666666667 0.5537037037037037 0.6208333333333333 0.55 0.6026041666666667 0.5305555555555556 0.5921875 0.524074074074074 0.5880208333333333 0.512962962962963 0.5880208333333333 0.5046296296296297 0.5953125 0.475 0.6057291666666667 0.45925925925925926 0.6171875 0.45925925925925926
0 0.13385416666666666 0.2537037037037037 0.1453125 0.2722222222222222 0.14635416666666667 0.2824074074074074 0.14427083333333332 0.29259259259259257 0.140625 0.29814814814814816 0.13385416666666666 0.29814814814814816 0.12604166666666666 0.30648148148148147 0.10833333333333334 0.3333333333333333 0.10572916666666667 0.34444444444444444 0.09895833333333333 0.35 0.08177083333333333 0.3453703703703704 0.06927083333333334 0.33240740740740743 0.06302083333333333 0.3175925925925926 0.06197916666666667 0.2935185185185185 0.0796875 0.27037037037037037 0.09322916666666667 0.2574074074074074 0.109375 0.2574074074074074 0.11927083333333334 0.25 0.13333333333333333 0.2537037037037037
0 0.5828125 0.19722222222222222 0.5916666666666667 0.2037037037037037 0.6015625 0.22592592592592592 0.6015625 0.25462962962962965 0.5963541666666666 0.26944444444444443 0.5953125 0.2796296296296296 0.5932291666666667 0.2814814814814815 0.5854166666666667 0.2740740740740741 0.58125 0.2740740740740741 0.5776041666666667 0.2675925925925926 0.5692708333333333 0.2611111111111111 0.5614583333333333 0.24537037037037038 0.5614583333333333 0.22685185185185186 0.5645833333333333 0.20925925925925926 0.5723958333333333 0.19814814814814816 0.5822916666666667 0.19722222222222222
0 0.5567708333333333 0 0.5744791666666667 0 0.575 0.011111111111111112 0.571875 0.03518518518518519 0.5640625 0.04537037037037037 0.5567708333333333 0.032407407407407406 0.5567708333333333 0.000925925925925926
0 0.8567708333333334 0.487962962962963 0.8692708333333333 0.5 0.8755208333333333 0.49166666666666664 0.8802083333333334 0.4925925925925926 0.8833333333333333 0.5018518518518519 0.8833333333333333 0.5370370370370371 0.8802083333333334 0.5416666666666666 0.8645833333333334 0.5324074074074074 0.8598958333333333 0.524074074074074 0.8453125 0.5101851851851852 0.84375 0.5046296296296297 0.8453125 0.4842592592592593 0.8520833333333333 0.4824074074074074 0.85625 0.487962962962963
0 0.3723958333333333 0.36712962962962964 0.021875 0.06574074074074074
0 0.6713541666666667 0.19444444444444445 0.675 0.2 0.6796875 0.19722222222222222 0.6838541666666667 0.20185185185185187 0.6869791666666667 0.23148148148148148 0.6833333333333333 0.23796296296296296 0.6765625 0.23148148148148148 0.6682291666666667 0.23055555555555557 0.6677083333333333 0.22592592592592592 0.6604166666666667 0.21574074074074073 0.6588541666666666 0.20833333333333334 0.6598958333333333 0.19722222222222222 0.6645833333333333 0.19166666666666668 0.6677083333333333 0.1925925925925926 0.6682291666666667 0.1962962962962963 0.6708333333333333 0.19444444444444445
0 0.005208333333333333 0.3712962962962963 0.013541666666666667 0.38055555555555554 0.015625 0.3907407407407407 0.011979166666666667 0.3990740740740741 0.0015625 0.4101851851851852 0 0.4101851851851852 0 0.37222222222222223 0.0046875 0.3712962962962963
0 0.2869791666666667 0.4101851851851852 0.3411458333333333 0.4527777777777778 0.4161458333333333 0.5194444444444445 0.42552083333333335 0.5675925925925925 0.4234375 0.5953703703703703 0.39375 0.6657407407407407 0.39010416666666664 0.6657407407407407 0.3854166666666667 0.6583333333333333 0.3729166666666667 0.65 0.3567708333333333 0.6314814814814815 0.35208333333333336 0.6296296296296297 0.34479166666666666 0.6333333333333333 0.3385416666666667 0.6305555555555555 0.3234375 0.6092592592592593 0.27760416666666665 0.5675925925925925 0.2630208333333333 0.5481481481481482 0.25364583333333335 0.5425925925925926 0.23489583333333333 0.5166666666666667 0.22708333333333333 0.5185185185185185 0.22239583333333332 0.5037037037037037 0.22083333333333333 0.48518518518518516 0.22291666666666668 0.47129629629629627 0.2296875 0.4527777777777778 0.25052083333333336 0.4185185185185185 0.25833333333333336 0.4101851851851852 0.265625 0.40925925925925927 0.271875 0.41388888888888886 0.2864583333333333 0.4101851851851852
0 0.22604166666666667 0.36666666666666664 0.24791666666666667 0.3925925925925926 0.25104166666666666 0.4101851851851852 0.24895833333333334 0.41944444444444445 0.24166666666666667 0.43148148148148147 0.23072916666666668 0.4361111111111111 0.21875 0.45092592592592595 0.19583333333333333 0.46944444444444444 0.190625 0.48055555555555557 0.18958333333333333 0.5009259259259259 0.18489583333333334 0.5111111111111111 0.1796875 0.5157407407407407 0.165625 0.5111111111111111 0.1578125 0.5277777777777778 0.13958333333333334 0.5055555555555555 0.121875 0.4601851851851852 0.13125 0.4444444444444444 0.15 0.42407407407407405 0.153125 0.4185185185185185 0.15520833333333334 0.4009259259259259 0.16458333333333333 0.3861111111111111 0.17135416666666667 0.38333333333333336 0.17864583333333334 0.387037037037037 0.19375 0.37222222222222223 0.19947916666666668 0.37222222222222223 0.20729166666666668 0.37777777777777777 0.2171875 0.3675925925925926 0.22552083333333334 0.36666666666666664
0 0.4765625 0.45555555555555555 0.484375 0.4527777777777778 0.4947916666666667 0.4740740740740741 0.5 0.4935185185185185 0.4979166666666667 0.5092592592592593 0.4947916666666667 0.512962962962963 0.490625 0.5120370370370371 0.4630208333333333 0.4777777777777778 0.46197916666666666 0.46574074074074073 0.46458333333333335 0.45925925925925926 0.46927083333333336 0.45555555555555555 0.47604166666666664 0.45555555555555555
0 0.8911458333333333 0.6287037037037037 0.9223958333333333 0.6527777777777778 0.9578125 0.6851851851851852 0.96875 0.7083333333333334 0.9802083333333333 0.7185185185185186 0.9911458333333333 0.7361111111111112 0.9963541666666667 0.7555555555555555 0.9947916666666666 0.787962962962963 0.9890625 0.8009259259259259 0.9796875 0.8083333333333333 0.9572916666666667 0.8064814814814815 0.9494791666666667 0.8018518518518518 0.940625 0.7824074074074074 0.8932291666666666 0.7379629629629629 0.8901041666666667 0.7305555555555555 0.8890625 0.7157407407407408 0.884375 0.7074074074074074 0.8583333333333333 0.6787037037037037 0.8567708333333334 0.6712962962962963 0.859375 0.6574074074074074 0.8619791666666666 0.6481481481481481 0.86875 0.6361111111111111 0.8760416666666667 0.6277777777777778 0.890625 0.6287037037037037
0 0.878125 0.5425925925925926 0.9052083333333333 0.5592592592592592 0.9203125 0.5787037037037037 0.9203125 0.6111111111111112 0.9182291666666667 0.6212962962962963 0.9114583333333334 0.6287037037037037 0.8796875 0.625 0.8708333333333333 0.6194444444444445 0.8640625 0.6101851851851852 0.8515625 0.612037037037037 0.8473958333333333 0.6074074074074074 0.8432291666666667 0.5907407407407408 0.8453125 0.575 0.8583333333333333 0.5509259259259259 0.8671875 0.5416666666666666 0.8739583333333333 0.5398148148148149 0.8776041666666666 0.5425925925925926
0 0.018229166666666668 0.4981481481481482 0.03697916666666667 0.5083333333333333 0.044270833333333336 0.5203703703703704 0.0453125 0.5287037037037037 0.030729166666666665 0.5518518518518518 0.016145833333333335 0.5814814814814815 0.008333333333333333 0.575 0.004166666666666667 0.5768518518518518 0 0.5722222222222222 0 0.5064814814814815 0.014583333333333334 0.49722222222222223 0.017708333333333333 0.4981481481481482
0 0.23645833333333333 0.05185185185185185 0.2453125 0.05925925925925926 0.24739583333333334 0.07962962962962963 0.24427083333333333 0.08611111111111111 0.22291666666666668 0.10462962962962963 0.21458333333333332 0.11388888888888889 0.20677083333333332 0.12777777777777777 0.18958333333333333 0.13148148148148148 0.17760416666666667 0.12314814814814815 0.171875 0.11018518518518519 0.171875 0.10555555555555556 0.18125 0.08333333333333333 0.18854166666666666 0.07222222222222222 0.2 0.06111111111111111 0.21302083333333333 0.05925925925925926 0.225 0.05185185185185185 0.2359375 0.05185185185185185
0 0 0.2759259259259259 0.009375 0.2851851851851852 0.019270833333333334 0.2898148148148148 0.023958333333333335 0.29907407407407405 0.022916666666666665 0.30648148148148147 0.019791666666666666 0.31203703703703706 0.005208333333333333 0.3296296296296296 0 0.33240740740740743 0 0.27685185185185185
0 0.6364583333333333 0.8657407407407407 0.640625 0.8759259259259259 0.6442708333333333 0.8962962962962963 0.6421875 0.9120370370370371 0.6453125 0.9212962962962963 0.6427083333333333 0.9703703703703703 0.6380208333333334 0.9768518518518519 0.6338541666666667 0.9768518518518519 0.6296875 0.9703703703703703 0.6244791666666667 0.9166666666666666 0.61875 0.9018518518518519 0.625 0.8694444444444445 0.6291666666666667 0.8638888888888889 0.6359375 0.8657407407407407
0 0.065625 0.512962962962963 0.0875 0.525 0.0953125 0.5351851851851852 0.0984375 0.5351851851851852 0.09895833333333333 0.5398148148148149 0.09166666666666666 0.5574074074074075 0.08958333333333333 0.549074074074074 0.08541666666666667 0.5472222222222223 0.07083333333333333 0.5472222222222223 0.06666666666666667 0.5537037037037037 0.06666666666666667 0.5592592592592592 0.06979166666666667 0.5648148148148148 0.08333333333333333 0.5648148148148148 0.08697916666666666 0.5675925925925925 0.0890625 0.575 0.07604166666666666 0.600925925925926 0.0734375 0.6148148148148148 0.06822916666666666 0.6259259259259259 0.05520833333333333 0.6287037037037037 0.050520833333333334 0.6268518518518519 0.04375 0.6166666666666667 0.028125 0.6064814814814815 0.022916666666666665 0.5981481481481481 0.018229166666666668 0.5796296296296296 0.030729166666666665 0.5518518518518518 0.041666666666666664 0.5342592592592592 0.057291666666666664 0.5148148148148148 0.06510416666666667 0.512962962962963
0 0.13072916666666667 0.07037037037037037 0.1421875 0.07407407407407407 0.165625 0.07407407407407407 0.171875 0.07962962962962963 0.175 0.08796296296296297 0.17552083333333332 0.0962962962962963 0.16979166666666667 0.11018518518518519 0.15208333333333332 0.12407407407407407 0.14375 0.13703703703703704 0.1265625 0.13333333333333333 0.1203125 0.1259259259259259 0.11770833333333333 0.11851851851851852 0.11614583333333334 0.09444444444444444 0.12083333333333333 0.08425925925925926 0.12239583333333333 0.07407407407407407 0.13020833333333334 0.07037037037037037
0 0.5260416666666666 0 0.5447916666666667 0 0.5484375 0.018518518518518517 0.546875 0.05092592592592592 0.5380208333333333 0.08796296296296297 0.534375 0.08981481481481482 0.5140625 0.08518518518518518 0.5114583333333333 0.08055555555555556 0.5119791666666667 0.06018518518518518 0.5260416666666666 0.000925925925925926
0 0.7197916666666667 0.899074074074074 0.7270833333333333 0.9046296296296297 0.7296875 0.9111111111111111 0.7286458333333333 0.937962962962963 0.7244791666666667 0.9564814814814815 0.7270833333333333 0.9601851851851851 0.7348958333333333 0.9611111111111111 0.7359375 0.9694444444444444 0.7265625 0.9916666666666667 0.7151041666666667 0.9962962962962963 0.7088541666666667 0.9962962962962963 0.7057291666666666 0.9925925925925926 0.7078125 0.9814814814814815 0.7052083333333333 0.9675925925925926 0.7052083333333333 0.925 0.7119791666666667 0.9037037037037037 0.7161458333333334 0.8981481481481481 0.7192708333333333 0.899074074074074
0 0.5239583333333333 0.10277777777777777 0.5260416666666666 0.10462962962962963 0.5291666666666667 0.1175925925925926 0.53125 0.15185185185185185 0.5291666666666667 0.2064814814814815 0.5244791666666667 0.21388888888888888 0.50625 0.21388888888888888 0.5 0.2111111111111111 0.4973958333333333 0.20092592592592592 0.4979166666666667 0.17037037037037037 0.49635416666666665 0.1648148148148148 0.49895833333333334 0.15555555555555556 0.5010416666666667 0.1259259259259259 0.5067708333333333 0.10462962962962963 0.5104166666666666 0.10092592592592593 0.5234375 0.10277777777777777
0 0.12135416666666667 0.5101851851851852 0.1265625 0.5166666666666667 0.13541666666666666 0.5157407407407407 0.13802083333333334 0.5194444444444445 0.13854166666666667 0.525 0.1234375 0.562962962962963 0.1109375 0.5796296296296296 0.09947916666666666 0.5768518518518518 0.09739583333333333 0.5703703703703704 0.09739583333333333 0.5601851851851852 0.10208333333333333 0.5416666666666666 0.10572916666666667 0.5416666666666666 0.10885416666666667 0.5481481481481482 0.1125 0.5481481481481482 0.11666666666666667 0.5425925925925926 0.11666666666666667 0.5342592592592592 0.1078125 0.5166666666666667 0.1046875 0.5157407407407407 0.12083333333333333 0.5101851851851852
0 0.6255208333333333 0.13148148148148148 0.63125 0.1398148148148148 0.6364583333333333 0.1537037037037037 0.6369791666666667 0.17037037037037037 0.6338541666666667 0.19166666666666668 0.6276041666666666 0.20462962962962963 0.6088541666666667 0.19166666666666668 0.6020833333333333 0.1574074074074074 0.6057291666666667 0.1388888888888889 0.609375 0.13148148148148148 0.6145833333333334 0.1287037037037037 0.625 0.13148148148148148
0 0.7427083333333333 0.3537037037037037 0.7942708333333334 0.41944444444444445 0.7989583333333333 0.4287037037037037 0.8015625 0.4444444444444444 0.8078125 0.46111111111111114 0.8104166666666667 0.5120370370370371 0.8036458333333333 0.5333333333333333 0.7979166666666667 0.5435185185185185 0.790625 0.55 0.7755208333333333 0.5435185185185185 0.7645833333333333 0.5435185185185185 0.7578125 0.5333333333333333 0.7546875 0.5148148148148148 0.7458333333333333 0.5009259259259259 0.7380208333333333 0.49444444444444446 0.7286458333333333 0.48055555555555557 0.7177083333333333 0.47685185185185186 0.7140625 0.4685185185185185 0.7161458333333334 0.4527777777777778 0.7088541666666667 0.44166666666666665 0.7072916666666667 0.43425925925925923 0.7182291666666667 0.39351851851851855 0.7192708333333333 0.37962962962962965 0.7338541666666667 0.36018518518518516 0.7421875 0.3537037037037037
0 0.08072916666666667 0.7287037037037037 0.08333333333333333 0.7314814814814815 0.08802083333333334 0.7462962962962963 0.08802083333333334 0.7583333333333333 0.07604166666666666 0.7796296296296297 0.07083333333333333 0.7935185185185185 0.052083333333333336 0.8148148148148148 0.04375 0.8111111111111111 0.041666666666666664 0.8064814814814815 0.041666666666666664 0.7703703703703704 0.043229166666666666 0.7675925925925926 0.0484375 0.7675925925925926 0.05520833333333333 0.774074074074074 0.05572916666666667 0.7796296296296297 0.0609375 0.7870370370370371 0.06875 0.7620370370370371 0.06458333333333334 0.7444444444444445 0.07291666666666667 0.7296296296296296 0.08020833333333334 0.7287037037037037
0 0.7828125 0.1685185185185185 0.7901041666666667 0.17777777777777778 0.8005208333333333 0.21944444444444444 0.8 0.23055555555555557 0.8046875 0.25462962962962965 0.8036458333333333 0.26481481481481484 0.7963541666666667 0.2759259259259259 0.7817708333333333 0.2657407407407407 0.7651041666666667 0.24444444444444444 0.753125 0.2074074074074074 0.7557291666666667 0.1824074074074074 0.7609375 0.17037037037037037 0.7651041666666667 0.16666666666666666 0.7822916666666667 0.1685185185185185
0 0.8052083333333333 0.1175925925925926 0.8104166666666667 0.12037037037037036 0.8104166666666667 0.13148148148148148 0.8072916666666666 0.1574074074074074 0.8041666666666667 0.16296296296296298 0.7994791666666666 0.16296296296296298 0.7942708333333334 0.14814814814814814 0.7927083333333333 0.1425925925925926 0.7927083333333333 0.125 0.7973958333333333 0.11481481481481481 0.8046875 0.1175925925925926
0 0.9494791666666667 0.9083333333333333 0.95625 0.9361111111111111 0.95625 0.9490740740740741 0.953125 0.9537037037037037 0.928125 0.9527777777777777 0.925 0.9564814814814815 0.9140625 0.9555555555555556 0.8973958333333333 0.9342592592592592 0.896875 0.9231481481481482 0.8984375 0.9185185185185185 0.9020833333333333 0.9138888888888889 0.9109375 0.9111111111111111 0.9489583333333333 0.9092592592592592
0 0.64375 0.38981481481481484 0.6578125 0.4111111111111111 0.6723958333333333 0.4398148148148148 0.6765625 0.45740740740740743 0.6854166666666667 0.47962962962962963 0.6854166666666667 0.4935185185185185 0.68125 0.5009259259259259 0.6791666666666667 0.5101851851851852 0.6640625 0.5222222222222223 0.6578125 0.5222222222222223 0.6541666666666667 0.5185185185185185 0.6526041666666667 0.5120370370370371 0.6536458333333334 0.5046296296296297 0.6130208333333333 0.4462962962962963 0.6088541666666667 0.4287037037037037 0.6088541666666667 0.41759259259259257 0.6130208333333333 0.4046296296296296 0.6286458333333333 0.38981481481481484 0.6359375 0.387037037037037 0.6432291666666666 0.38981481481481484
0 0.4234375 0.006481481481481481 0.44427083333333334 0.017592592592592594 0.44635416666666666 0.021296296296296296 0.44635416666666666 0.03796296296296296 0.4505208333333333 0.07685185185185185 0.44947916666666665 0.08981481481481482 0.4427083333333333 0.10833333333333334 0.43125 0.12962962962962962 0.42864583333333334 0.14166666666666666 0.4197916666666667 0.1527777777777778 0.4036458333333333 0.1814814814814815 0.39739583333333334 0.19814814814814816 0.390625 0.2074074074074074 0.3848958333333333 0.22314814814814815 0.37552083333333336 0.2388888888888889 0.371875 0.25 0.3458333333333333 0.29074074074074074 0.334375 0.28888888888888886 0.30833333333333335 0.2722222222222222 0.30572916666666666 0.26666666666666666 0.296875 0.2222222222222222 0.29322916666666665 0.2175925925925926 0.28958333333333336 0.23425925925925925 0.2869791666666667 0.21296296296296297 0.2984375 0.18703703703703703 0.30885416666666665 0.1712962962962963 0.315625 0.14722222222222223 0.3375 0.1111111111111111 0.3494791666666667 0.10648148148148148 0.40989583333333335 0.012962962962962963 0.415625 0.006481481481481481 0.42291666666666666 0.006481481481481481
0 0.9661458333333334 0.49166666666666664 0.9770833333333333 0.5009259259259259 0.990625 0.5212962962962963 0.9994791666666667 0.5287037037037037 0.9994791666666667 0.5796296296296296 0.9755208333333333 0.5685185185185185 0.95625 0.55 0.9520833333333333 0.5425925925925926 0.95 0.525 0.9505208333333334 0.5083333333333333 0.9578125 0.49444444444444446 0.965625 0.49166666666666664
0 0.5088541666666667 0.2611111111111111 0.515625 0.26666666666666666 0.521875 0.2796296296296296 0.5328125 0.3111111111111111 0.5390625 0.3212962962962963 0.5416666666666666 0.337037037037037 0.5505208333333333 0.36018518518518516 0.5505208333333333 0.37222222222222223 0.5479166666666667 0.387037037037037 0.5395833333333333 0.3962962962962963 0.5302083333333333 0.4009259259259259 0.5203125 0.4009259259259259 0.5161458333333333 0.3972222222222222 0.5072916666666667 0.36944444444444446 0.48333333333333334 0.31851851851851853 0.48125 0.2833333333333333 0.490625 0.26481481481481484 0.5083333333333333 0.2611111111111111
0 0.5119791666666667 0.8314814814814815 0.5166666666666667 0.8462962962962963 0.5197916666666667 0.8685185185185185 0.5223958333333333 0.8722222222222222 0.5255208333333333 0.8666666666666667 0.5291666666666667 0.8657407407407407 0.5302083333333333 0.8685185185185185 0.5265625 0.9268518518518518 0.5203125 0.9407407407407408 0.5151041666666667 0.937037037037037 0.5130208333333334 0.912962962962963 0.5083333333333333 0.9064814814814814 0.5010416666666667 0.8805555555555555 0.4984375 0.8574074074074074 0.5 0.8351851851851851 0.5052083333333334 0.8305555555555556 0.5114583333333333 0.8314814814814815
0 0.521875 0.6175925925925926 0.55 0.6333333333333333 0.5661458333333333 0.6462962962962963 0.6098958333333333 0.6907407407407408 0.6104166666666667 0.7018518518518518 0.6057291666666667 0.7277777777777777 0.5958333333333333 0.7527777777777778 0.559375 0.7425925925925926 0.5317708333333333 0.7175925925925926 0.5197916666666667 0.7092592592592593 0.5114583333333333 0.7074074074074074 0.5036458333333333 0.6962962962962963 0.4973958333333333 0.6768518518518518 0.4979166666666667 0.6546296296296297 0.5088541666666667 0.6259259259259259 0.5151041666666667 0.6194444444444445 0.5213541666666667 0.6175925925925926
0 0.0640625 0.03518518518518519 0.0671875 0.03611111111111111 0.07135416666666666 0.05277777777777778 0.07135416666666666 0.06759259259259259 0.06197916666666667 0.06388888888888888 0.0578125 0.07407407407407407 0.046875 0.07592592592592592 0.03958333333333333 0.06018518518518518 0.0421875 0.05 0.06354166666666666 0.03611111111111111
0 0.5859375 0.125 0.5901041666666667 0.1287037037037037 0.6 0.14814814814814814 0.6078125 0.18703703703703703 0.6072916666666667 0.2074074074074074 0.6020833333333333 0.21481481481481482 0.5984375 0.21296296296296297 0.5989583333333334 0.2101851851851852 0.5953125 0.20277777777777778 0.5916666666666667 0.20555555555555555 0.5822916666666667 0.1962962962962963 0.5734375 0.1935185185185185 0.5630208333333333 0.16574074074074074 0.5640625 0.13796296296296295 0.5744791666666667 0.1259259259259259 0.5854166666666667 0.125
0 0.7598958333333333 0.5537037037037037 0.7703125 0.5638888888888889 0.7697916666666667 0.575 0.7723958333333333 0.5814814814814815 0.7828125 0.5833333333333334 0.7848958333333333 0.5777777777777777 0.7833333333333333 0.5731481481481482 0.7854166666666667 0.5694444444444444 0.7895833333333333 0.575 0.796875 0.5981481481481481 0.796875 0.6074074074074074 0.7901041666666667 0.6203703703703703 0.7848958333333333 0.6203703703703703 0.7723958333333333 0.6092592592592593 0.76875 0.612037037037037 0.7682291666666666 0.6018518518518519 0.7557291666666667 0.587037037037037 0.7515625 0.5777777777777777 0.7515625 0.5675925925925925 0.7552083333333334 0.5555555555555556 0.759375 0.5537037037037037
0 0.6052083333333333 0.06574074074074074 0.6109375 0.08055555555555556 0.609375 0.08981481481481482 0.6015625 0.09444444444444444 0.5921875 0.09166666666666666 0.590625 0.08796296296296297 0.5885416666666666 0.07407407407407407 0.5927083333333333 0.06018518518518518 0.6 0.05462962962962963 0.6015625 0.06666666666666667 0.6046875 0.06666666666666667
0 0.790625 0.375 0.815625 0.4074074074074074 0.8177083333333334 0.41759259259259257 0.8171875 0.44351851851851853 0.8145833333333333 0.45 0.8072916666666666 0.45555555555555555 0.803125 0.44907407407407407 0.7994791666666666 0.4287037037037037 0.7734375 0.38981481481481484 0.7739583333333333 0.3861111111111111 0.7807291666666667 0.37962962962962965 0.7901041666666667 0.375
0 0.6104166666666667 0.8675925925925926 0.6130208333333333 0.8703703703703703 0.6161458333333333 0.8851851851851852 0.6166666666666667 0.8944444444444445 0.6125 0.9157407407407407 0.6166666666666667 0.9425925925925925 0.6125 0.9629629629629629 0.609375 0.9657407407407408 0.5989583333333334 0.962037037037037 0.5921875 0.9314814814814815 0.5947916666666667 0.925 0.5984375 0.8805555555555555 0.6052083333333333 0.8685185185185185 0.6098958333333333 0.8675925925925926
0 0.6973958333333333 0.08518518518518518 0.7026041666666667 0.08888888888888889 0.7083333333333334 0.09814814814814815 0.7083333333333334 0.1259259259259259 0.7067708333333333 0.13148148148148148 0.6958333333333333 0.15 0.6890625 0.14907407407407408 0.6848958333333334 0.13796296296296295 0.6786458333333333 0.1537037037037037 0.6651041666666667 0.1574074074074074 0.6583333333333333 0.16666666666666666 0.6541666666666667 0.16666666666666666 0.6380208333333334 0.15462962962962962 0.6338541666666667 0.13796296296296295 0.6369791666666667 0.12222222222222222 0.6484375 0.1111111111111111 0.6557291666666667 0.1 0.6682291666666667 0.08981481481481482 0.696875 0.08518518518518518
0 0.41770833333333335 0.8444444444444444 0.41822916666666665 0.8583333333333333 0.41510416666666666 0.8703703703703703 0.4036458333333333 0.8907407407407407 0.40208333333333335 0.9 0.39791666666666664 0.9064814814814814 0.39375 0.9212962962962963 0.3885416666666667 0.9277777777777778 0.38333333333333336 0.9435185185185185 0.3796875 0.9425925925925925 0.378125 0.9324074074074075 0.3807291666666667 0.8981481481481481 0.3927083333333333 0.8805555555555555 0.39739583333333334 0.862037037037037 0.4041666666666667 0.8481481481481481 0.41354166666666664 0.8425925925925926 0.4171875 0.8444444444444444
0 0.9322916666666666 0.5370370370370371 0.9578125 0.5527777777777778 0.9734375 0.5666666666666667 0.9776041666666667 0.5740740740740741 0.9791666666666666 0.587037037037037 0.9770833333333333 0.6157407407407407 0.9723958333333333 0.6296296296296297 0.9682291666666667 0.6342592592592593 0.9453125 0.6296296296296297 0.9229166666666667 0.6129629629629629 0.9208333333333333 0.5777777777777777 0.9114583333333334 0.5666666666666667 0.9083333333333333 0.5555555555555556 0.9109375 0.549074074074074 0.9182291666666667 0.5416666666666666 0.925 0.5370370370370371 0.9317708333333333 0.5370370370370371
0 0.8375 0.6648148148148149 0.8520833333333333 0.6712962962962963 0.8875 0.7138888888888889 0.8880208333333334 0.737037037037037 0.884375 0.7462962962962963 0.8828125 0.7583333333333333 0.8786458333333333 0.7722222222222223 0.8703125 0.775 0.859375 0.7722222222222223 0.8338541666666667 0.7518518518518519 0.8276041666666667 0.7416666666666667 0.8104166666666667 0.7379629629629629 0.8041666666666667 0.7296296296296296 0.803125 0.7083333333333334 0.8140625 0.6768518518518518 0.8286458333333333 0.6638888888888889 0.8369791666666667 0.6648148148148149
1 0.44375 0.5805555555555556 0.4510416666666667 0.5990740740740741 0.44583333333333336 0.6277777777777778 0.4421875 0.6157407407407407 0.4395833333333333 0.6111111111111112 0.4354166666666667 0.6129629629629629 0.434375 0.6074074074074074 0.4354166666666667 0.5861111111111111 0.43854166666666666 0.5814814814814815 0.4432291666666667 0.5805555555555556
1 0.6994791666666667 0.016666666666666666 0.7020833333333333 0.022222222222222223 0.7026041666666667 0.03796296296296296 0.6958333333333333 0.05925925925925926 0.6927083333333334 0.062037037037037036 0.6921875 0.058333333333333334 0.6989583333333333 0.017592592592592594
1 0.4114583333333333 0.8027777777777778 0.40989583333333335 0.7925925925925926 0.40520833333333334 0.7833333333333333 0.4041666666666667 0.7685185185185185 0.40729166666666666 0.762962962962963 0.4166666666666667 0.7611111111111111 0.421875 0.7675925925925926 0.421875 0.7777777777777778 0.41875 0.7962962962962963 0.41458333333333336 0.8027777777777778 0.4119791666666667 0.8027777777777778
1 0.0625 0.08333333333333333 0.06979166666666667 0.08703703703703704 0.07447916666666667 0.09907407407407408 0.07291666666666667 0.10555555555555556 0.07395833333333333 0.11666666666666667 0.07083333333333333 0.12222222222222222 0.058854166666666666 0.09166666666666666 0.059375 0.08518518518518518 0.06197916666666667 0.08333333333333333
1 0.565625 0.25555555555555554 0.5703125 0.26666666666666666 0.5708333333333333 0.2759259259259259 0.5609375 0.3138888888888889 0.559375 0.31296296296296294 0.5598958333333334 0.29814814814814816 0.5567708333333333 0.287962962962963 0.5567708333333333 0.2740740740740741 0.5604166666666667 0.2574074074074074 0.5635416666666667 0.2537037037037037 0.5651041666666666 0.25555555555555554
1 0.5963541666666666 0 0.6046875 0 0.6020833333333333 0.025 0.5989583333333334 0.03518518518518519 0.5963541666666666 0.000925925925925926
1 0.7375 0.03148148148148148 0.7401041666666667 0.03425925925925926 0.7395833333333334 0.04351851851851852 0.7317708333333334 0.0712962962962963 0.7286458333333333 0.07037037037037037 0.7276041666666667 0.06666666666666667 0.7322916666666667 0.03333333333333333 0.7369791666666666 0.03148148148148148
1 0.6776041666666667 0.16944444444444445 0.6822916666666666 0.1388888888888889 0.6848958333333334 0.13333333333333333 0.6885416666666667 0.14722222222222223 0.6854166666666667 0.16111111111111112 0.6854166666666667 0.17962962962962964 0.6822916666666666 0.1787037037037037 0.68125 0.17222222222222222 0.678125 0.16944444444444445
1 0.8697916666666666 0.4148148148148148 0.871875 0.4185185185185185 0.8713541666666667 0.43425925925925923 0.85625 0.46574074074074073 0.8494791666666667 0.4638888888888889 0.8473958333333333 0.4527777777777778 0.8552083333333333 0.43703703703703706 0.8588541666666667 0.41759259259259257 0.8692708333333333 0.4148148148148148
1 0.4234375 0.5138888888888888 0.42864583333333334 0.5222222222222223 0.4328125 0.5740740740740741 0.428125 0.5703703703703704 0.41822916666666665 0.5259259259259259 0.41875 0.5148148148148148 0.42291666666666666 0.5138888888888888
1 0.4046875 0.9527777777777777 0.409375 0.9611111111111111 0.409375 0.9740740740740741 0.40520833333333334 0.9814814814814815 0.4041666666666667 0.9916666666666667 0.3984375 0.9907407407407407 0.3848958333333333 0.975 0.38645833333333335 0.9629629629629629 0.3890625 0.9574074074074074 0.4041666666666667 0.9527777777777777
1 0.028645833333333332 0.12314814814814815 0.0328125 0.12962962962962962 0.040625 0.1574074074074074 0.0375 0.16203703703703703 0.034895833333333334 0.16111111111111112 0.0296875 0.14814814814814814 0.019270833333333334 0.13425925925925927 0.019270833333333334 0.1259259259259259 0.021354166666666667 0.12222222222222222 0.028125 0.12314814814814815
1 0.8114583333333333 0.8777777777777778 0.8140625 0.8814814814814815 0.8145833333333333 0.8888888888888888 0.8104166666666667 0.8935185185185185 0.8104166666666667 0.9009259259259259 0.796875 0.9222222222222223 0.7963541666666667 0.9333333333333333 0.7932291666666667 0.9324074074074075 0.7895833333333333 0.924074074074074 0.7932291666666667 0.9120370370370371 0.79375 0.9027777777777778 0.7864583333333334 0.8953703703703704 0.7828125 0.8972222222222223 0.7807291666666667 0.8925925925925926 0.7807291666666667 0.8861111111111111 0.7828125 0.8824074074074074 0.7901041666666667 0.8851851851851852 0.7984375 0.8787037037037037 0.8109375 0.8777777777777778
1 0.5776041666666667 0.26944444444444443 0.58125 0.2814814814814815 0.58125 0.2953703703703704 0.578125 0.30185185185185187 0.5770833333333333 0.3101851851851852 0.56875 0.32407407407407407 0.5671875 0.3194444444444444 0.5697916666666667 0.30277777777777776 0.5697916666666667 0.27870370370370373 0.5729166666666666 0.26944444444444443 0.5770833333333333 0.26944444444444443
1 0.825 0.3972222222222222 0.8307291666666666 0.4083333333333333 0.8317708333333333 0.4212962962962963 0.8213541666666667 0.44537037037037036 0.8182291666666667 0.44814814814814813 0.8166666666666667 0.44722222222222224 0.8177083333333334 0.41759259259259257 0.8161458333333333 0.4101851851851852 0.8208333333333333 0.3972222222222222 0.8244791666666667 0.3972222222222222
1 0.029166666666666667 0.07777777777777778 0.03333333333333333 0.07777777777777778 0.03958333333333333 0.08518518518518518 0.051041666666666666 0.12314814814814815 0.050520833333333334 0.1259259259259259 0.04635416666666667 0.125 0.03125 0.09814814814814815 0.028645833333333332 0.08888888888888889 0.029166666666666667 0.0787037037037037
1 0.9052083333333333 0.4527777777777778 0.9067708333333333 0.4564814814814815 0.9052083333333333 0.4666666666666667 0.8994791666666667 0.49074074074074076 0.8979166666666667 0.49166666666666664 0.8890625 0.49166666666666664 0.8869791666666667 0.4759259259259259 0.890625 0.4675925925925926 0.9020833333333333 0.4527777777777778 0.9046875 0.4527777777777778
1 0.6369791666666667 0.025925925925925925 0.640625 0.027777777777777776 0.6416666666666667 0.041666666666666664 0.6380208333333334 0.06388888888888888 0.634375 0.06666666666666667 0.6317708333333333 0.06388888888888888 0.6322916666666667 0.05648148148148148 0.6302083333333334 0.04722222222222222 0.6369791666666667 0.026851851851851852
1 0.7856770833333333 0.11435185185185186 0.0140625 0.049074074074074076
1 0.4630208333333333 0.5370370370370371 0.4713541666666667 0.5527777777777778 0.4703125 0.5675925925925925 0.4671875 0.5768518518518518 0.46770833333333334 0.5916666666666667 0.4625 0.5898148148148148 0.45729166666666665 0.5638888888888889 0.45677083333333335 0.55 0.45989583333333334 0.5398148148148149 0.4625 0.537962962962963
1 0.2625 0.8694444444444445 0.27708333333333335 0.9111111111111111 0.27239583333333334 0.9231481481481482 0.26927083333333335 0.9222222222222223 0.26875 0.9157407407407407 0.26145833333333335 0.9074074074074074 0.25677083333333334 0.9074074074074074 0.2515625 0.9138888888888889 0.24791666666666667 0.9027777777777778 0.25052083333333336 0.8833333333333333 0.26197916666666665 0.8694444444444445
1 0.4078125 0.25555555555555554 0.4109375 0.2564814814814815 0.4119791666666667 0.26296296296296295 0.4161458333333333 0.26944444444444443 0.421875 0.3 0.42135416666666664 0.3037037037037037 0.41770833333333335 0.3037037037037037 0.41458333333333336 0.2916666666666667 0.4088541666666667 0.29444444444444445 0.40572916666666664 0.28888888888888886 0.4036458333333333 0.26851851851851855 0.4078125 0.2564814814814815
1 0.48541666666666666 0.21944444444444444 0.4895833333333333 0.23425925925925925 0.4895833333333333 0.24537037037037038 0.48854166666666665 0.262037037037037 0.48385416666666664 0.27314814814814814 0.48072916666666665 0.27037037037037037 0.4786458333333333 0.2351851851851852 0.4817708333333333 0.22037037037037038 0.48489583333333336 0.21944444444444444
1 0.5291666666666667 0.25925925925925924 0.5364583333333334 0.2759259259259259 0.5328125 0.30092592592592593 0.5291666666666667 0.30185185185185187 0.5244791666666667 0.2861111111111111 0.525 0.27037037037037037 0.5286458333333334 0.2601851851851852
1 0.4432291666666667 0.5268518518518519 0.44895833333333335 0.5361111111111111 0.4515625 0.5527777777777778 0.44947916666666665 0.5685185185185185 0.44583333333333336 0.5796296296296296 0.4421875 0.575925925925926 0.43645833333333334 0.5462962962962963 0.4375 0.5361111111111111 0.4427083333333333 0.5268518518518519
1 0.07395833333333333 0.07777777777777778 0.08385416666666666 0.08888888888888889 0.08645833333333333 0.10185185185185185 0.09427083333333333 0.11203703703703703 0.09375 0.11574074074074074 0.09010416666666667 0.11666666666666667 0.08802083333333334 0.11388888888888889 0.08802083333333334 0.11944444444444445 0.084375 0.12222222222222222 0.07239583333333334 0.09074074074074075 0.07135416666666666 0.0824074074074074 0.0734375 0.0787037037037037
1 0.41458333333333336 0.7175925925925926 0.42239583333333336 0.7305555555555555 0.4244791666666667 0.7407407407407407 0.4239583333333333 0.7472222222222222 0.4192708333333333 0.7583333333333333 0.41510416666666666 0.7601851851851852 0.4140625 0.7518518518518519 0.40520833333333334 0.7407407407407407 0.409375 0.7240740740740741 0.4140625 0.7185185185185186
1 0.17708333333333334 0.19907407407407407 0.18645833333333334 0.21203703703703702 0.1953125 0.24259259259259258 0.19270833333333334 0.24722222222222223 0.18958333333333333 0.24537037037037038 0.175 0.21574074074074073 0.17395833333333333 0.20185185185185187 0.1765625 0.19907407407407407
1 0.509375 0.23425925925925925 0.5151041666666667 0.24444444444444444 0.5151041666666667 0.262037037037037 0.5041666666666667 0.25833333333333336 0.5041666666666667 0.23703703703703705 0.5088541666666667 0.23425925925925925
1 0.28020833333333334 0.837037037037037 0.2911458333333333 0.8555555555555555 0.2911458333333333 0.8629629629629629 0.29635416666666664 0.8768518518518519 0.29635416666666664 0.8861111111111111 0.29322916666666665 0.8935185185185185 0.2833333333333333 0.8833333333333333 0.26666666666666666 0.8481481481481481 0.26614583333333336 0.8416666666666667 0.26875 0.8379629629629629 0.2796875 0.837037037037037
1 0.70625 0.2462962962962963 0.7088541666666667 0.27037037037037037 0.7036458333333333 0.27870370370370373 0.6989583333333333 0.30462962962962964 0.6953125 0.3037037037037037 0.6958333333333333 0.3 0.6932291666666667 0.29259259259259257 0.6958333333333333 0.28703703703703703 0.6973958333333333 0.25925925925925924 0.703125 0.2462962962962963 0.7057291666666666 0.2462962962962963
1 0.42916666666666664 0.6611111111111111 0.43697916666666664 0.6592592592592592 0.4421875 0.662962962962963 0.44427083333333334 0.687962962962963 0.4427083333333333 0.6990740740740741 0.4354166666666667 0.7064814814814815 0.43333333333333335 0.6916666666666667 0.43020833333333336 0.687037037037037 0.42552083333333335 0.6861111111111111 0.42552083333333335 0.6759259259259259 0.42916666666666664 0.6620370370370371
1 0.13802083333333334 0.6083333333333333 0.14739583333333334 0.6111111111111112 0.15520833333333334 0.6222222222222222 0.15833333333333333 0.6370370370370371 0.16354166666666667 0.6472222222222223 0.16197916666666667 0.6537037037037037 0.1578125 0.6527777777777778 0.13645833333333332 0.6324074074074074 0.13645833333333332 0.6212962962962963 0.1328125 0.612037037037037 0.1375 0.6083333333333333
1 0.20364583333333333 0.9657407407407408 0.20677083333333332 0.9675925925925926 0.2046875 0.9805555555555555 0.2171875 0.9898148148148148 0.2203125 0.9944444444444445 0.21979166666666666 0.9990740740740741 0.190625 0.9990740740740741 0.1890625 0.9962962962962963 0.18541666666666667 0.9851851851851852 0.18645833333333334 0.9787037037037037 0.203125 0.9657407407407408
1 0.5104166666666666 0.3907407407407407 0.5140625 0.40370370370370373 0.5151041666666667 0.42407407407407405 0.5135416666666667 0.4398148148148148 0.5104166666666666 0.44537037037037036 0.5052083333333334 0.44351851851851853 0.5036458333333333 0.43796296296296294 0.5015625 0.4111111111111111 0.5052083333333334 0.39351851851851855 0.5083333333333333 0.3888888888888889 0.5098958333333333 0.3907407407407407
1 0.4947916666666667 0.22685185185185186 0.4979166666666667 0.22685185185185186 0.5052083333333334 0.24444444444444444 0.503125 0.2601851851851852 0.49635416666666665 0.262037037037037 0.49322916666666666 0.2490740740740741 0.4947916666666667 0.22777777777777777
1 0.7791666666666667 0.9138888888888889 0.7828125 0.9222222222222223 0.7739583333333333 0.9416666666666667 0.771875 0.950925925925926 0.76875 0.9537037037037037 0.7546875 0.9388888888888889 0.7515625 0.9277777777777778 0.765625 0.9138888888888889 0.7786458333333334 0.9138888888888889
1 0.2421875 0.9 0.2578125 0.9277777777777778 0.25625 0.9361111111111111 0.2520833333333333 0.9388888888888889 0.24114583333333334 0.9314814814814815 0.2296875 0.9148148148148149 0.2296875 0.9074074074074074 0.2328125 0.9009259259259259 0.24166666666666667 0.9
1 0.1328125 0.032407407407407406 0.1390625 0.03611111111111111 0.14375 0.04537037037037037 0.1453125 0.05555555555555555 0.15104166666666666 0.06296296296296296 0.15052083333333333 0.06759259259259259 0.14375 0.06111111111111111 0.1421875 0.06944444444444445 0.14010416666666667 0.0712962962962963 0.13697916666666668 0.06481481481481481 0.1328125 0.03333333333333333
1 0.06510416666666667 0.06296296296296296 0.07135416666666666 0.07314814814814814 0.07083333333333333 0.08518518518518518 0.06875 0.08796296296296297 0.06041666666666667 0.08148148148148149 0.059895833333333336 0.06388888888888888 0.06458333333333334 0.06296296296296296
1 0.58125 0.06481481481481481 0.5848958333333333 0.06666666666666667 0.5869791666666667 0.07777777777777778 0.5817708333333333 0.10277777777777777 0.58125 0.11388888888888889 0.5776041666666667 0.11296296296296296 0.578125 0.09259259259259259 0.5765625 0.08055555555555556 0.58125 0.06574074074074074
1 0.20625 0.9222222222222223 0.21145833333333333 0.924074074074074 0.21666666666666667 0.9305555555555556 0.21927083333333333 0.9518518518518518 0.215625 0.9537037037037037 0.20989583333333334 0.9638888888888889 0.18958333333333333 0.937962962962963 0.190625 0.9277777777777778 0.19583333333333333 0.9259259259259259 0.19947916666666668 0.9324074074074075 0.20572916666666666 0.9231481481481482
1 0.7307291666666667 0.08796296296296297 0.7328125 0.1 0.7322916666666667 0.10833333333333334 0.7234375 0.13425925925925927 0.7203125 0.13240740740740742 0.7229166666666667 0.10648148148148148 0.7302083333333333 0.08888888888888889
1 0.428125 0.7268518518518519 0.4348958333333333 0.7324074074074074 0.4395833333333333 0.7472222222222222 0.4354166666666667 0.7768518518518519 0.4322916666666667 0.787962962962963 0.428125 0.7916666666666666 0.4270833333333333 0.7851851851851852 0.42864583333333334 0.7601851851851852 0.4265625 0.7490740740740741 0.4265625 0.7314814814814815 0.428125 0.7277777777777777