0 0.4192708333333333 0.8759259259259259 0.421875 0.8805555555555555 0.4203125 0.9 0.40729166666666666 0.9287037037037037 0.40729166666666666 0.9351851851851852 0.40260416666666665 0.9407407407407408 0.39895833333333336 0.9546296296296296 0.39375 0.9611111111111111 0.38697916666666665 0.9787037037037037 0.384375 0.9777777777777777 0.38229166666666664 0.9703703703703703 0.38333333333333336 0.9453703703703704 0.38645833333333335 0.9324074074074075 0.3963541666666667 0.9157407407407407 0.40729166666666666 0.8814814814814815 0.4125 0.8759259259259259 0.41875 0.8759259259259259
0 0.10416666666666667 0.18611111111111112 0.11875 0.20925925925925926 0.11979166666666667 0.2222222222222222 0.09895833333333333 0.25833333333333336 0.08385416666666666 0.2564814814814815 0.07708333333333334 0.2518518518518518 0.06927083333333334 0.22777777777777777 0.06875 0.21481481481481482 0.078125 0.19722222222222222 0.08697916666666666 0.18796296296296297 0.09375 0.18425925925925926 0.10364583333333334 0.18611111111111112
0 0.8208333333333333 0.03425925925925926 0.8333333333333334 0.040740740740740744 0.8432291666666667 0.040740740740740744 0.84375 0.05 0.8375 0.058333333333333334 0.809375 0.05 0.8072916666666666 0.04351851851851852 0.8104166666666667 0.03518518518518519 0.8203125 0.03425925925925926
0 0.6161458333333333 0.35462962962962963 0.6197916666666666 0.3574074074074074 0.6260416666666667 0.35555555555555557 0.6302083333333334 0.3638888888888889 0.6307291666666667 0.37407407407407406 0.6276041666666666 0.3888888888888889 0.6197916666666666 0.39814814814814814 0.615625 0.39814814814814814 0.609375 0.4046296296296296 0.5989583333333334 0.39537037037037037 0.5921875 0.39814814814814814 0.5880208333333333 0.3962962962962963 0.5885416666666666 0.3851851851851852 0.6 0.362962962962963 0.615625 0.35555555555555557
0 0.2755208333333333 0.2824074074074074 0.2796875 0.2824074074074074 0.2864583333333333 0.29259259259259257 0.29010416666666666 0.30925925925925923 0.2947916666666667 0.3175925925925926 0.2947916666666667 0.3277777777777778 0.29270833333333335 0.33425925925925926 0.28854166666666664 0.3351851851851852 0.2796875 0.3287037037037037 0.26979166666666665 0.3 0.2755208333333333 0.2833333333333333
0 0.05364583333333333 0.5916666666666667 0.05677083333333333 0.5972222222222222 0.06041666666666667 0.5962962962962963 0.06458333333333334 0.6 0.0640625 0.6138888888888889 0.04375 0.6416666666666667 0.036458333333333336 0.6564814814814814 0.027604166666666666 0.6592592592592592 0.022916666666666665 0.6574074074074074 0.018229166666666668 0.649074074074074 0.0171875 0.6398148148148148 0.022395833333333334 0.6296296296296297 0.03125 0.625 0.034895833333333334 0.6194444444444445 0.03333333333333333 0.6157407407407407 0.027604166666666666 0.6129629629629629 0.022395833333333334 0.6148148148148148 0.022395833333333334 0.6101851851851852 0.028125 0.6092592592592593 0.0234375 0.5990740740740741 0.0296875 0.5944444444444444 0.053125 0.5916666666666667
0 0.31979166666666664 0.38796296296296295 0.321875 0.3972222222222222 0.3307291666666667 0.4074074074074074 0.33177083333333335 0.4222222222222222 0.3390625 0.4351851851851852 0.32447916666666665 0.44907407407407407 0.31302083333333336 0.44907407407407407 0.30052083333333335 0.4546296296296296 0.2911458333333333 0.4638888888888889 0.28802083333333334 0.46296296296296297 0.28177083333333336 0.45185185185185184 0.2786458333333333 0.4398148148148148 0.2765625 0.4203703703703704 0.28020833333333334 0.39814814814814814 0.2828125 0.39166666666666666 0.2890625 0.38796296296296295 0.31927083333333334 0.38796296296296295
0 0.8151041666666666 0.5453703703703704 0.8302083333333333 0.5564814814814815 0.8541666666666666 0.5805555555555556 0.8661458333333333 0.5953703703703703 0.8760416666666667 0.6166666666666667 0.884375 0.625 0.8942708333333333 0.6407407407407407 0.8989583333333333 0.6574074074074074 0.8979166666666667 0.6731481481481482 0.8890625 0.6990740740740741 0.8828125 0.7064814814814815 0.8567708333333334 0.7027777777777777 0.8510416666666667 0.6953703703703704 0.8458333333333333 0.6796296296296296 0.8255208333333334 0.6555555555555556 0.8088541666666667 0.637962962962963 0.7932291666666667 0.6324074074074074 0.7859375 0.6231481481481481 0.7807291666666667 0.5916666666666667 0.7859375 0.5787037037037037 0.7895833333333333 0.5601851851851852 0.7932291666666667 0.5518518518518518 0.8005208333333333 0.5444444444444444 0.8145833333333333 0.5453703703703704
0 0.1421875 0.1037037037037037 0.153125 0.11574074074074074 0.15989583333333332 0.13703703703703704 0.15833333333333333 0.14444444444444443 0.14166666666666666 0.17037037037037037 0.12395833333333334 0.16296296296296298 0.11666666666666667 0.13703703703703704 0.11666666666666667 0.1287037037037037 0.11927083333333334 0.12037037037037036 0.13333333333333333 0.10092592592592593 0.14166666666666666 0.1037037037037037
0 0.9682291666666667 0.5101851851851852 0.9796875 0.5194444444444445 0.9932291666666667 0.537962962962963 0.9994791666666667 0.5416666666666666 0.9994791666666667 0.5898148148148148 0.984375 0.5842592592592593 0.9786458333333333 0.5879629629629629 0.9697916666666667 0.5879629629629629 0.9661458333333334 0.5842592592592593 0.9682291666666667 0.5787037037037037 0.9692708333333333 0.5638888888888889 0.9666666666666667 0.5601851851851852 0.9583333333333334 0.562962962962963 0.9536458333333333 0.525 0.95625 0.5157407407407407 0.9598958333333333 0.5111111111111111 0.9677083333333333 0.5101851851851852
0 0.25677083333333334 0.8 0.27291666666666664 0.8055555555555556 0.27447916666666666 0.8212962962962963 0.2713541666666667 0.8287037037037037 0.23697916666666666 0.8601851851851852 0.21666666666666667 0.8657407407407407 0.21197916666666666 0.8583333333333333 0.2109375 0.8518518518518519 0.21302083333333333 0.8342592592592593 0.21666666666666667 0.8240740740740741 0.2328125 0.8101851851851852 0.2515625 0.8101851851851852 0.2520833333333333 0.8148148148148148 0.24895833333333334 0.8240740740740741 0.2515625 0.825925925925926 0.26145833333333335 0.8212962962962963 0.2625 0.8101851851851852 0.26145833333333335 0.8074074074074075 0.2578125 0.8074074074074075 0.25677083333333334 0.8009259259259259
0 0.5151041666666667 0.8611111111111112 0.5223958333333333 0.8805555555555555 0.525 0.9 0.5296875 0.8972222222222223 0.5338541666666666 0.9046296296296297 0.5328125 0.9564814814814815 0.5265625 0.9666666666666667 0.5223958333333333 0.9666666666666667 0.5197916666666667 0.962037037037037 0.5177083333333333 0.9444444444444444 0.5119791666666667 0.9333333333333333 0.5046875 0.9037037037037037 0.503125 0.8851851851851852 0.5041666666666667 0.8675925925925926 0.5072916666666667 0.862037037037037 0.5145833333333333 0.8611111111111112
0 0.6416666666666667 0.8925925925925926 0.6479166666666667 0.9055555555555556 0.6510416666666666 0.9259259259259259 0.6510416666666666 0.9398148148148148 0.6546875 0.9453703703703704 0.6520833333333333 0.9537037037037037 0.6494791666666667 0.9990740740740741 0.6390625 0.9990740740740741 0.6322916666666667 0.962037037037037 0.63125 0.9462962962962963 0.6260416666666667 0.9287037037037037 0.63125 0.8981481481481481 0.6359375 0.8916666666666667 0.6411458333333333 0.8925925925925926
0 0.14895833333333333 0.9398148148148148 0.15833333333333333 0.9462962962962963 0.15989583333333332 0.9564814814814815 0.15833333333333333 0.9629629629629629 0.14583333333333334 0.9833333333333333 0.13229166666666667 0.9768518518518519 0.11197916666666667 0.9564814814814815 0.11041666666666666 0.950925925925926 0.11302083333333333 0.9481481481481482 0.1265625 0.950925925925926 0.13697916666666668 0.9425925925925925 0.1484375 0.9398148148148148
0 0.33958333333333335 0.05 0.3421875 0.053703703703703705 0.3421875 0.06481481481481481 0.3453125 0.07314814814814814 0.3453125 0.08611111111111111 0.3380208333333333 0.10925925925925926 0.33489583333333334 0.11296296296296296 0.31875 0.10462962962962963 0.31614583333333335 0.09537037037037037 0.3151041666666667 0.06944444444444445 0.32447916666666665 0.05555555555555555 0.3338541666666667 0.049074074074074076 0.3390625 0.05
0 0.24166666666666667 0 0.27395833333333336 0 0.28177083333333336 0.005555555555555556 0.29010416666666666 0.017592592592592594 0.28854166666666664 0.026851851851851852 0.2921875 0.05277777777777778 0.2786458333333333 0.08425925925925926 0.26875 0.08796296296296297 0.24427083333333333 0.1175925925925926 0.2375 0.11666666666666667 0.23541666666666666 0.12037037037037036 0.23489583333333333 0.13518518518518519 0.23229166666666667 0.14166666666666666 0.22395833333333334 0.14444444444444443 0.2 0.16296296296296298 0.17083333333333334 0.15555555555555556 0.16666666666666666 0.15092592592592594 0.153125 0.10185185185185185 0.15364583333333334 0.09444444444444444 0.1578125 0.08425925925925926 0.22864583333333333 0.013888888888888888 0.23385416666666667 0.004629629629629629 0.24166666666666667 0.000925925925925926
0 0.728125 0.9268518518518518 0.7369791666666666 0.9351851851851852 0.7375 0.9648148148148148 0.734375 0.9814814814814815 0.7307291666666667 0.9879629629629629 0.7239583333333334 0.9916666666666667 0.7203125 0.9990740740740741 0.7135416666666666 0.9990740740740741 0.7130208333333333 0.9527777777777777 0.7203125 0.9287037037037037 0.7229166666666667 0.925 0.7276041666666667 0.9268518518518518
0 0.8359375 0.22592592592592592 0.8427083333333333 0.23981481481481481 0.8432291666666667 0.26666666666666666 0.8390625 0.2759259259259259 0.8348958333333333 0.2740740740740741 0.8322916666666667 0.2657407407407407 0.8255208333333334 0.2601851851851852 0.8171875 0.27037037037037037 0.8072916666666666 0.26851851851851855 0.803125 0.25277777777777777 0.8036458333333333 0.23703703703703705 0.8067708333333333 0.23055555555555557 0.8130208333333333 0.22870370370370371 0.8182291666666667 0.24166666666666667 0.8244791666666667 0.2361111111111111 0.8260416666666667 0.22777777777777777 0.8354166666666667 0.22592592592592592
0 0.7421875 0.25555555555555554 0.7630208333333334 0.27870370370370373 0.765625 0.2861111111111111 0.7552083333333334 0.32314814814814813 0.7421875 0.3287037037037037 0.725 0.3175925925925926 0.721875 0.31296296296296294 0.7203125 0.30462962962962964 0.7203125 0.2953703703703704 0.7333333333333333 0.2657407407407407 0.7338541666666667 0.25833333333333336 0.7416666666666667 0.25555555555555554
0 0.6583333333333333 0.10185185185185185 0.6645833333333333 0.10462962962962963 0.6697916666666667 0.1111111111111111 0.671875 0.12685185185185185 0.6682291666666667 0.1398148148148148 0.6651041666666667 0.1398148148148148 0.6619791666666667 0.13425925925925927 0.6473958333333333 0.13148148148148148 0.64375 0.12314814814814815 0.6432291666666666 0.11203703703703703 0.6578125 0.10185185185185185
0 0.13125 0.4546296296296296 0.16770833333333332 0.47314814814814815 0.171875 0.48148148148148145 0.171875 0.49444444444444446 0.165625 0.512962962962963 0.15208333333333332 0.5370370370370371 0.15104166666666666 0.5555555555555556 0.146875 0.5638888888888889 0.14114583333333333 0.5685185185185185 0.13333333333333333 0.5657407407407408 0.12395833333333334 0.5777777777777777 0.1125 0.575925925925926 0.09895833333333333 0.5648148148148148 0.07447916666666667 0.5268518518518519 0.0734375 0.5212962962962963 0.0796875 0.5120370370370371 0.0765625 0.5074074074074074 0.08072916666666667 0.4981481481481482 0.1046875 0.46111111111111114 0.11770833333333333 0.4527777777777778 0.13072916666666667 0.4546296296296296
0 0.32395833333333335 0 0.35520833333333335 0 0.3625 0.010185185185185186 0.365625 0.006481481481481481 0.3671875 0.008333333333333333 0.36822916666666666 0.024074074074074074 0.3671875 0.03425925925925926 0.35885416666666664 0.05 0.3536458333333333 0.05092592592592592 0.3458333333333333 0.058333333333333334 0.3416666666666667 0.05648148148148148 0.3380208333333333 0.05 0.3338541666666667 0.05 0.3140625 0.06759259259259259 0.3098958333333333 0.05648148148148148 0.30520833333333336 0.017592592592592594 0.3125 0.008333333333333333 0.32395833333333335 0.000925925925925926
0 0.5661458333333333 0.5287037037037037 0.6161458333333333 0.5453703703703704 0.6208333333333333 0.5518518518518518 0.6375 0.5601851851851852 0.6489583333333333 0.5740740740740741 0.6526041666666667 0.5879629629629629 0.6526041666666667 0.6027777777777777 0.6479166666666667 0.6324074074074074 0.6432291666666666 0.6398148148148148 0.6276041666666666 0.6462962962962963 0.6197916666666666 0.6444444444444445 0.6098958333333333 0.6314814814814815 0.5729166666666666 0.6166666666666667 0.5567708333333333 0.6222222222222222 0.5526041666666667 0.6194444444444445 0.5421875 0.6018518518518519 0.540625 0.5962962962962963 0.540625 0.5731481481481482 0.546875 0.5398148148148149 0.5526041666666667 0.5305555555555556 0.565625 0.5287037037037037
0 0.6177083333333333 0.8972222222222223 0.6203125 0.9027777777777778 0.6229166666666667 0.9203703703703704 0.6182291666666667 0.937962962962963 0.6234375 0.9685185185185186 0.6234375 0.9777777777777777 0.6197916666666666 0.9935185185185185 0.6130208333333333 0.9990740740740741 0.6041666666666666 0.9916666666666667 0.5994791666666667 0.9611111111111111 0.6026041666666667 0.9472222222222222 0.6046875 0.9083333333333333 0.6083333333333333 0.9 0.6130208333333333 0.8962962962962963 0.6171875 0.8972222222222223
0 0.6265625 0.026851851851851852 0.6333333333333333 0.03425925925925926 0.6322916666666667 0.05462962962962963 0.6213541666666667 0.08518518518518518 0.6171875 0.08888888888888889 0.6 0.08425925925925926 0.5979166666666667 0.08055555555555556 0.5984375 0.06851851851851852 0.6020833333333333 0.05 0.6125 0.027777777777777776 0.6260416666666667 0.026851851851851852
0 0.7255208333333333 0.11388888888888889 0.7364583333333333 0.11944444444444445 0.7390625 0.12407407407407407 0.7411458333333333 0.1361111111111111 0.7421875 0.18981481481481483 0.7385416666666667 0.1962962962962963 0.73125 0.2 0.7140625 0.19814814814814816 0.7114583333333333 0.19537037037037036 0.709375 0.18425925925925926 0.7083333333333334 0.15555555555555556 0.7098958333333333 0.12685185185185185 0.7166666666666667 0.11481481481481481 0.725 0.11388888888888889
0 0.7130208333333333 0.037037037037037035 0.7223958333333333 0.04722222222222222 0.7276041666666667 0.05740740740740741 0.7348958333333333 0.10185185185185185 0.7317708333333334 0.1111111111111111 0.7296875 0.11388888888888889 0.7182291666666667 0.11388888888888889 0.7098958333333333 0.125 0.70625 0.125 0.7026041666666667 0.11944444444444445 0.6953125 0.09722222222222222 0.69375 0.08796296296296297 0.6953125 0.07777777777777778 0.6947916666666667 0.06018518518518518 0.7057291666666666 0.03888888888888889 0.7125 0.03796296296296296
0 0.26510416666666664 0.18518518518518517 0.27291666666666664 0.19537037037037036 0.27291666666666664 0.2111111111111111 0.25625 0.2462962962962963 0.2526041666666667 0.26851851851851855 0.24739583333333334 0.2740740740740741 0.23177083333333334 0.2777777777777778 0.21875 0.27685185185185185 0.21354166666666666 0.26481481481481484 0.21354166666666666 0.25092592592592594 0.2203125 0.225 0.23072916666666668 0.20185185185185187 0.24427083333333333 0.18796296296296297 0.26458333333333334 0.18518518518518517
1 0.4322916666666667 0.5518518518518518 0.44166666666666665 0.5675925925925925 0.44114583333333335 0.5990740740740741 0.4322916666666667 0.6018518518518519 0.4322916666666667 0.5907407407407408 0.428125 0.5648148148148148 0.42864583333333334 0.5583333333333333 0.4317708333333333 0.5527777777777778
1 0.6296875 0.05740740740740741 0.6328125 0.06018518518518518 0.6333333333333333 0.07037037037037037 0.6291666666666667 0.09351851851851851 0.6260416666666667 0.09722222222222222 0.6239583333333333 0.08148148148148149 0.6296875 0.058333333333333334
1 0.36041666666666666 0.8611111111111112 0.36614583333333334 0.8629629629629629 0.3692708333333333 0.8694444444444445 0.3692708333333333 0.8851851851851852 0.3734375 0.8972222222222223 0.3729166666666667 0.9018518518518519 0.3697916666666667 0.9055555555555556 0.36614583333333334 0.9018518518518519 0.35833333333333334 0.9111111111111111 0.35572916666666665 0.9111111111111111 0.35833333333333334 0.8972222222222223 0.3541666666666667 0.8805555555555555 0.3541666666666667 0.8657407407407407 0.35572916666666665 0.862037037037037 0.35989583333333336 0.8611111111111112
1 0.6036458333333333 0.24074074074074073 0.014583333333333334 0.05740740740740741
1 0.040625 0.12037037037037036 0.04583333333333333 0.12407407407407407 0.0625 0.1574074074074074 0.0609375 0.16018518518518518 0.05677083333333333 0.1574074074074074 0.05364583333333333 0.16574074074074074 0.036458333333333336 0.1287037037037037 0.0359375 0.12314814814814815 0.04010416666666667 0.12037037037037036
1 0.8416666666666667 0.16111111111111112 0.8416666666666667 0.1537037037037037 0.8473958333333333 0.1287037037037037 0.8541666666666666 0.11296296296296296 0.8567708333333334 0.11574074074074074 0.85625 0.1259259259259259 0.846875 0.15648148148148147 0.8421875 0.16111111111111112
1 0.15104166666666666 0.053703703703703705 0.15416666666666667 0.053703703703703705 0.16354166666666667 0.07407407407407407 0.1625 0.08055555555555556 0.15729166666666666 0.08518518518518518 0.15416666666666667 0.07592592592592592 0.15104166666666666 0.05462962962962963
1 0.5421875 0.175 0.5458333333333333 0.175 0.55 0.18888888888888888 0.5479166666666667 0.21574074074074073 0.54375 0.2222222222222222 0.5432291666666667 0.22870370370370371 0.5395833333333333 0.23055555555555557 0.5395833333333333 0.19166666666666668 0.5421875 0.17592592592592593
1 0.775 0.16018518518518518 0.7796875 0.16203703703703703 0.7807291666666667 0.17222222222222222 0.7723958333333333 0.19444444444444445 0.7708333333333334 0.2064814814814815 0.7666666666666667 0.2064814814814815 0.76875 0.18333333333333332 0.775 0.16111111111111112
1 0.16458333333333333 0.046296296296296294 0.16875 0.049074074074074076 0.175 0.06018518518518518 0.175 0.06759259259259259 0.1671875 0.07407407407407407 0.16458333333333333 0.06111111111111111 0.16458333333333333 0.04722222222222222
1 0.3104166666666667 0.17777777777777778 0.3140625 0.17685185185185184 0.315625 0.17962962962962964 0.32083333333333336 0.1925925925925926 0.32135416666666666 0.20277777777777778 0.3260416666666667 0.21296296296296297 0.32447916666666665 0.21666666666666667 0.321875 0.2111111111111111 0.3182291666666667 0.2111111111111111 0.31666666666666665 0.2212962962962963 0.3140625 0.22592592592592592 0.3104166666666667 0.1787037037037037
1 0.16197916666666667 0.032407407407407406 0.16197916666666667 0.022222222222222223 0.16510416666666666 0.018518518518518517 0.17135416666666667 0.030555555555555555 0.175 0.044444444444444446 0.1765625 0.06018518518518518 0.17135416666666667 0.06944444444444445 0.1703125 0.05648148148148148 0.16458333333333333 0.05185185185185185 0.1625 0.03333333333333333
1 0.13697916666666668 0.2 0.14479166666666668 0.2101851851851852 0.15208333333333332 0.23796296296296296 0.15104166666666666 0.24351851851851852 0.14739583333333334 0.24444444444444444 0.13802083333333334 0.23055555555555557 0.12916666666666668 0.19814814814814816 0.1296875 0.19444444444444445 0.13333333333333333 0.19444444444444445 0.13645833333333332 0.2
1 0.8494791666666667 0.4546296296296296 0.8510416666666667 0.4722222222222222 0.8484375 0.48333333333333334 0.8421875 0.49444444444444446 0.83125 0.5046296296296297 0.825 0.4935185185185185 0.8375 0.4685185185185185 0.8380208333333333 0.462037037037037 0.8359375 0.4564814814814815 0.8489583333333334 0.4546296296296296
1 0.5359375 0.1361111111111111 0.5390625 0.13703703703703704 0.5416666666666666 0.14629629629629629 0.5432291666666667 0.1638888888888889 0.5432291666666667 0.17222222222222222 0.5390625 0.17592592592592593 0.5364583333333334 0.18611111111111112 0.5333333333333333 0.18518518518518517 0.5333333333333333 0.1527777777777778 0.5359375 0.13703703703703704
1 0.13020833333333334 0.05462962962962963 0.13697916666666668 0.06018518518518518 0.140625 0.06851851851851852 0.14375 0.07777777777777778 0.14375 0.08888888888888889 0.14010416666666667 0.09444444444444444 0.13489583333333333 0.09074074074074075 0.128125 0.06759259259259259 0.1296875 0.05555555555555555
1 0.059895833333333336 0.49074074074074076 0.06614583333333333 0.4935185185185185 0.07395833333333333 0.5074074074074074 0.0703125 0.5231481481481481 0.07447916666666667 0.5388888888888889 0.07135416666666666 0.5388888888888889 0.06875 0.5342592592592592 0.05260416666666667 0.49537037037037035 0.052083333333333336 0.49074074074074076 0.05364583333333333 0.4888888888888889 0.059375 0.49074074074074076
1 0.08489583333333334 0.09722222222222222 0.09322916666666667 0.11018518518518519 0.09375 0.12129629629629629 0.09739583333333333 0.13333333333333333 0.09635416666666667 0.1398148148148148 0.08541666666666667 0.12314814814814815 0.08020833333333334 0.09814814814814815 0.084375 0.09722222222222222
1 0.9666666666666667 0.5601851851851852 0.9692708333333333 0.5638888888888889 0.9671875 0.5805555555555556 0.9494791666666667 0.6101851851851852 0.9458333333333333 0.6092592592592593 0.9385416666666667 0.5962962962962963 0.9442708333333333 0.5833333333333334 0.9625 0.562037037037037 0.9661458333333334 0.5611111111111111
1 0.30572916666666666 0.9009259259259259 0.3109375 0.9018518518518519 0.3234375 0.9203703703703704 0.3223958333333333 0.9324074074074075 0.325 0.9425925925925925 0.31875 0.95 0.31614583333333335 0.9490740740740741 0.3145833333333333 0.9398148148148148 0.30625 0.9314814814814815 0.30416666666666664 0.9175925925925926 0.3 0.9092592592592592 0.30104166666666665 0.9018518518518519 0.30520833333333336 0.9009259259259259
1 0.48802083333333335 0.3907407407407407 0.49114583333333334 0.3925925925925926 0.4942708333333333 0.4046296296296296 0.4890625 0.44814814814814813 0.4869791666666667 0.44722222222222224 0.4828125 0.4148148148148148 0.48333333333333334 0.4009259259259259 0.4875 0.39166666666666666
1 0.2557291666666667 0.13425925925925927 0.26197916666666665 0.14351851851851852 0.2635416666666667 0.15185185185185185 0.26979166666666665 0.1638888888888889 0.2682291666666667 0.16944444444444445 0.26197916666666665 0.17222222222222222 0.2578125 0.16666666666666666 0.2515625 0.15 0.253125 0.1361111111111111 0.2552083333333333 0.13425925925925927
1 0.05364583333333333 0.1712962962962963 0.059895833333333336 0.17314814814814813 0.06510416666666667 0.18796296296296297 0.075 0.20092592592592592 0.07239583333333334 0.20277777777777778 0.0671875 0.19814814814814816 0.06510416666666667 0.20185185185185187 0.0671875 0.21296296296296297 0.0625 0.21296296296296297 0.06041666666666667 0.19907407407407407 0.053125 0.1814814814814815 0.05364583333333333 0.17222222222222222
1 0.475 0.35555555555555557 0.47708333333333336 0.3592592592592593 0.47708333333333336 0.37592592592592594 0.4744791666666667 0.38796296296296295 0.46770833333333334 0.40370370370370373 0.4666666666666667 0.3990740740740741 0.46927083333333336 0.3824074074074074 0.4666666666666667 0.375 0.4625 0.3768518518518518 0.4640625 0.36203703703703705 0.46927083333333336 0.3472222222222222 0.4744791666666667 0.35555555555555557
1 0.13489583333333333 0.5907407407407408 0.14375 0.5944444444444444 0.14791666666666667 0.600925925925926 0.1546875 0.6203703703703703 0.16354166666666667 0.6361111111111111 0.16458333333333333 0.6398148148148148 0.16145833333333334 0.6425925925925926 0.15520833333333334 0.6370370370370371 0.14739583333333334 0.6398148148148148 0.13697916666666668 0.6268518518518519 0.13177083333333334 0.612037037037037 0.13177083333333334 0.6018518518518519 0.128125 0.5953703703703703 0.12916666666666668 0.5898148148148148 0.134375 0.5907407407407408
1 0.7109375 0.7657407407407407 0.7166666666666667 0.7666666666666667 0.7223958333333333 0.7777777777777778 0.7213541666666666 0.8101851851851852 0.7171875 0.812037037037037 0.715625 0.8046296296296296 0.7130208333333333 0.8018518518518518 0.7005208333333334 0.825925925925926 0.6958333333333333 0.825925925925926 0.7067708333333333 0.7962962962962963 0.7109375 0.7666666666666667
1 0.04375 0.17037037037037037 0.051041666666666666 0.17685185185185184 0.0546875 0.18611111111111112 0.05625 0.2 0.0609375 0.21296296296296297 0.057291666666666664 0.21944444444444444 0.042708333333333334 0.19166666666666668 0.03958333333333333 0.17685185185185184 0.043229166666666666 0.17037037037037037
1 0.6098958333333333 0 0.6177083333333333 0 0.6130208333333333 0.027777777777777776 0.6104166666666667 0.023148148148148147 0.6098958333333333 0.000925925925925926
1 0.08385416666666666 0.14722222222222223 0.0953125 0.15 0.10260416666666666 0.16203703703703703 0.10364583333333334 0.1675925925925926 0.10104166666666667 0.1712962962962963 0.10208333333333333 0.18333333333333332 0.09947916666666666 0.18425925925925926 0.0953125 0.17685185185185184 0.0890625 0.17407407407407408 0.08489583333333334 0.16574074074074074 0.0859375 0.14907407407407408 0.084375 0.14722222222222223
1 0.5791666666666667 0.11944444444444445 0.5817708333333333 0.11851851851851852 0.5854166666666667 0.12962962962962962 0.58125 0.1574074074074074 0.5776041666666667 0.16574074074074074 0.5744791666666667 0.1675925925925926 0.5739583333333333 0.13333333333333333 0.5791666666666667 0.12037037037037036
1 0.6989583333333333 0.2972222222222222 0.7010416666666667 0.3037037037037037 0.7015625 0.3175925925925926 0.6979166666666666 0.3296296296296296 0.6958333333333333 0.35185185185185186 0.6921875 0.3490740740740741 0.6880208333333333 0.3527777777777778 0.6869791666666667 0.3472222222222222 0.6895833333333333 0.3314814814814815 0.6895833333333333 0.3138888888888889 0.6984375 0.29814814814814816
1 0.33125 0.8962962962962963 0.3380208333333333 0.9009259259259259 0.3416666666666667 0.9074074074074074 0.3463541666666667 0.9277777777777778 0.3453125 0.9351851851851852 0.3416666666666667 0.9388888888888889 0.3375 0.9388888888888889 0.33541666666666664 0.9287037037037037 0.32708333333333334 0.9222222222222223 0.3255208333333333 0.9009259259259259 0.32708333333333334 0.8972222222222223 0.3307291666666667 0.8962962962962963
1 0.07447916666666667 0.14907407407407408 0.0828125 0.16203703703703703 0.08541666666666667 0.175 0.0890625 0.1814814814814815 0.0890625 0.18518518518518517 0.08489583333333334 0.19074074074074074 0.08072916666666667 0.18888888888888888 0.07083333333333333 0.16018518518518518 0.07083333333333333 0.15 0.07395833333333333 0.14907407407407408
1 0.26875 0.9175925925925926 0.27239583333333334 0.9212962962962963 0.2760416666666667 0.9314814814814815 0.2791666666666667 0.9583333333333334 0.27708333333333335 0.9629629629629629 0.2755208333333333 0.9629629629629629 0.275 0.9583333333333334 0.26927083333333335 0.9555555555555556 0.2635416666666667 0.9601851851851851 0.2609375 0.9481481481481482 0.25416666666666665 0.937962962962963 0.25416666666666665 0.9277777777777778 0.25625 0.9212962962962963 0.26145833333333335 0.9157407407407407 0.26458333333333334 0.9166666666666666 0.265625 0.9203703703703704 0.2682291666666667 0.9175925925925926
1 0.8403645833333333 0.20601851851851852 0.013020833333333334 0.03796296296296296
1 0.5182291666666666 0.1925925925925926 0.5223958333333333 0.19722222222222222 0.528125 0.23333333333333334 0.525 0.2361111111111111 0.5223958333333333 0.22962962962962963 0.515625 0.23425925925925925 0.5119791666666667 0.23148148148148148 0.5182291666666666 0.1935185185185185
1 0.19947916666666668 0 0.20364583333333333 0 0.209375 0.025 0.20677083333333332 0.03148148148148148 0.203125 0.026851851851851852 0.1984375 0.013888888888888888 0.19947916666666668 0.000925925925925926
1 0.3859375 0.8388888888888889 0.39114583333333336 0.8416666666666667 0.39739583333333334 0.8629629629629629 0.39010416666666664 0.8731481481481481 0.3880208333333333 0.8851851851851852 0.384375 0.8898148148148148 0.3828125 0.8740740740740741 0.3770833333333333 0.8537037037037037 0.3770833333333333 0.8462962962962963 0.3802083333333333 0.8379629629629629 0.3854166666666667 0.8388888888888889
1 0.6125 0.11203703703703703 0.6135416666666667 0.12962962962962962 0.6104166666666667 0.14814814814814814 0.6057291666666667 0.15833333333333333 0.6026041666666667 0.16018518518518518 0.6046875 0.12407407407407407 0.609375 0.11203703703703703 0.6119791666666666 0.11203703703703703
1 0.5328125 0.8148148148148148 0.5317708333333333 0.787962962962963 0.5354166666666667 0.7722222222222223 0.5401041666666667 0.7722222222222223 0.5453125 0.7824074074074074 0.5463541666666667 0.7907407407407407 0.5442708333333334 0.8046296296296296 0.5364583333333334 0.8148148148148148 0.5333333333333333 0.8148148148148148
1 0.7036458333333333 0.7388888888888889 0.70625 0.7444444444444445 0.70625 0.75 0.6994791666666667 0.774074074074074 0.6921875 0.7824074074074074 0.6895833333333333 0.7787037037037037 0.690625 0.7759259259259259 0.6890625 0.7731481481481481 0.6880208333333333 0.7787037037037037 0.6817708333333333 0.7842592592592592 0.678125 0.7814814814814814 0.6848958333333334 0.7666666666666667 0.6890625 0.7444444444444445 0.6921875 0.7407407407407407 0.703125 0.7388888888888889
1 0.7338541666666667 0.11296296296296296 0.7390625 0.09166666666666666 0.7421875 0.08796296296296297 0.7453125 0.10277777777777777 0.7421875 0.12962962962962962 0.740625 0.13148148148148148 0.734375 0.11388888888888889
1 0.28489583333333335 0.9203703703703704 0.296875 0.9388888888888889 0.2947916666666667 0.9472222222222222 0.29791666666666666 0.9564814814814815 0.2921875 0.9629629629629629 0.28802083333333334 0.9537037037037037 0.28489583333333335 0.9527777777777777 0.2791666666666667 0.9638888888888889 0.2760416666666667 0.9657407407407408 0.275 0.9611111111111111 0.278125 0.9527777777777777 0.2755208333333333 0.9407407407407408 0.27708333333333335 0.9222222222222223 0.2791666666666667 0.9194444444444444 0.284375 0.9203703703703704
1 0.953125 0.5407407407407407 0.9557291666666666 0.5462962962962963 0.9578125 0.5601851851851852 0.9427083333333334 0.5814814814814815 0.934375 0.5787037037037037 0.9322916666666666 0.575 0.9322916666666666 0.5648148148148148 0.940625 0.5462962962962963 0.9463541666666667 0.5407407407407407 0.9526041666666667 0.5407407407407407
1 0.8072916666666666 0.33240740740740743 0.8109375 0.3351851851851852 0.8140625 0.34444444444444444 0.8005208333333333 0.38055555555555554 0.7979166666666667 0.37962962962962965 0.796875 0.37407407407407406 0.7921875 0.37777777777777777 0.7916666666666666 0.3731481481481482 0.8 0.3425925925925926 0.8041666666666667 0.3333333333333333 0.8067708333333333 0.33240740740740743