1 0.8171875 0.1175925925925926 0.8171875 0.13055555555555556 0.8104166666666667 0.15648148148148147 0.8072916666666666 0.16018518518518518 0.8057291666666667 0.15833333333333333 0.8083333333333333 0.13240740740740742 0.8171875 0.11851851851851852
1 0.39166666666666666 0.8861111111111111 0.3921875 0.9222222222222223 0.390625 0.9287037037037037 0.38697916666666665 0.9324074074074075 0.3776041666666667 0.9185185185185185 0.3734375 0.9175925925925926 0.37135416666666665 0.9092592592592592 0.3796875 0.8870370370370371 0.39114583333333336 0.8861111111111111
1 0.5151041666666667 0.4083333333333333 0.51875 0.4212962962962963 0.51875 0.44907407407407407 0.5145833333333333 0.4527777777777778 0.5119791666666667 0.4462962962962963 0.5083333333333333 0.4638888888888889 0.5067708333333333 0.46296296296296297 0.5083333333333333 0.4203703703703704 0.5114583333333333 0.40925925925925927 0.5145833333333333 0.4083333333333333
1 0.13697916666666668 0.07407407407407407 0.140625 0.07407407407407407 0.14739583333333334 0.08148148148148149 0.1484375 0.0962962962962963 0.15260416666666668 0.11203703703703703 0.15260416666666668 0.11944444444444445 0.14739583333333334 0.12222222222222222 0.146875 0.11481481481481481 0.13854166666666667 0.09722222222222222 0.13645833333333332 0.08703703703703704 0.13697916666666668 0.075
1 0.6315104166666666 0.14953703703703702 0.013020833333333334 0.04537037037037037
1 0.04114583333333333 0.11944444444444445 0.04583333333333333 0.11851851851851852 0.05 0.12222222222222222 0.05520833333333333 0.13240740740740742 0.0625 0.1574074074074074 0.0609375 0.16296296296296298 0.058854166666666666 0.16203703703703703 0.04635416666666667 0.1388888888888889 0.040625 0.12314814814814815 0.04114583333333333 0.12037037037037036
1 0.8151041666666666 0.12314814814814815 0.81875 0.09814814814814815 0.8239583333333333 0.08796296296296297 0.8255208333333334 0.09074074074074075 0.8244791666666667 0.10833333333333334 0.8171875 0.12407407407407407 0.815625 0.12314814814814815
1 0.12083333333333333 0.08333333333333333 0.017708333333333333 0.046296296296296294
1 0.8036458333333333 0.42314814814814816 0.8057291666666667 0.42592592592592593 0.8067708333333333 0.4425925925925926 0.7979166666666667 0.4601851851851852 0.7932291666666667 0.48055555555555557 0.790625 0.48333333333333334 0.7885416666666667 0.48148148148148145 0.7901041666666667 0.4527777777777778 0.7859375 0.4444444444444444 0.7890625 0.4388888888888889 0.7984375 0.4351851851851852 0.8005208333333333 0.425 0.803125 0.42407407407407405
1 0.5708333333333333 0.21203703703703702 0.5744791666666667 0.21203703703703702 0.578125 0.21851851851851853 0.5744791666666667 0.2537037037037037 0.5671875 0.2611111111111111 0.5682291666666667 0.2222222222222222 0.5708333333333333 0.21296296296296297
1 0.8484375 0.9287037037037037 0.8520833333333333 0.9277777777777778 0.8598958333333333 0.9342592592592592 0.8625 0.9527777777777777 0.8557291666666667 0.9648148148148148 0.85 0.9675925925925926 0.8453125 0.9768518518518519 0.8395833333333333 0.9703703703703703 0.8369791666666667 0.9601851851851851 0.8166666666666667 0.9546296296296296 0.8192708333333333 0.950925925925926 0.8401041666666667 0.9490740740740741 0.846875 0.937962962962963 0.8484375 0.9296296296296296
1 0.7692708333333333 0.1527777777777778 0.7755208333333333 0.1648148148148148 0.7760416666666666 0.17222222222222222 0.7713541666666667 0.1824074074074074 0.7703125 0.19166666666666668 0.7671875 0.1935185185185185 0.7651041666666667 0.2 0.7567708333333333 0.19907407407407407 0.7567708333333333 0.19074074074074074 0.7609375 0.17685185185185184 0.7614583333333333 0.1685185185185185 0.76875 0.1527777777777778
1 0.35572916666666665 0.8787037037037037 0.3609375 0.8694444444444445 0.3651041666666667 0.8703703703703703 0.37135416666666665 0.9 0.3697916666666667 0.9111111111111111 0.3729166666666667 0.9166666666666666 0.3703125 0.9212962962962963 0.365625 0.9222222222222223 0.3651041666666667 0.912962962962963 0.359375 0.9111111111111111 0.35520833333333335 0.9046296296296297 0.35572916666666665 0.8796296296296297
1 0.6473958333333333 0.1388888888888889 0.6510416666666666 0.14814814814814814 0.6479166666666667 0.17037037037037037 0.6479166666666667 0.18888888888888888 0.64375 0.18888888888888888 0.6411458333333333 0.18055555555555555 0.6416666666666667 0.15092592592592594 0.646875 0.1398148148148148
1 0.19739583333333333 0.06296296296296296 0.20416666666666666 0.09444444444444444 0.2 0.10185185185185185 0.19739583333333333 0.10185185185185185 0.19739583333333333 0.09537037037037037 0.19375 0.08796296296296297 0.190625 0.07222222222222222 0.19114583333333332 0.06388888888888888 0.196875 0.06296296296296296
1 0.18541666666666667 0.016666666666666666 0.1921875 0.018518518518518517 0.19583333333333333 0.024074074074074074 0.19739583333333333 0.05277777777777778 0.19583333333333333 0.06018518518518518 0.19114583333333332 0.05740740740740741 0.18541666666666667 0.017592592592592594
1 0.4015625 0.5564814814814815 0.4078125 0.562962962962963 0.41041666666666665 0.5777777777777777 0.41458333333333336 0.5833333333333334 0.4114583333333333 0.5907407407407408 0.4041666666666667 0.5953703703703703 0.4041666666666667 0.6064814814814815 0.4015625 0.6101851851851852 0.3958333333333333 0.5712962962962963 0.39739583333333334 0.5574074074074075 0.4010416666666667 0.5564814814814815
1 0.09375 0.13240740740740742 0.10052083333333334 0.14074074074074075 0.10572916666666667 0.16111111111111112 0.10572916666666667 0.16666666666666666 0.10208333333333333 0.17314814814814813 0.09635416666666667 0.1638888888888889 0.08802083333333334 0.14074074074074075 0.0890625 0.13148148148148148 0.09322916666666667 0.13240740740740742
1 0.48541666666666666 0.3314814814814815 0.4901041666666667 0.34444444444444444 0.4895833333333333 0.37037037037037035 0.4875 0.37592592592592594 0.484375 0.37222222222222223 0.48125 0.38333333333333336 0.478125 0.3824074074074074 0.48020833333333335 0.36944444444444446 0.4796875 0.34074074074074073 0.48072916666666665 0.3333333333333333 0.48489583333333336 0.3314814814814815
1 0.6145833333333334 0.1425925925925926 0.6182291666666667 0.14629629629629629 0.6197916666666666 0.15833333333333333 0.6125 0.18703703703703703 0.6104166666666667 0.18518518518518517 0.6104166666666667 0.1787037037037037 0.6083333333333333 0.17592592592592593 0.6088541666666667 0.1527777777777778 0.6104166666666667 0.14629629629629629 0.6140625 0.1425925925925926
1 0.06770833333333333 0.6305555555555555 0.078125 0.6388888888888888 0.0796875 0.6472222222222223 0.08489583333333334 0.6546296296296297 0.08541666666666667 0.6601851851851852 0.0828125 0.6657407407407407 0.08697916666666666 0.674074074074074 0.08489583333333334 0.6777777777777778 0.07083333333333333 0.6657407407407407 0.065625 0.6685185185185185 0.059895833333333336 0.6657407407407407 0.05677083333333333 0.6537037037037037 0.05677083333333333 0.6351851851851852 0.0671875 0.6305555555555555
1 0.15416666666666667 0.07777777777777778 0.15572916666666667 0.08796296296296297 0.1546875 0.11203703703703703 0.14947916666666666 0.10555555555555556 0.14583333333333334 0.08796296296296297 0.146875 0.07962962962962963 0.15364583333333334 0.07777777777777778
1 0.18229166666666666 0.05277777777777778 0.1859375 0.05277777777777778 0.19114583333333332 0.06018518518518518 0.190625 0.0712962962962963 0.19322916666666667 0.08333333333333333 0.19010416666666666 0.08796296296296297 0.18697916666666667 0.08333333333333333 0.18229166666666666 0.062037037037037036 0.18229166666666666 0.053703703703703705
1 0.45625 0.30462962962962964 0.459375 0.3037037037037037 0.465625 0.31851851851851853 0.46510416666666665 0.33055555555555555 0.4609375 0.33425925925925926 0.4578125 0.35648148148148145 0.45625 0.3574074074074074 0.45625 0.3055555555555556
1 0.9114583333333334 0.5083333333333333 0.9145833333333333 0.5148148148148148 0.9145833333333333 0.5324074074074074 0.90625 0.5407407407407407 0.8973958333333333 0.5592592592592592 0.8901041666666667 0.5546296296296296 0.8901041666666667 0.55 0.9010416666666666 0.525 0.9020833333333333 0.5157407407407407 0.9109375 0.5083333333333333
1 0.3421875 0.8898148148148148 0.34791666666666665 0.8972222222222223 0.3489583333333333 0.9037037037037037 0.346875 0.9111111111111111 0.35104166666666664 0.9351851851851852 0.3489583333333333 0.9398148148148148 0.3458333333333333 0.9407407407407408 0.340625 0.9296296296296296 0.3338541666666667 0.9277777777777778 0.32708333333333334 0.9083333333333333 0.328125 0.9018518518518519 0.3359375 0.8898148148148148 0.3416666666666667 0.8898148148148148
1 0.6614583333333334 0.09722222222222222 0.665625 0.1111111111111111 0.665625 0.12129629629629629 0.6640625 0.13518518518518519 0.6578125 0.14444444444444443 0.6557291666666667 0.13796296296296295 0.6557291666666667 0.1111111111111111 0.6609375 0.09722222222222222
1 0.8692708333333333 0.49074074074074076 0.8682291666666667 0.48703703703703705 0.8697916666666666 0.4777777777777778 0.8677083333333333 0.47314814814814815 0.8619791666666666 0.4759259259259259 0.859375 0.48333333333333334 0.85625 0.4824074074074074 0.8541666666666666 0.47685185185185186 0.8630208333333333 0.4675925925925926 0.8765625 0.44074074074074077 0.88125 0.4425925925925926 0.8822916666666667 0.45185185185185184 0.875 0.4722222222222222 0.8739583333333333 0.4888888888888889 0.8697916666666666 0.49074074074074076
1 0.140625 0.03796296296296296 0.15 0.05 0.15208333333333332 0.07685185185185185 0.14635416666666667 0.0787037037037037 0.14479166666666668 0.07592592592592592 0.140625 0.05555555555555555 0.14010416666666667 0.03888888888888889
1 0.475 0.4740740740740741 0.4786458333333333 0.4777777777777778 0.4817708333333333 0.4888888888888889 0.47708333333333336 0.5222222222222223 0.4739583333333333 0.512962962962963 0.4703125 0.4861111111111111 0.4703125 0.4777777777777778 0.4744791666666667 0.4740740740740741
1 0.19895833333333332 0.046296296296296294 0.19791666666666666 0.03425925925925926 0.20104166666666667 0.026851851851851852 0.203125 0.027777777777777776 0.2078125 0.041666666666666664 0.21041666666666667 0.06111111111111111 0.20572916666666666 0.06388888888888888 0.19947916666666668 0.046296296296296294
1 0.44583333333333336 0.2953703703703704 0.4515625 0.30925925925925923 0.4479166666666667 0.3453703703703704 0.44583333333333336 0.3490740740740741 0.44166666666666665 0.33055555555555555 0.440625 0.3111111111111111 0.4427083333333333 0.2962962962962963 0.4453125 0.2953703703703704
1 0.5953125 0.013888888888888888 0.5994791666666667 0.019444444444444445 0.5963541666666666 0.053703703703703705 0.5921875 0.05740740740740741 0.5895833333333333 0.05462962962962963 0.5895833333333333 0.028703703703703703 0.5947916666666667 0.014814814814814815
1 0.3078125 0.8425925925925926 0.3171875 0.8481481481481481 0.3203125 0.8666666666666667 0.33229166666666665 0.8787037037037037 0.32760416666666664 0.8888888888888888 0.3203125 0.8777777777777778 0.31354166666666666 0.8777777777777778 0.3109375 0.8898148148148148 0.3026041666666667 0.8870370370370371 0.30572916666666666 0.8805555555555555 0.30572916666666666 0.8694444444444445 0.3 0.8472222222222222 0.303125 0.8416666666666667 0.3072916666666667 0.8425925925925926
1 0.021354166666666667 0.22870370370370371 0.027083333333333334 0.2537037037037037 0.0375 0.262037037037037 0.0359375 0.26481481481481484 0.0265625 0.26296296296296295 0.025520833333333333 0.2777777777777778 0.022916666666666665 0.2759259259259259 0.0203125 0.26481481481481484 0.0125 0.24814814814814815 0.0109375 0.23703703703703705 0.0125 0.22962962962962963 0.016145833333333335 0.22685185185185186 0.020833333333333332 0.22870370370370371
1 0.04010416666666667 0.19537037037037036 0.042708333333333334 0.19444444444444445 0.05 0.2037037037037037 0.05364583333333333 0.19907407407407407 0.053125 0.2064814814814815 0.057291666666666664 0.21574074074074073 0.059375 0.23055555555555557 0.05364583333333333 0.24074074074074073 0.0515625 0.23981481481481481 0.04739583333333333 0.22314814814814815 0.04010416666666667 0.20555555555555555 0.04010416666666667 0.1962962962962963
1 0.6177083333333333 0 0.6255208333333333 0 0.6229166666666667 0.020370370370370372 0.6203125 0.022222222222222223 0.6177083333333333 0.000925925925925926
1 0.10729166666666666 0.10925925925925926 0.115625 0.11296296296296296 0.1140625 0.12222222222222222 0.1203125 0.1425925925925926 0.1203125 0.15462962962962962 0.11875 0.15648148148148147 0.1140625 0.1388888888888889 0.10729166666666666 0.13055555555555556 0.10729166666666666 0.11018518518518519
1 0.11666666666666667 0.11388888888888889 0.1234375 0.12129629629629629 0.1265625 0.1361111111111111 0.13229166666666667 0.14351851851851852 0.1265625 0.1537037037037037 0.11510416666666666 0.13333333333333333 0.11354166666666667 0.11944444444444445 0.11614583333333334 0.11388888888888889
1 0.64375 0.012962962962962963 0.646875 0.014814814814814815 0.6494791666666667 0.021296296296296296 0.64375 0.04259259259259259 0.6401041666666667 0.03888888888888889 0.6385416666666667 0.028703703703703703 0.6401041666666667 0.019444444444444445 0.6432291666666666 0.013888888888888888
1 0.8958333333333334 0.49444444444444446 0.8989583333333333 0.4981481481481482 0.8953125 0.5157407407407407 0.8802083333333334 0.5425925925925926 0.8776041666666666 0.5398148148148149 0.8776041666666666 0.5212962962962963 0.8833333333333333 0.5064814814814815 0.8953125 0.49444444444444446
1 0.1578125 0.05462962962962963 0.16458333333333333 0.07037037037037037 0.1671875 0.08796296296296297 0.16510416666666666 0.09351851851851851 0.1578125 0.09074074074074075 0.15625 0.08703703703703704 0.153125 0.06296296296296296 0.15364583333333334 0.05648148148148148 0.15729166666666666 0.05462962962962963
1 0.4114583333333333 0.7759259259259259 0.41822916666666665 0.774074074074074 0.4296875 0.8 0.4276041666666667 0.8055555555555556 0.41822916666666665 0.8055555555555556 0.4109375 0.8231481481481482 0.4088541666666667 0.8212962962962963 0.4109375 0.8111111111111111 0.409375 0.7888888888888889 0.4114583333333333 0.7768518518518519
1 0.07447916666666667 0.15462962962962962 0.08489583333333334 0.1675925925925926 0.08489583333333334 0.17962962962962964 0.09114583333333333 0.1935185185185185 0.0890625 0.19814814814814816 0.0734375 0.175 0.071875 0.15555555555555556 0.07395833333333333 0.15462962962962962
1 0.23854166666666668 0.9435185185185185 0.24895833333333334 0.9564814814814815 0.253125 0.9685185185185186 0.253125 0.975 0.25052083333333336 0.9814814814814815 0.24114583333333334 0.9851851851851852 0.23489583333333333 0.9833333333333333 0.22864583333333333 0.9629629629629629 0.23072916666666668 0.95 0.23802083333333332 0.9435185185185185
1 0.8552083333333333 0.2449074074074074 0.020833333333333332 0.049074074074074076
1 0.2791666666666667 0.9148148148148149 0.28489583333333335 0.9175925925925926 0.29635416666666664 0.9324074074074075 0.29791666666666666 0.9611111111111111 0.29322916666666665 0.9666666666666667 0.290625 0.9657407407407408 0.2869791666666667 0.9518518518518518 0.278125 0.9398148148148148 0.27395833333333336 0.9203703703703704 0.2760416666666667 0.9157407407407407 0.2786458333333333 0.9157407407407407
1 0.46510416666666665 0.3296296296296296 0.46979166666666666 0.33796296296296297 0.4708333333333333 0.3574074074074074 0.4703125 0.36574074074074076 0.4635416666666667 0.38425925925925924 0.46197916666666666 0.38333333333333336 0.46197916666666666 0.3675925925925926 0.4578125 0.35185185185185186 0.459375 0.3351851851851852 0.46458333333333335 0.3296296296296296
1 0.10520833333333333 0.06296296296296296 0.11354166666666667 0.0824074074074074 0.1171875 0.1037037037037037 0.11614583333333334 0.11018518518518519 0.10625 0.10092592592592593 0.1015625 0.09166666666666666 0.1 0.0787037037037037 0.1015625 0.07222222222222222 0.10104166666666667 0.06111111111111111 0.1046875 0.06296296296296296
1 0.4739583333333333 0.4287037037037037 0.47708333333333336 0.4287037037037037 0.4822916666666667 0.44351851851851853 0.48072916666666665 0.47314814814814815 0.471875 0.47314814814814815 0.46979166666666666 0.44166666666666665 0.4739583333333333 0.42962962962962964
1 0.6229166666666667 0.10833333333333334 0.6265625 0.1175925925925926 0.6265625 0.125 0.6197916666666666 0.14907407407407408 0.615625 0.14351851851851852 0.6140625 0.12129629629629629 0.6197916666666666 0.10833333333333334 0.6223958333333334 0.10833333333333334
1 0.6166666666666667 0.35185185185185186 0.014583333333333334 0.053703703703703705
1 0.6338541666666667 0.06481481481481481 0.6369791666666667 0.0787037037037037 0.6296875 0.11018518518518519 0.6260416666666667 0.10925925925925926 0.6265625 0.07685185185185185 0.6286458333333333 0.06944444444444445 0.6333333333333333 0.06481481481481481
1 0.2598958333333333 0.9444444444444444 0.26458333333333334 0.9527777777777777 0.26875 0.9546296296296296 0.2755208333333333 0.9685185185185186 0.2765625 0.9833333333333333 0.2734375 0.9861111111111112 0.2677083333333333 0.9851851851851852 0.265625 0.9805555555555555 0.26145833333333335 0.9851851851851852 0.25416666666666665 0.9824074074074074 0.253125 0.9518518518518518 0.2546875 0.9462962962962963 0.259375 0.9444444444444444
1 0.6338541666666667 0.1962962962962963 0.6369791666666667 0.2074074074074074 0.634375 0.21851851851851853 0.6338541666666667 0.23425925925925925 0.6302083333333334 0.24074074074074073 0.6265625 0.23981481481481481 0.6265625 0.21388888888888888 0.6302083333333334 0.2 0.6333333333333333 0.1962962962962963
1 0.1609375 0.08981481481481482 0.16354166666666667 0.09444444444444444 0.16927083333333334 0.12314814814814815 0.16458333333333333 0.13055555555555556 0.16145833333333334 0.13055555555555556 0.1609375 0.12407407407407407 0.15364583333333334 0.10555555555555556 0.1546875 0.09259259259259259 0.16041666666666668 0.08981481481481482
1 0.22135416666666666 0.003703703703703704 0.22395833333333334 0.010185185185185186 0.22760416666666666 0.03611111111111111 0.225 0.040740740740740744 0.22239583333333332 0.03888888888888889 0.21666666666666667 0.017592592592592594 0.21770833333333334 0.006481481481481481 0.22083333333333333 0.003703703703703704
1 0.31614583333333335 0.9111111111111111 0.32083333333333336 0.9157407407407407 0.3255208333333333 0.9416666666666667 0.321875 0.95 0.3177083333333333 0.9518518518518518 0.3145833333333333 0.9398148148148148 0.3026041666666667 0.9259259259259259 0.30364583333333334 0.9138888888888889 0.3104166666666667 0.9083333333333333 0.315625 0.9111111111111111