0 0.19010416666666666 0.34814814814814815 0.19635416666666666 0.3574074074074074 0.196875 0.37592592592592594 0.18072916666666666 0.3888888888888889 0.15989583333333332 0.4185185185185185 0.14895833333333333 0.4222222222222222 0.1390625 0.4212962962962963 0.134375 0.41759259259259257 0.128125 0.40185185185185185 0.12916666666666668 0.39351851851851855 0.1390625 0.3731481481481482 0.15520833333333334 0.35462962962962963 0.17916666666666667 0.3472222222222222 0.18958333333333333 0.34814814814814815
0 0.26614583333333336 0.4351851851851852 0.2755208333333333 0.44907407407407407 0.2760416666666667 0.4564814814814815 0.26197916666666665 0.4888888888888889 0.25833333333333336 0.4888888888888889 0.2526041666666667 0.4722222222222222 0.2552083333333333 0.46111111111111114 0.2630208333333333 0.4583333333333333 0.26614583333333336 0.45185185185185184 0.25885416666666666 0.4444444444444444 0.2552083333333333 0.45185185185185184 0.25416666666666665 0.4425925925925926 0.2552083333333333 0.43796296296296294 0.25885416666666666 0.4398148148148148 0.265625 0.4351851851851852
0 0.5015625 0.36018518518518516 0.50625 0.36944444444444446 0.5125 0.39351851851851855 0.5177083333333333 0.4 0.5161458333333333 0.4083333333333333 0.5197916666666667 0.42777777777777776 0.5192708333333333 0.43703703703703706 0.5161458333333333 0.44351851851851853 0.5052083333333334 0.44907407407407407 0.4942708333333333 0.44722222222222224 0.49114583333333334 0.44351851851851853 0.4869791666666667 0.4212962962962963 0.48020833333333335 0.40185185185185185 0.4791666666666667 0.39166666666666666 0.4791666666666667 0.38055555555555554 0.48385416666666664 0.3648148148148148 0.490625 0.3592592592592593 0.5010416666666667 0.36018518518518516
0 0.7791666666666667 0.5666666666666667 0.7848958333333333 0.5712962962962963 0.7942708333333334 0.5712962962962963 0.7963541666666667 0.575925925925926 0.7927083333333333 0.6018518518518519 0.7864583333333334 0.6166666666666667 0.7828125 0.6175925925925926 0.7765625 0.5981481481481481 0.7791666666666667 0.5675925925925925
0 0.5546875 0.3037037037037037 0.5609375 0.31296296296296294 0.5708333333333333 0.3453703703703704 0.5723958333333333 0.3638888888888889 0.5760416666666667 0.3768518518518518 0.5744791666666667 0.3972222222222222 0.5645833333333333 0.40370370370370373 0.5572916666666666 0.40370370370370373 0.5526041666666667 0.3972222222222222 0.5489583333333333 0.38333333333333336 0.5416666666666666 0.37222222222222223 0.5348958333333333 0.3527777777777778 0.5359375 0.32407407407407407 0.5395833333333333 0.3101851851851852 0.54375 0.3055555555555556 0.5541666666666667 0.3037037037037037
0 0.528125 0.1962962962962963 0.5338541666666666 0.20092592592592592 0.5354166666666667 0.22962962962962963 0.5328125 0.24074074074074073 0.5223958333333333 0.24537037037037038 0.51875 0.23796296296296296 0.51875 0.21574074074074073 0.5213541666666667 0.2 0.5276041666666667 0.1962962962962963
0 0.28125 0.20555555555555555 0.2859375 0.21666666666666667 0.2864583333333333 0.23333333333333334 0.27760416666666665 0.24814814814814815 0.27291666666666664 0.2518518518518518 0.2604166666666667 0.24814814814814815 0.25833333333333336 0.23981481481481481 0.2578125 0.21944444444444444 0.26666666666666666 0.21481481481481482 0.2755208333333333 0.20555555555555555 0.28072916666666664 0.20555555555555555
0 0.4609375 0.22962962962962963 0.4635416666666667 0.24259259259259258 0.4630208333333333 0.2638888888888889 0.44583333333333336 0.2851851851851852 0.4427083333333333 0.2824074074074074 0.4401041666666667 0.26944444444444443 0.4395833333333333 0.2564814814814815 0.44166666666666665 0.23796296296296296 0.44895833333333335 0.22685185185185186 0.45416666666666666 0.22592592592592592 0.46041666666666664 0.22962962962962963
0 0.9739583333333334 0.6509259259259259 0.9994791666666667 0.6611111111111111 0.9994791666666667 0.7407407407407407 0.9953125 0.7416666666666667 0.9854166666666667 0.737037037037037 0.9890625 0.7203703703703703 0.984375 0.7092592592592593 0.9713541666666666 0.7101851851851851 0.9609375 0.725 0.95625 0.725925925925926 0.9489583333333333 0.7138888888888889 0.9458333333333333 0.7037037037037037 0.9432291666666667 0.6925925925925925 0.94375 0.6666666666666666 0.9552083333333333 0.6527777777777778 0.9734375 0.6509259259259259
0 0.5541666666666667 0.4444444444444444 0.5614583333333333 0.45185185185185184 0.58125 0.4888888888888889 0.5927083333333333 0.5222222222222223 0.5932291666666667 0.537962962962963 0.5916666666666667 0.5453703703703704 0.571875 0.562037037037037 0.5609375 0.5564814814814815 0.5567708333333333 0.5425925925925926 0.5401041666666667 0.5120370370370371 0.5328125 0.5055555555555555 0.5296875 0.49444444444444446 0.5291666666666667 0.4759259259259259 0.5317708333333333 0.4648148148148148 0.5432291666666667 0.44907407407407407 0.5536458333333333 0.4444444444444444
0 0.865625 0.625 0.884375 0.6333333333333333 0.9067708333333333 0.6509259259259259 0.9083333333333333 0.6916666666666667 0.90625 0.7064814814814815 0.9015625 0.7101851851851851 0.8828125 0.7064814814814815 0.8614583333333333 0.6935185185185185 0.8479166666666667 0.6962962962962963 0.8432291666666667 0.6907407407407408 0.8390625 0.674074074074074 0.8411458333333334 0.6481481481481481 0.85625 0.625 0.8651041666666667 0.625
0 0.38333333333333336 0.40370370370370373 0.38697916666666665 0.40370370370370373 0.39375 0.412962962962963 0.39375 0.42407407407407405 0.390625 0.4425925925925926 0.384375 0.45185185185185184 0.38333333333333336 0.4601851851851852 0.3796875 0.4638888888888889 0.3765625 0.45 0.37604166666666666 0.4212962962962963 0.38333333333333336 0.4046296296296296
0 0.5375 0.6370370370370371 0.5395833333333333 0.6527777777777778 0.546875 0.649074074074074 0.5526041666666667 0.6601851851851852 0.553125 0.675 0.5583333333333333 0.6898148148148148 0.5578125 0.6981481481481482 0.5546875 0.7037037037037037 0.5520833333333334 0.7037037037037037 0.5463541666666667 0.6962962962962963 0.5416666666666666 0.6787037037037037 0.5291666666666667 0.6712962962962963 0.5255208333333333 0.662962962962963 0.5244791666666667 0.6472222222222223 0.5328125 0.6361111111111111 0.5369791666666667 0.6370370370370371
0 0.6380208333333334 0.649074074074074 0.6578125 0.6574074074074074 0.6796875 0.6842592592592592 0.6833333333333333 0.7129629629629629 0.6796875 0.7296296296296296 0.6822916666666666 0.737037037037037 0.6822916666666666 0.7435185185185185 0.678125 0.7509259259259259 0.6411458333333333 0.7305555555555555 0.6354166666666666 0.7240740740740741 0.6260416666666667 0.7212962962962963 0.6229166666666667 0.7166666666666667 0.6208333333333333 0.700925925925926 0.6229166666666667 0.6842592592592592 0.6260416666666667 0.6712962962962963 0.6375 0.649074074074074
0 0.058333333333333334 0.6212962962962963 0.07239583333333334 0.6259259259259259 0.07916666666666666 0.6416666666666667 0.0921875 0.6611111111111111 0.1 0.6824074074074075 0.1 0.7064814814814815 0.0984375 0.7138888888888889 0.0921875 0.7231481481481481 0.08333333333333333 0.7296296296296296 0.08072916666666667 0.7435185185185185 0.075 0.7518518518518519 0.0609375 0.7537037037037037 0.053125 0.7509259259259259 0.04635416666666667 0.7620370370370371 0.0046875 0.7907407407407407 0 0.7907407407407407 0 0.7148148148148148 0.0020833333333333333 0.7138888888888889 0.0020833333333333333 0.7074074074074074 0 0.7064814814814815 0 0.6277777777777778 0.007291666666666667 0.625 0.0171875 0.6277777777777778 0.021354166666666667 0.6222222222222222 0.029166666666666667 0.6194444444444445 0.0578125 0.6212962962962963
0 0.28958333333333336 0.8759259259259259 0.3 0.8824074074074074 0.3104166666666667 0.8953703703703704 0.3104166666666667 0.9046296296296297 0.2890625 0.9203703703703704 0.2765625 0.9259259259259259 0.2552083333333333 0.9212962962962963 0.2526041666666667 0.9092592592592592 0.25625 0.8972222222222223 0.2635416666666667 0.8925925925925926 0.26875 0.8777777777777778 0.2890625 0.8759259259259259
0 0.30833333333333335 0.3296296296296296 0.3104166666666667 0.3333333333333333 0.3125 0.3527777777777778 0.3072916666666667 0.37777777777777777 0.3046875 0.4046296296296296 0.29739583333333336 0.4101851851851852 0.2786458333333333 0.412962962962963 0.27239583333333334 0.41203703703703703 0.26666666666666666 0.39351851851851855 0.271875 0.3712962962962963 0.275 0.3425925925925926 0.2828125 0.3314814814814815 0.29010416666666666 0.32685185185185184 0.3026041666666667 0.32592592592592595 0.3078125 0.3296296296296296
0 0.7447916666666666 0.6972222222222222 0.7901041666666667 0.7361111111111112 0.8046875 0.7638888888888888 0.8177083333333334 0.7796296296296297 0.8213541666666667 0.7935185185185185 0.8208333333333333 0.8111111111111111 0.8140625 0.837037037037037 0.8067708333333333 0.8472222222222222 0.7895833333333333 0.8453703703703703 0.7697916666666667 0.8175925925925925 0.7401041666666667 0.7898148148148149 0.7276041666666667 0.7861111111111111 0.7213541666666666 0.7787037037037037 0.7166666666666667 0.762962962962963 0.7182291666666667 0.7444444444444445 0.7291666666666666 0.7101851851851851 0.7401041666666667 0.6981481481481482 0.7442708333333333 0.6972222222222222
0 0.29322916666666665 0.5805555555555556 0.29635416666666664 0.5805555555555556 0.3 0.587037037037037 0.3072916666666667 0.5842592592592593 0.3125 0.5879629629629629 0.31354166666666666 0.5916666666666667 0.3109375 0.6157407407407407 0.30416666666666664 0.6324074074074074 0.2947916666666667 0.6435185185185185 0.28958333333333336 0.6453703703703704 0.2864583333333333 0.6231481481481481 0.2864583333333333 0.6083333333333333 0.29270833333333335 0.5916666666666667 0.29322916666666665 0.5814814814814815
0 0.6958333333333333 0.5166666666666667 0.7078125 0.525 0.7244791666666667 0.5518518518518518 0.7260416666666667 0.5777777777777777 0.7213541666666666 0.5935185185185186 0.7203125 0.6111111111111112 0.7166666666666667 0.612037037037037 0.7109375 0.600925925925926 0.6994791666666667 0.5888888888888889 0.6739583333333333 0.5694444444444444 0.6744791666666666 0.5537037037037037 0.68125 0.5296296296296297 0.6921875 0.5175925925925926 0.6953125 0.5175925925925926
0 0.5052083333333334 0.22870370370370371 0.5098958333333333 0.23333333333333334 0.5109375 0.25092592592592594 0.5057291666666667 0.2898148148148148 0.49947916666666664 0.2972222222222222 0.4791666666666667 0.2935185185185185 0.47708333333333336 0.28888888888888886 0.47708333333333336 0.28055555555555556 0.48072916666666665 0.2611111111111111 0.48020833333333335 0.25462962962962965 0.48385416666666664 0.2490740740740741 0.4875 0.23425925925925925 0.490625 0.22870370370370371 0.4947916666666667 0.22685185185185186 0.5046875 0.22870370370370371
0 0.31979166666666664 0.9657407407407408 0.32760416666666664 0.9740740740740741 0.33541666666666664 0.9740740740740741 0.34322916666666664 0.9787037037037037 0.3453125 0.9842592592592593 0.3453125 0.9953703703703703 0.34322916666666664 0.9990740740740741 0.2921875 0.9990740740740741 0.29322916666666665 0.9898148148148148 0.3020833333333333 0.9796296296296296 0.3072916666666667 0.9675925925925926 0.31927083333333334 0.9657407407407408
0 0.6125 0.049074074074074076 0.6197916666666666 0.06018518518518518 0.6208333333333333 0.07407407407407407 0.6177083333333333 0.08055555555555556 0.6098958333333333 0.08518518518518518 0.5989583333333334 0.08148148148148149 0.5979166666666667 0.07222222222222222 0.6078125 0.049074074074074076 0.6119791666666666 0.049074074074074076
0 0.9770833333333333 0.8333333333333334 0.9838541666666667 0.837037037037037 0.9885416666666667 0.8518518518518519 0.9953125 0.8629629629629629 0.9973958333333334 0.8712962962962963 0.9994791666666667 0.8722222222222222 0.9994791666666667 0.9 0.9947916666666666 0.9037037037037037 0.9838541666666667 0.9027777777777778 0.9765625 0.8953703703703704 0.9557291666666666 0.8833333333333333 0.9390625 0.8703703703703703 0.9359375 0.862037037037037 0.9375 0.85 0.9421875 0.8416666666666667 0.9536458333333333 0.8435185185185186 0.9671875 0.8342592592592593 0.9765625 0.8333333333333334
0 0.6385416666666667 0.2814814814814815 0.6484375 0.30277777777777776 0.6473958333333333 0.31574074074074077 0.6442708333333333 0.32037037037037036 0.6369791666666667 0.3138888888888889 0.6255208333333333 0.31203703703703706 0.6197916666666666 0.29907407407407405 0.6197916666666666 0.2953703703703704 0.628125 0.2833333333333333 0.6317708333333333 0.28055555555555556 0.6380208333333334 0.2814814814814815
0 0.59375 0.2972222222222222 0.6041666666666666 0.3175925925925926 0.6145833333333334 0.36203703703703705 0.6145833333333334 0.36944444444444446 0.6098958333333333 0.38055555555555554 0.5989583333333334 0.3824074074074074 0.5885416666666666 0.3814814814814815 0.5838541666666667 0.37592592592592594 0.5833333333333334 0.3675925925925926 0.5770833333333333 0.35555555555555557 0.5708333333333333 0.3296296296296296 0.5708333333333333 0.3138888888888889 0.5744791666666667 0.30277777777777776 0.58125 0.2953703703703704 0.5932291666666667 0.2972222222222222
0 0.5505208333333333 0.2351851851851852 0.5557291666666667 0.24259259259259258 0.5578125 0.2657407407407407 0.5546875 0.29074074074074074 0.546875 0.2972222222222222 0.5364583333333334 0.27870370370370373 0.5411458333333333 0.24074074074074073 0.5447916666666667 0.2361111111111111 0.55 0.2351851851851852
0 0.5614583333333333 0.06851851851851852 0.5677083333333334 0.06851851851851852 0.5786458333333333 0.07592592592592592 0.5796875 0.08148148148148149 0.5630208333333333 0.10277777777777777 0.5604166666666667 0.11203703703703703 0.5609375 0.13796296296296295 0.5515625 0.16018518518518518 0.5458333333333333 0.16574074074074074 0.5213541666666667 0.16111111111111112 0.5203125 0.1398148148148148 0.5223958333333333 0.11481481481481481 0.55625 0.07037037037037037 0.5609375 0.06851851851851852
0 0.5661458333333333 0.1712962962962963 0.5703125 0.17685185185185184 0.5734375 0.19166666666666668 0.5708333333333333 0.21574074074074073 0.5682291666666667 0.21851851851851853 0.55 0.21296296296296297 0.55 0.2 0.5526041666666667 0.18518518518518517 0.5588541666666667 0.17222222222222222 0.565625 0.1712962962962963
0 0.1921875 0.7861111111111111 0.19479166666666667 0.7898148148148149 0.19479166666666667 0.799074074074074 0.19114583333333332 0.8240740740740741 0.17083333333333334 0.8592592592592593 0.159375 0.8731481481481481 0.15416666666666667 0.8712962962962963 0.15052083333333333 0.8555555555555555 0.1515625 0.8324074074074074 0.15989583333333332 0.8083333333333333 0.15729166666666666 0.8009259259259259 0.1578125 0.7972222222222223 0.1609375 0.7916666666666666 0.16822916666666668 0.7925925925925926 0.17239583333333333 0.7888888888888889 0.17239583333333333 0.8 0.17864583333333334 0.8083333333333333 0.18333333333333332 0.8009259259259259 0.18541666666666667 0.7888888888888889 0.19166666666666668 0.7861111111111111
0 0.5260416666666666 0.850925925925926 0.5328125 0.8546296296296296 0.5380208333333333 0.8648148148148148 0.5463541666666667 0.8703703703703703 0.5505208333333333 0.8925925925925926 0.546875 0.8981481481481481 0.5359375 0.8972222222222223 0.5291666666666667 0.9018518518518519 0.5171875 0.9037037037037037 0.5015625 0.9009259259259259 0.4979166666666667 0.8888888888888888 0.4979166666666667 0.8777777777777778 0.5010416666666667 0.8722222222222222 0.5119791666666667 0.8685185185185185 0.51875 0.850925925925926 0.5255208333333333 0.850925925925926
0 0.5817708333333333 0.028703703703703703 0.5880208333333333 0.03333333333333333 0.5875 0.04722222222222222 0.5838541666666667 0.0712962962962963 0.578125 0.07685185185185185 0.5697916666666667 0.0712962962962963 0.5682291666666667 0.05925925925925926 0.5713541666666667 0.03611111111111111 0.58125 0.028703703703703703
0 0.7385416666666667 0.41574074074074074 0.7520833333333333 0.42407407407407405 0.7729166666666667 0.44537037037037036 0.7776041666666667 0.48703703703703705 0.7734375 0.49722222222222223 0.7692708333333333 0.5 0.7520833333333333 0.4981481481481482 0.7442708333333333 0.49444444444444446 0.7390625 0.48703703703703705 0.7395833333333334 0.4759259259259259 0.7338541666666667 0.43333333333333335 0.734375 0.41944444444444445 0.7380208333333333 0.41574074074074074
1 0.7807291666666667 0.3148148148148148 0.7864583333333334 0.32314814814814813 0.7869791666666667 0.3314814814814815 0.7796875 0.3574074074074074 0.7770833333333333 0.35555555555555557 0.7770833333333333 0.32037037037037036 0.7802083333333333 0.3148148148148148
1 0.4739583333333333 0.6416666666666667 0.4796875 0.6564814814814814 0.4744791666666667 0.6990740740740741 0.4713541666666667 0.6935185185185185 0.4713541666666667 0.675 0.46770833333333334 0.6611111111111111 0.46979166666666666 0.6435185185185185 0.4734375 0.6416666666666667
1 0.4401041666666667 0.7 0.446875 0.7175925925925926 0.4453125 0.7296296296296296 0.44583333333333336 0.7537037037037037 0.4432291666666667 0.7564814814814815 0.43072916666666666 0.7231481481481481 0.4322916666666667 0.7064814814814815 0.4395833333333333 0.7
1 0.08854166666666667 0.3074074074074074 0.09166666666666666 0.3101851851851852 0.09947916666666666 0.33425925925925926 0.09895833333333333 0.3435185185185185 0.0921875 0.3453703703703704 0.08854166666666667 0.337037037037037 0.08645833333333333 0.32222222222222224 0.08802083333333334 0.30833333333333335
1 0.13229166666666667 0.275 0.12708333333333333 0.24814814814814815 0.12708333333333333 0.24444444444444444 0.13020833333333334 0.24074074074074073 0.13541666666666666 0.24351851851851852 0.1390625 0.26481481481481484 0.13854166666666667 0.27314814814814814 0.1328125 0.275
1 0.2 0.22685185185185186 0.20625 0.23425925925925925 0.21041666666666667 0.24722222222222223 0.21041666666666667 0.25092592592592594 0.20416666666666666 0.2611111111111111 0.20208333333333334 0.2611111111111111 0.19947916666666668 0.25555555555555554 0.196875 0.23148148148148148 0.19947916666666668 0.22685185185185186
1 0.43385416666666665 0.7416666666666667 0.4427083333333333 0.7574074074074074 0.4390625 0.7962962962962963 0.4354166666666667 0.7962962962962963 0.434375 0.7851851851851852 0.4270833333333333 0.7685185185185185 0.4296875 0.7444444444444445 0.43333333333333335 0.7416666666666667
1 0.049479166666666664 0.36203703703703705 0.05364583333333333 0.362962962962963 0.06197916666666667 0.37222222222222223 0.0640625 0.3768518518518518 0.0625 0.3861111111111111 0.06354166666666666 0.39166666666666666 0.07083333333333333 0.3972222222222222 0.0640625 0.40555555555555556 0.053125 0.38333333333333336 0.05 0.3731481481481482 0.049479166666666664 0.362962962962963
1 0.12135416666666667 0.29259259259259257 0.12760416666666666 0.30277777777777776 0.12708333333333333 0.31574074074074077 0.13177083333333334 0.3212962962962963 0.1265625 0.3314814814814815 0.1234375 0.3314814814814815 0.12291666666666666 0.3212962962962963 0.11666666666666667 0.3037037037037037 0.11770833333333333 0.2935185185185185 0.12083333333333333 0.29259259259259257
1 0.019791666666666666 0.3990740740740741 0.025520833333333333 0.4083333333333333 0.028125 0.4212962962962963 0.024479166666666666 0.4388888888888889 0.022395833333333334 0.44074074074074077 0.019791666666666666 0.4388888888888889 0.0203125 0.425 0.015625 0.41574074074074074 0.013541666666666667 0.4046296296296296 0.015104166666666667 0.3962962962962963 0.019270833333333334 0.3990740740740741
1 0.8161458333333333 0.5018518518518519 0.8203125 0.5092592592592593 0.8208333333333333 0.5166666666666667 0.8098958333333334 0.5407407407407407 0.8036458333333333 0.5472222222222223 0.8015625 0.5462962962962963 0.8015625 0.5425925925925926 0.8083333333333333 0.5120370370370371 0.8119791666666667 0.5027777777777778 0.815625 0.5018518518518519
1 0.3875 0.8064814814814815 0.3958333333333333 0.8166666666666667 0.39947916666666666 0.8425925925925926 0.39791666666666664 0.8490740740740741 0.39375 0.8490740740740741 0.38697916666666665 0.8574074074074074 0.3854166666666667 0.8555555555555555 0.3854166666666667 0.8398148148148148 0.3807291666666667 0.8212962962962963 0.38125 0.8101851851851852 0.38333333333333336 0.8064814814814815 0.38697916666666665 0.8064814814814815
1 0.771875 0.24722222222222223 0.7723958333333333 0.2611111111111111 0.7671875 0.275 0.7630208333333334 0.27314814814814814 0.7645833333333333 0.25462962962962965 0.7682291666666666 0.24166666666666667 0.7713541666666667 0.24722222222222223
1 0.4317708333333333 0.6305555555555555 0.43802083333333336 0.6407407407407407 0.4390625 0.6462962962962963 0.4354166666666667 0.6787037037037037 0.4322916666666667 0.6796296296296296 0.42552083333333335 0.6453703703703704 0.4270833333333333 0.6333333333333333 0.43125 0.6305555555555555
1 0.5291666666666667 0.375 0.5307291666666667 0.37962962962962965 0.53125 0.4009259259259259 0.5286458333333334 0.41944444444444445 0.5265625 0.42314814814814816 0.5229166666666667 0.4212962962962963 0.5223958333333333 0.3851851851851852 0.525 0.375 0.5286458333333334 0.375
1 0.44947916666666665 0.6583333333333333 0.45364583333333336 0.6712962962962963 0.45 0.6907407407407408 0.453125 0.7129629629629629 0.45 0.7240740740740741 0.44583333333333336 0.7203703703703703 0.44479166666666664 0.7064814814814815 0.4427083333333333 0.7027777777777777 0.44427083333333334 0.6935185185185185 0.4432291666666667 0.6685185185185185 0.44479166666666664 0.6611111111111111 0.44895833333333335 0.6583333333333333
1 0.18489583333333334 0.5370370370370371 0.1921875 0.5388888888888889 0.20625 0.5638888888888889 0.20520833333333333 0.5675925925925925 0.19583333333333333 0.5666666666666667 0.19479166666666667 0.5703703703703704 0.19791666666666666 0.5814814814814815 0.19635416666666666 0.5861111111111111 0.19270833333333334 0.5833333333333334 0.184375 0.5444444444444444 0.18489583333333334 0.537962962962963
1 0.7583333333333333 0.6129629629629629 0.7583333333333333 0.5953703703703703 0.7541666666666667 0.5925925925925926 0.7510416666666667 0.5990740740740741 0.7494791666666667 0.5925925925925926 0.7546875 0.5842592592592593 0.7541666666666667 0.5731481481481482 0.7661458333333333 0.5592592592592592 0.7697916666666667 0.5592592592592592 0.7713541666666667 0.5657407407407408 0.7645833333333333 0.5833333333333334 0.7619791666666667 0.6148148148148148 0.7588541666666667 0.6129629629629629
1 0.609375 0.19722222222222222 0.6114583333333333 0.20185185185185187 0.6114583333333333 0.20833333333333334 0.6088541666666667 0.225 0.6057291666666667 0.22777777777777777 0.6052083333333333 0.20462962962962963 0.6088541666666667 0.19722222222222222
1 0.06145833333333333 0.3148148148148148 0.06875 0.32407407407407407 0.06770833333333333 0.33425925925925926 0.071875 0.35185185185185186 0.0703125 0.35555555555555557 0.065625 0.35462962962962963 0.05677083333333333 0.33425925925925926 0.05677083333333333 0.3194444444444444 0.0609375 0.3148148148148148
1 0.6052083333333333 0.2361111111111111 0.6078125 0.24537037037037038 0.6020833333333333 0.2722222222222222 0.5989583333333334 0.2712962962962963 0.5984375 0.24537037037037038 0.6020833333333333 0.2361111111111111 0.6046875 0.2361111111111111
1 0.6364583333333333 0.3398148148148148 0.6390625 0.35 0.6390625 0.3861111111111111 0.6369791666666667 0.3888888888888889 0.6338541666666667 0.37222222222222223 0.6265625 0.38333333333333336 0.6255208333333333 0.37962962962962965 0.6302083333333334 0.36574074074074076 0.6333333333333333 0.3472222222222222 0.6364583333333333 0.34074074074074073
1 0.21614583333333334 0.21296296296296297 0.221875 0.2222222222222222 0.22708333333333333 0.24444444444444444 0.22708333333333333 0.24814814814814815 0.21875 0.25092592592592594 0.21510416666666668 0.22314814814814815 0.21614583333333334 0.21388888888888888
1 0.10208333333333333 0.3148148148148148 0.109375 0.32314814814814813 0.11458333333333333 0.34814814814814815 0.109375 0.3527777777777778 0.10572916666666667 0.35185185185185186 0.10520833333333333 0.34074074074074073 0.09895833333333333 0.32037037037037036 0.09895833333333333 0.31666666666666665 0.1015625 0.31574074074074077
1 0.0265625 0.39814814814814814 0.03333333333333333 0.40370370370370373 0.040625 0.425 0.04791666666666667 0.42962962962962964 0.046875 0.4351851851851852 0.042708333333333334 0.43425925925925923 0.04114583333333333 0.4388888888888889 0.0296875 0.42592592592592593 0.0234375 0.40370370370370373 0.026041666666666668 0.39814814814814814
1 0.06041666666666667 0.287962962962963 0.06510416666666667 0.2953703703703704 0.06614583333333333 0.3074074074074074 0.07083333333333333 0.32037037037037036 0.07083333333333333 0.32407407407407407 0.06822916666666666 0.32592592592592595 0.05677083333333333 0.30833333333333335 0.05364583333333333 0.29814814814814816 0.0546875 0.2898148148148148 0.059895833333333336 0.287962962962963
1 0.9854166666666667 0.7092592592592593 0.9880208333333333 0.7157407407407408 0.9880208333333333 0.7268518518518519 0.9739583333333334 0.7574074074074074 0.9604166666666667 0.7481481481481481 0.9625 0.737037037037037 0.959375 0.7287037037037037 0.9703125 0.7111111111111111 0.9848958333333333 0.7092592592592593
1 0.6205729166666667 0.45740740740740743 0.009895833333333333 0.05
1 0 0.4601851851851852 0.010416666666666666 0.47685185185185186 0.009895833333333333 0.48055555555555557 0 0.4898148148148148 0 0.46111111111111114
1 0.5372395833333333 0.41944444444444445 0.009895833333333333 0.03888888888888889
1 0.3 0.1388888888888889 0.30364583333333334 0.14444444444444443 0.30416666666666664 0.1648148148148148 0.3026041666666667 0.17037037037037037 0.2994791666666667 0.17222222222222222 0.29739583333333336 0.16666666666666666 0.29635416666666664 0.1425925925925926 0.2994791666666667 0.1398148148148148
1 0.7416666666666667 0.5555555555555556 0.7484375 0.5703703703703704 0.7494791666666667 0.5805555555555556 0.7484375 0.5935185185185186 0.7432291666666667 0.6018518518518519 0.740625 0.612037037037037 0.7369791666666666 0.6111111111111112 0.7375 0.6046296296296296 0.7338541666666667 0.5972222222222222 0.7380208333333333 0.5564814814814815 0.7411458333333333 0.5555555555555556
1 0.546875 0.37962962962962965 0.55 0.3907407407407407 0.55 0.4 0.5473958333333333 0.41759259259259257 0.5442708333333334 0.4203703703703704 0.5416666666666666 0.41574074074074074 0.540625 0.39166666666666666 0.5432291666666667 0.3824074074074074 0.5463541666666667 0.37962962962962965
1 0.45364583333333336 0.6722222222222223 0.4583333333333333 0.6777777777777778 0.45989583333333334 0.6842592592592592 0.4609375 0.7064814814814815 0.45989583333333334 0.7129629629629629 0.453125 0.7166666666666667 0.4484375 0.7138888888888889 0.4484375 0.6907407407407408 0.453125 0.6722222222222223
1 0.09947916666666666 0.26944444444444443 0.10625 0.2814814814814815 0.10885416666666667 0.3037037037037037 0.10572916666666667 0.30833333333333335 0.09479166666666666 0.2833333333333333 0.0953125 0.2722222222222222 0.09895833333333333 0.26944444444444443
1 0.5536458333333333 0.3990740740740741 0.5572916666666666 0.4046296296296296 0.5583333333333333 0.41203703703703703 0.5541666666666667 0.4425925925925926 0.5505208333333333 0.44074074074074077 0.5479166666666667 0.4203703703703704 0.5494791666666666 0.4027777777777778 0.553125 0.3990740740740741
1 0.61171875 0.2851851851851852 0.0078125 0.03888888888888889
1 0.6755208333333333 0.5212962962962963 0.6770833333333334 0.5259259259259259 0.6770833333333334 0.5425925925925926 0.6723958333333333 0.5694444444444444 0.6682291666666667 0.5796296296296296 0.6619791666666667 0.575925925925926 0.665625 0.5611111111111111 0.6640625 0.5416666666666666 0.665625 0.5342592592592592 0.6723958333333333 0.5222222222222223 0.675 0.5212962962962963
1 0.5953125 0.225 0.5973958333333333 0.24351851851851852 0.5942708333333333 0.25925925925925924 0.5916666666666667 0.2638888888888889 0.5895833333333333 0.2574074074074074 0.5890625 0.23796296296296296 0.5916666666666667 0.22685185185185186 0.5947916666666667 0.225
1 0.6265625 0.42592592592592593 0.6291666666666667 0.4287037037037037 0.6328125 0.44537037037037036 0.6286458333333333 0.4601851851851852 0.6291666666666667 0.47314814814814815 0.6260416666666667 0.4740740740740741 0.6244791666666667 0.46944444444444444 0.6234375 0.43425925925925923 0.6260416666666667 0.42685185185185187
1 0.5916666666666667 0.18518518518518517 0.5953125 0.18425925925925926 0.5973958333333333 0.18888888888888888 0.5963541666666666 0.2074074074074074 0.5916666666666667 0.21203703703703702 0.5901041666666667 0.19722222222222222 0.5916666666666667 0.18611111111111112
1 0.26510416666666664 0.17037037037037037 0.2671875 0.17592592592592593 0.26666666666666666 0.18981481481481483 0.26875 0.19907407407407407 0.26458333333333334 0.20092592592592592 0.2609375 0.1962962962962963 0.2598958333333333 0.175 0.26458333333333334 0.1712962962962963
1 0.7544270833333333 0.5476851851851852 0.016145833333333335 0.049074074074074076