0 0.515625 0.1814814814814815 0.5203125 0.18518518518518517 0.5208333333333334 0.2064814814814815 0.5135416666666667 0.23425925925925925 0.5104166666666666 0.23796296296296296 0.49114583333333334 0.2351851851851852 0.48802083333333335 0.23055555555555557 0.4875 0.225 0.49375 0.19907407407407407 0.5 0.18425925925925926 0.5046875 0.18055555555555555 0.5151041666666667 0.1814814814814815
0 0.7567708333333333 0.3851851851851852 0.7614583333333333 0.387037037037037 0.765625 0.39351851851851855 0.7682291666666666 0.41388888888888886 0.7630208333333334 0.425 0.7729166666666667 0.4388888888888889 0.7755208333333333 0.45925925925925926 0.7770833333333333 0.48148148148148145 0.7692708333333333 0.49444444444444446 0.7489583333333333 0.49074074074074076 0.740625 0.4842592592592593 0.7380208333333333 0.4759259259259259 0.7375 0.44722222222222224 0.7338541666666667 0.42685185185185187 0.7338541666666667 0.4166666666666667 0.7369791666666666 0.40925925925925927 0.7416666666666667 0.4074074074074074 0.7369791666666666 0.4009259259259259 0.7375 0.39166666666666666 0.7447916666666666 0.38425925925925924 0.75625 0.3851851851851852
0 0.0640625 0.6 0.07083333333333333 0.6129629629629629 0.07760416666666667 0.6148148148148148 0.0796875 0.6185185185185185 0.08020833333333334 0.6333333333333333 0.096875 0.6648148148148149 0.10052083333333334 0.6805555555555556 0.0984375 0.7074074074074074 0.0921875 0.7166666666666667 0.0828125 0.7240740740740741 0.08125 0.7351851851851852 0.075 0.7453703703703703 0.0625 0.7472222222222222 0.05364583333333333 0.7435185185185185 0.04635416666666667 0.7555555555555555 0 0.7861111111111111 0 0.6416666666666667 0.0020833333333333333 0.6407407407407407 0 0.6388888888888888 0 0.6203703703703703 0.01875 0.6194444444444445 0.029166666666666667 0.6129629629629629 0.0625 0.6203703703703703 0.06614583333333333 0.6138888888888889 0.06354166666666666 0.600925925925926
0 0.49270833333333336 0.2712962962962963 0.4984375 0.2777777777777778 0.5020833333333333 0.28888888888888886 0.5015625 0.3148148148148148 0.4953125 0.3425925925925926 0.47760416666666666 0.3425925925925926 0.46979166666666666 0.33796296296296297 0.4703125 0.3101851851851852 0.478125 0.2796296296296296 0.48385416666666664 0.2722222222222222 0.4921875 0.2712962962962963
0 0.26666666666666666 0.47962962962962963 0.2713541666666667 0.48333333333333334 0.2760416666666667 0.4925925925925926 0.27760416666666665 0.5092592592592593 0.2755208333333333 0.524074074074074 0.26614583333333336 0.5388888888888889 0.26197916666666665 0.5518518518518518 0.24583333333333332 0.5814814814814815 0.24114583333333334 0.6018518518518519 0.22239583333333332 0.6157407407407407 0.2109375 0.6148148148148148 0.19479166666666667 0.6046296296296296 0.1890625 0.5861111111111111 0.19375 0.5601851851851852 0.22395833333333334 0.5009259259259259 0.2515625 0.4777777777777778 0.26614583333333336 0.47962962962962963
0 0.5869791666666667 0.04537037037037037 0.5890625 0.053703703703703705 0.5854166666666667 0.06388888888888888 0.5645833333333333 0.09166666666666666 0.5609375 0.12314814814814815 0.5578125 0.12777777777777777 0.5427083333333333 0.12407407407407407 0.5416666666666666 0.10185185185185185 0.5447916666666667 0.08055555555555556 0.5734375 0.04537037037037037 0.5864583333333333 0.04537037037037037
1 0.5708333333333333 0.43148148148148147 0.5677083333333334 0.4027777777777778 0.5703125 0.38981481481481484 0.5729166666666666 0.387037037037037 0.5755208333333334 0.3907407407407407 0.5760416666666667 0.4064814814814815 0.5744791666666667 0.4287037037037037 0.5713541666666667 0.43148148148148147
1 0.07447916666666667 0.34629629629629627 0.08072916666666667 0.35185185185185186 0.08541666666666667 0.3675925925925926 0.09479166666666666 0.37592592592592594 0.0953125 0.37962962962962965 0.09166666666666666 0.3814814814814815 0.08697916666666666 0.3768518518518518 0.08489583333333334 0.37962962962962965 0.0859375 0.3861111111111111 0.08333333333333333 0.38981481481481484 0.07395833333333333 0.3472222222222222
1 0.42135416666666664 0.7268518518518519 0.4296875 0.7342592592592593 0.4328125 0.7444444444444445 0.4322916666666667 0.7722222222222223 0.43072916666666666 0.7777777777777778 0.42552083333333335 0.7777777777777778 0.42291666666666666 0.7601851851851852 0.41822916666666665 0.75 0.41822916666666665 0.7324074074074074 0.42083333333333334 0.7277777777777777
1 0.58125 0.4041666666666667 0.010416666666666666 0.04537037037037037
1 0.09895833333333333 0.2601851851851852 0.10416666666666667 0.2638888888888889 0.10677083333333333 0.2712962962962963 0.10989583333333333 0.29259259259259257 0.1078125 0.29814814814814816 0.10625 0.30092592592592593 0.10260416666666666 0.3 0.10208333333333333 0.2916666666666667 0.09635416666666667 0.275 0.0984375 0.2611111111111111
1 0.546875 0.34629629629629627 0.5515625 0.35833333333333334 0.546875 0.3925925925925926 0.5432291666666667 0.38425925925925924 0.5421875 0.3685185185185185 0.5427083333333333 0.35555555555555557 0.5463541666666667 0.34629629629629627
1 0.5703125 0.3416666666666667 0.5760416666666667 0.3527777777777778 0.5734375 0.375 0.5671875 0.387037037037037 0.565625 0.3574074074074074 0.5703125 0.3425925925925926
1 0.7809895833333333 0.24953703703703703 0.011979166666666667 0.03796296296296296
1 0.55 0.3675925925925926 0.5536458333333333 0.3648148148148148 0.5572916666666666 0.37407407407407406 0.5546875 0.4 0.546875 0.4064814814814815 0.5479166666666667 0.3731481481481482 0.55 0.3685185185185185
1 0.13020833333333334 0.2324074074074074 0.1328125 0.23333333333333334 0.1359375 0.24074074074074073 0.1375 0.26481481481481484 0.1296875 0.26481481481481484 0.12604166666666666 0.2388888888888889 0.1296875 0.23333333333333334
1 0.76875 0.2962962962962963 0.7723958333333333 0.2972222222222222 0.7744791666666667 0.3111111111111111 0.7708333333333334 0.325 0.765625 0.33240740740740743 0.7619791666666667 0.33240740740740743 0.76875 0.2972222222222222
1 0.7989583333333333 0.5277777777777778 0.01875 0.053703703703703705
1 0.4625 0.5879629629629629 0.4666666666666667 0.6055555555555555 0.465625 0.612037037037037 0.4609375 0.6194444444444445 0.45989583333333334 0.6324074074074074 0.45677083333333335 0.6398148148148148 0.4552083333333333 0.6157407407407407 0.4515625 0.5972222222222222 0.45625 0.5842592592592593 0.45989583333333334 0.5842592592592593 0.46197916666666666 0.5879629629629629
1 0.22708333333333333 0.20092592592592592 0.23333333333333334 0.22314814814814815 0.23072916666666668 0.23055555555555557 0.22708333333333333 0.23333333333333334 0.22395833333333334 0.23333333333333334 0.22291666666666668 0.20925925925925926 0.2234375 0.2 0.2265625 0.20092592592592592
1 0.6057291666666667 0.2518518518518518 0.609375 0.25092592592592594 0.6114583333333333 0.2601851851851852 0.6104166666666667 0.2824074074074074 0.6046875 0.2916666666666667 0.6015625 0.2722222222222222 0.6020833333333333 0.2638888888888889 0.6057291666666667 0.25277777777777777
1 0.08489583333333334 0.32314814814814813 0.08802083333333334 0.32314814814814813 0.0953125 0.3333333333333333 0.09739583333333333 0.3416666666666667 0.09583333333333334 0.34814814814814815 0.1 0.36018518518518516 0.09791666666666667 0.3675925925925926 0.084375 0.33796296296296297 0.08333333333333333 0.33055555555555555 0.08489583333333334 0.32407407407407407
1 0.5947916666666667 0.30277777777777776 0.5984375 0.30277777777777776 0.5989583333333334 0.3296296296296296 0.6010416666666667 0.3435185185185185 0.5984375 0.3435185185185185 0.5958333333333333 0.33240740740740743 0.5921875 0.337037037037037 0.5911458333333334 0.3425925925925926 0.5880208333333333 0.3416666666666667 0.5947916666666667 0.3037037037037037
1 0.48125 0.575925925925926 0.48489583333333336 0.5814814814814815 0.48541666666666666 0.5925925925925926 0.4817708333333333 0.6083333333333333 0.4822916666666667 0.6240740740740741 0.48072916666666665 0.6277777777777778 0.47708333333333336 0.6212962962962963 0.47604166666666664 0.5981481481481481 0.4765625 0.5851851851851851 0.48072916666666665 0.575925925925926
1 0.013541666666666667 0.3972222222222222 0.027083333333333334 0.4101851851851852 0.0265625 0.4212962962962963 0.030729166666666665 0.43425925925925923 0.029166666666666667 0.4398148148148148 0.015104166666666667 0.4212962962962963 0.010416666666666666 0.4009259259259259 0.013020833333333334 0.3972222222222222
1 0.7791666666666667 0.5805555555555556 0.7838541666666666 0.5814814814814815 0.7854166666666667 0.5907407407407408 0.7833333333333333 0.612037037037037 0.7765625 0.6333333333333333 0.765625 0.6324074074074074 0.7739583333333333 0.6018518518518519 0.7723958333333333 0.5935185185185186 0.7666666666666667 0.5944444444444444 0.7661458333333333 0.5916666666666667 0.7791666666666667 0.5814814814814815
1 0.14739583333333334 0.2601851851851852 0.15572916666666667 0.2722222222222222 0.1578125 0.29907407407407405 0.1546875 0.3 0.14947916666666666 0.2898148148148148 0.14635416666666667 0.275 0.146875 0.2611111111111111
1 0.04739583333333333 0.29814814814814816 0.05 0.3 0.06041666666666667 0.32407407407407407 0.06041666666666667 0.337037037037037 0.057291666666666664 0.337037037037037 0.046875 0.32037037037037036 0.046875 0.29814814814814816
1 0.6088541666666667 0.23055555555555557 0.6057291666666667 0.22592592592592592 0.6052083333333333 0.21296296296296297 0.6072916666666667 0.20185185185185187 0.6104166666666667 0.2 0.6125 0.20462962962962963 0.609375 0.22962962962962963
1 0.4979166666666667 0.5638888888888889 0.5036458333333333 0.55 0.50625 0.55 0.5104166666666666 0.562037037037037 0.5104166666666666 0.5842592592592593 0.5057291666666667 0.5907407407407408 0.5041666666666667 0.600925925925926 0.5015625 0.6055555555555555 0.5005208333333333 0.5703703703703704 0.4984375 0.5648148148148148
1 0.23541666666666666 0.4388888888888889 0.23645833333333333 0.4351851851851852 0.240625 0.4361111111111111 0.24791666666666667 0.44814814814814813 0.24791666666666667 0.4638888888888889 0.25052083333333336 0.47685185185185186 0.24791666666666667 0.48148148148148145 0.24479166666666666 0.48055555555555557 0.24427083333333333 0.475 0.23958333333333334 0.4666666666666667 0.2359375 0.4398148148148148
1 0.48385416666666664 0.5861111111111111 0.490625 0.6018518518518519 0.4875 0.6361111111111111 0.48333333333333334 0.6361111111111111 0.48125 0.6046296296296296 0.48385416666666664 0.587037037037037
1 0.6510416666666666 0.4981481481481482 0.653125 0.5018518518518519 0.6536458333333334 0.5111111111111111 0.6479166666666667 0.5472222222222223 0.6401041666666667 0.5435185185185185 0.640625 0.5074074074074074 0.6442708333333333 0.5 0.6505208333333333 0.4981481481481482
1 0.5572916666666666 0.3296296296296296 0.5604166666666667 0.3314814814814815 0.5635416666666667 0.3398148148148148 0.5609375 0.36944444444444446 0.5572916666666666 0.37222222222222223 0.5541666666666667 0.35833333333333334 0.5541666666666667 0.33796296296296297 0.5567708333333333 0.33055555555555555
1 0.07135416666666666 0.3435185185185185 0.07447916666666667 0.34814814814814815 0.075 0.3592592592592593 0.07760416666666667 0.36574074074074076 0.078125 0.37962962962962965 0.0765625 0.38055555555555554 0.07395833333333333 0.38055555555555554 0.07291666666666667 0.375 0.0671875 0.36574074074074076 0.06197916666666667 0.34444444444444444 0.06354166666666666 0.3388888888888889 0.0671875 0.3388888888888889 0.07083333333333333 0.3435185185185185
1 0.4791666666666667 0.5462962962962963 0.4828125 0.562037037037037 0.4828125 0.5740740740740741 0.47760416666666666 0.587037037037037 0.4744791666666667 0.5898148148148148 0.471875 0.5592592592592592 0.4744791666666667 0.5481481481481482 0.4786458333333333 0.5462962962962963
1 0.5916666666666667 0.19537037037037036 0.5953125 0.2064814814814815 0.5921875 0.22962962962962963 0.5869791666666667 0.22685185185185186 0.5875 0.20925925925925926 0.5911458333333334 0.1962962962962963
1 0.6036458333333333 0.2064814814814815 0.6046875 0.225 0.5989583333333334 0.24166666666666667 0.5958333333333333 0.23425925925925925 0.5963541666666666 0.21666666666666667 0.5989583333333334 0.2074074074074074 0.603125 0.2064814814814815
1 0.24479166666666666 0.17962962962962964 0.24895833333333334 0.18425925925925926 0.25104166666666666 0.21203703703703702 0.2484375 0.21296296296296297 0.24375 0.20185185185185187 0.24270833333333333 0.18333333333333332 0.24427083333333333 0.18055555555555555
1 0.5572916666666666 0.2037037037037037 0.5604166666666667 0.2037037037037037 0.5630208333333333 0.21574074074074073 0.5625 0.22685185185185186 0.5572916666666666 0.2388888888888889 0.5546875 0.2175925925925926 0.5572916666666666 0.20462962962962963
1 0.134375 0.27870370370370373 0.13697916666666668 0.2777777777777778 0.14375 0.28703703703703703 0.146875 0.30648148148148147 0.14375 0.3138888888888889 0.14166666666666666 0.3101851851851852 0.134375 0.2796296296296296
1 0.2265625 0.9657407407407408 0.23125 0.9694444444444444 0.23489583333333333 0.9805555555555555 0.240625 0.9833333333333333 0.23958333333333334 0.9907407407407407 0.2265625 0.9990740740740741 0.2140625 0.9990740740740741 0.20364583333333333 0.9879629629629629 0.20416666666666666 0.9805555555555555 0.20989583333333334 0.9712962962962963 0.22604166666666667 0.9657407407407408
1 0.9953125 0.7351851851851852 0.9994791666666667 0.7379629629629629 0.9994791666666667 0.7675925925925926 0.9921875 0.7777777777777778 0.9885416666666667 0.787962962962963 0.9807291666666667 0.7796296296296297 0.9776041666666667 0.7657407407407407 0.9859375 0.7555555555555555 0.9854166666666667 0.7453703703703703 0.9885416666666667 0.7388888888888889 0.9911458333333333 0.7351851851851852 0.9947916666666666 0.7351851851851852
1 0.7216145833333333 0.5328703703703703 0.015104166666666667 0.05092592592592592
1 0.5359375 0.3453703703703704 0.5395833333333333 0.34629629629629627 0.5416666666666666 0.3527777777777778 0.5385416666666667 0.38425925925925924 0.5328125 0.38981481481481484 0.5322916666666667 0.362962962962963 0.5359375 0.34629629629629627
1 0.2734375 0.1537037037037037 0.2765625 0.16111111111111112 0.27760416666666665 0.17407407407407408 0.27708333333333335 0.18055555555555555 0.2734375 0.18518518518518517 0.2708333333333333 0.18333333333333332 0.26979166666666665 0.1675925925925926 0.26979166666666665 0.15648148148148147 0.27291666666666664 0.1537037037037037
1 0.47760416666666666 0.662962962962963 0.48072916666666665 0.6722222222222223 0.48072916666666665 0.6805555555555556 0.4786458333333333 0.6898148148148148 0.4786458333333333 0.7092592592592593 0.4739583333333333 0.7148148148148148 0.47239583333333335 0.7037037037037037 0.46458333333333335 0.6851851851851852 0.465625 0.6712962962962963 0.46927083333333336 0.6620370370370371 0.4739583333333333 0.6592592592592592 0.47708333333333336 0.662962962962963
1 0.7166666666666667 0.47962962962962963 0.71875 0.4842592592592593 0.7166666666666667 0.5 0.709375 0.5296296296296297 0.7067708333333333 0.5314814814814814 0.7036458333333333 0.5212962962962963 0.7072916666666667 0.512962962962963 0.7098958333333333 0.487962962962963 0.7161458333333334 0.47962962962962963
1 0.3302083333333333 0.8740740740740741 0.3359375 0.8796296296296297 0.3390625 0.8870370370370371 0.34010416666666665 0.912962962962963 0.33489583333333334 0.9259259259259259 0.3296875 0.9148148148148149 0.32916666666666666 0.9064814814814814 0.3229166666666667 0.8833333333333333 0.32447916666666665 0.875 0.3296875 0.8740740740740741
1 0.734375 0.32314814814814813 0.7385416666666667 0.33796296296296297 0.7364583333333333 0.36666666666666664 0.7338541666666667 0.36574074074074076 0.73125 0.35555555555555557 0.7234375 0.36203703703703705 0.7234375 0.3574074074074074 0.7270833333333333 0.3490740740740741 0.7270833333333333 0.3314814814814815 0.7338541666666667 0.32314814814814813
1 0.7822916666666667 0.3055555555555556 0.7869791666666667 0.3194444444444444 0.7828125 0.33055555555555555 0.7807291666666667 0.34814814814814815 0.7791666666666667 0.35 0.7760416666666666 0.34629629629629627 0.7760416666666666 0.32314814814814813 0.778125 0.3074074074074074 0.7817708333333333 0.3055555555555556
1 0.2791666666666667 0.18981481481481483 0.2760416666666667 0.15925925925925927 0.28020833333333334 0.16203703703703703 0.2869791666666667 0.18518518518518517 0.2864583333333333 0.18888888888888888 0.2796875 0.18981481481481483
1 0.35052083333333334 0.8851851851851852 0.35520833333333335 0.887962962962963 0.3609375 0.9 0.35989583333333336 0.9111111111111111 0.3645833333333333 0.9194444444444444 0.365625 0.9287037037037037 0.3619791666666667 0.9342592592592592 0.35520833333333335 0.9259259259259259 0.353125 0.9388888888888889 0.3489583333333333 0.9435185185185185 0.346875 0.9416666666666667 0.3453125 0.9305555555555556 0.3463541666666667 0.9074074074074074 0.34427083333333336 0.8870370370370371 0.35 0.8851851851851852