0 0.7203125 0.2972222222222222 0.7619791666666667 0.3388888888888889 0.7796875 0.37037037037037035 0.7921875 0.387037037037037 0.7953125 0.39537037037037037 0.7958333333333333 0.4083333333333333 0.79375 0.4212962962962963 0.7854166666666667 0.4388888888888889 0.7776041666666667 0.44537037037037036 0.7619791666666667 0.44814814814814813 0.7541666666666667 0.4444444444444444 0.746875 0.42407407407407405 0.7338541666666667 0.41388888888888886 0.7125 0.3888888888888889 0.7020833333333333 0.387037037037037 0.6942708333333333 0.3731481481481482 0.6942708333333333 0.36666666666666664 0.690625 0.35648148148148145 0.6916666666666667 0.325 0.6953125 0.31666666666666665 0.7088541666666667 0.3 0.7135416666666666 0.2962962962962963 0.7197916666666667 0.2972222222222222
0 0.8911458333333333 0.4777777777777778 0.9171875 0.49537037037037035 0.9354166666666667 0.5120370370370371 0.946875 0.524074074074074 0.9640625 0.5518518518518518 0.9666666666666667 0.5694444444444444 0.9645833333333333 0.612037037037037 0.940625 0.6222222222222222 0.9338541666666667 0.6203703703703703 0.9286458333333333 0.6148148148148148 0.9239583333333333 0.6027777777777777 0.9140625 0.5962962962962963 0.9104166666666667 0.5851851851851851 0.9005208333333333 0.5787037037037037 0.89375 0.5787037037037037 0.8770833333333333 0.5657407407407408 0.8651041666666667 0.5666666666666667 0.8572916666666667 0.5574074074074075 0.8541666666666666 0.5407407407407407 0.8463541666666666 0.5222222222222223 0.8515625 0.5083333333333333 0.8520833333333333 0.5 0.859375 0.4842592592592593 0.865625 0.4787037037037037 0.8828125 0.4759259259259259 0.890625 0.4777777777777778
0 0.4505208333333333 0.5064814814814815 0.5572916666666666 0.5518518518518518 0.5864583333333333 0.5694444444444444 0.60625 0.575925925925926 0.6265625 0.5879629629629629 0.628125 0.5935185185185186 0.6270833333333333 0.6185185185185185 0.6244791666666667 0.6351851851851852 0.6229166666666667 0.674074074074074 0.6197916666666666 0.6851851851851852 0.6192708333333333 0.7055555555555556 0.609375 0.7333333333333333 0.6026041666666667 0.7416666666666667 0.5822916666666667 0.7342592592592593 0.559375 0.7203703703703703 0.5453125 0.7194444444444444 0.5359375 0.725 0.5239583333333333 0.7231481481481481 0.5109375 0.7092592592592593 0.4973958333333333 0.7064814814814815 0.43854166666666666 0.6787037037037037 0.42604166666666665 0.6638888888888889 0.41041666666666665 0.6611111111111111 0.39791666666666664 0.65 0.38385416666666666 0.6425925925925926 0.3796875 0.6268518518518519 0.38125 0.600925925925926 0.3927083333333333 0.5509259259259259 0.40625 0.5157407407407407 0.4109375 0.5120370370370371 0.4234375 0.5138888888888888 0.43645833333333334 0.525 0.4453125 0.5074074074074074 0.45 0.5064814814814815
0 0.6067708333333334 0.26296296296296295 0.6135416666666667 0.2675925925925926 0.63125 0.28888888888888886 0.6411458333333333 0.3074074074074074 0.6520833333333333 0.32037037037037036 0.6567708333333333 0.33611111111111114 0.6614583333333334 0.3388888888888889 0.6692708333333334 0.3509259259259259 0.6713541666666667 0.362962962962963 0.6682291666666667 0.3824074074074074 0.6619791666666667 0.39444444444444443 0.6541666666666667 0.40185185185185185 0.64375 0.3972222222222222 0.6333333333333333 0.3824074074074074 0.6260416666666667 0.3824074074074074 0.6182291666666667 0.3768518518518518 0.5947916666666667 0.34444444444444444 0.584375 0.33796296296296297 0.5791666666666667 0.3111111111111111 0.5807291666666666 0.2898148148148148 0.5979166666666667 0.2657407407407407 0.60625 0.26296296296296295
0 0.5166666666666667 0.3731481481481482 0.5229166666666667 0.37962962962962965 0.5526041666666667 0.4287037037037037 0.5572916666666666 0.4324074074074074 0.559375 0.4462962962962963 0.5744791666666667 0.4787037037037037 0.5744791666666667 0.5055555555555555 0.5713541666666667 0.5157407407407407 0.5609375 0.5296296296296297 0.5494791666666666 0.5361111111111111 0.5338541666666666 0.5259259259259259 0.5291666666666667 0.5175925925925926 0.5213541666666667 0.4935185185185185 0.5057291666666667 0.4675925925925926 0.49114583333333334 0.45 0.4875 0.43796296296296294 0.484375 0.40925925925925927 0.49114583333333334 0.387037037037037 0.4942708333333333 0.38055555555555554 0.4984375 0.3824074074074074 0.5114583333333333 0.3731481481481482 0.5161458333333333 0.3731481481481482
0 0.7119791666666667 0.45092592592592595 0.7291666666666666 0.4564814814814815 0.7598958333333333 0.47314814814814815 0.7901041666666667 0.5009259259259259 0.79375 0.5074074074074074 0.7994791666666666 0.5259259259259259 0.7973958333333333 0.5564814814814815 0.7901041666666667 0.5703703703703704 0.7760416666666666 0.5777777777777777 0.76875 0.5740740740740741 0.7619791666666667 0.5638888888888889 0.7270833333333333 0.5462962962962963 0.7067708333333333 0.5305555555555556 0.6953125 0.5296296296296297 0.6880208333333333 0.5231481481481481 0.6864583333333333 0.49722222222222223 0.6890625 0.47314814814814815 0.696875 0.4564814814814815 0.7057291666666666 0.45092592592592595 0.7114583333333333 0.45092592592592595
0 0.3614583333333333 0.04259259259259259 0.3875 0.049074074074074076 0.39114583333333336 0.06481481481481481 0.3958333333333333 0.1037037037037037 0.39479166666666665 0.1287037037037037 0.3729166666666667 0.19074074074074074 0.3640625 0.20555555555555555 0.325 0.29907407407407405 0.3182291666666667 0.325 0.309375 0.3388888888888889 0.29739583333333336 0.3685185185185185 0.2916666666666667 0.37407407407407406 0.2640625 0.36574074074074076 0.24479166666666666 0.3490740740740741 0.2421875 0.33055555555555555 0.2296875 0.29259259259259257 0.228125 0.27685185185185185 0.22916666666666666 0.26851851851851855 0.2609375 0.2037037037037037 0.2677083333333333 0.19537037037037036 0.26979166666666665 0.18611111111111112 0.28072916666666664 0.1712962962962963 0.2838541666666667 0.15925925925925927 0.34322916666666664 0.05277777777777778 0.3463541666666667 0.04351851851851852 0.3489583333333333 0.040740740740740744 0.3609375 0.04259259259259259
1 0.45625 0.30277777777777776 0.459375 0.30462962962962964 0.46510416666666665 0.3194444444444444 0.46510416666666665 0.33240740740740743 0.45989583333333334 0.3638888888888889 0.45625 0.3675925925925926 0.45677083333333335 0.34629629629629627 0.4515625 0.3277777777777778 0.45208333333333334 0.31296296296296294 0.45625 0.3037037037037037
1 0.6473958333333333 0.04259259259259259 0.6494791666666667 0.05555555555555555 0.6473958333333333 0.09074074074074075 0.6411458333333333 0.08611111111111111 0.6401041666666667 0.07592592592592592 0.640625 0.05648148148148148 0.6432291666666666 0.04537037037037037 0.646875 0.04259259259259259
1 0.2635416666666667 0.8537037037037037 0.2682291666666667 0.8574074074074074 0.27291666666666664 0.8712962962962963 0.2791666666666667 0.8796296296296297 0.28125 0.8925925925925926 0.2791666666666667 0.8981481481481481 0.2671875 0.8944444444444445 0.26145833333333335 0.8972222222222223 0.253125 0.8842592592592593 0.25416666666666665 0.8666666666666667 0.25885416666666666 0.8555555555555555 0.2630208333333333 0.8537037037037037
1 0.015104166666666667 0.11851851851851852 0.01875 0.11851851851851852 0.022395833333333334 0.12314814814814815 0.0328125 0.1425925925925926 0.034895833333333334 0.15092592592592594 0.03177083333333333 0.16111111111111112 0.0265625 0.16111111111111112 0.015104166666666667 0.1361111111111111 0.015104166666666667 0.11944444444444445
1 0.5255208333333333 0.1537037037037037 0.5291666666666667 0.1537037037037037 0.5302083333333333 0.15648148148148147 0.5322916666666667 0.1648148148148148 0.53125 0.18333333333333332 0.5359375 0.19537037037037036 0.5359375 0.19814814814814816 0.5322916666666667 0.19907407407407407 0.525 0.1925925925925926 0.5239583333333333 0.1648148148148148 0.5255208333333333 0.15462962962962962
1 0.5432291666666667 0.08518518518518518 0.5494791666666666 0.09074074074074075 0.5515625 0.09722222222222222 0.5505208333333333 0.11574074074074074 0.5520833333333334 0.1425925925925926 0.55 0.14444444444444443 0.5411458333333333 0.12314814814814815 0.5411458333333333 0.09166666666666666 0.5427083333333333 0.08611111111111111
1 0.5640625 0.08611111111111111 0.5645833333333333 0.11296296296296296 0.5604166666666667 0.1361111111111111 0.5567708333333333 0.12407407407407407 0.55625 0.09722222222222222 0.5598958333333334 0.08703703703703704 0.5635416666666667 0.08611111111111111
1 0.07552083333333333 0 0.08541666666666667 0 0.09166666666666666 0.014814814814814815 0.08802083333333334 0.021296296296296296 0.0828125 0.022222222222222223 0.07552083333333333 0.000925925925925926
1 0.8541666666666666 0.4222222222222222 0.85625 0.43148148148148147 0.85 0.44351851851851853 0.8453125 0.4666666666666667 0.8385416666666666 0.4787037037037037 0.8354166666666667 0.4740740740740741 0.8401041666666667 0.4601851851851852 0.8380208333333333 0.43796296296296294 0.8453125 0.42592592592592593 0.8536458333333333 0.4222222222222222
1 0.011979166666666667 0.5185185185185185 0.020833333333333332 0.5231481481481481 0.025 0.5342592592592592 0.028125 0.5370370370370371 0.028125 0.55 0.034895833333333334 0.5657407407407408 0.03229166666666667 0.5712962962962963 0.022395833333333334 0.562037037037037 0.00625 0.5537037037037037 0.004166666666666667 0.5361111111111111 0 0.5305555555555556 0 0.5222222222222223 0.009895833333333333 0.5231481481481481 0.011979166666666667 0.5194444444444445
1 0.13385416666666666 0.25555555555555554 0.13697916666666668 0.2564814814814815 0.140625 0.2657407407407407 0.14114583333333333 0.27870370370370373 0.1484375 0.30092592592592593 0.1484375 0.31203703703703706 0.14427083333333332 0.31203703703703706 0.12916666666666668 0.2824074074074074 0.12864583333333332 0.2657407407407407 0.13333333333333333 0.2564814814814815
1 0.42239583333333336 0.3814814814814815 0.4276041666666667 0.387037037037037 0.43072916666666666 0.39537037037037037 0.428125 0.4111111111111111 0.4276041666666667 0.43796296296296294 0.42552083333333335 0.4425925925925926 0.42291666666666666 0.4398148148148148 0.42291666666666666 0.42592592592592593 0.41770833333333335 0.4185185185185185 0.4161458333333333 0.4064814814814815 0.4166666666666667 0.38981481481481484 0.421875 0.3814814814814815
1 0.04895833333333333 0.07314814814814814 0.0609375 0.09444444444444444 0.0609375 0.10925925925925926 0.0578125 0.11481481481481481 0.05364583333333333 0.10833333333333334 0.043229166666666666 0.07777777777777778 0.04375 0.07222222222222222 0.0484375 0.07314814814814814
1 0.9098958333333333 0.4305555555555556 0.9114583333333334 0.43703703703703706 0.9088541666666666 0.4462962962962963 0.89375 0.4740740740740741 0.8901041666666667 0.4759259259259259 0.8828125 0.47314814814814815 0.8828125 0.45740740740740743 0.9041666666666667 0.42777777777777776 0.909375 0.4305555555555556
1 0.28854166666666664 0.6185185185185185 0.296875 0.6212962962962963 0.2984375 0.6287037037037037 0.30364583333333334 0.6370370370370371 0.3072916666666667 0.6537037037037037 0.30625 0.6638888888888889 0.296875 0.6666666666666666 0.29322916666666665 0.6638888888888889 0.290625 0.6527777777777778 0.2859375 0.6444444444444445 0.28489583333333335 0.6212962962962963 0.28802083333333334 0.6185185185185185
1 0.17708333333333334 0.887962962962963 0.18541666666666667 0.8925925925925926 0.18854166666666666 0.9009259259259259 0.19739583333333333 0.912962962962963 0.20104166666666667 0.9277777777777778 0.19895833333333332 0.937962962962963 0.19583333333333333 0.937962962962963 0.18958333333333333 0.9296296296296296 0.17864583333333334 0.9342592592592592 0.1640625 0.9166666666666666 0.15989583333333332 0.8972222222222223 0.1765625 0.887962962962963
1 0.0578125 0.023148148148148147 0.06458333333333334 0.03333333333333333 0.07083333333333333 0.06111111111111111 0.0703125 0.06666666666666667 0.0671875 0.06666666666666667 0.0609375 0.05185185185185185 0.052083333333333336 0.04259259259259259 0.0515625 0.026851851851851852 0.05364583333333333 0.023148148148148147 0.057291666666666664 0.023148148148148147
1 0.39947916666666666 0.40925925925925927 0.4046875 0.41759259259259257 0.40625 0.42685185185185187 0.4036458333333333 0.4648148148148148 0.4005208333333333 0.4638888888888889 0.4 0.4527777777777778 0.3963541666666667 0.4444444444444444 0.3932291666666667 0.4287037037037037 0.39375 0.41574074074074074 0.39895833333333336 0.40925925925925927
1 0.12447916666666667 0.2824074074074074 0.13177083333333334 0.29259259259259257 0.134375 0.30277777777777776 0.134375 0.31203703703703706 0.13697916666666668 0.31851851851851853 0.13697916666666668 0.325 0.13489583333333333 0.32685185185185184 0.1296875 0.325 0.11614583333333334 0.29907407407407405 0.11614583333333334 0.2833333333333333 0.11875 0.2796296296296296 0.12395833333333334 0.2824074074074074
1 0.47604166666666664 0.27546296296296297 0.014583333333333334 0.058333333333333334
1 0.7489583333333333 0.21574074074074073 0.7520833333333333 0.22037037037037038 0.7520833333333333 0.22592592592592592 0.7411458333333333 0.26666666666666666 0.7338541666666667 0.2601851851851852 0.7411458333333333 0.22592592592592592 0.7484375 0.21574074074074073
1 0.58125 0.027777777777777776 0.5854166666666667 0.03333333333333333 0.5854166666666667 0.04814814814814815 0.58125 0.07407407407407407 0.578125 0.07222222222222222 0.5765625 0.06018518518518518 0.5807291666666666 0.028703703703703703
1 0.5770833333333333 0.14537037037037037 0.0125 0.05740740740740741
1 0.4432291666666667 0.29444444444444445 0.44947916666666665 0.31666666666666665 0.44947916666666665 0.34629629629629627 0.44583333333333336 0.3509259259259259 0.4427083333333333 0.35 0.44114583333333335 0.3351851851851852 0.43697916666666664 0.3212962962962963 0.4395833333333333 0.29814814814814816 0.4427083333333333 0.29444444444444445
1 0.14166666666666666 0.475 0.1578125 0.4898148148148148 0.16458333333333333 0.5027777777777778 0.16458333333333333 0.5296296296296297 0.15104166666666666 0.5231481481481481 0.146875 0.5046296296296297 0.13645833333333332 0.49166666666666664 0.13125 0.475 0.125 0.46944444444444444 0.12447916666666667 0.4537037037037037 0.12708333333333333 0.44907407407407407 0.13229166666666667 0.44814814814814813 0.13645833333333332 0.4537037037037037 0.14114583333333333 0.475
1 0.7453125 0.06296296296296296 0.7484375 0.07037037037037037 0.7479166666666667 0.0787037037037037 0.7463541666666667 0.09537037037037037 0.7411458333333333 0.10740740740740741 0.734375 0.10555555555555556 0.7359375 0.07407407407407407 0.740625 0.062037037037037036 0.7447916666666666 0.06296296296296296
1 0.9635416666666666 0.6509259259259259 0.9864583333333333 0.6259259259259259 0.9994791666666667 0.6231481481481481 0.9994791666666667 0.6472222222222223 0.9895833333333334 0.6638888888888889 0.9848958333333333 0.6648148148148149 0.9635416666666666 0.6555555555555556 0.9635416666666666 0.6518518518518519
1 0.49166666666666664 0.2601851851851852 0.4979166666666667 0.2712962962962963 0.4979166666666667 0.28888888888888886 0.4947916666666667 0.30833333333333335 0.49166666666666664 0.31296296296296294 0.4901041666666667 0.30277777777777776 0.4864583333333333 0.29444444444444445 0.4859375 0.28055555555555556 0.4869791666666667 0.26851851851851855 0.49114583333333334 0.2601851851851852
1 0.5916666666666667 0.12962962962962962 0.5953125 0.14074074074074075 0.5953125 0.15 0.5890625 0.1712962962962963 0.5848958333333333 0.1675925925925926 0.5828125 0.14722222222222223 0.5875 0.12962962962962962 0.5911458333333334 0.12962962962962962
1 0.9354166666666667 0.4212962962962963 0.9286458333333333 0.4462962962962963 0.9182291666666667 0.4740740740740741 0.9140625 0.4740740740740741 0.9125 0.46944444444444444 0.9145833333333333 0.45925925925925926 0.9140625 0.45 0.9109375 0.4425925925925926 0.9125 0.4361111111111111 0.9244791666666666 0.4212962962962963 0.9348958333333334 0.4212962962962963
1 0.5989583333333334 0.5064814814814815 0.6020833333333333 0.5185185185185185 0.5932291666666667 0.5333333333333333 0.5932291666666667 0.5611111111111111 0.5916666666666667 0.5657407407407408 0.5895833333333333 0.562962962962963 0.5869791666666667 0.5453703703703704 0.5822916666666667 0.5324074074074074 0.5833333333333334 0.5157407407407407 0.5864583333333333 0.5074074074074074 0.5927083333333333 0.5 0.5953125 0.5 0.5984375 0.5064814814814815
1 0.22552083333333334 0.8379629629629629 0.23541666666666666 0.8472222222222222 0.24166666666666667 0.8601851851851852 0.24427083333333333 0.8768518518518519 0.24114583333333334 0.8796296296296297 0.22864583333333333 0.8777777777777778 0.21927083333333333 0.8574074074074074 0.21822916666666667 0.8481481481481481 0.22135416666666666 0.8388888888888889 0.225 0.8379629629629629
1 0.35052083333333334 0.7888888888888889 0.36041666666666666 0.8027777777777778 0.36770833333333336 0.8064814814814815 0.3703125 0.8138888888888889 0.3671875 0.8185185185185185 0.3625 0.8185185185185185 0.3572916666666667 0.8231481481481482 0.3541666666666667 0.8324074074074074 0.3494791666666667 0.837037037037037 0.346875 0.8351851851851851 0.3484375 0.8277777777777777 0.34479166666666666 0.8111111111111111 0.33645833333333336 0.8027777777777778 0.34322916666666664 0.7888888888888889 0.35 0.7888888888888889
1 0.6864583333333333 0.32592592592592595 0.690625 0.3333333333333333 0.6911458333333333 0.35462962962962963 0.6890625 0.36574074074074076 0.6828125 0.37222222222222223 0.675 0.36574074074074076 0.6739583333333333 0.35648148148148145 0.6786458333333333 0.33796296296296297 0.6859375 0.32592592592592595
1 0.21041666666666667 0.9592592592592593 0.2140625 0.962037037037037 0.21666666666666667 0.9731481481481481 0.22760416666666666 0.9861111111111112 0.22864583333333333 0.9944444444444445 0.2265625 0.9990740740740741 0.20260416666666667 0.9990740740740741 0.19583333333333333 0.9953703703703703 0.19427083333333334 0.975925925925926 0.20364583333333333 0.962037037037037 0.20989583333333334 0.9592592592592593
1 0.7057291666666666 0.22314814814814815 0.7078125 0.2518518518518518 0.7036458333333333 0.262037037037037 0.703125 0.27870370370370373 0.7 0.2814814814814815 0.6984375 0.2759259259259259 0.6984375 0.25833333333333336 0.6932291666666667 0.24722222222222223 0.7020833333333333 0.22407407407407406 0.7052083333333333 0.22314814814814815
1 0.40572916666666664 0.9231481481481482 0.42135416666666664 0.937962962962963 0.42135416666666664 0.9518518518518518 0.41822916666666665 0.9574074074074074 0.4125 0.9601851851851851 0.40520833333333334 0.9592592592592593 0.3984375 0.937037037037037 0.39895833333333336 0.9287037037037037 0.40520833333333334 0.9231481481481482
1 0.371875 0.4148148148148148 0.37604166666666666 0.4148148148148148 0.38333333333333336 0.42777777777777776 0.3854166666666667 0.45555555555555555 0.38333333333333336 0.46296296296296297 0.3802083333333333 0.45740740740740743 0.3765625 0.47314814814814815 0.3729166666666667 0.47314814814814815 0.3734375 0.4527777777777778 0.3692708333333333 0.44166666666666665 0.3692708333333333 0.42685185185185187 0.371875 0.41574074074074074
1 0.24947916666666667 0.8907407407407407 0.259375 0.9055555555555556 0.2609375 0.9120370370370371 0.2609375 0.9175925925925926 0.25677083333333334 0.924074074074074 0.24791666666666667 0.9203703703703704 0.23802083333333332 0.9212962962962963 0.22864583333333333 0.8972222222222223 0.23125 0.8805555555555555 0.234375 0.8777777777777778 0.24427083333333333 0.8777777777777778 0.24895833333333334 0.8907407407407407