0 0.7135416666666666 0.001851851851851852 0.7208333333333333 0.008333333333333333 0.7270833333333333 0.03981481481481482 0.7244791666666667 0.05277777777777778 0.7203125 0.05740740740740741 0.7135416666666666 0.05925925925925926 0.7026041666666667 0.05740740740740741 0.6979166666666666 0.049074074074074076 0.6979166666666666 0.041666666666666664 0.7015625 0.02962962962962963 0.7015625 0.008333333333333333 0.7130208333333333 0.001851851851851852
0 0.6145833333333334 0.19074074074074074 0.6307291666666667 0.21388888888888888 0.6380208333333334 0.23148148148148148 0.6395833333333333 0.24444444444444444 0.6453125 0.2611111111111111 0.6453125 0.27314814814814814 0.6427083333333333 0.2824074074074074 0.6375 0.2898148148148148 0.628125 0.29259259259259257 0.61875 0.29259259259259257 0.6125 0.287962962962963 0.6088541666666667 0.2722222222222222 0.5885416666666666 0.23425925925925925 0.5880208333333333 0.22037037037037038 0.5916666666666667 0.2037037037037037 0.6057291666666667 0.19074074074074074 0.6140625 0.19074074074074074
0 0.5229166666666667 0.09351851851851851 0.5333333333333333 0.09722222222222222 0.5375 0.11296296296296296 0.5401041666666667 0.1527777777777778 0.5401041666666667 0.1962962962962963 0.5369791666666667 0.2074074074074074 0.5307291666666667 0.2111111111111111 0.5114583333333333 0.20833333333333334 0.5067708333333333 0.20277777777777778 0.5083333333333333 0.18888888888888888 0.5083333333333333 0.16018518518518518 0.5067708333333333 0.15092592592592594 0.509375 0.14444444444444443 0.5104166666666666 0.1111111111111111 0.515625 0.09537037037037037 0.5223958333333333 0.09351851851851851
0 0.8244791666666667 0.005555555555555556 0.8328125 0.008333333333333333 0.8348958333333333 0.012962962962962963 0.8416666666666667 0.013888888888888888 0.846875 0.009259259259259259 0.85625 0.014814814814814815 0.85625 0.018518518518518517 0.8520833333333333 0.022222222222222223 0.8442708333333333 0.037037037037037035 0.8182291666666667 0.032407407407407406 0.8125 0.028703703703703703 0.8109375 0.018518518518518517 0.8145833333333333 0.012962962962962963 0.821875 0.012037037037037037 0.8239583333333333 0.006481481481481481
0 0.778125 0.5722222222222222 0.7859375 0.5740740740740741 0.8213541666666667 0.6046296296296296 0.83125 0.6166666666666667 0.840625 0.6361111111111111 0.8526041666666667 0.65 0.8572916666666667 0.6694444444444444 0.8557291666666667 0.6907407407407408 0.8489583333333334 0.7101851851851851 0.8359375 0.7203703703703703 0.8213541666666667 0.7129629629629629 0.8151041666666666 0.700925925925926 0.7875 0.6685185185185185 0.7734375 0.6555555555555556 0.7619791666666667 0.6518518518518519 0.75625 0.6435185185185185 0.7546875 0.6296296296296297 0.7614583333333333 0.5953703703703703 0.76875 0.5805555555555556 0.7739583333333333 0.5731481481481482 0.7776041666666667 0.5722222222222222
0 0.5473958333333333 0.21574074074074073 0.5677083333333334 0.2537037037037037 0.578125 0.2851851851851852 0.5854166666666667 0.3194444444444444 0.5848958333333333 0.33796296296296297 0.5817708333333333 0.3425925925925926 0.5625 0.35185185185185186 0.5536458333333333 0.35 0.5463541666666667 0.3388888888888889 0.5385416666666667 0.3074074074074074 0.5255208333333333 0.28055555555555556 0.5223958333333333 0.2611111111111111 0.5223958333333333 0.2462962962962963 0.5291666666666667 0.225 0.5354166666666667 0.2175925925925926 0.546875 0.21574074074074073
0 0.8364583333333333 0.7962962962962963 0.8833333333333333 0.8166666666666667 0.890625 0.8231481481481482 0.8958333333333334 0.8333333333333334 0.8979166666666667 0.8416666666666667 0.8963541666666667 0.8527777777777777 0.8875 0.8814814814814815 0.8838541666666667 0.8870370370370371 0.8729166666666667 0.8916666666666667 0.8588541666666667 0.8907407407407407 0.8520833333333333 0.8842592592592593 0.8432291666666667 0.8814814814814815 0.8171875 0.8777777777777778 0.8104166666666667 0.8666666666666667 0.8078125 0.8148148148148148 0.8130208333333333 0.8064814814814815 0.825 0.7962962962962963 0.8359375 0.7962962962962963
0 0.6817708333333333 0.19814814814814816 0.6838541666666667 0.20277777777777778 0.6869791666666667 0.22962962962962963 0.6859375 0.24074074074074073 0.6822916666666666 0.24351851851851852 0.6760416666666667 0.2351851851851852 0.66875 0.23333333333333334 0.665625 0.22407407407407406 0.6598958333333333 0.21944444444444444 0.659375 0.21388888888888888 0.6609375 0.19907407407407407 0.68125 0.19814814814814816
0 0.0640625 0.25833333333333336 0.07708333333333334 0.2675925925925926 0.0796875 0.2796296296296296 0.078125 0.2861111111111111 0.07083333333333333 0.2953703703703704 0.05520833333333333 0.3101851851851852 0.05 0.30833333333333335 0.04114583333333333 0.2935185185185185 0.0390625 0.2824074074074074 0.0515625 0.2833333333333333 0.0546875 0.2722222222222222 0.052083333333333336 0.2611111111111111 0.05625 0.2574074074074074 0.06354166666666666 0.25833333333333336
0 0.12864583333333332 0.37962962962962965 0.14166666666666666 0.37962962962962965 0.15364583333333334 0.387037037037037 0.16145833333333334 0.3962962962962963 0.1640625 0.4074074074074074 0.1640625 0.4148148148148148 0.16145833333333334 0.42314814814814816 0.1546875 0.4398148148148148 0.15 0.44537037037037036 0.15 0.45925925925925926 0.1515625 0.46296296296296297 0.15052083333333333 0.47314814814814815 0.1390625 0.47962962962962963 0.11979166666666667 0.4722222222222222 0.109375 0.45092592592592595 0.10572916666666667 0.43425925925925923 0.11145833333333334 0.4148148148148148 0.12864583333333332 0.38055555555555554
0 0.21197916666666666 0.008333333333333333 0.2203125 0.012037037037037037 0.23072916666666668 0.025 0.24270833333333333 0.05555555555555555 0.24166666666666667 0.06388888888888888 0.2328125 0.07222222222222222 0.22604166666666667 0.08796296296296297 0.21510416666666668 0.08981481481481482 0.21197916666666666 0.08981481481481482 0.2078125 0.0824074074074074 0.19791666666666666 0.075 0.1859375 0.030555555555555555 0.18697916666666667 0.026851851851851852 0.2 0.013888888888888888 0.21145833333333333 0.008333333333333333
0 0.175 0.35185185185185186 0.17916666666666667 0.3509259259259259 0.19166666666666668 0.35648148148148145 0.2 0.3537037037037037 0.2046875 0.3592592592592593 0.20416666666666666 0.37222222222222223 0.20104166666666667 0.38333333333333336 0.18489583333333334 0.4064814814814815 0.178125 0.4101851851851852 0.171875 0.4046296296296296 0.1703125 0.3972222222222222 0.17552083333333332 0.3768518518518518 0.175 0.3527777777777778
0 0.6666666666666666 0.8157407407407408 0.6682291666666667 0.8175925925925925 0.66875 0.8324074074074074 0.665625 0.8435185185185186 0.6645833333333333 0.8564814814814815 0.6609375 0.8657407407407407 0.6578125 0.8657407407407407 0.6557291666666667 0.8574074074074074 0.6510416666666666 0.850925925925926 0.65 0.8342592592592593 0.6510416666666666 0.8277777777777777 0.6578125 0.8166666666666667 0.6625 0.8138888888888889 0.6661458333333333 0.8157407407407408
0 0.18697916666666667 0.026851851851851852 0.19791666666666666 0.07777777777777778 0.19635416666666666 0.08148148148148149 0.18645833333333334 0.08425925925925926 0.16822916666666668 0.07777777777777778 0.16458333333333333 0.06296296296296296 0.16458333333333333 0.05740740740740741 0.17604166666666668 0.032407407407407406 0.18645833333333334 0.026851851851851852
0 0.0703125 0.48333333333333334 0.0875 0.49444444444444446 0.09791666666666667 0.5166666666666667 0.10364583333333334 0.5222222222222223 0.10364583333333334 0.5287037037037037 0.06614583333333333 0.5555555555555556 0.04791666666666667 0.5768518518518518 0.035416666666666666 0.5722222222222222 0.029166666666666667 0.5648148148148148 0.018229166666666668 0.5333333333333333 0.018229166666666668 0.525 0.022395833333333334 0.5120370370370371 0.0328125 0.4962962962962963 0.053125 0.4861111111111111 0.06979166666666667 0.48333333333333334
0 0.0984375 0.14722222222222223 0.11197916666666667 0.16111111111111112 0.11354166666666667 0.16944444444444445 0.10885416666666667 0.1814814814814815 0.0953125 0.19444444444444445 0.08854166666666667 0.1935185185185185 0.08333333333333333 0.18888888888888888 0.08177083333333333 0.1814814814814815 0.08489583333333334 0.16944444444444445 0.08958333333333333 0.1638888888888889 0.0890625 0.15092592592592594 0.09791666666666667 0.14722222222222223
0 0.9859375 0.6157407407407407 0.9911458333333333 0.6092592592592593 0.9947916666666666 0.6092592592592593 0.996875 0.6157407407407407 0.9973958333333334 0.6296296296296297 0.9994791666666667 0.6314814814814815 0.9994791666666667 0.7037037037037037 0.9963541666666667 0.7064814814814815 0.9973958333333334 0.712037037037037 0.9994791666666667 0.7129629629629629 0.9994791666666667 0.7592592592592593 0.9942708333333333 0.7583333333333333 0.9838541666666667 0.7472222222222222 0.9723958333333333 0.7481481481481481 0.9630208333333333 0.7416666666666667 0.9572916666666667 0.725925925925926 0.9484375 0.7101851851851851 0.9526041666666667 0.6564814814814814 0.9598958333333333 0.6518518518518519 0.9786458333333333 0.6296296296296297 0.9859375 0.6166666666666667
0 0.4171875 0.8481481481481481 0.41875 0.850925925925926 0.41875 0.8601851851851852 0.41510416666666666 0.8759259259259259 0.4046875 0.8962962962962963 0.403125 0.9009259259259259 0.4041666666666667 0.9055555555555556 0.3984375 0.9120370370370371 0.39479166666666665 0.9259259259259259 0.38333333333333336 0.9481481481481482 0.37916666666666665 0.9444444444444444 0.37916666666666665 0.9212962962962963 0.3828125 0.9027777777777778 0.3927083333333333 0.8870370370370371 0.39739583333333334 0.8694444444444445 0.4041666666666667 0.8546296296296296 0.41041666666666665 0.8481481481481481 0.4166666666666667 0.8481481481481481
0 0.6109375 0.8712962962962963 0.6161458333333333 0.8805555555555555 0.6182291666666667 0.899074074074074 0.6171875 0.9074074074074074 0.6130208333333333 0.9138888888888889 0.6177083333333333 0.9490740740740741 0.6130208333333333 0.9694444444444444 0.6109375 0.9712962962962963 0.6026041666666667 0.9703703703703703 0.5989583333333334 0.9657407407407408 0.5932291666666667 0.9388888888888889 0.596875 0.924074074074074 0.5989583333333334 0.8870370370370371 0.6026041666666667 0.8768518518518519 0.6104166666666667 0.8712962962962963
0 0.6354166666666666 0.8685185185185185 0.6401041666666667 0.8759259259259259 0.6453125 0.9018518518518519 0.646875 0.9453703703703704 0.6442708333333333 0.9629629629629629 0.6447916666666667 0.9768518518518519 0.6380208333333334 0.9833333333333333 0.6333333333333333 0.9814814814814815 0.6302083333333334 0.9731481481481481 0.625 0.9157407407407407 0.6213541666666667 0.9055555555555556 0.6260416666666667 0.875 0.6302083333333334 0.8685185185185185 0.6348958333333333 0.8685185185185185
0 0.5427083333333333 0 0.5458333333333333 0.002777777777777778 0.546875 0.012962962962962963 0.5541666666666667 0.013888888888888888 0.5572916666666666 0.018518518518518517 0.5567708333333333 0.028703703703703703 0.5536458333333333 0.03518518518518519 0.55 0.03611111111111111 0.5458333333333333 0.032407407407407406 0.5364583333333334 0.03425925925925926 0.5328125 0.026851851851851852 0.5322916666666667 0.020370370370370372 0.5364583333333334 0.006481481481481481 0.5427083333333333 0.000925925925925926
0 0.14479166666666668 0.1814814814814815 0.1640625 0.2 0.16770833333333332 0.2101851851851852 0.16822916666666668 0.21851851851851853 0.16302083333333334 0.23148148148148148 0.15052083333333333 0.2462962962962963 0.14791666666666667 0.2574074074074074 0.14427083333333332 0.262037037037037 0.1234375 0.2518518518518518 0.11927083333333334 0.24444444444444444 0.11458333333333333 0.2212962962962963 0.11458333333333333 0.2101851851851852 0.11927083333333334 0.20092592592592592 0.13385416666666666 0.18333333333333332 0.14427083333333332 0.1814814814814815
0 0.28020833333333334 0.4101851851851852 0.3572916666666667 0.47129629629629627 0.4114583333333333 0.5212962962962963 0.4192708333333333 0.5722222222222222 0.4171875 0.5962962962962963 0.39895833333333336 0.6398148148148148 0.38697916666666665 0.6620370370370371 0.3765625 0.6564814814814814 0.3489583333333333 0.6296296296296297 0.33645833333333336 0.6314814814814815 0.33125 0.6277777777777778 0.31614583333333335 0.6074074074074074 0.27239583333333334 0.5675925925925925 0.2604166666666667 0.5509259259259259 0.24427083333333333 0.5398148148148149 0.23020833333333332 0.5194444444444445 0.2203125 0.5111111111111111 0.21666666666666667 0.49722222222222223 0.21822916666666667 0.49074074074074076 0.21770833333333334 0.47314814814814815 0.22135416666666666 0.4583333333333333 0.22916666666666666 0.44351851851851853 0.2375 0.4361111111111111 0.25104166666666666 0.412962962962963 0.2604166666666667 0.41203703703703703 0.2671875 0.41574074074074074 0.2755208333333333 0.40925925925925927 0.2796875 0.4101851851851852
0 0.8364583333333333 0.8833333333333333 0.8557291666666667 0.8898148148148148 0.8588541666666667 0.8972222222222223 0.859375 0.9055555555555556 0.8651041666666667 0.9175925925925926 0.8640625 0.9287037037037037 0.8552083333333333 0.937962962962963 0.8520833333333333 0.9453703703703704 0.8484375 0.9453703703703704 0.8411458333333334 0.9314814814814815 0.8380208333333333 0.9296296296296296 0.8302083333333333 0.9324074074074075 0.8338541666666667 0.9212962962962963 0.8317708333333333 0.9185185185185185 0.8265625 0.9305555555555556 0.8291666666666667 0.9351851851851852 0.8276041666666667 0.9388888888888889 0.8223958333333333 0.9388888888888889 0.8213541666666667 0.9342592592592592 0.8239583333333333 0.9287037037037037 0.8208333333333333 0.9222222222222223 0.7994791666666666 0.9046296296296297 0.8005208333333333 0.8944444444444445 0.8088541666666667 0.8916666666666667 0.8151041666666666 0.8851851851851852 0.8359375 0.8833333333333333
0 0.7411458333333333 0.3574074074074074 0.7479166666666667 0.362962962962963 0.76875 0.39351851851851855 0.76875 0.4212962962962963 0.7604166666666666 0.43796296296296294 0.7546875 0.4361111111111111 0.740625 0.4222222222222222 0.734375 0.41944444444444445 0.7192708333333333 0.4203703703703704 0.7125 0.41388888888888886 0.7130208333333333 0.3972222222222222 0.7203125 0.3731481481481482 0.7322916666666667 0.35648148148148145 0.740625 0.3574074074074074
0 0.20104166666666667 0.30462962962962964 0.20989583333333334 0.30462962962962964 0.2203125 0.3101851851851852 0.23072916666666668 0.32407407407407407 0.22916666666666666 0.33055555555555555 0.2203125 0.3398148148148148 0.21510416666666668 0.35555555555555557 0.209375 0.35555555555555557 0.20677083333333332 0.362962962962963 0.20520833333333333 0.35833333333333334 0.19947916666666668 0.3537037037037037 0.1921875 0.35555555555555557 0.18958333333333333 0.35185185185185186 0.18958333333333333 0.3416666666666667 0.19270833333333334 0.3351851851851852 0.19375 0.32037037037037036 0.19739583333333333 0.30648148148148147 0.20052083333333334 0.30462962962962964
0 0.2515625 0.33055555555555555 0.2598958333333333 0.337037037037037 0.28177083333333336 0.33055555555555555 0.2921875 0.34074074074074073 0.30364583333333334 0.3351851851851852 0.31145833333333334 0.33796296296296297 0.3171875 0.34814814814814815 0.31979166666666664 0.36203703703703705 0.32447916666666665 0.3731481481481482 0.325 0.3861111111111111 0.32083333333333336 0.4009259259259259 0.31197916666666664 0.4083333333333333 0.3 0.4046296296296296 0.2869791666666667 0.41203703703703703 0.27447916666666666 0.40925925925925927 0.26614583333333336 0.41574074074074074 0.2604166666666667 0.41203703703703703 0.253125 0.41203703703703703 0.23854166666666668 0.4351851851851852 0.23072916666666668 0.44166666666666665 0.22239583333333332 0.4546296296296296 0.21927083333333333 0.4546296296296296 0.20989583333333334 0.42685185185185187 0.20833333333333334 0.40185185185185185 0.203125 0.3768518518518518 0.20625 0.37222222222222223 0.2171875 0.3685185185185185 0.23229166666666667 0.35833333333333334 0.2359375 0.3527777777777778 0.23697916666666666 0.34444444444444444 0.24010416666666667 0.33796296296296297 0.25104166666666666 0.3314814814814815
0 0.58125 0.3907407407407407 0.5869791666666667 0.39351851851851855 0.6098958333333333 0.41759259259259257 0.6322916666666667 0.44907407407407407 0.6385416666666667 0.4685185185185185 0.6510416666666666 0.48518518518518516 0.6546875 0.49722222222222223 0.6546875 0.5101851851851852 0.6494791666666667 0.5287037037037037 0.6375 0.5444444444444444 0.6166666666666667 0.5435185185185185 0.6098958333333333 0.5361111111111111 0.5994791666666667 0.5120370370370371 0.5796875 0.48333333333333334 0.5598958333333334 0.4685185185185185 0.5536458333333333 0.4444444444444444 0.5536458333333333 0.4287037037037037 0.5635416666666667 0.4046296296296296 0.5807291666666666 0.39166666666666666
0 0.409375 0.03148148148148148 0.43333333333333335 0.03981481481481482 0.43697916666666664 0.046296296296296294 0.440625 0.0787037037037037 0.4395833333333333 0.11574074074074074 0.43333333333333335 0.12962962962962962 0.42916666666666664 0.14629629629629629 0.4197916666666667 0.1574074074074074 0.41510416666666666 0.17222222222222222 0.4015625 0.18888888888888888 0.3880208333333333 0.21666666666666667 0.384375 0.23055555555555557 0.378125 0.23796296296296296 0.365625 0.262037037037037 0.3609375 0.28055555555555556 0.353125 0.287962962962963 0.33125 0.32314814814814813 0.3140625 0.3175925925925926 0.2994791666666667 0.3074074074074074 0.2911458333333333 0.2972222222222222 0.28229166666666666 0.2722222222222222 0.28229166666666666 0.25462962962962965 0.2791666666666667 0.25092592592592594 0.27447916666666666 0.25092592592592594 0.28020833333333334 0.23425925925925925 0.28020833333333334 0.225 0.28229166666666666 0.2175925925925926 0.2921875 0.20277777777777778 0.29583333333333334 0.18518518518518517 0.3026041666666667 0.1712962962962963 0.3234375 0.1388888888888889 0.33489583333333334 0.13425925925925927 0.4005208333333333 0.03425925925925926 0.4088541666666667 0.03148148148148148
0 0.8880208333333334 0.725925925925926 0.9078125 0.7333333333333333 0.9395833333333333 0.7537037037037037 0.9421875 0.7583333333333333 0.9442708333333333 0.7694444444444445 0.9447916666666667 0.7925925925925926 0.9390625 0.8157407407407408 0.9192708333333334 0.8222222222222222 0.9135416666666667 0.8212962962962963 0.9119791666666667 0.8138888888888889 0.9130208333333333 0.8101851851851852 0.9197916666666667 0.8046296296296296 0.9244791666666666 0.7916666666666666 0.9239583333333333 0.774074074074074 0.9192708333333334 0.7666666666666667 0.9130208333333333 0.7685185185185185 0.9067708333333333 0.7787037037037037 0.9057291666666667 0.7925925925925926 0.9078125 0.8074074074074075 0.9046875 0.8148148148148148 0.8895833333333333 0.812962962962963 0.878125 0.8055555555555556 0.8666666666666667 0.8055555555555556 0.8588541666666667 0.799074074074074 0.8546875 0.7787037037037037 0.8546875 0.7546296296296297 0.8578125 0.737037037037037 0.8765625 0.7268518518518519 0.8875 0.725925925925926
0 0.08020833333333334 0.37962962962962965 0.08854166666666667 0.3851851851851852 0.09895833333333333 0.40370370370370373 0.1 0.4111111111111111 0.09739583333333333 0.4166666666666667 0.09895833333333333 0.42777777777777776 0.09739583333333333 0.4388888888888889 0.08958333333333333 0.4462962962962963 0.08020833333333334 0.44537037037037036 0.07552083333333333 0.4527777777777778 0.05572916666666667 0.47129629629629627 0.05260416666666667 0.48055555555555557 0.04583333333333333 0.487962962962963 0.025520833333333333 0.49907407407407406 0.0171875 0.5074074074074074 0.011458333333333333 0.5055555555555555 0 0.4888888888888889 0 0.41574074074074074 0.027604166666666666 0.3925925925925926 0.034895833333333334 0.39166666666666666 0.046875 0.3972222222222222 0.0671875 0.3824074074074074 0.0796875 0.37962962962962965
0 0.7619791666666667 0.1574074074074074 0.7802083333333333 0.1638888888888889 0.7901041666666667 0.17962962962962964 0.8 0.21481481481481482 0.8 0.225 0.8041666666666667 0.24722222222222223 0.8036458333333333 0.2574074074074074 0.796875 0.26851851851851855 0.7895833333333333 0.2712962962962963 0.7822916666666667 0.26851851851851855 0.7677083333333333 0.25092592592592594 0.7666666666666667 0.24351851851851852 0.7682291666666666 0.2324074074074074 0.7614583333333333 0.22592592592592592 0.7515625 0.20277777777777778 0.7541666666666667 0.17777777777777778 0.7583333333333333 0.16111111111111112 0.7614583333333333 0.15833333333333333
0 0.31614583333333335 0 0.3578125 0 0.35989583333333336 0.014814814814814815 0.35885416666666664 0.025 0.34791666666666665 0.030555555555555555 0.334375 0.05092592592592592 0.3171875 0.044444444444444446 0.31302083333333336 0.03796296296296296 0.3104166666666667 0.014814814814814815 0.31614583333333335 0.000925925925925926
0 0.9666666666666667 0.49444444444444446 0.978125 0.5037037037037037 0.9828125 0.5138888888888888 0.9994791666666667 0.5314814814814814 0.9994791666666667 0.5777777777777777 0.990625 0.5740740740740741 0.9776041666666667 0.5611111111111111 0.9546875 0.5509259259259259 0.9505208333333334 0.5305555555555556 0.9510416666666667 0.5111111111111111 0.9578125 0.4981481481481482 0.9661458333333334 0.49444444444444446
0 0.7208333333333333 0.9027777777777778 0.7291666666666666 0.9111111111111111 0.7307291666666667 0.9175925925925926 0.7302083333333333 0.9388888888888889 0.7265625 0.9629629629629629 0.7338541666666667 0.9648148148148148 0.7375 0.9694444444444444 0.7333333333333333 0.987037037037037 0.725 0.9990740740740741 0.7067708333333333 0.9990740740740741 0.70625 0.9962962962962963 0.7067708333333333 0.9287037037037037 0.7130208333333333 0.9083333333333333 0.7166666666666667 0.9027777777777778 0.7203125 0.9027777777777778
0 0.48125 0.11851851851851852 0.4864583333333333 0.12129629629629629 0.48854166666666665 0.12777777777777777 0.48854166666666665 0.1675925925925926 0.48489583333333336 0.18796296296296297 0.47708333333333336 0.2 0.4734375 0.19722222222222222 0.46770833333333334 0.17962962962962964 0.4661458333333333 0.16574074074074074 0.4666666666666667 0.12777777777777777 0.4703125 0.11944444444444445 0.48072916666666665 0.11851851851851852
0 0.28854166666666664 0 0.303125 0 0.30416666666666664 0.004629629629629629 0.3026041666666667 0.01574074074074074 0.2942708333333333 0.025925925925925925 0.28958333333333336 0.025925925925925925 0.28489583333333335 0.012037037037037037 0.2859375 0.003703703703703704 0.28854166666666664 0.000925925925925926
0 0.5098958333333333 0.8351851851851851 0.515625 0.8444444444444444 0.5208333333333334 0.8759259259259259 0.5229166666666667 0.8777777777777778 0.5255208333333333 0.8731481481481481 0.5302083333333333 0.8731481481481481 0.528125 0.9287037037037037 0.5229166666666667 0.9388888888888889 0.5197916666666667 0.9407407407407408 0.515625 0.937962962962963 0.5140625 0.9185185185185185 0.5088541666666667 0.9111111111111111 0.5005208333333333 0.8796296296296297 0.49947916666666664 0.8444444444444444 0.5020833333333333 0.837037037037037 0.509375 0.8351851851851851
0 0.47708333333333336 0.5851851851851851 0.4973958333333333 0.5953703703703703 0.5046875 0.5916666666666667 0.5046875 0.5981481481481481 0.5067708333333333 0.6018518518518519 0.5364583333333334 0.6259259259259259 0.5625 0.6546296296296297 0.5630208333333333 0.6666666666666666 0.5598958333333334 0.6842592592592592 0.5494791666666666 0.7203703703703703 0.5447916666666667 0.725925925925926 0.5265625 0.7240740740740741 0.5145833333333333 0.7064814814814815 0.478125 0.675 0.4666666666666667 0.6722222222222223 0.459375 0.662962962962963 0.45260416666666664 0.637962962962963 0.4552083333333333 0.6166666666666667 0.4671875 0.5907407407407408 0.4765625 0.5851851851851851
0 0.6572916666666667 0.09444444444444444 0.675 0.09722222222222222 0.6802083333333333 0.10277777777777777 0.6822916666666666 0.11203703703703703 0.6822916666666666 0.13518518518518519 0.6796875 0.15092592592592594 0.6645833333333333 0.1638888888888889 0.65625 0.15462962962962962 0.6557291666666667 0.14166666666666666 0.6510416666666666 0.13425925925925927 0.6458333333333334 0.15462962962962962 0.6260416666666667 0.15462962962962962 0.6203125 0.16018518518518518 0.6078125 0.15092592592592594 0.6020833333333333 0.13796296296296295 0.6026041666666667 0.12314814814814815 0.6052083333333333 0.11388888888888889 0.6088541666666667 0.10925925925925926 0.6395833333333333 0.09444444444444444 0.6567708333333333 0.09444444444444444
0 0.7348958333333333 0.4203703703703704 0.7588541666666667 0.4388888888888889 0.7692708333333333 0.45740740740740743 0.7692708333333333 0.4861111111111111 0.7645833333333333 0.5027777777777778 0.765625 0.5148148148148148 0.7625 0.5203703703703704 0.7583333333333333 0.5203703703703704 0.7515625 0.5120370370370371 0.7385416666666667 0.5074074074074074 0.7270833333333333 0.49444444444444446 0.709375 0.48333333333333334 0.7078125 0.4685185185185185 0.7135416666666666 0.44814814814814813 0.7276041666666667 0.4212962962962963 0.734375 0.4203703703703704
0 0.575 0.08425925925925926 0.5817708333333333 0.09074074074074075 0.5838541666666667 0.10092592592592593 0.5880208333333333 0.10925925925925926 0.5875 0.12962962962962962 0.58125 0.15555555555555556 0.5776041666666667 0.15555555555555556 0.5671875 0.14722222222222223 0.5645833333333333 0.1398148148148148 0.5651041666666666 0.13148148148148148 0.559375 0.11574074074074074 0.5604166666666667 0.09537037037037037 0.5625 0.08888888888888889 0.5640625 0.08611111111111111 0.5744791666666667 0.08425925925925926
0 0.975 0.5601851851851852 0.990625 0.575 0.9994791666666667 0.5796296296296296 0.9994791666666667 0.6055555555555555 0.9921875 0.6083333333333333 0.9848958333333333 0.6222222222222222 0.9666666666666667 0.6398148148148148 0.9348958333333334 0.6259259259259259 0.9307291666666667 0.6185185185185185 0.9286458333333333 0.6027777777777777 0.9328125 0.5787037037037037 0.9520833333333333 0.5592592592592592 0.9630208333333333 0.5546296296296296 0.9744791666666667 0.5601851851851852
1 0.38385416666666666 0.7231481481481481 0.38697916666666665 0.7268518518518519 0.3921875 0.7444444444444445 0.3984375 0.7481481481481481 0.39895833333333336 0.7518518518518519 0.39739583333333334 0.7555555555555555 0.390625 0.7555555555555555 0.3885416666666667 0.7601851851851852 0.3880208333333333 0.7694444444444445 0.3807291666666667 0.7814814814814814 0.3770833333333333 0.7768518518518519 0.3802083333333333 0.7694444444444445 0.3802083333333333 0.7583333333333333 0.3765625 0.7462962962962963 0.3765625 0.7305555555555555 0.3796875 0.7240740740740741 0.38333333333333336 0.7231481481481481
1 0.39375 0.6851851851851852 0.4010416666666667 0.6907407407407408 0.40520833333333334 0.7 0.40729166666666666 0.712037037037037 0.4078125 0.7342592592592593 0.4005208333333333 0.7314814814814815 0.396875 0.7166666666666667 0.39010416666666664 0.7027777777777777 0.39010416666666664 0.6925925925925925 0.3932291666666667 0.6861111111111111
1 0.06041666666666667 0.1175925925925926 0.07083333333333333 0.13055555555555556 0.07864583333333333 0.16203703703703703 0.07447916666666667 0.16296296296296298 0.06510416666666667 0.1537037037037037 0.0578125 0.13148148148148148 0.0578125 0.11944444444444445 0.059895833333333336 0.11851851851851852
1 0.3614583333333333 0.7962962962962963 0.3729166666666667 0.799074074074074 0.37604166666666666 0.8064814814814815 0.37447916666666664 0.8166666666666667 0.37864583333333335 0.8240740740740741 0.3765625 0.8296296296296296 0.3692708333333333 0.8296296296296296 0.36041666666666666 0.8416666666666667 0.35520833333333335 0.8416666666666667 0.35885416666666664 0.8314814814814815 0.35989583333333336 0.8194444444444444 0.35260416666666666 0.8009259259259259 0.3609375 0.7962962962962963
1 0.5604166666666667 0.20925925925925926 0.5645833333333333 0.2111111111111111 0.5697916666666667 0.22870370370370371 0.56875 0.24074074074074073 0.565625 0.24351851851851852 0.5619791666666667 0.24074074074074073 0.5598958333333334 0.22314814814814815 0.5604166666666667 0.2101851851851852
1 0.5255208333333333 0.3851851851851852 0.5208333333333334 0.35 0.5234375 0.3388888888888889 0.5286458333333334 0.33055555555555555 0.5359375 0.3490740740740741 0.5296875 0.38333333333333336 0.5260416666666666 0.3851851851851852
1 0.12552083333333333 0.022685185185185187 0.017708333333333333 0.03981481481481482
1 0.4979166666666667 0.3398148148148148 0.5015625 0.3388888888888889 0.5057291666666667 0.3509259259259259 0.5046875 0.3731481481481482 0.4973958333333333 0.39166666666666666 0.4947916666666667 0.37592592592592594 0.4947916666666667 0.3527777777777778 0.4979166666666667 0.34074074074074073
1 0.8973958333333333 0.9722222222222222 0.903125 0.9805555555555555 0.9026041666666667 0.9990740740740741 0.8635416666666667 0.9990740740740741 0.8635416666666667 0.9944444444444445 0.8697916666666666 0.9851851851851852 0.871875 0.9777777777777777 0.8838541666666667 0.9777777777777777 0.896875 0.9722222222222222
1 0.7296875 0.175 0.7338541666666667 0.14537037037037037 0.7375 0.13333333333333333 0.7411458333333333 0.13148148148148148 0.7421875 0.13703703703703704 0.7401041666666667 0.15648148148148147 0.7348958333333333 0.16574074074074074 0.7338541666666667 0.17592592592592593 0.7302083333333333 0.17592592592592593
1 0.3151041666666667 0.9657407407407408 0.31875 0.9703703703703703 0.32135416666666666 0.9824074074074074 0.31979166666666664 0.9935185185185185 0.315625 0.9990740740740741 0.3 0.9990740740740741 0.2942708333333333 0.9851851851851852 0.29635416666666664 0.975 0.2994791666666667 0.9703703703703703 0.309375 0.9648148148148148 0.3145833333333333 0.9657407407407408
1 0.008333333333333333 0.16666666666666666 0.011979166666666667 0.16574074074074074 0.01875 0.17407407407407408 0.022395833333333334 0.18055555555555555 0.0234375 0.18888888888888888 0.030208333333333334 0.20185185185185187 0.029166666666666667 0.2074074074074074 0.026041666666666668 0.20833333333333334 0.021875 0.21574074074074073 0.01875 0.2 0.008333333333333333 0.18055555555555555 0.008333333333333333 0.1675925925925926
1 0.05520833333333333 0.6685185185185185 0.0609375 0.6842592592592592 0.07291666666666667 0.7027777777777777 0.0734375 0.7064814814814815 0.07083333333333333 0.7083333333333334 0.05 0.7046296296296296 0.03958333333333333 0.6842592592592592 0.03854166666666667 0.674074074074074 0.04010416666666667 0.6694444444444444 0.046875 0.6666666666666666 0.0546875 0.6685185185185185
1 0.8208333333333333 0.38796296296296295 0.8223958333333333 0.3990740740740741 0.8208333333333333 0.41388888888888886 0.8052083333333333 0.44166666666666665 0.803125 0.44166666666666665 0.8026041666666667 0.43333333333333335 0.7979166666666667 0.43148148148148147 0.7973958333333333 0.42777777777777776 0.8140625 0.3925925925925926 0.8203125 0.38796296296296295
1 0.5604166666666667 0.1175925925925926 0.5645833333333333 0.1287037037037037 0.5651041666666666 0.1361111111111111 0.559375 0.14907407407407408 0.5567708333333333 0.1685185185185185 0.5546875 0.16574074074074074 0.5526041666666667 0.13240740740740742 0.5567708333333333 0.11851851851851852 0.5598958333333334 0.1175925925925926
1 0.030208333333333334 0.08888888888888889 0.036458333333333336 0.09166666666666666 0.04375 0.1 0.04583333333333333 0.11944444444444445 0.050520833333333334 0.1287037037037037 0.050520833333333334 0.13333333333333333 0.04739583333333333 0.13425925925925927 0.04010416666666667 0.12777777777777777 0.03229166666666667 0.11018518518518519 0.028125 0.09444444444444444 0.0296875 0.08888888888888889
1 0.18072916666666666 0.9851851851851852 0.19166666666666668 0.9935185185185185 0.2015625 0.9916666666666667 0.20260416666666667 0.9990740740740741 0.18125 0.9990740740740741 0.175 0.9888888888888889 0.17552083333333332 0.9861111111111112 0.18020833333333333 0.9851851851851852
1 0.9401041666666666 0.5138888888888888 0.94375 0.5185185185185185 0.9416666666666667 0.5287037037037037 0.925 0.5537037037037037 0.9177083333333333 0.5537037037037037 0.9161458333333333 0.5509259259259259 0.9182291666666667 0.5398148148148149 0.9255208333333333 0.524074074074074 0.9395833333333333 0.5138888888888888
1 0.31875 0.8898148148148148 0.334375 0.8935185185185185 0.3421875 0.9064814814814814 0.3494791666666667 0.9120370370370371 0.3484375 0.9175925925925926 0.340625 0.924074074074074 0.34010416666666665 0.9388888888888889 0.33541666666666664 0.9472222222222222 0.33177083333333335 0.9425925925925925 0.3333333333333333 0.9287037037037037 0.33125 0.9231481481481482 0.328125 0.925 0.32447916666666665 0.9333333333333333 0.3223958333333333 0.9324074074074075 0.32083333333333336 0.9231481481481482 0.3098958333333333 0.9074074074074074 0.309375 0.8935185185185185 0.3125 0.8898148148148148 0.3182291666666667 0.8898148148148148
1 0.8692708333333333 0.41944444444444445 0.8708333333333333 0.42407407407407405 0.8703125 0.4398148148148148 0.8578125 0.46944444444444444 0.8494791666666667 0.46574074074074073 0.846875 0.45740740740740743 0.8557291666666667 0.4398148148148148 0.8578125 0.425 0.86875 0.41944444444444445
1 0.34739583333333335 0.7314814814814815 0.3567708333333333 0.737037037037037 0.36614583333333334 0.7592592592592593 0.35885416666666664 0.7648148148148148 0.35104166666666664 0.762962962962963 0.3484375 0.774074074074074 0.3453125 0.7787037037037037 0.3421875 0.7787037037037037 0.3453125 0.7583333333333333 0.3416666666666667 0.7490740740740741 0.34010416666666665 0.7342592592592593 0.34270833333333334 0.7305555555555555 0.346875 0.7314814814814815
1 0.4505208333333333 0.31851851851851853 0.45677083333333335 0.3314814814814815 0.45677083333333335 0.3398148148148148 0.4546875 0.3453703703703704 0.4546875 0.3611111111111111 0.45 0.37222222222222223 0.4479166666666667 0.36944444444444446 0.44427083333333334 0.3416666666666667 0.44635416666666666 0.32222222222222224 0.45 0.31851851851851853
1 0.078125 0.06574074074074074 0.08645833333333333 0.08981481481481482 0.09166666666666666 0.09722222222222222 0.09166666666666666 0.10092592592592593 0.08854166666666667 0.10092592592592593 0.084375 0.09537037037037037 0.0828125 0.10555555555555556 0.08072916666666667 0.10555555555555556 0.07604166666666666 0.08518518518518518 0.06927083333333334 0.07314814814814814 0.07083333333333333 0.05925925925925926 0.07447916666666667 0.05925925925925926 0.07760416666666667 0.06574074074074074
1 0 0.6768518518518518 0.013020833333333334 0.6814814814814815 0.0203125 0.6962962962962963 0.0328125 0.7129629629629629 0.026041666666666668 0.7203703703703703 0.021354166666666667 0.7203703703703703 0 0.7064814814814815 0 0.6777777777777778
1 0.2786458333333333 0.8518518518518519 0.2947916666666667 0.8796296296296297 0.29375 0.8851851851851852 0.2875 0.8851851851851852 0.2833333333333333 0.8907407407407407 0.2786458333333333 0.8907407407407407 0.26614583333333336 0.8648148148148148 0.265625 0.8546296296296296 0.26875 0.8453703703703703 0.2755208333333333 0.8472222222222222 0.278125 0.8518518518518519
1 0.7072916666666667 0.25555555555555554 0.709375 0.25833333333333336 0.7119791666666667 0.28055555555555556 0.7046875 0.2898148148148148 0.6994791666666667 0.30925925925925923 0.6963541666666667 0.30925925925925923 0.6958333333333333 0.3037037037037037 0.6927083333333334 0.3 0.6979166666666666 0.28888888888888886 0.7010416666666667 0.26944444444444443 0.7067708333333333 0.25555555555555554
1 0.4630208333333333 0.32407407407407407 0.4666666666666667 0.325 0.4708333333333333 0.33425925925925926 0.46510416666666665 0.3472222222222222 0.4635416666666667 0.3611111111111111 0.4583333333333333 0.34444444444444444 0.4588541666666667 0.3351851851851852 0.4630208333333333 0.325
1 0.14375 0.010185185185185186 0.15260416666666668 0.023148148148148147 0.15208333333333332 0.03333333333333333 0.15520833333333334 0.04259259259259259 0.15364583333333334 0.05092592592592592 0.15052083333333333 0.05 0.1484375 0.037037037037037035 0.14114583333333333 0.022222222222222223 0.14010416666666667 0.011111111111111112 0.14322916666666666 0.010185185185185186
1 0.16927083333333334 0.30092592592592593 0.175 0.30833333333333335 0.17604166666666668 0.32037037037037036 0.18020833333333333 0.33240740740740743 0.17916666666666667 0.34814814814814815 0.17604166666666668 0.3453703703703704 0.159375 0.30462962962962964 0.15885416666666666 0.2972222222222222 0.1609375 0.2953703703703704 0.16875 0.30092592592592593
1 0.0515625 0.5814814814814815 0.06197916666666667 0.5879629629629629 0.06822916666666666 0.6027777777777777 0.07604166666666666 0.6129629629629629 0.0765625 0.6194444444444445 0.07447916666666667 0.6277777777777778 0.07083333333333333 0.6277777777777778 0.0578125 0.6148148148148148 0.05364583333333333 0.6194444444444445 0.051041666666666666 0.6157407407407407 0.05 0.6092592592592593 0.0453125 0.6018518518518519 0.04479166666666667 0.5888888888888889 0.046875 0.5805555555555556 0.051041666666666666 0.5814814814814815
1 0 0.7601851851851852 0.013020833333333334 0.7666666666666667 0.0125 0.7824074074074074 0.015625 0.7925925925925926 0.015104166666666667 0.7981481481481482 0.011979166666666667 0.7981481481481482 0.008854166666666666 0.7935185185185185 0 0.7898148148148149 0 0.7611111111111111
1 0.7786458333333334 0.14351851851851852 0.778125 0.1361111111111111 0.7822916666666667 0.1111111111111111 0.7895833333333333 0.09537037037037037 0.7942708333333334 0.10277777777777777 0.7947916666666667 0.11203703703703703 0.7848958333333333 0.1398148148148148 0.7828125 0.14351851851851852 0.7791666666666667 0.14351851851851852
1 0.8395833333333333 0.34629629629629627 0.8421875 0.3490740740740741 0.8427083333333333 0.35648148148148145 0.8385416666666666 0.37407407407407406 0.8338541666666667 0.36944444444444446 0.8333333333333334 0.36203703703703705 0.8359375 0.34814814814814815 0.8390625 0.34629629629629627
1 0.1703125 0 0.178125 0 0.1796875 0.017592592592592594 0.17916666666666667 0.022222222222222223 0.17708333333333334 0.022222222222222223 0.1703125 0.000925925925925926
1 0.5328125 0.3972222222222222 0.5354166666666667 0.3509259259259259 0.5395833333333333 0.3416666666666667 0.54375 0.34444444444444444 0.5463541666666667 0.36018518518518516 0.5463541666666667 0.3768518518518518 0.5421875 0.3814814814814815 0.5354166666666667 0.3972222222222222 0.5333333333333333 0.3972222222222222
1 0.4078125 0.6324074074074074 0.41458333333333336 0.6425925925925926 0.4171875 0.6685185185185185 0.41510416666666666 0.6768518518518518 0.4109375 0.6796296296296296 0.4046875 0.6907407407407408 0.40208333333333335 0.6888888888888889 0.403125 0.6657407407407407 0.4005208333333333 0.6435185185185185 0.4041666666666667 0.6314814814814815 0.40729166666666666 0.6324074074074074
1 0.4708333333333333 0.3333333333333333 0.47708333333333336 0.3416666666666667 0.4791666666666667 0.3490740740740741 0.4786458333333333 0.35833333333333334 0.475 0.37037037037037035 0.4734375 0.39351851851851855 0.4713541666666667 0.39166666666666666 0.4703125 0.37592592592592594 0.46822916666666664 0.3814814814814815 0.46510416666666665 0.3814814814814815 0.46458333333333335 0.3472222222222222 0.4703125 0.3333333333333333
1 0.16145833333333334 0.003703703703703704 0.17447916666666666 0.02962962962962963 0.1734375 0.03611111111111111 0.16822916666666668 0.04351851851851852 0.16458333333333333 0.03981481481481482 0.15885416666666666 0.018518518518518517 0.15833333333333333 0.004629629629629629 0.1609375 0.003703703703703704
1 0.4666666666666667 0.5111111111111111 0.47708333333333336 0.5342592592592592 0.4739583333333333 0.549074074074074 0.4734375 0.5703703703703704 0.4666666666666667 0.5712962962962963 0.4635416666666667 0.5768518518518518 0.4583333333333333 0.5731481481481482 0.45729166666666665 0.5666666666666667 0.46145833333333336 0.5333333333333333 0.4666666666666667 0.5120370370370371
1 0.6510416666666666 0.13240740740740742 0.6541666666666667 0.13425925925925927 0.65625 0.14722222222222223 0.6510416666666666 0.1685185185185185 0.6515625 0.1824074074074074 0.6473958333333333 0.18425925925925926 0.6453125 0.1787037037037037 0.6463541666666667 0.15462962962962962 0.6505208333333333 0.13333333333333333
1 0.5947916666666667 0.05740740740740741 0.5979166666666667 0.07314814814814814 0.5953125 0.09907407407407408 0.5916666666666667 0.1037037037037037 0.590625 0.10185185185185185 0.5885416666666666 0.07777777777777778 0.5895833333333333 0.06666666666666667 0.5942708333333333 0.058333333333333334
1 0.6369791666666667 0.03148148148148148 0.640625 0.03333333333333333 0.6411458333333333 0.03981481481481482 0.6411458333333333 0.05277777777777778 0.6385416666666667 0.06759259259259259 0.6328125 0.0712962962962963 0.6302083333333334 0.053703703703703705 0.6369791666666667 0.032407407407407406
1 0.734375 0.03611111111111111 0.7375 0.03981481481481482 0.7375 0.05462962962962963 0.73125 0.07962962962962963 0.7255208333333333 0.07777777777777778 0.7291666666666666 0.05092592592592592 0.7338541666666667 0.037037037037037035
1 0.4046875 0.9601851851851851 0.4078125 0.962037037037037 0.41822916666666665 0.9842592592592593 0.41770833333333335 0.9925925925925926 0.41510416666666666 0.9990740740740741 0.40208333333333335 0.9990740740740741 0.39791666666666664 0.9666666666666667 0.4005208333333333 0.9611111111111111 0.4041666666666667 0.9601851851851851
1 0.6890625 0.05277777777777778 0.6895833333333333 0.03611111111111111 0.6958333333333333 0.016666666666666666 0.7005208333333334 0.018518518518518517 0.7015625 0.028703703703703703 0.6973958333333333 0.04814814814814815 0.6895833333333333 0.05277777777777778
1 0.6119791666666666 0 0.6192708333333333 0 0.6145833333333334 0.013888888888888888 0.6119791666666666 0.012037037037037037 0.6119791666666666 0.000925925925925926
1 0.2520833333333333 0.8907407407407407 0.2578125 0.8972222222222223 0.2625 0.9074074074074074 0.2635416666666667 0.9148148148148149 0.26875 0.9203703703703704 0.26875 0.9287037037037037 0.265625 0.9333333333333333 0.246875 0.9296296296296296 0.24270833333333333 0.924074074074074 0.24166666666666667 0.9111111111111111 0.24739583333333334 0.8944444444444445 0.2515625 0.8907407407407407