1 0.2703125 0.9481481481481482 0.27395833333333336 0.950925925925926 0.27760416666666665 0.9592592592592593 0.2828125 0.9629629629629629 0.2833333333333333 0.9824074074074074 0.2791666666666667 0.9851851851851852 0.2671875 0.9805555555555555 0.26614583333333336 0.9722222222222222 0.26197916666666665 0.9666666666666667 0.26510416666666664 0.9601851851851851 0.26666666666666666 0.95 0.26979166666666665 0.9481481481481482
1 0.24427083333333333 0.9462962962962963 0.2515625 0.95 0.2546875 0.9592592592592593 0.2604166666666667 0.9666666666666667 0.26197916666666665 0.9805555555555555 0.2578125 0.9861111111111112 0.2515625 0.9861111111111112 0.2484375 0.9787037037037037 0.24010416666666667 0.9722222222222222 0.23385416666666667 0.9601851851851851 0.2375 0.95 0.24375 0.9462962962962963
1 0.415625 0.8379629629629629 0.4203125 0.8453703703703703 0.4203125 0.8564814814814815 0.4166666666666667 0.8666666666666667 0.4083333333333333 0.8796296296296297 0.40520833333333334 0.8768518518518519 0.40520833333333334 0.8648148148148148 0.40208333333333335 0.8481481481481481 0.4046875 0.8416666666666667 0.409375 0.8379629629629629 0.41510416666666666 0.8379629629629629
1 0.06041666666666667 0.18333333333333332 0.06875 0.18981481481481483 0.06979166666666667 0.20092592592592592 0.07604166666666666 0.22037037037037038 0.07604166666666666 0.22685185185185186 0.07239583333333334 0.22777777777777777 0.0625 0.20925925925925926 0.05625 0.19074074074074074 0.05677083333333333 0.18611111111111112 0.059895833333333336 0.18425925925925926
1 0.65625 0.23796296296296296 0.6588541666666666 0.23703703703703705 0.6609375 0.24074074074074073 0.6604166666666667 0.2601851851851852 0.6557291666666667 0.287962962962963 0.6520833333333333 0.28888888888888886 0.6505208333333333 0.2833333333333333 0.65625 0.2388888888888889
1 0.023958333333333335 0.20092592592592592 0.030729166666666665 0.20555555555555555 0.044270833333333336 0.23425925925925925 0.04479166666666667 0.23796296296296296 0.043229166666666666 0.23981481481481481 0.04010416666666667 0.23333333333333334 0.03697916666666667 0.2361111111111111 0.03697916666666667 0.24814814814814815 0.034375 0.2462962962962963 0.030729166666666665 0.2351851851851852 0.026041666666666668 0.23055555555555557 0.019791666666666666 0.21296296296296297 0.021354166666666667 0.20185185185185187 0.0234375 0.20092592592592592
1 0.5953125 0.10185185185185185 0.5984375 0.10185185185185185 0.6020833333333333 0.11203703703703703 0.5963541666666666 0.14166666666666666 0.5921875 0.1425925925925926 0.5921875 0.11481481481481481 0.5953125 0.10277777777777777
1 0.8453125 0.4648148148148148 0.8473958333333333 0.4675925925925926 0.8484375 0.4888888888888889 0.8390625 0.49907407407407406 0.828125 0.5185185185185185 0.8255208333333334 0.5111111111111111 0.8208333333333333 0.5092592592592593 0.8260416666666667 0.4898148148148148 0.8375 0.47129629629629627 0.8447916666666667 0.46574074074074073
1 0.8421875 0.11388888888888889 0.8447916666666667 0.11851851851851852 0.8442708333333333 0.1259259259259259 0.8385416666666666 0.1425925925925926 0.8369791666666667 0.1537037037037037 0.8348958333333333 0.1574074074074074 0.8322916666666667 0.1537037037037037 0.8317708333333333 0.14351851851851852 0.8416666666666667 0.11481481481481481
1 0.7604166666666666 0.12037037037037036 0.7625 0.12222222222222222 0.7635416666666667 0.13055555555555556 0.75625 0.16296296296296298 0.7515625 0.16296296296296298 0.7494791666666667 0.1574074074074074 0.753125 0.14074074074074075 0.753125 0.12962962962962962 0.7572916666666667 0.12129629629629629 0.7598958333333333 0.12037037037037036
1 0.7296875 0.825 0.7328125 0.8305555555555556 0.73125 0.8518518518518519 0.7208333333333333 0.8685185185185185 0.7130208333333333 0.8657407407407407 0.7114583333333333 0.8601851851851852 0.7041666666666667 0.8564814814814815 0.7036458333333333 0.8518518518518519 0.7088541666666667 0.8490740740740741 0.7239583333333334 0.825925925925926 0.7291666666666666 0.825
1 0.4947916666666667 0.38055555555555554 0.4921875 0.3509259259259259 0.4942708333333333 0.3287037037037037 0.4979166666666667 0.3287037037037037 0.503125 0.34444444444444444 0.5026041666666666 0.36574074074074076 0.4953125 0.37962962962962965
1 0.32447916666666665 0.8324074074074074 0.33125 0.8398148148148148 0.3375 0.8416666666666667 0.3385416666666667 0.8462962962962963 0.33958333333333335 0.8685185185185185 0.33229166666666665 0.875 0.325 0.8712962962962963 0.32083333333333336 0.8583333333333333 0.32083333333333336 0.8490740740740741 0.3177083333333333 0.837037037037037 0.32395833333333335 0.8324074074074074
1 0.16822916666666668 0.022222222222222223 0.175 0.028703703703703703 0.1796875 0.05092592592592592 0.17916666666666667 0.05648148148148148 0.175 0.05648148148148148 0.16822916666666668 0.041666666666666664 0.16614583333333333 0.030555555555555555 0.16770833333333332 0.023148148148148147
1 0.7911458333333333 0.19907407407407407 0.8 0.17222222222222222 0.803125 0.1675925925925926 0.8072916666666666 0.17037037037037037 0.8041666666666667 0.18518518518518517 0.7942708333333334 0.20925925925925926 0.7895833333333333 0.21574074074074073 0.7911458333333333 0.2
1 0.290625 0.9175925925925926 0.30416666666666664 0.9333333333333333 0.30625 0.9564814814814815 0.3 0.9657407407407408 0.29739583333333336 0.9629629629629629 0.2947916666666667 0.9518518518518518 0.28541666666666665 0.9388888888888889 0.28541666666666665 0.9314814814814815 0.28125 0.925 0.2838541666666667 0.9166666666666666 0.29010416666666666 0.9175925925925926
1 0.159375 0.6574074074074074 0.16822916666666668 0.6611111111111111 0.175 0.6712962962962963 0.18072916666666666 0.7 0.1796875 0.7074074074074074 0.16770833333333332 0.6990740740740741 0.16145833333333334 0.6898148148148148 0.15729166666666666 0.6694444444444444 0.15364583333333334 0.6648148148148149 0.15520833333333334 0.6574074074074074 0.15885416666666666 0.6574074074074074
1 0.18333333333333332 0.023148148148148147 0.18802083333333333 0.032407407407407406 0.19010416666666666 0.05185185185185185 0.1890625 0.05740740740740741 0.18541666666666667 0.05555555555555555 0.17760416666666667 0.037037037037037035 0.17708333333333334 0.028703703703703703 0.1828125 0.023148148148148147
1 0.4822916666666667 0.4185185185185185 0.4869791666666667 0.42777777777777776 0.48802083333333335 0.4388888888888889 0.48489583333333336 0.4527777777777778 0.4859375 0.4638888888888889 0.48072916666666665 0.47314814814814815 0.4786458333333333 0.4703703703703704 0.4765625 0.43148148148148147 0.4786458333333333 0.4212962962962963 0.4817708333333333 0.4185185185185185
1 0.7895833333333333 0.1287037037037037 0.7916666666666666 0.13148148148148148 0.7932291666666667 0.14166666666666666 0.7838541666666666 0.175 0.7802083333333333 0.17222222222222222 0.7817708333333333 0.15462962962962962 0.784375 0.1388888888888889 0.7890625 0.12962962962962962
1 0.1578125 0.05 0.1609375 0.05 0.16927083333333334 0.062037037037037036 0.17291666666666666 0.07777777777777778 0.17239583333333333 0.08425925925925926 0.1671875 0.08796296296296297 0.159375 0.06296296296296296 0.1578125 0.05092592592592592
1 0.8989583333333333 0.5064814814814815 0.9005208333333333 0.5120370370370371 0.8979166666666667 0.5222222222222223 0.8833333333333333 0.5481481481481482 0.8770833333333333 0.5453703703703704 0.878125 0.5305555555555556 0.8869791666666667 0.5120370370370371 0.8984375 0.5064814814814815
1 0.475 0.3527777777777778 0.48125 0.3648148148148148 0.47708333333333336 0.40370370370370373 0.4739583333333333 0.40370370370370373 0.46875 0.3888888888888889 0.46875 0.362962962962963 0.4708333333333333 0.35555555555555557 0.4744791666666667 0.3527777777777778
1 0.051041666666666666 0.12407407407407407 0.059375 0.13703703703703704 0.06145833333333333 0.14907407407407408 0.06614583333333333 0.16018518518518518 0.06666666666666667 0.1638888888888889 0.06458333333333334 0.1675925925925926 0.05364583333333333 0.15 0.0453125 0.12777777777777777 0.04635416666666667 0.12314814814814815 0.050520833333333334 0.12407407407407407
1 0.9213541666666667 0.5203703703703704 0.9213541666666667 0.5416666666666666 0.9166666666666666 0.549074074074074 0.9098958333333333 0.5537037037037037 0.9052083333333333 0.5638888888888889 0.9005208333333333 0.5685185185185185 0.8973958333333333 0.5666666666666667 0.9010416666666666 0.5555555555555556 0.8953125 0.5601851851851852 0.890625 0.5601851851851852 0.890625 0.5564814814814815 0.8984375 0.549074074074074 0.9072916666666667 0.5351851851851852 0.9098958333333333 0.5259259259259259 0.9083333333333333 0.5222222222222223 0.9151041666666667 0.524074074074074 0.9177083333333333 0.5194444444444445 0.9208333333333333 0.5203703703703704
1 0.5505208333333333 0.4564814814814815 0.5536458333333333 0.4666666666666667 0.5536458333333333 0.4824074074074074 0.5432291666666667 0.5101851851851852 0.540625 0.5092592592592593 0.5395833333333333 0.4666666666666667 0.5463541666666667 0.4564814814814815 0.55 0.4564814814814815
1 0.6408854166666667 0.8689814814814815 0.025520833333333333 0.049074074074074076
1 0.09010416666666667 0.8222222222222222 0.09479166666666666 0.825925925925926 0.09895833333333333 0.8222222222222222 0.10729166666666666 0.825925925925926 0.11666666666666667 0.8444444444444444 0.13020833333333334 0.8592592592592593 0.13333333333333333 0.8648148148148148 0.13333333333333333 0.8712962962962963 0.1296875 0.8712962962962963 0.11666666666666667 0.8583333333333333 0.1125 0.8601851851851852 0.11145833333333334 0.8657407407407407 0.1078125 0.8685185185185185 0.09166666666666666 0.8574074074074074 0.08697916666666666 0.85 0.08645833333333333 0.8379629629629629 0.08177083333333333 0.8305555555555556 0.084375 0.8222222222222222 0.08958333333333333 0.8222222222222222
1 0.1953125 0.027777777777777776 0.19791666666666666 0.03148148148148148 0.20052083333333334 0.04537037037037037 0.19739583333333333 0.06111111111111111 0.19010416666666666 0.05277777777777778 0.1875 0.03888888888888889 0.18854166666666666 0.028703703703703703 0.19479166666666667 0.027777777777777776
1 0.2828125 0.16574074074074074 0.28958333333333336 0.17685185185185184 0.2911458333333333 0.1925925925925926 0.29635416666666664 0.20277777777777778 0.2911458333333333 0.20462962962962963 0.29010416666666666 0.21296296296296297 0.2859375 0.20925925925925926 0.28177083333333336 0.18796296296296297 0.28072916666666664 0.1685185185185185 0.28229166666666666 0.16666666666666666
1 0.3177083333333333 0.9157407407407407 0.321875 0.9194444444444444 0.32708333333333334 0.9398148148148148 0.3260416666666667 0.95 0.32135416666666666 0.9555555555555556 0.3177083333333333 0.9537037037037037 0.31666666666666665 0.9462962962962963 0.3026041666666667 0.925 0.3046875 0.9175925925925926 0.31145833333333334 0.9111111111111111 0.3140625 0.9101851851851852 0.3171875 0.9157407407407407
1 0.5984375 0.14537037037037037 0.6005208333333333 0.16203703703703703 0.5958333333333333 0.18055555555555555 0.5953125 0.19166666666666668 0.5921875 0.19166666666666668 0.5927083333333333 0.17777777777777778 0.590625 0.1574074074074074 0.5947916666666667 0.14444444444444443 0.5979166666666667 0.14537037037037037
1 0.5953125 0.03333333333333333 0.6020833333333333 0.03981481481481482 0.6036458333333333 0.05 0.6010416666666667 0.07407407407407407 0.5989583333333334 0.07777777777777778 0.5947916666666667 0.07407407407407407 0.5932291666666667 0.05462962962962963 0.5953125 0.03425925925925926
1 0.146875 0.6925925925925925 0.16197916666666667 0.700925925925926 0.16927083333333334 0.7240740740740741 0.16875 0.7296296296296296 0.1734375 0.7379629629629629 0.17239583333333333 0.7435185185185185 0.15260416666666668 0.725 0.14635416666666667 0.7231481481481481 0.14375 0.7074074074074074 0.140625 0.7018518518518518 0.14114583333333333 0.6953703703703704 0.14635416666666667 0.6925925925925925
1 0.7088541666666667 0.9212962962962963 0.7177083333333333 0.9175925925925926 0.7270833333333333 0.9037037037037037 0.740625 0.8935185185185185 0.7442708333333333 0.8953703703703704 0.7458333333333333 0.9 0.7458333333333333 0.9259259259259259 0.740625 0.9296296296296296 0.7375 0.9388888888888889 0.7296875 0.9333333333333333 0.7270833333333333 0.924074074074074 0.7130208333333333 0.9277777777777778 0.7088541666666667 0.9222222222222223
1 0 0.26481481481481484 0.008333333333333333 0.2740740740740741 0.0078125 0.2833333333333333 0.016145833333333335 0.30185185185185187 0.015104166666666667 0.3074074074074074 0.00625 0.30833333333333335 0.0026041666666666665 0.31666666666666665 0 0.3175925925925926 0 0.2657407407407407
1 0.6145833333333334 0.018518518518518517 0.6177083333333333 0.032407407407407406 0.6125 0.05 0.6098958333333333 0.04814814814814815 0.6098958333333333 0.030555555555555555 0.6125 0.018518518518518517 0.6140625 0.018518518518518517
1 0.051041666666666666 0.18055555555555555 0.058854166666666666 0.19814814814814816 0.06354166666666666 0.22037037037037038 0.0609375 0.22592592592592592 0.058854166666666666 0.22592592592592592 0.04791666666666667 0.20462962962962963 0.043229166666666666 0.20277777777777778 0.04375 0.18888888888888888 0.046875 0.1814814814814815 0.050520833333333334 0.18055555555555555
1 0.20885416666666667 0.8009259259259259 0.22083333333333333 0.8101851851851852 0.22447916666666667 0.8379629629629629 0.2203125 0.8453703703703703 0.21666666666666667 0.8453703703703703 0.21614583333333334 0.8407407407407408 0.20625 0.8296296296296296 0.19739583333333333 0.8083333333333333 0.20104166666666667 0.8 0.20833333333333334 0.8009259259259259
1 0.7114583333333333 0.29259259259259257 0.7151041666666667 0.3037037037037037 0.7161458333333334 0.3148148148148148 0.7083333333333334 0.32685185185185184 0.7041666666666667 0.34444444444444444 0.7005208333333334 0.34444444444444444 0.6989583333333333 0.337037037037037 0.6958333333333333 0.337037037037037 0.6927083333333334 0.3314814814814815 0.7026041666666667 0.31851851851851853 0.7083333333333334 0.29444444444444445 0.7109375 0.29259259259259257
1 0.9630208333333333 0.5555555555555556 0.9630208333333333 0.5768518518518518 0.95 0.5990740740740741 0.9421875 0.5953703703703703 0.9385416666666667 0.5888888888888889 0.9432291666666667 0.5777777777777777 0.9447916666666667 0.5638888888888889 0.95625 0.5546296296296296 0.9625 0.5555555555555556
1 0.6442708333333333 0.04259259259259259 0.6447916666666667 0.05648148148148148 0.6421875 0.06481481481481481 0.640625 0.1 0.6380208333333334 0.09814814814814815 0.6369791666666667 0.08796296296296297 0.6395833333333333 0.08425925925925926 0.6354166666666666 0.07685185185185185 0.6354166666666666 0.07222222222222222 0.6375 0.049074074074074076 0.6401041666666667 0.04259259259259259 0.64375 0.04259259259259259
1 0.23177083333333334 0.003703703703703704 0.23489583333333333 0.006481481481481481 0.23697916666666666 0.024074074074074074 0.24010416666666667 0.032407407407407406 0.23854166666666668 0.03796296296296296 0.23489583333333333 0.03981481481481482 0.22864583333333333 0.013888888888888888 0.22864583333333333 0.008333333333333333 0.23125 0.003703703703703704
1 0.11666666666666667 0.10277777777777777 0.1234375 0.11851851851851852 0.1234375 0.12685185185185185 0.11979166666666667 0.13425925925925927 0.11458333333333333 0.125 0.1109375 0.1111111111111111 0.11145833333333334 0.10462962962962963 0.11614583333333334 0.10277777777777777
1 0.0203125 0.25092592592592594 0.0234375 0.25833333333333336 0.034375 0.26851851851851855 0.03697916666666667 0.2962962962962963 0.034375 0.30092592592592593 0.0359375 0.30648148148148147 0.030208333333333334 0.31203703703703706 0.027604166666666666 0.3101851851851852 0.027083333333333334 0.2898148148148148 0.021354166666666667 0.2824074074074074 0.016666666666666666 0.26944444444444443 0.0171875 0.25277777777777777 0.019791666666666666 0.25092592592592594
1 0.859375 0.20925925925925926 0.8625 0.21574074074074073 0.8630208333333333 0.22685185185185186 0.8557291666666667 0.2518518518518518 0.8520833333333333 0.2574074074074074 0.85 0.2564814814814815 0.8479166666666667 0.24814814814814815 0.8505208333333333 0.22407407407407406 0.8588541666666667 0.2101851851851852
1 0.6994791666666667 0.21203703703703702 0.7015625 0.23425925925925925 0.6989583333333333 0.24259259259259258 0.6989583333333333 0.25833333333333336 0.6958333333333333 0.25925925925925924 0.6958333333333333 0.2490740740740741 0.6927083333333334 0.24351851851851852 0.6890625 0.25 0.6864583333333333 0.24814814814814815 0.6989583333333333 0.21296296296296297
1 0.8328125 0.12129629629629629 0.8348958333333333 0.12222222222222222 0.8354166666666667 0.12777777777777777 0.8291666666666667 0.15092592592592594 0.8244791666666667 0.15092592592592594 0.8244791666666667 0.14351851851851852 0.8322916666666667 0.12129629629629629
1 0.8916666666666667 0.4601851851851852 0.8932291666666666 0.46296296296296297 0.8921875 0.4740740740740741 0.8776041666666666 0.5101851851851852 0.8739583333333333 0.5074074074074074 0.8729166666666667 0.4981481481481482 0.8661458333333333 0.4962962962962963 0.8651041666666667 0.4925925925925926 0.8703125 0.4898148148148148 0.878125 0.47962962962962963 0.8807291666666667 0.47129629629629627 0.8838541666666667 0.4703703703703704 0.8885416666666667 0.46111111111111114 0.8911458333333333 0.4601851851851852
1 0.7395833333333334 0.8527777777777777 0.7442708333333333 0.8666666666666667 0.7442708333333333 0.8796296296296297 0.740625 0.887962962962963 0.7276041666666667 0.9018518518518519 0.7192708333333333 0.899074074074074 0.7197916666666667 0.8814814814814815 0.7338541666666667 0.8518518518518519 0.7390625 0.8527777777777777
1 0.34270833333333334 0.8925925925925926 0.3494791666666667 0.9046296296296297 0.3489583333333333 0.9157407407407407 0.35208333333333336 0.9342592592592592 0.35208333333333336 0.9416666666666667 0.346875 0.9462962962962963 0.34479166666666666 0.9453703703703704 0.34479166666666666 0.937962962962963 0.3416666666666667 0.9333333333333333 0.3338541666666667 0.9314814814814815 0.33229166666666665 0.9212962962962963 0.32708333333333334 0.9074074074074074 0.32864583333333336 0.9009259259259259 0.3338541666666667 0.899074074074074 0.3375 0.8925925925925926 0.3421875 0.8925925925925926
1 0.09791666666666667 0.0824074074074074 0.10208333333333333 0.08888888888888889 0.10833333333333334 0.10833333333333334 0.11145833333333334 0.11944444444444445 0.109375 0.12314814814814815 0.10625 0.12222222222222222 0.0921875 0.09444444444444444 0.09322916666666667 0.08518518518518518 0.09739583333333333 0.0824074074074074
1 0.4786458333333333 0.5138888888888888 0.48541666666666666 0.5398148148148149 0.4828125 0.5592592592592592 0.48072916666666665 0.562037037037037 0.47760416666666666 0.5583333333333333 0.4734375 0.5601851851851852 0.4739583333333333 0.5166666666666667 0.47604166666666664 0.512962962962963 0.478125 0.5138888888888888
1 0.7203125 0.36574074074074076 0.7244791666666667 0.3675925925925926 0.7255208333333333 0.3768518518518518 0.7177083333333333 0.4166666666666667 0.7135416666666666 0.4166666666666667 0.7119791666666667 0.4101851851851852 0.7067708333333333 0.40370370370370373 0.7166666666666667 0.3851851851851852 0.7203125 0.36666666666666664
1 0.21510416666666668 0 0.2203125 0 0.22395833333333334 0.019444444444444445 0.22395833333333334 0.027777777777777776 0.21979166666666666 0.03148148148148148 0.215625 0.018518518518518517 0.21510416666666668 0.000925925925925926