0 0.4588541666666667 0.39166666666666666 0.4630208333333333 0.40185185185185185 0.465625 0.4351851851851852 0.46197916666666666 0.44814814814814813 0.45677083333333335 0.4527777777777778 0.45 0.4462962962962963 0.421875 0.44537037037037036 0.41822916666666665 0.43796296296296294 0.4270833333333333 0.39537037037037037 0.4473958333333333 0.38981481481481484 0.4583333333333333 0.39166666666666666
0 0.32708333333333334 0.5851851851851851 0.4192708333333333 0.6018518518518519 0.4234375 0.6046296296296296 0.42864583333333334 0.6157407407407407 0.43854166666666666 0.6194444444444445 0.45677083333333335 0.6425925925925926 0.46458333333333335 0.6638888888888889 0.46927083333333336 0.6990740740740741 0.4661458333333333 0.7444444444444445 0.46041666666666664 0.7546296296296297 0.4473958333333333 0.7555555555555555 0.4390625 0.762962962962963 0.4317708333333333 0.7620370370370371 0.42135416666666664 0.7509259259259259 0.4119791666666667 0.7527777777777778 0.3890625 0.7453703703703703 0.37552083333333336 0.7444444444444445 0.3640625 0.7388888888888889 0.3515625 0.7453703703703703 0.34427083333333336 0.7407407407407407 0.3328125 0.7222222222222222 0.32083333333333336 0.7175925925925926 0.30572916666666666 0.7175925925925926 0.3 0.6962962962962963 0.2953125 0.6657407407407407 0.28958333333333336 0.6481481481481481 0.2994791666666667 0.6055555555555555 0.30572916666666666 0.5972222222222222 0.3072916666666667 0.5907407407407408 0.31354166666666666 0.5833333333333334 0.3265625 0.5851851851851851
0 0.5463541666666667 0.19074074074074074 0.5479166666666667 0.19722222222222222 0.5479166666666667 0.2175925925925926 0.5453125 0.23333333333333334 0.5432291666666667 0.23703703703703705 0.5401041666666667 0.2351851851851852 0.5333333333333333 0.22777777777777777 0.5302083333333333 0.21944444444444444 0.5338541666666666 0.19722222222222222 0.5458333333333333 0.19166666666666668
0 0.9572916666666667 0.9185185185185185 0.9640625 0.925 0.9666666666666667 0.9416666666666667 0.9713541666666666 0.9546296296296296 0.9734375 0.9787037037037037 0.9677083333333333 0.987037037037037 0.959375 0.9842592592592593 0.9536458333333333 0.975925925925926 0.9463541666666667 0.9712962962962963 0.9385416666666667 0.9712962962962963 0.9291666666666667 0.9666666666666667 0.9177083333333333 0.9527777777777777 0.9109375 0.9398148148148148 0.9109375 0.9333333333333333 0.9140625 0.924074074074074 0.9265625 0.9231481481481482 0.928125 0.9314814814814815 0.9369791666666667 0.9481481481481482 0.9395833333333333 0.962037037037037 0.9427083333333334 0.9629629629629629 0.9546875 0.9388888888888889 0.9546875 0.9324074074074075 0.9505208333333334 0.9175925925925926 0.9567708333333333 0.9185185185185185
0 0.6744791666666666 0.2574074074074074 0.6932291666666667 0.2574074074074074 0.6994791666666667 0.2601851851851852 0.703125 0.26851851851851855 0.715625 0.31666666666666665 0.7135416666666666 0.337037037037037 0.7078125 0.3425925925925926 0.6921875 0.3416666666666667 0.6875 0.337037037037037 0.678125 0.3074074074074074 0.6755208333333333 0.2861111111111111 0.6666666666666666 0.2759259259259259 0.6682291666666667 0.25833333333333336 0.6739583333333333 0.2574074074074074
0 0.3885416666666667 0.3925925925925926 0.39479166666666665 0.4009259259259259 0.3984375 0.4212962962962963 0.39739583333333334 0.4361111111111111 0.384375 0.45925925925925926 0.37604166666666666 0.4638888888888889 0.3729166666666667 0.47129629629629627 0.3697916666666667 0.47129629629629627 0.3651041666666667 0.4537037037037037 0.3625 0.4212962962962963 0.3734375 0.39351851851851855 0.3796875 0.38981481481481484 0.3880208333333333 0.3925925925925926
0 0.553125 0.14351851851851852 0.5614583333333333 0.1398148148148148 0.5635416666666667 0.14629629629629629 0.5609375 0.18703703703703703 0.5536458333333333 0.18981481481481483 0.5421875 0.18055555555555555 0.5427083333333333 0.1675925925925926 0.553125 0.14444444444444443
0 0.016145833333333335 0.5527777777777778 0.04114583333333333 0.5703703703703704 0.04375 0.575 0.04375 0.5814814814814815 0.036458333333333336 0.5990740740740741 0.024479166666666666 0.6166666666666667 0.01875 0.6296296296296297 0.011458333333333333 0.6398148148148148 0.004166666666666667 0.6444444444444445 0 0.6444444444444445 0 0.5675925925925925 0.010416666666666666 0.5537037037037037 0.015625 0.5527777777777778
0 0.41822916666666665 0.10092592592592593 0.017708333333333333 0.027777777777777776
0 0.8 0.700925925925926 0.8359375 0.7231481481481481 0.85 0.7361111111111112 0.8770833333333333 0.7685185185185185 0.8869791666666667 0.7870370370370371 0.9010416666666666 0.8046296296296296 0.9114583333333334 0.8268518518518518 0.9130208333333333 0.8407407407407408 0.9083333333333333 0.862037037037037 0.9041666666666667 0.8694444444444445 0.89375 0.8777777777777778 0.8708333333333333 0.8694444444444445 0.8651041666666667 0.8629629629629629 0.8604166666666667 0.8490740740740741 0.8380208333333333 0.8240740740740741 0.8317708333333333 0.8138888888888889 0.815625 0.7972222222222223 0.7963541666666667 0.7870370370370371 0.7828125 0.7592592592592593 0.7822916666666667 0.7509259259259259 0.7864583333333334 0.7268518518518519 0.7916666666666666 0.712037037037037 0.7994791666666666 0.7018518518518518
0 0.5567708333333333 0.3527777777777778 0.5713541666666667 0.39444444444444443 0.5744791666666667 0.41759259259259257 0.5744791666666667 0.42962962962962964 0.5708333333333333 0.4361111111111111 0.5578125 0.4398148148148148 0.5515625 0.4361111111111111 0.5322916666666667 0.3888888888888889 0.5328125 0.375 0.5375 0.35555555555555557 0.5442708333333334 0.3509259259259259 0.55625 0.3527777777777778
0 0.07864583333333333 0.6638888888888889 0.0921875 0.6685185185185185 0.09427083333333333 0.6731481481481482 0.09479166666666666 0.6824074074074075 0.09270833333333334 0.6898148148148148 0.0859375 0.6990740740740741 0.075 0.7296296296296296 0.071875 0.7324074074074074 0.0671875 0.7324074074074074 0.05677083333333333 0.7240740740740741 0.05520833333333333 0.7175925925925926 0.0578125 0.7074074074074074 0.0640625 0.7064814814814815 0.0671875 0.700925925925926 0.07083333333333333 0.7 0.0734375 0.6953703703703704 0.0734375 0.6851851851851852 0.06770833333333333 0.6768518518518518 0.06354166666666666 0.6768518518518518 0.057291666666666664 0.6833333333333333 0.05572916666666667 0.6824074074074075 0.05572916666666667 0.6777777777777778 0.058854166666666666 0.6712962962962963 0.06822916666666666 0.674074074074074 0.078125 0.6638888888888889
0 0.29739583333333336 0.24537037037037038 0.31354166666666666 0.25 0.31614583333333335 0.2611111111111111 0.315625 0.2712962962962963 0.296875 0.2935185185185185 0.2869791666666667 0.30092592592592593 0.26875 0.29814814814814816 0.265625 0.29444444444444445 0.2630208333333333 0.2824074074074074 0.2677083333333333 0.26666666666666666 0.275 0.2564814814814815 0.2828125 0.2490740740740741 0.296875 0.24537037037037038
0 0.11614583333333334 0.33796296296296297 0.12083333333333333 0.34814814814814815 0.12239583333333333 0.36574074074074076 0.11302083333333333 0.38055555555555554 0.11197916666666667 0.3972222222222222 0.109375 0.40185185185185185 0.0984375 0.40185185185185185 0.08229166666666667 0.4074074074074074 0.07552083333333333 0.40370370370370373 0.07135416666666666 0.3925925925925926 0.0734375 0.3675925925925926 0.0796875 0.35185185185185186 0.08489583333333334 0.34629629629629627 0.10729166666666666 0.3351851851851852 0.115625 0.33796296296296297
0 0.959375 0.7157407407407408 0.96875 0.7212962962962963 0.9927083333333333 0.7462962962962963 0.9994791666666667 0.75 0.9994791666666667 0.8296296296296296 0.9911458333333333 0.8277777777777777 0.9828125 0.8175925925925925 0.9697916666666667 0.8138888888888889 0.9473958333333333 0.7907407407407407 0.9286458333333333 0.7824074074074074 0.925 0.774074074074074 0.9239583333333333 0.7546296296296297 0.9317708333333333 0.7361111111111112 0.9484375 0.7148148148148148 0.9588541666666667 0.7157407407407408
0 0.5776041666666667 0.08055555555555556 0.5786458333333333 0.08981481481481482 0.575 0.10833333333333334 0.5708333333333333 0.11203703703703703 0.5671875 0.10925925925925926 0.5666666666666667 0.10092592592592593 0.5630208333333333 0.09537037037037037 0.5635416666666667 0.08703703703703704 0.5671875 0.07962962962962963 0.5770833333333333 0.08055555555555556
0 0.5052083333333334 0.30185185185185187 0.5119791666666667 0.3074074074074074 0.5177083333333333 0.33425925925925926 0.5213541666666667 0.3416666666666667 0.5203125 0.35185185185185186 0.5229166666666667 0.36666666666666664 0.5223958333333333 0.38425925925925924 0.5171875 0.3907407407407407 0.5015625 0.39166666666666666 0.4942708333333333 0.387037037037037 0.49114583333333334 0.375 0.4869791666666667 0.34444444444444444 0.4869791666666667 0.3138888888888889 0.4921875 0.3037037037037037 0.5046875 0.30277777777777776
0 0.43072916666666666 0.09444444444444444 0.44166666666666665 0.08981481481481482 0.44375 0.09166666666666666 0.44427083333333334 0.1 0.4421875 0.1175925925925926 0.43020833333333336 0.11944444444444445 0.42864583333333334 0.11851851851851852 0.4276041666666667 0.10555555555555556 0.43072916666666666 0.09537037037037037
0 0.22447916666666667 0.6148148148148148 0.240625 0.6231481481481481 0.2515625 0.6435185185185185 0.2520833333333333 0.6722222222222223 0.24270833333333333 0.6805555555555556 0.22291666666666668 0.7092592592592593 0.20729166666666668 0.7240740740740741 0.20208333333333334 0.7240740740740741 0.2 0.7203703703703703 0.2015625 0.7092592592592593 0.19322916666666667 0.6907407407407408 0.19270833333333334 0.6666666666666666 0.20625 0.6388888888888888 0.21979166666666666 0.6175925925925926 0.22395833333333334 0.6148148148148148
0 0.2875 0.21574074074074073 0.29635416666666664 0.22777777777777777 0.29791666666666666 0.23703703703703705 0.296875 0.24537037037037038 0.28958333333333336 0.25 0.2838541666666667 0.25 0.28229166666666666 0.24722222222222223 0.2838541666666667 0.21944444444444444 0.2869791666666667 0.21574074074074073
0 0.8052083333333333 0.9120370370370371 0.8119791666666667 0.9148148148148149 0.8130208333333333 0.925 0.8192708333333333 0.9296296296296296 0.8239583333333333 0.9407407407407408 0.8276041666666667 0.9425925925925925 0.83125 0.9361111111111111 0.8348958333333333 0.9398148148148148 0.8369791666666667 0.9361111111111111 0.8380208333333333 0.9259259259259259 0.8416666666666667 0.925 0.8505208333333333 0.9527777777777777 0.8505208333333333 0.962037037037037 0.8479166666666667 0.9657407407407408 0.8338541666666667 0.9648148148148148 0.821875 0.9564814814814815 0.8083333333333333 0.9527777777777777 0.8 0.9435185185185185 0.7958333333333333 0.9333333333333333 0.7963541666666667 0.9175925925925926 0.7989583333333333 0.912962962962963 0.8046875 0.9120370370370371
0 0.509375 0.24351851851851852 0.5140625 0.24814814814814815 0.5151041666666667 0.25833333333333336 0.5145833333333333 0.2722222222222222 0.5088541666666667 0.2972222222222222 0.5015625 0.29814814814814816 0.48854166666666665 0.3074074074074074 0.48072916666666665 0.30092592592592593 0.48385416666666664 0.26851851851851855 0.4895833333333333 0.2601851851851852 0.4942708333333333 0.24722222222222223 0.5088541666666667 0.24351851851851852
0 0.5901041666666667 0.03333333333333333 0.6005208333333333 0.04351851851851852 0.6015625 0.05 0.5989583333333334 0.05555555555555555 0.5828125 0.053703703703703705 0.5776041666666667 0.04814814814814815 0.5755208333333334 0.03981481481481482 0.5765625 0.03611111111111111 0.5833333333333334 0.032407407407407406 0.5895833333333333 0.03333333333333333
0 0.2828125 0.5925925925925926 0.2942708333333333 0.6101851851851852 0.29322916666666665 0.6287037037037037 0.2864583333333333 0.6527777777777778 0.265625 0.6842592592592592 0.2598958333333333 0.6824074074074075 0.25833333333333336 0.6731481481481482 0.2630208333333333 0.6287037037037037 0.2713541666666667 0.6157407407407407 0.27239583333333334 0.6064814814814815 0.28229166666666666 0.5935185185185186
0 0.5848958333333333 0.4444444444444444 0.7463541666666667 0.6462962962962963 0.7447916666666666 0.7157407407407408 0.7348958333333333 0.7425925925925926 0.7145833333333333 0.7703703703703704 0.6927083333333334 0.7611111111111111 0.6854166666666667 0.7620370370370371 0.6776041666666667 0.7555555555555555 0.6682291666666667 0.7342592592592593 0.6447916666666667 0.7027777777777777 0.640625 0.6916666666666667 0.6265625 0.675 0.6166666666666667 0.6509259259259259 0.609375 0.6444444444444445 0.6046875 0.6342592592592593 0.5885416666666666 0.6268518518518519 0.584375 0.6194444444444445 0.5796875 0.6018518518518519 0.5609375 0.5685185185185185 0.5463541666666667 0.5481481481481482 0.5442708333333334 0.5361111111111111 0.5447916666666667 0.525 0.55 0.4759259259259259 0.5729166666666666 0.45 0.584375 0.4444444444444444
0 0.46770833333333334 0.15185185185185185 0.48125 0.15648148148148147 0.48541666666666666 0.16111111111111112 0.4864583333333333 0.21851851851851853 0.48489583333333336 0.25092592592592594 0.471875 0.27314814814814814 0.46875 0.2833333333333333 0.4328125 0.3425925925925926 0.41302083333333334 0.33796296296296297 0.4 0.3296296296296296 0.3963541666666667 0.24814814814814815 0.39895833333333336 0.22592592592592592 0.40729166666666666 0.20833333333333334 0.44583333333333336 0.15833333333333333 0.45677083333333335 0.15092592592592594 0.4671875 0.15185185185185185
0 0.49166666666666664 0.046296296296296294 0.49635416666666665 0.05092592592592592 0.496875 0.05648148148148148 0.49166666666666664 0.06759259259259259 0.49114583333333334 0.08611111111111111 0.4875 0.09166666666666666 0.48072916666666665 0.09351851851851851 0.4765625 0.09259259259259259 0.475 0.08796296296296297 0.47291666666666665 0.058333333333333334 0.48072916666666665 0.049074074074074076 0.49114583333333334 0.046296296296296294
0 0.346875 0.537962962962963 0.3489583333333333 0.5388888888888889 0.35052083333333334 0.5472222222222223 0.3494791666666667 0.5712962962962963 0.34010416666666665 0.5842592592592593 0.33125 0.5824074074074074 0.328125 0.5777777777777777 0.33125 0.5462962962962963 0.3375 0.5361111111111111 0.3463541666666667 0.537962962962963
0 0.5005208333333333 0.1787037037037037 0.5026041666666666 0.18888888888888888 0.49947916666666664 0.19907407407407407 0.49895833333333334 0.2101851851851852 0.4921875 0.21574074074074073 0.4875 0.21296296296296297 0.4875 0.1814814814814815 0.4901041666666667 0.17685185185185184 0.5 0.1787037037037037
0 0.1515625 0.4703703703703704 0.1640625 0.47962962962962963 0.16458333333333333 0.4925925925925926 0.16145833333333334 0.5009259259259259 0.14479166666666668 0.525 0.1359375 0.5166666666666667 0.13645833333333332 0.5 0.14583333333333334 0.4935185185185185 0.146875 0.47962962962962963 0.14427083333333332 0.47314814814814815 0.15104166666666666 0.4703703703703704
0 0.19895833333333332 0.562037037037037 0.21822916666666667 0.562962962962963 0.2234375 0.5685185185185185 0.22864583333333333 0.5907407407407408 0.22708333333333333 0.6055555555555555 0.21354166666666666 0.6287037037037037 0.20989583333333334 0.6305555555555555 0.20208333333333334 0.6259259259259259 0.16510416666666666 0.6416666666666667 0.1546875 0.6481481481481481 0.14895833333333333 0.6592592592592592 0.12916666666666668 0.6546296296296297 0.12395833333333334 0.6472222222222223 0.11979166666666667 0.6351851851851852 0.11927083333333334 0.6240740740740741 0.11979166666666667 0.6046296296296296 0.12291666666666666 0.5879629629629629 0.1296875 0.5805555555555556 0.14947916666666666 0.5703703703703704 0.1765625 0.562037037037037 0.1984375 0.562037037037037
0 0.5114583333333333 0.053703703703703705 0.5166666666666667 0.06388888888888888 0.5125 0.075 0.5083333333333333 0.07962962962962963 0.5015625 0.08148148148148149 0.4953125 0.09351851851851851 0.49270833333333336 0.09166666666666666 0.49166666666666664 0.08148148148148149 0.49270833333333336 0.06296296296296296 0.49947916666666664 0.05555555555555555 0.5109375 0.053703703703703705
0 0.96875 0.6675925925925926 0.984375 0.6703703703703704 0.9994791666666667 0.6777777777777778 0.9994791666666667 0.7490740740740741 0.9911458333333333 0.7444444444444445 0.9583333333333334 0.7148148148148148 0.9458333333333333 0.7101851851851851 0.9458333333333333 0.6833333333333333 0.95625 0.6712962962962963 0.9682291666666667 0.6675925925925926
0 0.4588541666666667 0.06851851851851852 0.4625 0.07407407407407407 0.4630208333333333 0.08148148148148149 0.46041666666666664 0.08796296296296297 0.45416666666666666 0.09259259259259259 0.4427083333333333 0.09074074074074075 0.44114583333333335 0.08888888888888889 0.44114583333333335 0.07777777777777778 0.44583333333333336 0.06851851851851852 0.4583333333333333 0.06851851851851852
0 0.6057291666666667 0.8212962962962963 0.6515625 0.8398148148148148 0.6713541666666667 0.8555555555555555 0.6927083333333334 0.8675925925925926 0.7 0.8787037037037037 0.7046875 0.8972222222222223 0.7041666666666667 0.9296296296296296 0.7020833333333333 0.9453703703703704 0.6963541666666667 0.9592592592592593 0.6833333333333333 0.962037037037037 0.6734375 0.9601851851851851 0.6640625 0.9490740740740741 0.6442708333333333 0.937037037037037 0.6125 0.9231481481481482 0.6015625 0.9222222222222223 0.5848958333333333 0.9 0.5854166666666667 0.875 0.5916666666666667 0.8296296296296296 0.5979166666666667 0.8203703703703704 0.6052083333333333 0.8212962962962963
0 0.5390625 0.1287037037037037 0.5447916666666667 0.13333333333333333 0.546875 0.14166666666666666 0.5463541666666667 0.1537037037037037 0.5432291666666667 0.16111111111111112 0.5338541666666666 0.17222222222222222 0.5182291666666666 0.1675925925925926 0.5171875 0.1537037037037037 0.521875 0.14074074074074075 0.5291666666666667 0.12962962962962962 0.5385416666666667 0.1287037037037037
0 0.7109375 0.7722222222222223 0.734375 0.7888888888888889 0.7447916666666666 0.8037037037037037 0.7447916666666666 0.8555555555555555 0.7411458333333333 0.8611111111111112 0.721875 0.8601851851851852 0.7057291666666666 0.8555555555555555 0.6901041666666666 0.8444444444444444 0.6822916666666666 0.8462962962962963 0.675 0.8388888888888889 0.671875 0.8305555555555556 0.6713541666666667 0.8185185185185185 0.6755208333333333 0.7972222222222223 0.68125 0.7861111111111111 0.6869791666666667 0.7675925925925926 0.6932291666666667 0.7657407407407407 0.7104166666666667 0.7722222222222223
0 0.16354166666666667 0.6574074074074074 0.16927083333333334 0.6712962962962963 0.16822916666666668 0.6851851851851852 0.16458333333333333 0.6990740740740741 0.15833333333333333 0.712037037037037 0.146875 0.725925925925926 0.14375 0.725925925925926 0.1375 0.7138888888888889 0.13697916666666668 0.7074074074074074 0.140625 0.6851851851851852 0.13802083333333334 0.6787037037037037 0.13697916666666668 0.6675925925925926 0.1421875 0.6601851851851852 0.1515625 0.6611111111111111 0.1609375 0.6546296296296297 0.16302083333333334 0.6574074074074074
0 0.5119791666666667 0.18518518518518517 0.5177083333333333 0.1925925925925926 0.5192708333333333 0.2101851851851852 0.5177083333333333 0.2175925925925926 0.5109375 0.22592592592592592 0.5015625 0.22314814814814815 0.4984375 0.2074074074074074 0.5015625 0.18796296296296297 0.5114583333333333 0.18518518518518517
0 0.5510416666666667 0.8888888888888888 0.5630208333333333 0.9009259259259259 0.5703125 0.9203703703703704 0.5708333333333333 0.9259259259259259 0.5682291666666667 0.9333333333333333 0.5583333333333333 0.9388888888888889 0.5473958333333333 0.9388888888888889 0.5515625 0.9268518518518518 0.5432291666666667 0.912962962962963 0.5395833333333333 0.9120370370370371 0.5390625 0.9148148148148149 0.5458333333333333 0.9212962962962963 0.5458333333333333 0.9388888888888889 0.5333333333333333 0.9388888888888889 0.5223958333333333 0.9333333333333333 0.51875 0.9296296296296296 0.515625 0.9194444444444444 0.5192708333333333 0.9009259259259259 0.5229166666666667 0.8972222222222223 0.5328125 0.8972222222222223 0.5390625 0.8888888888888888 0.5505208333333333 0.8888888888888888
0 0.3223958333333333 0.42685185185185187 0.33697916666666666 0.4351851851851852 0.3421875 0.4935185185185185 0.3380208333333333 0.5055555555555555 0.33541666666666664 0.5259259259259259 0.32708333333333334 0.5342592592592592 0.3145833333333333 0.5740740740740741 0.3046875 0.5842592592592593 0.2921875 0.5879629629629629 0.2859375 0.5879629629629629 0.27760416666666665 0.5777777777777777 0.2734375 0.5638888888888889 0.2734375 0.5453703703703704 0.28072916666666664 0.49166666666666664 0.28020833333333334 0.48333333333333334 0.28229166666666666 0.4759259259259259 0.3072916666666667 0.42962962962962964 0.3125 0.42592592592592593 0.321875 0.42685185185185187
0 0.2526041666666667 0.7916666666666666 0.2552083333333333 0.7925925925925926 0.2635416666666667 0.8064814814814815 0.2682291666666667 0.8231481481481482 0.27708333333333335 0.8351851851851851 0.27760416666666665 0.8435185185185186 0.265625 0.8592592592592593 0.25833333333333336 0.862037037037037 0.2515625 0.8564814814814815 0.24583333333333332 0.8583333333333333 0.24479166666666666 0.8731481481481481 0.24010416666666667 0.8768518518518519 0.23854166666666668 0.8907407407407407 0.228125 0.8981481481481481 0.2234375 0.9101851851851852 0.21822916666666667 0.9157407407407407 0.20677083333333332 0.9120370370370371 0.2015625 0.9046296296296297 0.1921875 0.8638888888888889 0.1921875 0.8361111111111111 0.19583333333333333 0.8287037037037037 0.20989583333333334 0.8148148148148148 0.24010416666666667 0.7953703703703704 0.2520833333333333 0.7916666666666666
0 0.7604166666666666 0.4083333333333333 0.765625 0.4148148148148148 0.7723958333333333 0.44537037037037036 0.7635416666666667 0.44537037037037036 0.7557291666666667 0.4388888888888889 0.7541666666666667 0.4425925925925926 0.7729166666666667 0.462037037037037 0.7776041666666667 0.4935185185185185 0.7765625 0.5092592592592593 0.7723958333333333 0.5157407407407407 0.765625 0.5175925925925926 0.7484375 0.512962962962963 0.7401041666666667 0.5046296296296297 0.7385416666666667 0.47685185185185186 0.734375 0.44722222222222224 0.7354166666666667 0.43425925925925923 0.7484375 0.4351851851851852 0.7375 0.42407407407407405 0.7369791666666666 0.4148148148148148 0.7401041666666667 0.40925925925925927 0.7447916666666666 0.4064814814814815 0.7598958333333333 0.4083333333333333
1 0.5463541666666667 0.4212962962962963 0.55 0.43148148148148147 0.55 0.4564814814814815 0.5395833333333333 0.4638888888888889 0.5401041666666667 0.4351851851851852 0.5432291666666667 0.4222222222222222 0.5458333333333333 0.4222222222222222
1 0.46510416666666665 0.9101851851851852 0.4713541666666667 0.924074074074074 0.4703125 0.9416666666666667 0.475 0.9518518518518518 0.4739583333333333 0.9592592592592593 0.4703125 0.9583333333333334 0.4666666666666667 0.9490740740740741 0.4583333333333333 0.9425925925925925 0.45677083333333335 0.9287037037037037 0.4578125 0.9101851851851852 0.459375 0.9064814814814814 0.46458333333333335 0.9101851851851852
1 0.5989583333333334 0.2759259259259259 0.6020833333333333 0.27314814814814814 0.6046875 0.2824074074074074 0.6020833333333333 0.30462962962962964 0.5984375 0.3101851851851852 0.5958333333333333 0.287962962962963 0.5989583333333334 0.27685185185185185
1 0.7109375 0.4935185185185185 0.7130208333333333 0.49537037037037035 0.7145833333333333 0.5231481481481481 0.709375 0.5314814814814814 0.70625 0.5453703703703704 0.7036458333333333 0.549074074074074 0.6979166666666666 0.5453703703703704 0.703125 0.5138888888888888 0.7104166666666667 0.4935185185185185
1 0.775 0.5805555555555556 0.7760416666666666 0.587037037037037 0.7651041666666667 0.6333333333333333 0.7598958333333333 0.6296296296296297 0.7604166666666666 0.6212962962962963 0.75625 0.6166666666666667 0.75625 0.612037037037037 0.7619791666666667 0.6074074074074074 0.7666666666666667 0.5879629629629629 0.7708333333333334 0.5814814814814815 0.7744791666666667 0.5805555555555556
1 0.6140625 0.262037037037037 0.6151041666666667 0.27870370370370373 0.6130208333333333 0.2953703703703704 0.6098958333333333 0.29907407407407405 0.60625 0.29259259259259257 0.60625 0.2833333333333333 0.6098958333333333 0.26296296296296295 0.6135416666666667 0.262037037037037
1 0.04635416666666667 0.33055555555555555 0.052083333333333336 0.33796296296296297 0.05572916666666667 0.34814814814814815 0.058333333333333334 0.3675925925925926 0.05677083333333333 0.37407407407407406 0.05364583333333333 0.37222222222222223 0.040625 0.3388888888888889 0.043229166666666666 0.33055555555555555 0.04583333333333333 0.33055555555555555
1 0.1359375 0.2962962962962963 0.140625 0.29907407407407405 0.14739583333333334 0.32685185185185184 0.146875 0.33240740740740743 0.140625 0.33796296296296297 0.1390625 0.33611111111111114 0.13541666666666666 0.31851851851851853 0.1359375 0.2972222222222222
1 0.2791666666666667 0.38981481481481484 0.2828125 0.3907407407407407 0.28958333333333336 0.4287037037037037 0.28958333333333336 0.4351851851851852 0.2864583333333333 0.4305555555555556 0.2791666666666667 0.4351851851851852 0.2796875 0.4166666666666667 0.27708333333333335 0.4064814814814815 0.2791666666666667 0.3907407407407407
1 0.16927083333333334 0.2712962962962963 0.17395833333333333 0.27685185185185185 0.17604166666666668 0.287962962962963 0.18229166666666666 0.3 0.18177083333333333 0.30277777777777776 0.17864583333333334 0.30185185185185187 0.175 0.2953703703703704 0.17291666666666666 0.3 0.17239583333333333 0.31203703703703706 0.16822916666666668 0.29259259259259257 0.16875 0.2712962962962963
1 0.5953125 0.31574074074074077 0.5979166666666667 0.31574074074074077 0.6 0.32314814814814813 0.596875 0.35555555555555557 0.5947916666666667 0.3574074074074074 0.5927083333333333 0.32685185185185184 0.5953125 0.31666666666666665
1 0.3109375 0.1388888888888889 0.31354166666666666 0.14444444444444443 0.3151041666666667 0.1638888888888889 0.31354166666666666 0.16666666666666666 0.3104166666666667 0.16666666666666666 0.3078125 0.15092592592592594 0.3078125 0.1425925925925926 0.3104166666666667 0.1388888888888889
1 0.24114583333333334 0.21851851851851853 0.24583333333333332 0.22777777777777777 0.24583333333333332 0.24074074074074073 0.2484375 0.24814814814814815 0.24739583333333334 0.25092592592592594 0.24375 0.25277777777777777 0.2390625 0.23425925925925925 0.23854166666666668 0.22685185185185186 0.240625 0.21944444444444444
1 0.14322916666666666 0.25833333333333336 0.15052083333333333 0.262037037037037 0.15416666666666667 0.2833333333333333 0.153125 0.29259259259259257 0.14739583333333334 0.28888888888888886 0.14270833333333333 0.27037037037037037 0.14322916666666666 0.25925925925925924
1 0.8229166666666666 0.4925925925925926 0.8244791666666667 0.4981481481481482 0.8177083333333334 0.5148148148148148 0.8125 0.5120370370370371 0.8119791666666667 0.5074074074074074 0.8161458333333333 0.4898148148148148 0.8223958333333333 0.4925925925925926
1 0.4942708333333333 0.9574074074074074 0.5005208333333333 0.9638888888888889 0.5026041666666666 0.9851851851851852 0.5067708333333333 0.9935185185185185 0.50625 0.9990740740740741 0.48072916666666665 0.9990740740740741 0.4869791666666667 0.9805555555555555 0.4864583333333333 0.9740740740740741 0.484375 0.9703703703703703 0.48072916666666665 0.9731481481481481 0.48072916666666665 0.9694444444444444 0.48489583333333336 0.9574074074074074 0.49375 0.9574074074074074
1 0.2515625 0.9324074074074075 0.2421875 0.8953703703703704 0.24270833333333333 0.8833333333333333 0.24791666666666667 0.8722222222222222 0.2520833333333333 0.8731481481481481 0.25677083333333334 0.899074074074074 0.2546875 0.9111111111111111 0.2552083333333333 0.9305555555555556 0.2520833333333333 0.9324074074074075
1 0.2515625 0.2175925925925926 0.2557291666666667 0.225 0.25677083333333334 0.24814814814814815 0.2552083333333333 0.25092592592592594 0.2526041666666667 0.2490740740740741 0.24791666666666667 0.22870370370370371 0.2484375 0.22037037037037038 0.25104166666666666 0.21851851851851853
1 0.18020833333333333 0.23981481481481481 0.18229166666666666 0.24259259259259258 0.18802083333333333 0.26944444444444443 0.18229166666666666 0.2796296296296296 0.17916666666666667 0.27685185185185185 0.178125 0.262037037037037 0.17552083333333332 0.25462962962962965 0.17604166666666668 0.24537037037037038 0.1796875 0.23981481481481481
1 0.32760416666666664 0.8703703703703703 0.33229166666666665 0.8796296296296297 0.33229166666666665 0.8935185185185185 0.33645833333333336 0.9074074074074074 0.3338541666666667 0.9120370370370371 0.3307291666666667 0.9120370370370371 0.32760416666666664 0.9074074074074074 0.3255208333333333 0.912962962962963 0.32447916666666665 0.9287037037037037 0.321875 0.9314814814814815 0.31875 0.887962962962963 0.315625 0.8796296296296297 0.315625 0.8731481481481481 0.3171875 0.8685185185185185 0.32708333333333334 0.8703703703703703
1 0.16458333333333333 0.26666666666666666 0.16822916666666668 0.28055555555555556 0.16822916666666668 0.29444444444444445 0.165625 0.30277777777777776 0.1625 0.3 0.16302083333333334 0.29259259259259257 0.15989583333333332 0.27685185185185185 0.1609375 0.2675925925925926 0.1640625 0.26666666666666666
1 0.03697916666666667 0.3814814814814815 0.0421875 0.3888888888888889 0.04583333333333333 0.4046296296296296 0.043229166666666666 0.412962962962963 0.043229166666666666 0.425 0.03958333333333333 0.425 0.0375 0.4064814814814815 0.0328125 0.3907407407407407 0.0328125 0.3851851851851852 0.036458333333333336 0.3814814814814815
1 0.051041666666666666 0.38333333333333336 0.059375 0.41203703703703703 0.0578125 0.41759259259259257 0.05416666666666667 0.41759259259259257 0.050520833333333334 0.412962962962963 0.04375 0.39444444444444443 0.04583333333333333 0.38333333333333336 0.050520833333333334 0.38333333333333336
1 0.5916666666666667 0.20092592592592592 0.5947916666666667 0.2064814814814815 0.5963541666666666 0.21666666666666667 0.59375 0.23055555555555557 0.5916666666666667 0.23333333333333334 0.5895833333333333 0.23148148148148148 0.5869791666666667 0.2175925925925926 0.5880208333333333 0.20462962962962963 0.5911458333333334 0.20185185185185187
1 0.20052083333333334 0.23981481481481481 0.203125 0.24166666666666667 0.20729166666666668 0.2574074074074074 0.2078125 0.26666666666666666 0.20625 0.2722222222222222 0.20364583333333333 0.27314814814814814 0.196875 0.25092592592592594 0.19739583333333333 0.24166666666666667 0.2 0.23981481481481481
1 0.6854166666666667 0.47685185185185186 0.6822916666666666 0.44907407407407407 0.690625 0.4324074074074074 0.6942708333333333 0.43425925925925923 0.6947916666666667 0.44074074074074077 0.6942708333333333 0.4527777777777778 0.6854166666666667 0.4777777777777778
1 0.22395833333333334 0.22407407407407406 0.23125 0.25092592592592594 0.23072916666666668 0.25925925925925924 0.228125 0.2611111111111111 0.22395833333333334 0.2574074074074074 0.221875 0.24444444444444444 0.22083333333333333 0.22685185185185186 0.2234375 0.22407407407407406
1 0.13333333333333333 0.2916666666666667 0.13854166666666667 0.3 0.1375 0.31851851851851853 0.14010416666666667 0.33425925925925926 0.13697916666666668 0.3333333333333333 0.1296875 0.3194444444444444 0.12916666666666668 0.2935185185185185 0.1328125 0.2916666666666667
1 0.13020833333333334 0.2574074074074074 0.13333333333333333 0.25925925925925924 0.1359375 0.2675925925925926 0.14010416666666667 0.2824074074074074 0.1390625 0.28888888888888886 0.13697916666666668 0.29259259259259257 0.13020833333333334 0.2833333333333333 0.12604166666666666 0.26666666666666666 0.1296875 0.25833333333333336
1 0.5890625 0.3888888888888889 0.59375 0.3990740740740741 0.5942708333333333 0.4064814814814815 0.5885416666666666 0.4351851851851852 0.5848958333333333 0.43425925925925923 0.5838541666666667 0.4212962962962963 0.584375 0.4027777777777778 0.5885416666666666 0.3888888888888889
1 0.6296875 0.3787037037037037 0.6333333333333333 0.3787037037037037 0.6369791666666667 0.38981481481481484 0.6338541666666667 0.41944444444444445 0.6328125 0.4222222222222222 0.6276041666666666 0.42314814814814816 0.6270833333333333 0.39166666666666666 0.6296875 0.37962962962962965
1 0.7479166666666667 0.5222222222222223 0.7489583333333333 0.5314814814814814 0.7463541666666667 0.5444444444444444 0.7442708333333333 0.575925925925926 0.7411458333333333 0.5722222222222222 0.7411458333333333 0.5592592592592592 0.7375 0.5611111111111111 0.734375 0.5685185185185185 0.7328125 0.562962962962963 0.7427083333333333 0.5259259259259259 0.7473958333333334 0.5222222222222223
1 0.5848958333333333 0.9518518518518518 0.5901041666666667 0.9648148148148148 0.5901041666666667 0.9787037037037037 0.5859375 0.9861111111111112 0.5854166666666667 0.9972222222222222 0.5776041666666667 0.9990740740740741 0.5739583333333333 0.9990740740740741 0.5744791666666667 0.9796296296296296 0.5723958333333333 0.9694444444444444 0.5791666666666667 0.9518518518518518 0.584375 0.9518518518518518
1 0.2635416666666667 0.8611111111111112 0.2682291666666667 0.8648148148148148 0.27239583333333334 0.8759259259259259 0.2713541666666667 0.9009259259259259 0.2786458333333333 0.9277777777777778 0.2760416666666667 0.9342592592592592 0.27239583333333334 0.9333333333333333 0.26510416666666664 0.9222222222222223 0.2578125 0.9009259259259259 0.25833333333333336 0.8685185185185185 0.2604166666666667 0.862037037037037 0.2630208333333333 0.8611111111111112
1 0.45 0.9166666666666666 0.45625 0.9351851851851852 0.45677083333333335 0.9611111111111111 0.4557291666666667 0.9666666666666667 0.44583333333333336 0.9694444444444444 0.4432291666666667 0.9611111111111111 0.44427083333333334 0.9203703703703704 0.44583333333333336 0.9166666666666666 0.44947916666666665 0.9166666666666666
1 0.5942708333333333 0.2324074074074074 0.5979166666666667 0.2324074074074074 0.5994791666666667 0.2388888888888889 0.5994791666666667 0.25092592592592594 0.5963541666666666 0.26851851851851855 0.5921875 0.2712962962962963 0.5916666666666667 0.24722222222222223 0.5942708333333333 0.23333333333333334
1 0.6447916666666667 0.38333333333333336 0.6505208333333333 0.3787037037037037 0.6526041666666667 0.3861111111111111 0.65 0.4111111111111111 0.6479166666666667 0.4148148148148148 0.6447916666666667 0.41388888888888886 0.6432291666666666 0.3972222222222222 0.6453125 0.38425925925925924
1 0.6505208333333333 0.3425925925925926 0.653125 0.3509259259259259 0.6505208333333333 0.3814814814814815 0.6416666666666667 0.3768518518518518 0.6427083333333333 0.35462962962962963 0.6473958333333333 0.3425925925925926 0.65 0.3425925925925926
1 0.32864583333333336 0.1361111111111111 0.33125 0.13796296296296295 0.3333333333333333 0.14629629629629629 0.3333333333333333 0.1574074074074074 0.33125 0.16018518518518518 0.328125 0.16018518518518518 0.3255208333333333 0.14351851851851852 0.328125 0.1361111111111111
1 0.2911458333333333 0.912962962962963 0.29635416666666664 0.9166666666666666 0.30052083333333335 0.9287037037037037 0.3026041666666667 0.9490740740740741 0.29791666666666666 0.9564814814814815 0.2984375 0.9666666666666667 0.296875 0.9685185185185186 0.2911458333333333 0.9601851851851851 0.28958333333333336 0.9462962962962963 0.28020833333333334 0.9388888888888889 0.284375 0.9175925925925926 0.290625 0.912962962962963