0 0.5046875 0.7888888888888889 0.509375 0.7925925925925926 0.5265625 0.8268518518518518 0.525 0.8425925925925926 0.5135416666666667 0.8694444444444445 0.4869791666666667 0.8935185185185185 0.48020833333333335 0.9074074074074074 0.47239583333333335 0.9092592592592592 0.4661458333333333 0.9064814814814814 0.4630208333333333 0.9 0.45416666666666666 0.8629629629629629 0.45625 0.8351851851851851 0.45989583333333334 0.8240740740740741 0.47552083333333334 0.8092592592592592 0.5041666666666667 0.7898148148148149
0 0.5609375 0.1787037037037037 0.5713541666666667 0.20555555555555555 0.5713541666666667 0.21296296296296297 0.5677083333333334 0.22777777777777777 0.5645833333333333 0.2324074074074074 0.5557291666666667 0.23055555555555557 0.5484375 0.21666666666666667 0.5494791666666666 0.19814814814814816 0.5536458333333333 0.1824074074074074 0.55625 0.17777777777777778 0.5604166666666667 0.1787037037037037
0 0.14947916666666666 0.31296296296296294 0.1734375 0.32222222222222224 0.18333333333333332 0.33055555555555555 0.19322916666666667 0.3537037037037037 0.19479166666666667 0.3685185185185185 0.18541666666666667 0.38981481481481484 0.171875 0.39537037037037037 0.14791666666666667 0.4212962962962963 0.13697916666666668 0.44537037037037036 0.11354166666666667 0.4564814814814815 0.096875 0.44907407407407407 0.084375 0.4351851851851852 0.06770833333333333 0.38796296296296295 0.06666666666666667 0.37592592592592594 0.07135416666666666 0.3685185185185185 0.12760416666666666 0.3194444444444444 0.1375 0.31296296296296294 0.14895833333333333 0.31296296296296294
0 0.5484375 0.2175925925925926 0.5541666666666667 0.22777777777777777 0.5541666666666667 0.24814814814814815 0.5505208333333333 0.2657407407407407 0.5458333333333333 0.27314814814814814 0.5286458333333334 0.27037037037037037 0.5265625 0.26851851851851855 0.5260416666666666 0.2564814814814815 0.534375 0.22685185185185186 0.5395833333333333 0.21944444444444444 0.5479166666666667 0.2175925925925926
0 0.7625 0.5824074074074074 0.778125 0.5898148148148148 0.8005208333333333 0.6138888888888889 0.8036458333333333 0.6444444444444445 0.8005208333333333 0.6574074074074074 0.8015625 0.6731481481481482 0.8 0.6787037037037037 0.796875 0.6805555555555556 0.7765625 0.6685185185185185 0.759375 0.6518518518518519 0.746875 0.6481481481481481 0.74375 0.6435185185185185 0.7427083333333333 0.6259259259259259 0.7447916666666666 0.6166666666666667 0.7510416666666667 0.5962962962962963 0.7572916666666667 0.5842592592592593 0.7619791666666667 0.5824074074074074
0 0.5604166666666667 0.14537037037037037 0.5609375 0.15185185185185185 0.5546875 0.16944444444444445 0.5536458333333333 0.1814814814814815 0.5505208333333333 0.18981481481481483 0.5453125 0.18611111111111112 0.5463541666666667 0.1685185185185185 0.5536458333333333 0.15 0.5598958333333334 0.14537037037037037
0 0.509375 0.3333333333333333 0.5151041666666667 0.3351851851851852 0.5197916666666667 0.3435185185185185 0.5270833333333333 0.37592592592592594 0.5307291666666667 0.3824074074074074 0.5296875 0.39351851851851855 0.5328125 0.42314814814814816 0.5291666666666667 0.43333333333333335 0.5223958333333333 0.4361111111111111 0.5046875 0.4361111111111111 0.5015625 0.4324074074074074 0.4947916666666667 0.38981481481481484 0.49375 0.3509259259259259 0.4984375 0.33796296296296297 0.5088541666666667 0.3333333333333333
0 0.8109375 0.8490740740740741 0.8307291666666666 0.8583333333333333 0.8557291666666667 0.875 0.8598958333333333 0.9111111111111111 0.8630208333333333 0.9231481481481482 0.8635416666666667 0.9416666666666667 0.8552083333333333 0.9546296296296296 0.8447916666666667 0.950925925925926 0.8348958333333333 0.9527777777777777 0.8177083333333334 0.9462962962962963 0.8104166666666667 0.9398148148148148 0.7932291666666667 0.9398148148148148 0.7859375 0.9351851851851852 0.7796875 0.912962962962963 0.7796875 0.8824074074074074 0.78125 0.8722222222222222 0.7963541666666667 0.850925925925926 0.8104166666666667 0.8490740740740741
0 0.04114583333333333 0.5462962962962963 0.057291666666666664 0.5537037037037037 0.0609375 0.5638888888888889 0.06041666666666667 0.5685185185185185 0.051041666666666666 0.5842592592592593 0.0328125 0.600925925925926 0.019791666666666666 0.5953703703703703 0.01875 0.5805555555555556 0.022395833333333334 0.5740740740740741 0.029166666666666667 0.5712962962962963 0.03958333333333333 0.5722222222222222 0.040625 0.5685185185185185 0.035416666666666666 0.5648148148148148 0.03125 0.5564814814814815 0.034895833333333334 0.5472222222222223 0.040625 0.5462962962962963
0 0.075 0.7546296296296297 0.08072916666666667 0.7638888888888888 0.09479166666666666 0.7574074074074074 0.10208333333333333 0.7657407407407407 0.10260416666666666 0.7731481481481481 0.08177083333333333 0.8185185185185185 0.07083333333333333 0.8314814814814815 0.06354166666666666 0.8287037037037037 0.05677083333333333 0.8203703703703704 0.05625 0.8166666666666667 0.0640625 0.8055555555555556 0.06510416666666667 0.7953703703703704 0.0734375 0.7944444444444444 0.07708333333333334 0.7898148148148149 0.07447916666666667 0.7842592592592592 0.07083333333333333 0.7907407407407407 0.06666666666666667 0.7898148148148149 0.06979166666666667 0.7824074074074074 0.0640625 0.775 0.06302083333333333 0.7796296296296297 0.059895833333333336 0.7814814814814814 0.06041666666666667 0.7675925925925926 0.06875 0.7638888888888888 0.07447916666666667 0.7546296296296297
0 0.45260416666666664 0.41759259259259257 0.45989583333333334 0.4212962962962963 0.4666666666666667 0.4398148148148148 0.46927083333333336 0.4638888888888889 0.47239583333333335 0.47314814814814815 0.4703125 0.48333333333333334 0.4739583333333333 0.5046296296296297 0.4734375 0.5277777777777778 0.4630208333333333 0.5370370370370371 0.453125 0.537962962962963 0.44427083333333334 0.5370370370370371 0.43854166666666666 0.5296296296296297 0.4359375 0.48703703703703705 0.43333333333333335 0.48055555555555557 0.4354166666666667 0.4638888888888889 0.4354166666666667 0.43703703703703706 0.44166666666666665 0.4212962962962963 0.45208333333333334 0.4185185185185185
0 0.3578125 0.1388888888888889 0.359375 0.14074074074074075 0.3625 0.13240740740740742 0.36614583333333334 0.13240740740740742 0.36822916666666666 0.15462962962962962 0.36666666666666664 0.15833333333333333 0.3619791666666667 0.15925925925925927 0.35885416666666664 0.14814814814814814 0.3546875 0.15555555555555556 0.35260416666666666 0.16574074074074074 0.3416666666666667 0.16018518518518518 0.34010416666666665 0.1398148148148148 0.3411458333333333 0.13703703703703704 0.3572916666666667 0.1388888888888889
0 0.4671875 0.3314814814814815 0.4703125 0.33425925925925926 0.471875 0.34074074074074073 0.4734375 0.36666666666666664 0.46979166666666666 0.38796296296296295 0.4630208333333333 0.40185185185185185 0.459375 0.4009259259259259 0.4588541666666667 0.39351851851851855 0.45416666666666666 0.387037037037037 0.45208333333333334 0.37777777777777777 0.45208333333333334 0.33796296296296297 0.45729166666666665 0.3314814814814815 0.4666666666666667 0.3314814814814815
0 0.017708333333333333 0.7537037037037037 0.029166666666666667 0.7574074074074074 0.030729166666666665 0.7611111111111111 0.030729166666666665 0.7722222222222223 0.0265625 0.7805555555555556 0.019270833333333334 0.7870370370370371 0.011979166666666667 0.8157407407407408 0.0015625 0.8333333333333334 0 0.8333333333333334 0 0.7583333333333333 0.009895833333333333 0.7527777777777778 0.0171875 0.7537037037037037
0 0.08177083333333333 0.2916666666666667 0.08541666666666667 0.30277777777777776 0.08541666666666667 0.3138888888888889 0.08125 0.31851851851851853 0.06354166666666666 0.325 0.059895833333333336 0.325 0.05677083333333333 0.32037037037037036 0.0546875 0.3111111111111111 0.05677083333333333 0.3055555555555556 0.08125 0.2916666666666667
0 0.8833333333333333 0.7351851851851852 0.896875 0.7407407407407407 0.9338541666666667 0.7731481481481481 0.9354166666666667 0.7824074074074074 0.9354166666666667 0.8287037037037037 0.9328125 0.8361111111111111 0.9255208333333333 0.8398148148148148 0.8901041666666667 0.8231481481481482 0.8796875 0.812037037037037 0.865625 0.812962962962963 0.8588541666666667 0.8046296296296296 0.8557291666666667 0.7898148148148149 0.8588541666666667 0.7620370370370371 0.8734375 0.7398148148148148 0.8828125 0.7351851851851852
0 0.5166666666666667 0.6194444444444445 0.5375 0.6259259259259259 0.5567708333333333 0.6361111111111111 0.5708333333333333 0.6462962962962963 0.5953125 0.6712962962962963 0.5984375 0.6851851851851852 0.596875 0.7138888888888889 0.5885416666666666 0.7314814814814815 0.5776041666666667 0.7379629629629629 0.5708333333333333 0.7361111111111112 0.5645833333333333 0.725925925925926 0.528125 0.7074074074074074 0.5213541666666667 0.7046296296296296 0.509375 0.7074074074074074 0.5052083333333334 0.7037037037037037 0.5020833333333333 0.6953703703703704 0.4942708333333333 0.6888888888888889 0.49270833333333336 0.6842592592592592 0.49270833333333336 0.6703703703703704 0.4979166666666667 0.6333333333333333 0.5078125 0.6194444444444445 0.5161458333333333 0.6194444444444445
0 0.5166666666666667 0.19814814814814816 0.5197916666666667 0.2037037037037037 0.5203125 0.23055555555555557 0.5161458333333333 0.23981481481481481 0.5083333333333333 0.2462962962962963 0.5046875 0.24444444444444444 0.503125 0.21296296296296297 0.5083333333333333 0.19907407407407407 0.5161458333333333 0.19814814814814816
0 0.37395833333333334 0.6037037037037037 0.3765625 0.6074074074074074 0.3776041666666667 0.6203703703703703 0.37604166666666666 0.6435185185185185 0.35260416666666666 0.6805555555555556 0.3489583333333333 0.6805555555555556 0.3463541666666667 0.675 0.34791666666666665 0.6611111111111111 0.3458333333333333 0.6333333333333333 0.353125 0.6194444444444445 0.353125 0.6259259259259259 0.3609375 0.6407407407407407 0.36041666666666666 0.6481481481481481 0.3625 0.6527777777777778 0.3651041666666667 0.6472222222222223 0.3640625 0.6398148148148148 0.36666666666666664 0.6370370370370371 0.3723958333333333 0.6194444444444445 0.3703125 0.6055555555555555 0.3734375 0.6037037037037037
0 0.26197916666666665 0.32592592592592595 0.26875 0.3287037037037037 0.26979166666666665 0.3351851851851852 0.25677083333333334 0.35833333333333334 0.24947916666666667 0.38055555555555554 0.2390625 0.3972222222222222 0.221875 0.39537037037037037 0.2140625 0.3907407407407407 0.209375 0.38055555555555554 0.20989583333333334 0.3638888888888889 0.2171875 0.3472222222222222 0.22708333333333333 0.33611111111111114 0.24947916666666667 0.32592592592592595 0.26145833333333335 0.32592592592592595
0 0.2328125 0.6185185185185185 0.2484375 0.6314814814814815 0.2557291666666667 0.65 0.25677083333333334 0.675 0.2520833333333333 0.6824074074074075 0.246875 0.6842592592592592 0.23072916666666668 0.7101851851851851 0.215625 0.7203703703703703 0.2078125 0.7342592592592593 0.20364583333333333 0.7305555555555555 0.20260416666666667 0.7129629629629629 0.19583333333333333 0.6990740740740741 0.1953125 0.6712962962962963 0.20260416666666667 0.6537037037037037 0.21510416666666668 0.6333333333333333 0.2265625 0.6194444444444445 0.23229166666666667 0.6185185185185185
0 0.7427083333333333 0.9175925925925926 0.7473958333333334 0.9222222222222223 0.7510416666666667 0.937037037037037 0.7583333333333333 0.9416666666666667 0.7625 0.9583333333333334 0.7614583333333333 0.9666666666666667 0.753125 0.9731481481481481 0.709375 0.9675925925925926 0.703125 0.9601851851851851 0.703125 0.9388888888888889 0.709375 0.9351851851851852 0.7260416666666667 0.9351851851851852 0.7265625 0.9453703703703704 0.7307291666666667 0.9481481481481482 0.7328125 0.9453703703703704 0.7322916666666667 0.937962962962963 0.7276041666666667 0.9324074074074075 0.7333333333333333 0.9212962962962963 0.7421875 0.9175925925925926
0 0.759375 0.4064814814814815 0.7661458333333333 0.4101851851851852 0.76875 0.4148148148148148 0.7729166666666667 0.4388888888888889 0.7682291666666666 0.44074074074074077 0.7479166666666667 0.4305555555555556 0.746875 0.4324074074074074 0.7609375 0.44722222222222224 0.7729166666666667 0.45555555555555555 0.7770833333333333 0.46296296296296297 0.78125 0.5046296296296297 0.7760416666666666 0.5138888888888888 0.7708333333333334 0.5175925925925926 0.7588541666666667 0.5157407407407407 0.7447916666666666 0.5074074074074074 0.7421875 0.5 0.7421875 0.4861111111111111 0.7359375 0.45555555555555555 0.7348958333333333 0.43425925925925923 0.7401041666666667 0.42685185185185187 0.7401041666666667 0.41759259259259257 0.7421875 0.4111111111111111 0.7479166666666667 0.4064814814814815 0.7588541666666667 0.4064814814814815
0 0.013541666666666667 0.6305555555555555 0.0328125 0.6361111111111111 0.034895833333333334 0.6453703703703704 0.040625 0.65 0.040625 0.6583333333333333 0.0359375 0.6648148148148149 0.027604166666666666 0.6657407407407407 0.008854166666666666 0.6861111111111111 0.0015625 0.6907407407407408 0 0.6907407407407408 0 0.6435185185185185 0.00625 0.6324074074074074 0.013020833333333334 0.6305555555555555
0 0.278125 0.33611111111111114 0.2828125 0.33796296296296297 0.2864583333333333 0.3453703703703704 0.28958333333333336 0.3574074074074074 0.29010416666666666 0.3712962962962963 0.28177083333333336 0.38981481481481484 0.28020833333333334 0.4009259259259259 0.2765625 0.40370370370370373 0.25833333333333336 0.3990740740740741 0.2526041666666667 0.37222222222222223 0.25833333333333336 0.35462962962962963 0.2682291666666667 0.33796296296296297 0.27760416666666665 0.33611111111111114
0 0.5958333333333333 0.39444444444444443 0.6026041666666667 0.4 0.6161458333333333 0.4212962962962963 0.6411458333333333 0.4787037037037037 0.6421875 0.4962962962962963 0.6385416666666667 0.5083333333333333 0.6338541666666667 0.512962962962963 0.6229166666666667 0.5166666666666667 0.60625 0.5138888888888888 0.5989583333333334 0.49074074074074076 0.5828125 0.46296296296296297 0.578125 0.45925925925925926 0.5739583333333333 0.4462962962962963 0.571875 0.42962962962962964 0.5734375 0.4111111111111111 0.584375 0.39537037037037037 0.5953125 0.39444444444444443
0 0.7973958333333333 0.7268518518518519 0.8119791666666667 0.7287037037037037 0.8260416666666667 0.725925925925926 0.8307291666666666 0.7287037037037037 0.8416666666666667 0.7444444444444445 0.8453125 0.7546296296296297 0.8453125 0.7611111111111111 0.8395833333333333 0.7796296296296297 0.825 0.7972222222222223 0.7994791666666666 0.8064814814814815 0.7911458333333333 0.8138888888888889 0.7864583333333334 0.8138888888888889 0.7786458333333334 0.8037037037037037 0.7682291666666666 0.7703703703703704 0.7677083333333333 0.7620370370370371 0.7822916666666667 0.7342592592592593 0.796875 0.7268518518518519
0 0.484375 0.08333333333333333 0.48802083333333335 0.09166666666666666 0.47708333333333336 0.1111111111111111 0.4713541666666667 0.11203703703703703 0.4666666666666667 0.1111111111111111 0.46510416666666665 0.10740740740740741 0.465625 0.08796296296296297 0.47239583333333335 0.0824074074074074 0.48385416666666664 0.08333333333333333
0 0.10260416666666666 0.6166666666666667 0.1234375 0.6277777777777778 0.13072916666666667 0.637962962962963 0.13125 0.6462962962962963 0.12708333333333333 0.662962962962963 0.1109375 0.6990740740740741 0.10885416666666667 0.7129629629629629 0.10572916666666667 0.7175925925925926 0.09635416666666667 0.7194444444444444 0.07395833333333333 0.7111111111111111 0.0640625 0.6824074074074075 0.06302083333333333 0.674074074074074 0.0703125 0.6546296296296297 0.0921875 0.6194444444444445 0.09791666666666667 0.6157407407407407 0.10208333333333333 0.6166666666666667
0 0.978125 0.6685185185185185 0.9994791666666667 0.6777777777777778 0.9994791666666667 0.7481481481481481 0.9942708333333333 0.7546296296296297 0.9802083333333333 0.7583333333333333 0.9703125 0.7574074074074074 0.9630208333333333 0.7481481481481481 0.953125 0.7268518518518519 0.9484375 0.7 0.9494791666666667 0.6851851851851852 0.9557291666666666 0.6759259259259259 0.9640625 0.6694444444444444 0.9776041666666667 0.6685185185185185
0 0.5223958333333333 0.2759259259259259 0.5239583333333333 0.3138888888888889 0.5197916666666667 0.32407407407407407 0.5119791666666667 0.3314814814814815 0.5072916666666667 0.3287037037037037 0.5046875 0.32037037037037036 0.50625 0.27870370370370373 0.5083333333333333 0.275 0.521875 0.2759259259259259
0 0.6546875 0.6666666666666666 0.6770833333333334 0.6814814814814815 0.7 0.7027777777777777 0.7151041666666667 0.7194444444444444 0.721875 0.7333333333333333 0.7302083333333333 0.7416666666666667 0.7380208333333333 0.7546296296296297 0.7432291666666667 0.774074074074074 0.7411458333333333 0.7944444444444444 0.734375 0.8175925925925925 0.7255208333333333 0.8231481481481482 0.7151041666666667 0.8194444444444444 0.7140625 0.8138888888888889 0.7072916666666667 0.8037037037037037 0.7026041666666667 0.8009259259259259 0.6994791666666667 0.8027777777777778 0.6588541666666666 0.7564814814814815 0.64375 0.7481481481481481 0.6395833333333333 0.7351851851851852 0.6296875 0.7185185185185186 0.6296875 0.7064814814814815 0.6390625 0.6787037037037037 0.6473958333333333 0.6666666666666666 0.6541666666666667 0.6666666666666666
0 0.44583333333333336 0.7555555555555555 0.44895833333333335 0.7555555555555555 0.45208333333333334 0.7638888888888888 0.46041666666666664 0.7703703703703704 0.465625 0.7824074074074074 0.46458333333333335 0.7944444444444444 0.45677083333333335 0.8074074074074075 0.4473958333333333 0.8157407407407408 0.4390625 0.8277777777777777 0.43125 0.8305555555555556 0.42604166666666665 0.8194444444444444 0.4265625 0.8074074074074075 0.42864583333333334 0.8 0.43854166666666666 0.7925925925925926 0.44166666666666665 0.7685185185185185 0.44583333333333336 0.7564814814814815
0 0.5713541666666667 0 0.6010416666666667 0 0.609375 0.014814814814814815 0.60625 0.041666666666666664 0.6010416666666667 0.04537037037037037 0.5911458333333334 0.044444444444444446 0.5708333333333333 0.030555555555555555 0.5713541666666667 0.000925925925925926
0 0.5677083333333334 0.7490740740740741 0.625 0.7722222222222223 0.6338541666666667 0.7925925925925926 0.6583333333333333 0.8046296296296296 0.6625 0.8138888888888889 0.6635416666666667 0.8268518518518518 0.6635416666666667 0.8648148148148148 0.6614583333333334 0.8824074074074074 0.6510416666666666 0.8935185185185185 0.6427083333333333 0.8944444444444445 0.6302083333333334 0.8805555555555555 0.6052083333333333 0.8731481481481481 0.5822916666666667 0.862037037037037 0.5760416666666667 0.8648148148148148 0.5677083333333334 0.8629629629629629 0.5520833333333334 0.8444444444444444 0.55 0.8407407407407408 0.5505208333333333 0.8212962962962963 0.5463541666666667 0.8148148148148148 0.5463541666666667 0.8046296296296296 0.5494791666666666 0.7861111111111111 0.5567708333333333 0.7787037037037037 0.5635416666666667 0.7518518518518519 0.5671875 0.75
0 0.5817708333333333 0.05462962962962963 0.590625 0.05740740740740741 0.5927083333333333 0.06851851851851852 0.5921875 0.08148148148148149 0.5864583333333333 0.09814814814814815 0.5791666666666667 0.10185185185185185 0.5671875 0.1175925925925926 0.565625 0.13333333333333333 0.5635416666666667 0.1361111111111111 0.5411458333333333 0.12962962962962962 0.540625 0.11851851851851852 0.5432291666666667 0.0962962962962963 0.5463541666666667 0.08425925925925926 0.5708333333333333 0.05555555555555555 0.58125 0.05462962962962963
0 0.6239583333333333 0.5388888888888889 0.6369791666666667 0.5481481481481482 0.6645833333333333 0.5777777777777777 0.6786458333333333 0.6018518518518519 0.6833333333333333 0.6157407407407407 0.6822916666666666 0.6324074074074074 0.6744791666666666 0.6555555555555556 0.6546875 0.662962962962963 0.65 0.6611111111111111 0.6463541666666667 0.6555555555555556 0.6432291666666666 0.6407407407407407 0.6130208333333333 0.6138888888888889 0.5984375 0.6101851851851852 0.5916666666666667 0.5888888888888889 0.5911458333333334 0.5675925925925925 0.5994791666666667 0.55 0.6130208333333333 0.5361111111111111 0.6234375 0.5388888888888889
0 0.5536458333333333 0.950925925925926 0.5609375 0.9518518518518518 0.5682291666666667 0.9638888888888889 0.5770833333333333 0.9694444444444444 0.5817708333333333 0.9796296296296296 0.5817708333333333 0.9851851851851852 0.575 0.9925925925925926 0.5416666666666666 0.9972222222222222 0.5276041666666667 0.9944444444444445 0.5255208333333333 0.9898148148148148 0.5260416666666666 0.9805555555555555 0.5291666666666667 0.9694444444444444 0.5348958333333333 0.9592592592592593 0.5463541666666667 0.9518518518518518 0.553125 0.950925925925926
0 0.2671875 0.7981481481481482 0.28020833333333334 0.8074074074074075 0.28020833333333334 0.825 0.27760416666666665 0.8333333333333334 0.26875 0.8453703703703703 0.25729166666666664 0.8490740740740741 0.2552083333333333 0.8537037037037037 0.2546875 0.8675925925925926 0.2515625 0.875 0.24479166666666666 0.8824074074074074 0.24166666666666667 0.8824074074074074 0.2375 0.8759259259259259 0.2375 0.837037037037037 0.24427083333333333 0.8148148148148148 0.25104166666666666 0.8046296296296296 0.25052083333333336 0.8 0.26666666666666666 0.7981481481481482
1 0.4203125 0.6777777777777778 0.425 0.6759259259259259 0.42916666666666664 0.6888888888888889 0.4276041666666667 0.7101851851851851 0.42864583333333334 0.725 0.4244791666666667 0.725925925925926 0.41822916666666665 0.6990740740740741 0.4203125 0.6787037037037037
1 0.16927083333333334 0.8222222222222222 0.18020833333333333 0.8277777777777777 0.18541666666666667 0.8361111111111111 0.18541666666666667 0.85 0.190625 0.8722222222222222 0.1890625 0.8805555555555555 0.18541666666666667 0.8796296296296297 0.1796875 0.8666666666666667 0.1703125 0.8592592592592593 0.16666666666666666 0.8527777777777777 0.16510416666666666 0.8277777777777777 0.16614583333333333 0.8231481481481482 0.16875 0.8222222222222222
1 0.5953125 0.2490740740740741 0.5989583333333334 0.2564814814814815 0.5963541666666666 0.27870370370370373 0.5953125 0.28425925925925927 0.59375 0.28425925925925927 0.5911458333333334 0.2824074074074074 0.590625 0.2777777777777778 0.590625 0.262037037037037 0.5953125 0.25
1 0.3770833333333333 0.725925925925926 0.384375 0.7342592592592593 0.3890625 0.7472222222222222 0.39010416666666664 0.7574074074074074 0.38385416666666666 0.7722222222222223 0.3796875 0.7888888888888889 0.3765625 0.7907407407407407 0.3765625 0.7648148148148148 0.3729166666666667 0.7583333333333333 0.371875 0.7509259259259259 0.3729166666666667 0.7351851851851852 0.3765625 0.725925925925926
1 0.059895833333333336 0.33425925925925926 0.071875 0.3648148148148148 0.06770833333333333 0.3712962962962963 0.0640625 0.3712962962962963 0.059375 0.35555555555555557 0.05260416666666667 0.3453703703703704 0.053125 0.33611111111111114 0.05677083333333333 0.33240740740740743 0.059375 0.33425925925925926
1 0.5755208333333334 0.2814814814814815 0.009375 0.03888888888888889
1 0.7114583333333333 0.5083333333333333 0.7166666666666667 0.5083333333333333 0.7192708333333333 0.5231481481481481 0.7182291666666667 0.5324074074074074 0.7135416666666666 0.5398148148148149 0.7078125 0.5601851851851852 0.7057291666666666 0.5601851851851852 0.7036458333333333 0.5527777777777778 0.6989583333333333 0.55 0.703125 0.5435185185185185 0.7078125 0.5185185185185185 0.7114583333333333 0.5092592592592593
1 0.5395833333333333 0.4083333333333333 0.5385416666666667 0.37592592592592594 0.5401041666666667 0.362962962962963 0.5421875 0.3611111111111111 0.5479166666666667 0.37037037037037035 0.5484375 0.38333333333333336 0.546875 0.4009259259259259 0.5432291666666667 0.4074074074074074 0.5401041666666667 0.4083333333333333
1 0.7692708333333333 0.8712962962962963 0.7713541666666667 0.875 0.7692708333333333 0.8888888888888888 0.7734375 0.9055555555555556 0.7651041666666667 0.9064814814814814 0.7479166666666667 0.925 0.7453125 0.9212962962962963 0.7541666666666667 0.9009259259259259 0.75 0.8870370370370371 0.7583333333333333 0.8740740740740741 0.76875 0.8712962962962963
1 0.328125 0.8268518518518518 0.334375 0.8268518518518518 0.3411458333333333 0.8361111111111111 0.34427083333333336 0.8657407407407407 0.34322916666666664 0.8731481481481481 0.3380208333333333 0.8787037037037037 0.33489583333333334 0.8666666666666667 0.32760416666666664 0.8555555555555555 0.3265625 0.8314814814814815 0.328125 0.8277777777777777
1 0.6161458333333333 0.25925925925925924 0.6203125 0.26481481481481484 0.6203125 0.2759259259259259 0.6166666666666667 0.29259259259259257 0.6130208333333333 0.29814814814814816 0.6098958333333333 0.2953703703703704 0.609375 0.2722222222222222 0.6130208333333333 0.2611111111111111 0.615625 0.25925925925925924
1 0.49114583333333334 0.46296296296296297 0.49895833333333334 0.47685185185185186 0.4979166666666667 0.5037037037037037 0.4947916666666667 0.4981481481481482 0.49114583333333334 0.512962962962963 0.4875 0.5148148148148148 0.4890625 0.49907407407407406 0.4875 0.47685185185185186 0.490625 0.4638888888888889
1 0.2046875 0.7722222222222223 0.21302083333333333 0.7768518518518519 0.2171875 0.7925925925925926 0.22395833333333334 0.8055555555555556 0.2234375 0.8166666666666667 0.21666666666666667 0.812037037037037 0.21354166666666666 0.8185185185185185 0.20989583333333334 0.8185185185185185 0.20052083333333334 0.7981481481481482 0.19791666666666666 0.774074074074074 0.19895833333333332 0.7712962962962963 0.20416666666666666 0.7722222222222223
1 0.5723958333333333 0.35185185185185186 0.5739583333333333 0.3592592592592593 0.5734375 0.38333333333333336 0.5677083333333334 0.39814814814814814 0.5645833333333333 0.36203703703703705 0.5661458333333333 0.35462962962962963 0.571875 0.35185185185185186
1 0.15416666666666667 0.8824074074074074 0.1609375 0.8870370370370371 0.16458333333333333 0.8935185185185185 0.17291666666666666 0.9231481481481482 0.16822916666666668 0.9296296296296296 0.165625 0.925 0.16666666666666666 0.9212962962962963 0.16510416666666666 0.9185185185185185 0.1578125 0.9203703703703704 0.14583333333333334 0.9055555555555556 0.14479166666666668 0.9 0.14635416666666667 0.8935185185185185 0.15364583333333334 0.8833333333333333
1 0.5052083333333334 0.4666666666666667 0.5088541666666667 0.4666666666666667 0.5109375 0.47129629629629627 0.5130208333333334 0.4842592592592593 0.5119791666666667 0.5064814814814815 0.5083333333333333 0.5027777777777778 0.5046875 0.5148148148148148 0.5015625 0.5138888888888888 0.503125 0.5046296296296297 0.5020833333333333 0.48055555555555557 0.5052083333333334 0.4675925925925926
1 0.12291666666666666 0.2898148148148148 0.12708333333333333 0.3 0.1265625 0.3194444444444444 0.12291666666666666 0.32314814814814813 0.12083333333333333 0.3212962962962963 0.11614583333333334 0.30462962962962964 0.11770833333333333 0.2972222222222222 0.12239583333333333 0.29074074074074074
1 0.9114583333333334 0.6203703703703703 0.9145833333333333 0.6240740740740741 0.9145833333333333 0.6425925925925926 0.9046875 0.6703703703703704 0.9010416666666666 0.675 0.8979166666666667 0.674074074074074 0.8921875 0.6601851851851852 0.9052083333333333 0.6277777777777778 0.9109375 0.6212962962962963
1 0.2838541666666667 0.8092592592592592 0.2953125 0.8240740740740741 0.296875 0.8398148148148148 0.3015625 0.8564814814814815 0.30052083333333335 0.8648148148148148 0.29583333333333334 0.8657407407407407 0.29635416666666664 0.8787037037037037 0.29322916666666665 0.8814814814814815 0.28854166666666664 0.8796296296296297 0.28802083333333334 0.8611111111111112 0.2791666666666667 0.8388888888888889 0.28125 0.8240740740740741 0.2796875 0.8101851851851852 0.2833333333333333 0.8092592592592592
1 0.8036458333333333 0.5324074074074074 0.8078125 0.5361111111111111 0.809375 0.5453703703703704 0.809375 0.5537037037037037 0.8057291666666667 0.5638888888888889 0.796875 0.5740740740740741 0.7947916666666667 0.5685185185185185 0.7984375 0.5453703703703704 0.803125 0.5333333333333333
1 0.5755208333333334 0.4976851851851852 0.014583333333333334 0.05092592592592592
1 0.42083333333333334 0.6518518518518519 0.4234375 0.6583333333333333 0.4244791666666667 0.6722222222222223 0.41875 0.6796296296296296 0.41822916666666665 0.6962962962962963 0.41458333333333336 0.7074074074074074 0.41458333333333336 0.6833333333333333 0.4088541666666667 0.6564814814814814 0.4140625 0.6425925925925926 0.4171875 0.6435185185185185 0.4203125 0.6518518518518519
1 0.1921875 0.28888888888888886 0.18697916666666667 0.2638888888888889 0.18697916666666667 0.25555555555555554 0.1890625 0.2518518518518518 0.19270833333333334 0.2537037037037037 0.19479166666666667 0.2740740740740741 0.19791666666666666 0.2824074074074074 0.19635416666666666 0.287962962962963 0.19270833333333334 0.28888888888888886
1 0.5953125 0.2324074074074074 0.5963541666666666 0.25092592592592594 0.5916666666666667 0.26851851851851855 0.5880208333333333 0.2657407407407407 0.5885416666666666 0.24537037037037038 0.5901041666666667 0.2388888888888889 0.5947916666666667 0.23333333333333334
1 0.06458333333333334 0.38055555555555554 0.06875 0.39537037037037037 0.075 0.4074074074074074 0.06822916666666666 0.4101851851851852 0.06770833333333333 0.4222222222222222 0.06458333333333334 0.4203703703703704 0.06145833333333333 0.4083333333333333 0.057291666666666664 0.40555555555555556 0.05677083333333333 0.40185185185185185 0.058333333333333334 0.38333333333333336 0.0640625 0.38055555555555554
1 0.21354166666666666 0.7583333333333333 0.22447916666666667 0.7722222222222223 0.22552083333333334 0.7842592592592592 0.22916666666666666 0.7953703703703704 0.22916666666666666 0.8 0.22604166666666667 0.8064814814814815 0.22291666666666668 0.8055555555555556 0.2171875 0.7925925925925926 0.2140625 0.7787037037037037 0.209375 0.7712962962962963 0.209375 0.7620370370370371 0.21302083333333333 0.7583333333333333
1 0.5822916666666667 0.36666666666666664 0.5859375 0.3685185185185185 0.5880208333333333 0.387037037037037 0.58125 0.4 0.5786458333333333 0.3962962962962963 0.5776041666666667 0.3768518518518518 0.5817708333333333 0.36666666666666664
1 0.6020833333333333 0.2037037037037037 0.6067708333333334 0.21296296296296297 0.6041666666666666 0.23148148148148148 0.6015625 0.2351851851851852 0.5994791666666667 0.22777777777777777 0.5994791666666667 0.20555555555555555 0.6015625 0.20462962962962963
1 0.12395833333333334 0.9490740740740741 0.13125 0.9518518518518518 0.14166666666666666 0.9777777777777777 0.140625 0.9861111111111112 0.13697916666666668 0.9907407407407407 0.13645833333333332 0.9990740740740741 0.13177083333333334 0.9990740740740741 0.11145833333333334 0.9694444444444444 0.1109375 0.9601851851851851 0.115625 0.95 0.1234375 0.9490740740740741
1 0.5567708333333333 0.3712962962962963 0.5609375 0.3731481481481482 0.5645833333333333 0.3824074074074074 0.5645833333333333 0.39444444444444443 0.5609375 0.40370370370370373 0.5588541666666667 0.4203703703703704 0.5567708333333333 0.4222222222222222 0.5567708333333333 0.40555555555555556 0.5541666666666667 0.3925925925925926 0.5541666666666667 0.3814814814814815 0.5567708333333333 0.37222222222222223
1 0.7604166666666666 0.34074074074074073 0.7614583333333333 0.3574074074074074 0.7567708333333333 0.3675925925925926 0.7546875 0.38055555555555554 0.7515625 0.38425925925925924 0.75 0.38333333333333336 0.75 0.3574074074074074 0.7578125 0.3398148148148148 0.7598958333333333 0.34074074074074073
1 0.4666666666666667 0.20185185185185187 0.46927083333333336 0.21944444444444444 0.4671875 0.23333333333333334 0.4630208333333333 0.2351851851851852 0.4635416666666667 0.21203703703703702 0.4661458333333333 0.20277777777777778
1 0.5229166666666667 0.5222222222222223 0.5244791666666667 0.5074074074074074 0.521875 0.4981481481481482 0.5213541666666667 0.4842592592592593 0.5239583333333333 0.47314814814814815 0.5276041666666667 0.47129629629629627 0.5328125 0.48518518518518516 0.5328125 0.4925925925925926 0.5296875 0.5 0.5270833333333333 0.5231481481481481 0.5234375 0.5231481481481481
1 0.28958333333333336 0.19444444444444445 0.2875 0.19166666666666668 0.2859375 0.1574074074074074 0.28958333333333336 0.15555555555555556 0.2916666666666667 0.16296296296296298 0.2916666666666667 0.19074074074074074 0.29010416666666666 0.1935185185185185
1 0.40208333333333335 0.7231481481481481 0.4078125 0.7351851851851852 0.4109375 0.75 0.41458333333333336 0.7518518518518519 0.41510416666666666 0.7583333333333333 0.4125 0.7638888888888888 0.4078125 0.7638888888888888 0.4046875 0.7685185185185185 0.4010416666666667 0.787962962962963 0.39739583333333334 0.7870370370370371 0.396875 0.7333333333333333 0.39895833333333336 0.725 0.4015625 0.7231481481481481
1 0.5856770833333333 0.28888888888888886 0.0109375 0.037037037037037035
1 0.5953125 0.20555555555555555 0.5994791666666667 0.2037037037037037 0.6020833333333333 0.20925925925925926 0.6010416666666667 0.22962962962962963 0.5953125 0.2351851851851852 0.5953125 0.2064814814814815
1 0.5890625 0.32037037037037036 0.5901041666666667 0.3037037037037037 0.5953125 0.2972222222222222 0.5989583333333334 0.3101851851851852 0.5947916666666667 0.32222222222222224 0.5895833333333333 0.3212962962962963
1 0 0.42314814814814816 0.005208333333333333 0.42314814814814816 0.0078125 0.42685185185185187 0.0125 0.4351851851851852 0.013541666666666667 0.44351851851851853 0.020833333333333332 0.4537037037037037 0.019791666666666666 0.4564814814814815 0.015625 0.4564814814814815 0.010416666666666666 0.4648148148148148 0 0.4398148148148148 0 0.42407407407407405
1 0.26510416666666664 0.850925925925926 0.2713541666666667 0.8592592592592593 0.27447916666666666 0.8768518518518519 0.27447916666666666 0.8972222222222223 0.26927083333333335 0.9037037037037037 0.26510416666666664 0.899074074074074 0.2635416666666667 0.8898148148148148 0.2546875 0.8777777777777778 0.25677083333333334 0.8518518518518519 0.26458333333333334 0.850925925925926
1 0.32916666666666666 0.774074074074074 0.3338541666666667 0.7824074074074074 0.340625 0.8055555555555556 0.3390625 0.812037037037037 0.3333333333333333 0.8092592592592592 0.33229166666666665 0.8203703703703704 0.3296875 0.8240740740740741 0.32708333333333334 0.8203703703703704 0.3234375 0.7851851851851852 0.3234375 0.7759259259259259 0.32864583333333336 0.774074074074074