0 0.33489583333333334 0.4898148148148148 0.3536458333333333 0.5055555555555555 0.35885416666666664 0.5194444444444445 0.35885416666666664 0.5361111111111111 0.35572916666666665 0.5444444444444444 0.3463541666666667 0.5537037037037037 0.3333333333333333 0.5833333333333334 0.32864583333333336 0.5953703703703703 0.3255208333333333 0.612037037037037 0.31302083333333336 0.6231481481481481 0.30625 0.6231481481481481 0.29010416666666666 0.6111111111111112 0.2859375 0.5925925925925926 0.2864583333333333 0.5814814814814815 0.28958333333333336 0.5648148148148148 0.2947916666666667 0.5564814814814815 0.30416666666666664 0.525 0.32395833333333335 0.49166666666666664 0.334375 0.4898148148148148
0 0.8223958333333333 0.31574074074074077 0.83125 0.32685185185185184 0.8333333333333334 0.33611111111111114 0.8328125 0.34629629629629627 0.8265625 0.34814814814814815 0.8114583333333333 0.3416666666666667 0.8083333333333333 0.3453703703703704 0.8333333333333334 0.36574074074074076 0.8385416666666666 0.37407407407407406 0.8411458333333334 0.387037037037037 0.8411458333333334 0.40185185185185185 0.8447916666666667 0.41759259259259257 0.8411458333333334 0.42777777777777776 0.8338541666666667 0.4324074074074074 0.8104166666666667 0.4287037037037037 0.8026041666666667 0.4222222222222222 0.7989583333333333 0.41388888888888886 0.7953125 0.3537037037037037 0.796875 0.3435185185185185 0.8026041666666667 0.33796296296296297 0.7994791666666666 0.33240740740740743 0.8 0.32314814814814813 0.8067708333333333 0.31574074074074077 0.821875 0.31574074074074077
0 0.2760416666666667 0.19166666666666668 0.2947916666666667 0.19907407407407407 0.3109375 0.21481481481481482 0.3140625 0.21944444444444444 0.31927083333333334 0.23981481481481481 0.31666666666666665 0.25092592592592594 0.31666666666666665 0.2611111111111111 0.31354166666666666 0.26851851851851855 0.3026041666666667 0.2722222222222222 0.28802083333333334 0.28703703703703703 0.28541666666666665 0.3037037037037037 0.2791666666666667 0.3101851851851852 0.265625 0.3101851851851852 0.24947916666666667 0.2972222222222222 0.24427083333333333 0.28703703703703703 0.2328125 0.2388888888888889 0.234375 0.22962962962962963 0.2640625 0.19537037037037036 0.26875 0.19166666666666668 0.2755208333333333 0.19166666666666668
0 0.5989583333333334 0.6712962962962963 0.6046875 0.6777777777777778 0.6302083333333334 0.6842592592592592 0.6375 0.6953703703703704 0.6421875 0.7240740740740741 0.6421875 0.7435185185185185 0.6401041666666667 0.7574074074074074 0.6260416666666667 0.7722222222222223 0.6213541666666667 0.774074074074074 0.6140625 0.7731481481481481 0.603125 0.7648148148148148 0.5619791666666667 0.7648148148148148 0.5505208333333333 0.775 0.5401041666666667 0.7722222222222223 0.5359375 0.7638888888888888 0.5296875 0.7592592592592593 0.5265625 0.7518518518518519 0.5244791666666667 0.6935185185185185 0.528125 0.6833333333333333 0.5354166666666667 0.6787037037037037 0.5984375 0.6712962962962963
1 0.4635416666666667 0.5120370370370371 0.46770833333333334 0.5185185185185185 0.46875 0.5324074074074074 0.465625 0.5407407407407407 0.4630208333333333 0.5648148148148148 0.45989583333333334 0.5685185185185185 0.4583333333333333 0.5370370370370371 0.4557291666666667 0.5314814814814814 0.44947916666666665 0.5324074074074074 0.44947916666666665 0.5268518518518519 0.45677083333333335 0.5074074074074074 0.45989583333333334 0.5064814814814815 0.4630208333333333 0.5120370370370371
1 0.259375 0.7490740740740741 0.265625 0.7583333333333333 0.26875 0.7722222222222223 0.2734375 0.7787037037037037 0.275 0.7861111111111111 0.27239583333333334 0.7916666666666666 0.26197916666666665 0.8009259259259259 0.2598958333333333 0.7916666666666666 0.2552083333333333 0.7842592592592592 0.25416666666666665 0.775 0.246875 0.7583333333333333 0.24791666666666667 0.7527777777777778 0.25885416666666666 0.7490740740740741
1 0.421875 0.774074074074074 0.43125 0.7814814814814814 0.43697916666666664 0.7962962962962963 0.43645833333333334 0.8055555555555556 0.42864583333333334 0.8305555555555556 0.425 0.837037037037037 0.42239583333333336 0.8351851851851851 0.4244791666666667 0.8175925925925925 0.4239583333333333 0.8055555555555556 0.41822916666666665 0.7935185185185185 0.4114583333333333 0.8027777777777778 0.4109375 0.8 0.42135416666666664 0.775
1 0.5643229166666667 0.34074074074074073 0.013020833333333334 0.05185185185185185
1 0.15104166666666666 0.24537037037037038 0.15520833333333334 0.2564814814814815 0.15625 0.26851851851851855 0.15989583333333332 0.275 0.1578125 0.2814814814814815 0.15416666666666667 0.27870370370370373 0.14427083333333332 0.2518518518518518 0.14635416666666667 0.24537037037037038 0.15052083333333333 0.24537037037037038
1 0.5119791666666667 0.36574074074074076 0.5166666666666667 0.3675925925925926 0.5223958333333333 0.387037037037037 0.5166666666666667 0.4111111111111111 0.5135416666666667 0.41203703703703703 0.5125 0.3972222222222222 0.5088541666666667 0.3925925925925926 0.5119791666666667 0.36666666666666664
1 0.36484375 0.08101851851851852 0.0078125 0.030555555555555555
1 0.39114583333333336 0.04212962962962963 0.008333333333333333 0.023148148148148147
1 0.23854166666666668 0.1388888888888889 0.24114583333333334 0.1398148148148148 0.24427083333333333 0.14814814814814814 0.24479166666666666 0.1675925925925926 0.23645833333333333 0.16111111111111112 0.23489583333333333 0.14629629629629629 0.23802083333333332 0.1388888888888889
1 0.653125 0.4546296296296296 0.6578125 0.4675925925925926 0.6583333333333333 0.47685185185185186 0.6510416666666666 0.48148148148148145 0.64375 0.4981481481481482 0.6421875 0.4898148148148148 0.6463541666666667 0.462037037037037 0.6489583333333333 0.45555555555555555 0.6526041666666667 0.4546296296296296
1 0.21354166666666666 0.14629629629629629 0.21875 0.16018518518518518 0.21875 0.1648148148148148 0.2140625 0.1685185185185185 0.209375 0.15462962962962962 0.20989583333333334 0.14814814814814814 0.21302083333333333 0.14629629629629629
1 0.6473958333333333 0.2074074074074074 0.6505208333333333 0.20833333333333334 0.6546875 0.22037037037037038 0.6546875 0.22870370370370371 0.6510416666666666 0.23796296296296296 0.6505208333333333 0.24722222222222223 0.6442708333333333 0.25 0.6447916666666667 0.22685185185185186 0.6473958333333333 0.20833333333333334
1 0.8317708333333333 0.2712962962962963 0.8348958333333333 0.2759259259259259 0.8354166666666667 0.2824074074074074 0.83125 0.30185185185185187 0.828125 0.3101851851851852 0.8244791666666667 0.31296296296296294 0.8229166666666666 0.3101851851851852 0.8239583333333333 0.2796296296296296 0.828125 0.2722222222222222 0.83125 0.2712962962962963
1 0.4046875 0.5601851851851852 0.4078125 0.5611111111111111 0.41822916666666665 0.5777777777777777 0.41510416666666666 0.5879629629629629 0.41510416666666666 0.6074074074074074 0.4109375 0.612037037037037 0.40729166666666666 0.6111111111111112 0.40260416666666665 0.5796296296296296 0.4041666666666667 0.5611111111111111
1 0.6645833333333333 0.14166666666666666 0.6682291666666667 0.14629629629629629 0.66875 0.15185185185185185 0.66875 0.1712962962962963 0.6671875 0.17592592592592593 0.6614583333333334 0.17962962962962964 0.6609375 0.15092592592592594 0.6640625 0.1425925925925926
1 0.08177083333333333 0.3287037037037037 0.08854166666666667 0.3351851851851852 0.09010416666666667 0.3472222222222222 0.09739583333333333 0.3574074074074074 0.0953125 0.3611111111111111 0.0921875 0.35648148148148145 0.0890625 0.35648148148148145 0.08802083333333334 0.36944444444444446 0.08489583333333334 0.36944444444444446 0.0828125 0.3509259259259259 0.07916666666666666 0.3416666666666667 0.07864583333333333 0.33425925925925926 0.08125 0.3287037037037037
1 0.20625 0.275 0.21302083333333333 0.28425925925925927 0.21666666666666667 0.3101851851851852 0.21666666666666667 0.31851851851851853 0.21510416666666668 0.32037037037037036 0.21354166666666666 0.32037037037037036 0.20989583333333334 0.3055555555555556 0.20260416666666667 0.28888888888888886 0.203125 0.2759259259259259 0.20572916666666666 0.275
1 0.3729166666666667 0.028703703703703703 0.37916666666666665 0.049074074074074076 0.37916666666666665 0.06574074074074074 0.3765625 0.06851851851851852 0.3723958333333333 0.053703703703703705 0.3723958333333333 0.02962962962962963
1 0.22552083333333334 0.17407407407407408 0.22760416666666666 0.1787037037037037 0.22708333333333333 0.20555555555555555 0.2234375 0.20462962962962963 0.21927083333333333 0.18981481481481483 0.2203125 0.17407407407407408 0.225 0.17407407407407408
1 0.2708333333333333 0.16018518518518518 0.27395833333333336 0.1675925925925926 0.27760416666666665 0.18888888888888888 0.2765625 0.19074074074074074 0.2703125 0.18888888888888888 0.2671875 0.1675925925925926 0.2671875 0.16018518518518518 0.2703125 0.16018518518518518
1 0.23802083333333332 0.16018518518518518 0.24166666666666667 0.16666666666666666 0.2421875 0.1787037037037037 0.24739583333333334 0.1925925925925926 0.24375 0.1935185185185185 0.240625 0.18703703703703703 0.2375 0.19814814814814816 0.23541666666666666 0.1962962962962963 0.23333333333333334 0.1685185185185185 0.23385416666666667 0.16203703703703703 0.2375 0.16018518518518518
1 0.5067708333333333 0.22546296296296298 0.7145833333333333 0.03425925925925926
1 0.8703125 0.5351851851851852 0.8744791666666667 0.5425925925925926 0.8651041666666667 0.5703703703703704 0.8645833333333334 0.5842592592592593 0.8677083333333333 0.5916666666666667 0.8666666666666667 0.5953703703703703 0.8609375 0.5925925925925926 0.859375 0.5722222222222222 0.8572916666666667 0.5675925925925925 0.8515625 0.5722222222222222 0.8505208333333333 0.5805555555555556 0.8453125 0.5796296296296296 0.8442708333333333 0.5740740740740741 0.8697916666666666 0.5351851851851852
1 0.34375 0.825 0.35625 0.85 0.35572916666666665 0.8583333333333333 0.3489583333333333 0.8666666666666667 0.3453125 0.8666666666666667 0.3411458333333333 0.8592592592592593 0.3380208333333333 0.8444444444444444 0.3390625 0.825 0.34322916666666664 0.825
1 0.6296875 0.1648148148148148 0.6333333333333333 0.175 0.6333333333333333 0.18518518518518517 0.6286458333333333 0.20462962962962963 0.6265625 0.2074074074074074 0.6255208333333333 0.20555555555555555 0.6255208333333333 0.18981481481481483 0.6265625 0.17037037037037037 0.6291666666666667 0.16574074074074074
1 0.47708333333333336 0.512962962962963 0.48072916666666665 0.5194444444444445 0.48125 0.5361111111111111 0.4739583333333333 0.5611111111111111 0.471875 0.5601851851851852 0.47291666666666665 0.5435185185185185 0.46927083333333336 0.5287037037037037 0.46875 0.5175925925925926 0.47291666666666665 0.5111111111111111 0.4765625 0.512962962962963
1 0.3932291666666667 0.5601851851851852 0.39739583333333334 0.5611111111111111 0.4015625 0.5712962962962963 0.40260416666666665 0.5796296296296296 0.40260416666666665 0.5925925925925926 0.39947916666666666 0.6 0.396875 0.6185185185185185 0.39427083333333335 0.6212962962962963 0.39166666666666666 0.6194444444444445 0.3927083333333333 0.6 0.390625 0.5703703703703704 0.3932291666666667 0.5611111111111111
1 0.5223958333333333 0.7166666666666667 0.51875 0.7092592592592593 0.5161458333333333 0.7129629629629629 0.5135416666666667 0.7268518518518519 0.5119791666666667 0.7296296296296296 0.5098958333333333 0.7268518518518519 0.5119791666666667 0.6787037037037037 0.5151041666666667 0.6703703703703704 0.5182291666666666 0.6675925925925926 0.5203125 0.6703703703703704 0.5234375 0.6953703703703704 0.5229166666666667 0.7157407407407408
1 0.19427083333333334 0.8972222222222223 0.20416666666666666 0.9083333333333333 0.20572916666666666 0.9148148148148149 0.20416666666666666 0.925 0.20885416666666667 0.9342592592592592 0.20625 0.9407407407407408 0.19583333333333333 0.937962962962963 0.18541666666666667 0.9185185185185185 0.184375 0.9101851851851852 0.18645833333333334 0.9009259259259259 0.1890625 0.8972222222222223 0.19375 0.8972222222222223
1 0.32083333333333336 0.08796296296296297 0.325 0.09722222222222222 0.32760416666666664 0.11388888888888889 0.32135416666666666 0.11944444444444445 0.3182291666666667 0.1175925925925926 0.31666666666666665 0.09166666666666666 0.3203125 0.08888888888888889
1 0.203125 0.20277777777777778 0.20833333333333334 0.2111111111111111 0.215625 0.23796296296296296 0.20572916666666666 0.24444444444444444 0.20625 0.23333333333333334 0.2015625 0.21296296296296297 0.20260416666666667 0.2037037037037037
1 0.7130208333333333 0.6685185185185185 0.7151041666666667 0.6722222222222223 0.7135416666666666 0.6814814814814815 0.715625 0.6944444444444444 0.7036458333333333 0.7333333333333333 0.7 0.737037037037037 0.696875 0.7314814814814815 0.6984375 0.6944444444444444 0.7010416666666667 0.6851851851851852 0.7083333333333334 0.6796296296296296 0.7098958333333333 0.6694444444444444 0.7125 0.6685185185185185
1 0.4708333333333333 0.37592592592592594 0.47552083333333334 0.3824074074074074 0.4739583333333333 0.4148148148148148 0.4708333333333333 0.4203703703703704 0.4635416666666667 0.39166666666666666 0.465625 0.3768518518518518 0.4703125 0.37592592592592594
1 0.6541666666666667 0.10185185185185185 0.6572916666666667 0.12037037037037036 0.6541666666666667 0.13425925925925927 0.65 0.13333333333333333 0.6505208333333333 0.10648148148148148 0.6536458333333334 0.10185185185185185
1 0.2515625 0.1537037037037037 0.25677083333333334 0.15925925925925927 0.2578125 0.18518518518518517 0.2552083333333333 0.18611111111111112 0.25052083333333336 0.175 0.24947916666666667 0.16111111111111112 0.25104166666666666 0.15462962962962962
1 0.6614583333333334 0.15092592592592594 0.6604166666666667 0.1398148148148148 0.6635416666666667 0.125 0.665625 0.1259259259259259 0.6682291666666667 0.14351851851851852 0.6661458333333333 0.15 0.6619791666666667 0.15092592592592594
1 0.28020833333333334 0.12037037037037036 0.284375 0.1287037037037037 0.2869791666666667 0.15092592592592594 0.28229166666666666 0.14907407407407408 0.2791666666666667 0.1574074074074074 0.2755208333333333 0.12314814814814815 0.2796875 0.12037037037037036
1 0.39479166666666665 0.7435185185185185 0.4010416666666667 0.7509259259259259 0.403125 0.7759259259259259 0.4 0.7861111111111111 0.39166666666666666 0.7898148148148149 0.3875 0.7888888888888889 0.3885416666666667 0.7851851851851852 0.38645833333333335 0.7787037037037037 0.38697916666666665 0.7620370370370371 0.3848958333333333 0.7481481481481481 0.3880208333333333 0.7425925925925926 0.39427083333333335 0.7435185185185185
1 0.33489583333333334 0.06851851851851852 0.3390625 0.06574074074074074 0.3421875 0.08055555555555556 0.3416666666666667 0.10185185185185185 0.3380208333333333 0.10185185185185185 0.3338541666666667 0.08425925925925926 0.33489583333333334 0.06944444444444445
1 0.06145833333333333 0.3472222222222222 0.07760416666666667 0.37962962962962965 0.07447916666666667 0.38425925925925924 0.071875 0.3768518518518518 0.06927083333333334 0.3768518518518518 0.0671875 0.3907407407407407 0.0640625 0.38981481481481484 0.06302083333333333 0.3768518518518518 0.058333333333333334 0.36944444444444446 0.05625 0.3611111111111111 0.05572916666666667 0.34814814814814815 0.0609375 0.3472222222222222
1 0.14010416666666667 0.2064814814814815 0.14427083333333332 0.21203703703703702 0.1453125 0.2175925925925926 0.1453125 0.2361111111111111 0.140625 0.23796296296296296 0.13697916666666668 0.23148148148148148 0.13541666666666666 0.21666666666666667 0.13697916666666668 0.20925925925925926 0.13958333333333334 0.2074074074074074
1 0.16822916666666668 0.8953703703703704 0.18645833333333334 0.8981481481481481 0.184375 0.912962962962963 0.18645833333333334 0.9222222222222223 0.190625 0.9287037037037037 0.18958333333333333 0.9351851851851852 0.18229166666666666 0.9351851851851852 0.16875 0.9092592592592592 0.1640625 0.9074074074074074 0.16458333333333333 0.8972222222222223 0.16770833333333332 0.8962962962962963
1 0.49114583333333334 0.48703703703703705 0.4979166666666667 0.49074074074074076 0.49895833333333334 0.4981481481481482 0.5 0.5305555555555556 0.49635416666666665 0.5398148148148149 0.4947916666666667 0.5425925925925926 0.4921875 0.5398148148148149 0.4890625 0.5009259259259259 0.490625 0.487962962962963
1 0.3546875 0.07037037037037037 0.35989583333333336 0.08055555555555556 0.35885416666666664 0.1 0.35572916666666665 0.1 0.35572916666666665 0.09444444444444444 0.3515625 0.0824074074074074 0.3515625 0.07037037037037037 0.3541666666666667 0.07037037037037037
1 0.8661458333333333 0.19537037037037036 0.8713541666666667 0.19537037037037036 0.8744791666666667 0.2 0.8734375 0.2074074074074074 0.8682291666666667 0.21851851851851853 0.8671875 0.23055555555555557 0.8625 0.23333333333333334 0.8609375 0.23055555555555557 0.8619791666666666 0.20925925925925926 0.8661458333333333 0.1962962962962963
1 0.5135416666666667 0.5 0.5203125 0.5166666666666667 0.5192708333333333 0.5425925925925926 0.51875 0.5462962962962963 0.5151041666666667 0.5453703703703704 0.5088541666666667 0.5518518518518518 0.5083333333333333 0.512962962962963 0.5104166666666666 0.5009259259259259 0.5130208333333334 0.5
1 0.3015625 0.10277777777777777 0.30364583333333334 0.10462962962962963 0.30520833333333336 0.11574074074074074 0.30572916666666666 0.12962962962962962 0.30364583333333334 0.13148148148148148 0.30104166666666665 0.12962962962962962 0.29739583333333336 0.11481481481481481 0.2984375 0.10462962962962963 0.30104166666666665 0.10277777777777777
1 0.5291666666666667 0.425 0.5354166666666667 0.4398148148148148 0.5291666666666667 0.475 0.5260416666666666 0.47685185185185186 0.5255208333333333 0.4740740740740741 0.5244791666666667 0.44074074074074077 0.5244791666666667 0.4324074074074074 0.5286458333333334 0.42592592592592593
1 0.6510416666666666 0.14537037037037037 0.6546875 0.16203703703703703 0.6505208333333333 0.18055555555555555 0.6473958333333333 0.1824074074074074 0.6463541666666667 0.1648148148148148 0.6463541666666667 0.1574074074074074 0.6505208333333333 0.14629629629629629
1 0.5203125 0.8666666666666667 0.5255208333333333 0.8805555555555555 0.5270833333333333 0.8972222222222223 0.5260416666666666 0.9222222222222223 0.5239583333333333 0.9277777777777778 0.5208333333333334 0.925 0.5192708333333333 0.9120370370370371 0.515625 0.9037037037037037 0.5119791666666667 0.9111111111111111 0.5088541666666667 0.9074074074074074 0.5151041666666667 0.8787037037037037 0.515625 0.8685185185185185 0.5197916666666667 0.8666666666666667
1 0.5791666666666667 0.4324074074074074 0.5833333333333334 0.4425925925925926 0.584375 0.4546296296296296 0.5776041666666667 0.48518518518518516 0.571875 0.47129629629629627 0.5723958333333333 0.4537037037037037 0.5708333333333333 0.4425925925925926 0.5755208333333334 0.4324074074074074 0.5786458333333333 0.4324074074074074
1 0.246875 0.8268518518518518 0.2552083333333333 0.8287037037037037 0.2640625 0.8444444444444444 0.26510416666666664 0.862037037037037 0.2526041666666667 0.8898148148148148 0.25052083333333336 0.887962962962963 0.2515625 0.8666666666666667 0.24947916666666667 0.8574074074074074 0.24427083333333333 0.8527777777777777 0.24114583333333334 0.8611111111111112 0.23802083333333332 0.8592592592592593 0.23958333333333334 0.8314814814814815 0.24166666666666667 0.8268518518518518 0.24635416666666668 0.8268518518518518
1 0.2765625 0.8324074074074074 0.28229166666666666 0.8398148148148148 0.2828125 0.8481481481481481 0.28958333333333336 0.8592592592592593 0.290625 0.8657407407407407 0.29635416666666664 0.8611111111111112 0.3 0.862037037037037 0.30052083333333335 0.8648148148148148 0.2989583333333333 0.8712962962962963 0.29375 0.8777777777777778 0.290625 0.8768518518518519 0.28958333333333336 0.8657407407407407 0.2869791666666667 0.8759259259259259 0.28854166666666664 0.8833333333333333 0.2828125 0.8935185185185185 0.2791666666666667 0.8935185185185185 0.2796875 0.8851851851851852 0.27760416666666665 0.8777777777777778 0.265625 0.8481481481481481 0.26666666666666666 0.8416666666666667 0.2708333333333333 0.8342592592592593 0.2760416666666667 0.8324074074074074
1 0.6927083333333334 0.22407407407407406 0.6963541666666667 0.22777777777777777 0.6973958333333333 0.23703703703703705 0.6963541666666667 0.24444444444444444 0.6921875 0.2518518518518518 0.6901041666666666 0.26851851851851855 0.6864583333333333 0.26851851851851855 0.6864583333333333 0.23796296296296296 0.6890625 0.22870370370370371 0.6921875 0.225