0 0.1515625 0.7351851851851852 0.1671875 0.7509259259259259 0.18802083333333333 0.7870370370370371 0.18854166666666666 0.7935185185185185 0.18385416666666668 0.8212962962962963 0.17708333333333334 0.8324074074074074 0.16875 0.8388888888888889 0.16041666666666668 0.8407407407407408 0.13958333333333334 0.8648148148148148 0.14166666666666666 0.8768518518518519 0.134375 0.8925925925925926 0.12604166666666666 0.9027777777777778 0.11666666666666667 0.9046296296296297 0.1140625 0.925 0.10885416666666667 0.9287037037037037 0.09583333333333334 0.9481481481481482 0.090625 0.9657407407407408 0.07708333333333334 0.9888888888888889 0.0703125 0.9851851851851852 0.041666666666666664 0.9564814814814815 0.0109375 0.912962962962963 0 0.9046296296296297 0 0.8333333333333334 0.005208333333333333 0.8296296296296296 0.06197916666666667 0.7546296296296297 0.06458333333333334 0.7537037037037037 0.07083333333333333 0.7592592592592593 0.08697916666666666 0.7481481481481481 0.10677083333333333 0.7481481481481481 0.1125 0.7435185185185185 0.13333333333333333 0.7453703703703703 0.1453125 0.7361111111111112 0.15104166666666666 0.7351851851851852
1 0.803125 0.16296296296296298 0.8052083333333333 0.175 0.796875 0.19907407407407407 0.7927083333333333 0.19722222222222222 0.7921875 0.17962962962962964 0.8 0.16111111111111112 0.8026041666666667 0.16296296296296298
1 0.48802083333333335 0.47314814814814815 0.4921875 0.487962962962963 0.49375 0.5083333333333333 0.4895833333333333 0.5194444444444445 0.4875 0.537962962962963 0.48489583333333336 0.5398148148148149 0.484375 0.5120370370370371 0.48125 0.487962962962963 0.48385416666666664 0.475 0.4875 0.47314814814814815
1 0.1375 0.21944444444444444 0.14635416666666667 0.24722222222222223 0.14375 0.25277777777777777 0.13541666666666666 0.24351851851851852 0.13072916666666667 0.22407407407407406 0.13333333333333333 0.21944444444444444 0.13697916666666668 0.21944444444444444
1 0.09583333333333334 0.22037037037037038 0.10572916666666667 0.25462962962962965 0.09583333333333334 0.25833333333333336 0.09635416666666667 0.25092592592592594 0.08958333333333333 0.23333333333333334 0.08802083333333334 0.22037037037037038 0.0953125 0.22037037037037038
1 0.5138020833333333 0.23935185185185184 0.008854166666666666 0.04722222222222222
1 0.546875 0.22592592592592592 0.5416666666666666 0.21574074074074073 0.5432291666666667 0.20277777777777778 0.5458333333333333 0.19722222222222222 0.55 0.1962962962962963 0.5526041666666667 0.20555555555555555 0.55 0.225 0.5473958333333333 0.225
1 0.6333333333333333 0.10833333333333334 0.6364583333333333 0.12222222222222222 0.6307291666666667 0.14814814814814814 0.628125 0.14629629629629629 0.6270833333333333 0.12037037037037036 0.6291666666666667 0.11018518518518519 0.6328125 0.10833333333333334
1 0.178125 0.1787037037037037 0.1828125 0.18888888888888888 0.18229166666666666 0.2064814814814815 0.17864583333333334 0.20555555555555555 0.17239583333333333 0.18611111111111112 0.17239583333333333 0.17407407407407408 0.175 0.17314814814814813 0.17760416666666667 0.1787037037037037
1 0.5161458333333333 0.30648148148148147 0.5208333333333334 0.3074074074074074 0.5234375 0.3277777777777778 0.5197916666666667 0.35833333333333334 0.5166666666666667 0.3574074074074074 0.5130208333333334 0.33240740740740743 0.5161458333333333 0.3074074074074074
1 0.4375 0.5388888888888889 0.4421875 0.5472222222222223 0.4401041666666667 0.5583333333333333 0.4421875 0.575925925925926 0.4401041666666667 0.5768518518518518 0.43125 0.5703703703703704 0.42864583333333334 0.562037037037037 0.425 0.5601851851851852 0.428125 0.5398148148148149 0.4322916666666667 0.5370370370370371 0.43697916666666664 0.5388888888888889
1 0.8010416666666667 0.9824074074074074 0.8057291666666667 0.987037037037037 0.80625 0.9925925925925926 0.8041666666666667 0.9990740740740741 0.7890625 0.9990740740740741 0.7901041666666667 0.9907407407407407 0.7859375 0.987037037037037 0.7916666666666666 0.9824074074074074 0.8005208333333333 0.9824074074074074
1 0.8 0.20092592592592592 0.8046875 0.20925925925925926 0.8005208333333333 0.24166666666666667 0.7989583333333333 0.24074074074074073 0.7958333333333333 0.22314814814814815 0.7973958333333333 0.20555555555555555 0.7994791666666666 0.20185185185185187
1 0.39895833333333336 0.9472222222222222 0.40989583333333335 0.95 0.4140625 0.9629629629629629 0.41041666666666665 0.9768518518518519 0.4109375 0.9888888888888889 0.403125 0.9925925925925926 0.39791666666666664 0.9907407407407407 0.39375 0.9657407407407408 0.39427083333333335 0.9527777777777777 0.3984375 0.9472222222222222
1 0.0625 0.3175925925925926 0.06822916666666666 0.325 0.0703125 0.337037037037037 0.078125 0.3416666666666667 0.078125 0.34444444444444444 0.06979166666666667 0.3435185185185185 0.0671875 0.35555555555555557 0.059375 0.3351851851851852 0.058854166666666666 0.3212962962962963 0.06197916666666667 0.3175925925925926
1 0.4317708333333333 0.5675925925925925 0.4390625 0.5805555555555556 0.4390625 0.6027777777777777 0.434375 0.6157407407407407 0.4317708333333333 0.6185185185185185 0.4296875 0.6166666666666667 0.4276041666666667 0.587037037037037 0.428125 0.5703703703703704 0.43125 0.5685185185185185
1 0.15416666666666667 0.20092592592592592 0.1609375 0.20833333333333334 0.16614583333333333 0.22314814814814815 0.171875 0.22962962962962963 0.171875 0.23703703703703705 0.16510416666666666 0.23055555555555557 0.1609375 0.23148148148148148 0.15625 0.22037037037037038 0.15364583333333334 0.20185185185185187
1 0.8294270833333334 0.49722222222222223 0.0171875 0.046296296296296294
1 0.5989583333333334 0.19722222222222222 0.6036458333333333 0.20925925925925926 0.6020833333333333 0.23148148148148148 0.5994791666666667 0.23425925925925925 0.5947916666666667 0.23148148148148148 0.5953125 0.2074074074074074 0.5984375 0.19722222222222222
1 0.4192708333333333 0.2611111111111111 0.42291666666666666 0.2611111111111111 0.42604166666666665 0.2712962962962963 0.425 0.275 0.41822916666666665 0.2740740740740741 0.4171875 0.2712962962962963 0.4192708333333333 0.262037037037037
1 0.05677083333333333 0.31666666666666665 0.06354166666666666 0.34444444444444444 0.06770833333333333 0.3509259259259259 0.0671875 0.35462962962962963 0.06302083333333333 0.35555555555555557 0.059375 0.35462962962962963 0.05572916666666667 0.337037037037037 0.049479166666666664 0.3212962962962963 0.05260416666666667 0.3148148148148148 0.05625 0.31666666666666665
1 0.057291666666666664 0.23981481481481481 0.0640625 0.24537037037037038 0.06510416666666667 0.262037037037037 0.06875 0.275 0.06666666666666667 0.2777777777777778 0.06197916666666667 0.275 0.057291666666666664 0.24814814814814815 0.05520833333333333 0.24444444444444444 0.05677083333333333 0.24074074074074073
1 0.9270833333333334 0.549074074074074 0.928125 0.5537037037037037 0.9208333333333333 0.5833333333333334 0.921875 0.5972222222222222 0.9182291666666667 0.6027777777777777 0.9125 0.5916666666666667 0.9046875 0.5851851851851851 0.9036458333333334 0.5805555555555556 0.9151041666666667 0.5592592592592592 0.9223958333333333 0.55 0.9265625 0.549074074074074
1 0.3765625 0.9009259259259259 0.38385416666666666 0.9074074074074074 0.3890625 0.9175925925925926 0.3953125 0.9185185185185185 0.3963541666666667 0.925 0.39375 0.9342592592592592 0.38645833333333335 0.9305555555555556 0.38177083333333334 0.937037037037037 0.37916666666666665 0.9444444444444444 0.37916666666666665 0.9592592592592593 0.3734375 0.9685185185185186 0.37083333333333335 0.9666666666666667 0.37083333333333335 0.9629629629629629 0.37395833333333334 0.9555555555555556 0.37447916666666664 0.937962962962963 0.3697916666666667 0.9074074074074074 0.371875 0.9 0.37604166666666666 0.9009259259259259
1 0.534375 0.4111111111111111 0.5401041666666667 0.42407407407407405 0.5416666666666666 0.4398148148148148 0.5375 0.4462962962962963 0.5364583333333334 0.45555555555555555 0.5328125 0.46296296296296297 0.5307291666666667 0.46111111111111114 0.5296875 0.44074074074074077 0.5260416666666666 0.4388888888888889 0.5260416666666666 0.4351851851851852 0.5307291666666667 0.41203703703703703 0.5338541666666666 0.4111111111111111
1 0.2546875 0.9138888888888889 0.25885416666666666 0.9203703703703704 0.265625 0.924074074074074 0.2734375 0.9361111111111111 0.27239583333333334 0.9416666666666667 0.26510416666666664 0.9407407407407408 0.2635416666666667 0.9435185185185185 0.2625 0.9601851851851851 0.25833333333333336 0.9712962962962963 0.2557291666666667 0.9518518518518518 0.25052083333333336 0.9453703703703704 0.24739583333333334 0.9305555555555556 0.2421875 0.925 0.2421875 0.9203703703703704 0.24479166666666666 0.9157407407407407 0.25052083333333336 0.9120370370370371 0.25416666666666665 0.9138888888888889
1 0.06875 0.2324074074074074 0.071875 0.2361111111111111 0.0796875 0.26481481481481484 0.078125 0.26944444444444443 0.075 0.26944444444444443 0.0703125 0.262037037037037 0.06197916666666667 0.24074074074074073 0.0640625 0.23425925925925925 0.06822916666666666 0.2324074074074074
1 0.35625 0.15555555555555556 0.359375 0.16574074074074074 0.3614583333333333 0.18518518518518517 0.3614583333333333 0.19537037037037036 0.35989583333333336 0.19722222222222222 0.35520833333333335 0.18518518518518517 0.353125 0.1574074074074074 0.35572916666666665 0.15555555555555556
1 0.41458333333333336 0.2611111111111111 0.41354166666666664 0.2759259259259259 0.4088541666666667 0.2833333333333333 0.40729166666666666 0.2824074074074074 0.40729166666666666 0.27685185185185185 0.409375 0.262037037037037 0.4140625 0.2611111111111111
1 0.5260416666666666 0.21944444444444444 0.53125 0.23796296296296296 0.5276041666666667 0.2490740740740741 0.5255208333333333 0.26944444444444443 0.5229166666666667 0.26851851851851855 0.5229166666666667 0.2490740740740741 0.5197916666666667 0.2388888888888889 0.5223958333333333 0.22037037037037038 0.5255208333333333 0.21944444444444444
1 0.24635416666666668 0.10740740740740741 0.2515625 0.12129629629629629 0.2515625 0.14351851851851852 0.24791666666666667 0.1388888888888889 0.24166666666666667 0.11944444444444445 0.2421875 0.10833333333333334 0.24583333333333332 0.10740740740740741
1 0.4640625 0.49444444444444446 0.46822916666666664 0.49444444444444446 0.47552083333333334 0.5111111111111111 0.4734375 0.5259259259259259 0.4739583333333333 0.5407407407407407 0.4703125 0.5462962962962963 0.46822916666666664 0.5277777777777778 0.4625 0.5120370370370371 0.4640625 0.49537037037037035
1 0.8315104166666667 0.17222222222222222 0.0109375 0.04259259259259259
1 0.5994791666666667 0.08333333333333333 0.6026041666666667 0.08518518518518518 0.6036458333333333 0.0962962962962963 0.6015625 0.10092592592592593 0.6005208333333333 0.11481481481481481 0.596875 0.11944444444444445 0.5953125 0.11944444444444445 0.5958333333333333 0.09537037037037037 0.596875 0.08611111111111111 0.5989583333333334 0.08333333333333333
1 0.6265625 0.29259259259259257 0.625 0.2833333333333333 0.625 0.25462962962962965 0.6291666666666667 0.24259259259259258 0.6317708333333333 0.24444444444444444 0.634375 0.25277777777777777 0.634375 0.26481481481481484 0.6307291666666667 0.2740740740740741 0.6296875 0.2935185185185185 0.6270833333333333 0.29259259259259257
1 0.06510416666666667 0.27314814814814814 0.0671875 0.275 0.0640625 0.27685185185185185 0.06458333333333334 0.27314814814814814
1 0.6026041666666667 0.08703703703703704 0.60625 0.0962962962962963 0.60625 0.10462962962962963 0.6020833333333333 0.1259259259259259 0.5989583333333334 0.1259259259259259 0.5973958333333333 0.10833333333333334 0.5973958333333333 0.09907407407407408 0.6020833333333333 0.08703703703703704
1 0.44583333333333336 0.5768518518518518 0.4546875 0.5879629629629629 0.44895833333333335 0.6287037037037037 0.4453125 0.6296296296296297 0.44427083333333334 0.612037037037037 0.4401041666666667 0.5981481481481481 0.440625 0.5833333333333334 0.4432291666666667 0.5777777777777777 0.4453125 0.5777777777777777
1 0.16822916666666668 0.18888888888888888 0.171875 0.1935185185185185 0.17291666666666666 0.20462962962962963 0.17864583333333334 0.21851851851851853 0.175 0.22407407407407406 0.1703125 0.21944444444444444 0.16510416666666666 0.19537037037037036 0.16770833333333332 0.18981481481481483
1 0.153125 0.20277777777777778 0.15625 0.21944444444444444 0.16458333333333333 0.23796296296296296 0.16458333333333333 0.24351851851851852 0.16041666666666668 0.2388888888888889 0.15364583333333334 0.24166666666666667 0.15104166666666666 0.23796296296296296 0.14739583333333334 0.2222222222222222 0.146875 0.2064814814814815 0.15260416666666668 0.20277777777777778
1 0.13697916666666668 0.8962962962962963 0.140625 0.9074074074074074 0.14895833333333333 0.9185185185185185 0.14322916666666666 0.9231481481481482 0.13697916666666668 0.9342592592592592 0.1359375 0.9453703703703704 0.13020833333333334 0.950925925925926 0.128125 0.9490740740740741 0.12916666666666668 0.9416666666666667 0.1265625 0.9314814814814815 0.11875 0.9287037037037037 0.115625 0.924074074074074 0.11510416666666666 0.9046296296296297 0.11875 0.9018518518518519 0.1265625 0.9046296296296297 0.1328125 0.8962962962962963 0.13645833333333332 0.8962962962962963
1 0.1578125 0.16018518518518518 0.1609375 0.16018518518518518 0.16458333333333333 0.1675925925925926 0.16822916666666668 0.18333333333333332 0.16822916666666668 0.18796296296296297 0.16510416666666666 0.1935185185185185 0.16145833333333334 0.18981481481481483 0.15729166666666666 0.17222222222222222 0.1578125 0.16111111111111112
1 0.5270833333333333 0.3074074074074074 0.5322916666666667 0.3212962962962963 0.5291666666666667 0.3425925925925926 0.5291666666666667 0.35555555555555557 0.5265625 0.35648148148148145 0.5234375 0.3425925925925926 0.5229166666666667 0.31666666666666665 0.5239583333333333 0.30833333333333335 0.5265625 0.3074074074074074
1 0.7848958333333333 0.18981481481481483 0.7885416666666667 0.19814814814814816 0.7885416666666667 0.2074074074074074 0.7859375 0.21944444444444444 0.7807291666666667 0.22685185185185186 0.7791666666666667 0.2361111111111111 0.7739583333333333 0.23333333333333334 0.7765625 0.2037037037037037 0.7791666666666667 0.1935185185185185 0.7822916666666667 0.18888888888888888 0.784375 0.18981481481481483
1 0.6333333333333333 0.17037037037037037 0.6395833333333333 0.1712962962962963 0.640625 0.17685185185185184 0.6390625 0.1925925925925926 0.6333333333333333 0.2074074074074074 0.6333333333333333 0.1712962962962963
1 0.24791666666666667 0.9842592592592593 0.25364583333333335 0.9990740740740741 0.23489583333333333 0.9990740740740741 0.234375 0.9944444444444445 0.23697916666666666 0.987037037037037 0.24739583333333334 0.9842592592592593
1 0.5046875 0.30833333333333335 0.5114583333333333 0.33425925925925926 0.5088541666666667 0.3592592592592593 0.5046875 0.3648148148148148 0.5015625 0.3592592592592593 0.5005208333333333 0.32685185185185184 0.5041666666666667 0.30925925925925923
1 0.5088541666666667 0.4444444444444444 0.515625 0.45740740740740743 0.515625 0.49074074074074076 0.5114583333333333 0.5009259259259259 0.5083333333333333 0.49722222222222223 0.5083333333333333 0.4861111111111111 0.5041666666666667 0.4740740740740741 0.5026041666666666 0.462037037037037 0.5052083333333334 0.4462962962962963 0.5083333333333333 0.4444444444444444
1 0.5432291666666667 0.21388888888888888 0.5489583333333333 0.22314814814814815 0.5432291666666667 0.2601851851851852 0.5395833333333333 0.2611111111111111 0.5395833333333333 0.2351851851851852 0.5380208333333333 0.22777777777777777 0.5427083333333333 0.21481481481481482
1 0.4979166666666667 0.2722222222222222 0.5015625 0.2722222222222222 0.5083333333333333 0.28888888888888886 0.5067708333333333 0.31666666666666665 0.5015625 0.3212962962962963 0.49947916666666664 0.3 0.496875 0.2935185185185185 0.4979166666666667 0.27314814814814814
1 0.27265625 0.11805555555555555 0.009895833333333333 0.032407407407407406
1 0.6161458333333333 0.20555555555555555 0.6192708333333333 0.21388888888888888 0.6197916666666666 0.225 0.6145833333333334 0.24814814814814815 0.6125 0.24814814814814815 0.6098958333333333 0.23425925925925925 0.6098958333333333 0.21944444444444444 0.6130208333333333 0.2064814814814815 0.615625 0.20555555555555555
1 0.45989583333333334 0.7268518518518519 0.4666666666666667 0.737037037037037 0.46875 0.7472222222222222 0.4666666666666667 0.7564814814814815 0.4666666666666667 0.774074074074074 0.4640625 0.7796296296296297 0.45989583333333334 0.7787037037037037 0.4609375 0.7694444444444445 0.45625 0.7657407407407407 0.4515625 0.7407407407407407 0.453125 0.7305555555555555 0.45625 0.725925925925926 0.459375 0.7268518518518519
1 0.7177083333333333 0.20555555555555555 0.7197916666666667 0.2074074074074074 0.7208333333333333 0.21666666666666667 0.7166666666666667 0.23425925925925925 0.7161458333333334 0.24444444444444444 0.7145833333333333 0.24537037037037038 0.7130208333333333 0.24444444444444444 0.7130208333333333 0.21851851851851853 0.7171875 0.20555555555555555
1 0.5484375 0.4064814814814815 0.5536458333333333 0.41944444444444445 0.5536458333333333 0.42777777777777776 0.5494791666666666 0.4388888888888889 0.5463541666666667 0.46296296296296297 0.5432291666666667 0.4601851851851852 0.5432291666666667 0.44166666666666665 0.5401041666666667 0.4203703703703704 0.5432291666666667 0.4111111111111111 0.5479166666666667 0.4064814814814815
1 0.3776041666666667 0.1 0.3796875 0.10092592592592593 0.38385416666666666 0.11388888888888889 0.38385416666666666 0.1361111111111111 0.3807291666666667 0.1388888888888889 0.3776041666666667 0.1361111111111111 0.3734375 0.11666666666666667 0.37447916666666664 0.10277777777777777 0.3770833333333333 0.1