0 0.7817708333333333 0.5898148148148148 0.8765625 0.6231481481481481 0.88125 0.6268518518518519 0.8838541666666667 0.6351851851851852 0.8953125 0.6518518518518519 0.8989583333333333 0.6685185185185185 0.9052083333333333 0.6851851851851852 0.9067708333333333 0.6962962962962963 0.9151041666666667 0.712037037037037 0.91875 0.7240740740740741 0.9270833333333334 0.775 0.9270833333333334 0.7824074074074074 0.9244791666666666 0.7888888888888889 0.9078125 0.8101851851851852 0.9015625 0.812962962962963 0.8901041666666667 0.8111111111111111 0.8822916666666667 0.8037037037037037 0.8770833333333333 0.7935185185185185 0.8692708333333333 0.7870370370370371 0.8630208333333333 0.7842592592592592 0.8526041666666667 0.7888888888888889 0.840625 0.7861111111111111 0.8098958333333334 0.7712962962962963 0.8041666666666667 0.7620370370370371 0.7932291666666667 0.7694444444444445 0.7822916666666667 0.7685185185185185 0.7583333333333333 0.7444444444444445 0.75625 0.7351851851851852 0.7552083333333334 0.6861111111111111 0.759375 0.6703703703703704 0.7604166666666666 0.6555555555555556 0.7765625 0.6055555555555555 0.7776041666666667 0.5916666666666667 0.78125 0.5898148148148148
0 0.23489583333333333 0.24074074074074073 0.2421875 0.25092592592592594 0.24322916666666666 0.26851851851851855 0.22291666666666668 0.287962962962963 0.21041666666666667 0.30648148148148147 0.19479166666666667 0.3037037037037037 0.18958333333333333 0.29907407407407405 0.18489583333333334 0.2861111111111111 0.18489583333333334 0.26481481481481484 0.19114583333333332 0.25555555555555554 0.20677083333333332 0.24166666666666667 0.234375 0.24074074074074073
0 0.30364583333333334 0.5953703703703703 0.3072916666666667 0.5962962962962963 0.3151041666666667 0.6083333333333333 0.33229166666666665 0.6509259259259259 0.33177083333333335 0.6638888888888889 0.32447916666666665 0.675 0.32135416666666666 0.687962962962963 0.3177083333333333 0.6935185185185185 0.2984375 0.7083333333333334 0.2713541666666667 0.7398148148148148 0.2520833333333333 0.7703703703703704 0.2375 0.7796296296296297 0.2328125 0.7796296296296297 0.22708333333333333 0.774074074074074 0.21614583333333334 0.7481481481481481 0.21354166666666666 0.7287037037037037 0.21666666666666667 0.7083333333333334 0.22916666666666666 0.6888888888888889 0.240625 0.662962962962963 0.27239583333333334 0.6259259259259259 0.303125 0.5962962962962963
0 0.8010416666666667 0.3277777777777778 0.83125 0.3509259259259259 0.8375 0.3592592592592593 0.8421875 0.40370370370370373 0.8380208333333333 0.4148148148148148 0.83125 0.4203703703703704 0.8104166666666667 0.4185185185185185 0.7994791666666666 0.4064814814814815 0.7994791666666666 0.3851851851851852 0.7973958333333333 0.3592592592592593 0.7953125 0.3527777777777778 0.7953125 0.33611111111111114 0.7973958333333333 0.3287037037037037 0.8005208333333333 0.3277777777777778
0 0.4822916666666667 0.2212962962962963 0.48854166666666665 0.225 0.4947916666666667 0.23425925925925925 0.496875 0.25925925925925924 0.4942708333333333 0.26666666666666666 0.4895833333333333 0.26944444444444443 0.4822916666666667 0.2833333333333333 0.47291666666666665 0.29074074074074074 0.4640625 0.30462962962962964 0.4484375 0.2962962962962963 0.4473958333333333 0.29074074074074074 0.44895833333333335 0.2759259259259259 0.45416666666666666 0.25462962962962965 0.4630208333333333 0.2388888888888889 0.4734375 0.22407407407407406 0.4817708333333333 0.2212962962962963
0 0.4822916666666667 0.6425925925925926 0.5916666666666667 0.6472222222222223 0.6161458333333333 0.6592592592592592 0.621875 0.6777777777777778 0.6375 0.6851851851851852 0.6447916666666667 0.6962962962962963 0.65 0.7324074074074074 0.6473958333333333 0.7648148148148148 0.6416666666666667 0.7722222222222223 0.6328125 0.774074074074074 0.6260416666666667 0.7861111111111111 0.6208333333333333 0.7888888888888889 0.6161458333333333 0.7888888888888889 0.6026041666666667 0.7787037037037037 0.5317708333333333 0.7731481481481481 0.521875 0.7731481481481481 0.5145833333333333 0.7824074074074074 0.5052083333333334 0.7851851851851852 0.49166666666666664 0.7722222222222223 0.46458333333333335 0.7694444444444445 0.45625 0.762962962962963 0.453125 0.7481481481481481 0.4557291666666667 0.7129629629629629 0.45625 0.6611111111111111 0.4609375 0.6472222222222223 0.4640625 0.6435185185185185 0.4817708333333333 0.6425925925925926
0 0.5338541666666666 0.3527777777777778 0.5541666666666667 0.39814814814814814 0.5588541666666667 0.40370370370370373 0.5588541666666667 0.41759259259259257 0.5651041666666666 0.42685185185185187 0.5677083333333334 0.43703703703703706 0.5677083333333334 0.45925925925925926 0.5645833333333333 0.4685185185185185 0.55 0.4777777777777778 0.5395833333333333 0.47685185185185186 0.5276041666666667 0.4666666666666667 0.5255208333333333 0.46111111111111114 0.525 0.44814814814814813 0.515625 0.42777777777777776 0.5072916666666667 0.3990740740740741 0.5078125 0.36666666666666664 0.5177083333333333 0.35462962962962963 0.5276041666666667 0.3509259259259259 0.5333333333333333 0.3527777777777778
0 0.6119791666666666 0.32037037037037036 0.6239583333333333 0.33796296296296297 0.6239583333333333 0.34444444444444444 0.63125 0.36203703703703705 0.6375 0.37037037037037035 0.6380208333333334 0.38333333333333336 0.6442708333333333 0.40370370370370373 0.6416666666666667 0.4203703703703704 0.6375 0.4287037037037037 0.6265625 0.43333333333333335 0.6166666666666667 0.4324074074074074 0.6088541666666667 0.425 0.5875 0.3648148148148148 0.5848958333333333 0.35185185185185186 0.5848958333333333 0.3351851851851852 0.5885416666666666 0.3212962962962963 0.5994791666666667 0.3148148148148148 0.60625 0.3148148148148148 0.6114583333333333 0.32037037037037036
0 0.42135416666666664 0.3277777777777778 0.43333333333333335 0.33796296296296297 0.4395833333333333 0.34814814814814815 0.440625 0.36574074074074076 0.43854166666666666 0.3824074074074074 0.43333333333333335 0.39166666666666666 0.4244791666666667 0.39444444444444443 0.4078125 0.42407407407407405 0.4010416666666667 0.42407407407407405 0.3932291666666667 0.44166666666666665 0.3890625 0.4444444444444444 0.38177083333333334 0.4425925925925926 0.37083333333333335 0.4324074074074074 0.3671875 0.42407407407407405 0.36770833333333336 0.4074074074074074 0.37135416666666665 0.3962962962962963 0.37916666666666665 0.38333333333333336 0.38177083333333334 0.3731481481481482 0.39427083333333335 0.35185185185185186 0.4083333333333333 0.33425925925925926 0.4161458333333333 0.3277777777777778 0.42083333333333334 0.3277777777777778
0 0.2859375 0.7703703703703704 0.2911458333333333 0.7768518518518519 0.29635416666666664 0.7898148148148149 0.3026041666666667 0.8222222222222222 0.3015625 0.8351851851851851 0.29010416666666666 0.8601851851851852 0.2838541666666667 0.8666666666666667 0.26927083333333335 0.8703703703703703 0.24791666666666667 0.8907407407407407 0.22395833333333334 0.9166666666666666 0.21458333333333332 0.9361111111111111 0.20989583333333334 0.9407407407407408 0.18697916666666667 0.9453703703703704 0.18020833333333333 0.9425925925925925 0.16770833333333332 0.9157407407407407 0.1640625 0.8888888888888888 0.16666666666666666 0.8638888888888889 0.17447916666666666 0.8518518518518519 0.2203125 0.8046296296296296 0.24166666666666667 0.7898148148148149 0.25052083333333336 0.7870370370370371 0.2625 0.775 0.2765625 0.7666666666666667 0.28541666666666665 0.7703703703703704
1 0.646875 0.12037037037037036 0.008333333333333333 0.040740740740740744
1 0.11666666666666667 0.23055555555555557 0.12395833333333334 0.24166666666666667 0.13072916666666667 0.2657407407407407 0.13020833333333334 0.275 0.12083333333333333 0.2611111111111111 0.11666666666666667 0.25 0.11302083333333333 0.2361111111111111 0.11614583333333334 0.23055555555555557
1 0.6057291666666667 0.27870370370370373 0.6046875 0.25092592592592594 0.6083333333333333 0.2361111111111111 0.6114583333333333 0.23981481481481481 0.6135416666666667 0.2574074074074074 0.6088541666666667 0.2777777777777778 0.60625 0.27870370370370373
1 0.6822916666666666 0.37962962962962965 0.6833333333333333 0.4027777777777778 0.6786458333333333 0.43333333333333335 0.6739583333333333 0.43148148148148147 0.675 0.42314814814814816 0.6723958333333333 0.4009259259259259 0.675 0.3888888888888889 0.6791666666666667 0.38055555555555554 0.6817708333333333 0.37962962962962965
1 0.5760416666666667 0.26851851851851855 0.5791666666666667 0.28425925925925927 0.5744791666666667 0.3101851851851852 0.571875 0.30833333333333335 0.56875 0.27870370370370373 0.5713541666666667 0.26851851851851855 0.5755208333333334 0.26851851851851855
1 0.3489583333333333 0.04722222222222222 0.35208333333333336 0.053703703703703705 0.35260416666666666 0.06574074074074074 0.35572916666666665 0.0712962962962963 0.35625 0.08055555555555556 0.353125 0.07037037037037037 0.3484375 0.07962962962962963 0.3458333333333333 0.07777777777777778 0.3453125 0.053703703703703705 0.3484375 0.04722222222222222
1 0.6828125 0.2175925925925926 0.6859375 0.2212962962962963 0.6875 0.23425925925925925 0.6854166666666667 0.25092592592592594 0.6822916666666666 0.2564814814814815 0.6786458333333333 0.25462962962962965 0.6770833333333334 0.2490740740740741 0.6786458333333333 0.22777777777777777 0.6822916666666666 0.2175925925925926
1 0.10572916666666667 0.22777777777777777 0.10885416666666667 0.22777777777777777 0.11510416666666666 0.23703703703703705 0.11666666666666667 0.24814814814814815 0.12239583333333333 0.26481481481481484 0.11979166666666667 0.26851851851851855 0.11510416666666666 0.262037037037037 0.10677083333333333 0.24351851851851852 0.10572916666666667 0.22870370370370371
1 0.328125 0.19166666666666668 0.32447916666666665 0.1648148148148148 0.325 0.1574074074074074 0.32760416666666664 0.15462962962962962 0.3307291666666667 0.15833333333333333 0.33125 0.17592592592592593 0.3359375 0.18796296296296297 0.33541666666666664 0.1925925925925926 0.32864583333333336 0.19166666666666668
1 0.37083333333333335 0.5018518518518519 0.3765625 0.5083333333333333 0.3802083333333333 0.5185185185185185 0.378125 0.5305555555555556 0.37864583333333335 0.55 0.3770833333333333 0.5546296296296296 0.375 0.5425925925925926 0.3692708333333333 0.5361111111111111 0.3645833333333333 0.5203703703703704 0.3671875 0.5037037037037037 0.3703125 0.5018518518518519
1 0.5731770833333333 0.387037037037037 0.011979166666666667 0.040740740740740744
1 0.025520833333333333 0.3851851851851852 0.0359375 0.412962962962963 0.04114583333333333 0.4212962962962963 0.040625 0.42685185185185187 0.036458333333333336 0.4287037037037037 0.025520833333333333 0.4185185185185185 0.0203125 0.4027777777777778 0.01875 0.39166666666666666 0.022395833333333334 0.3851851851851852 0.025 0.3851851851851852
1 0.26875 0.12222222222222222 0.27239583333333334 0.12129629629629629 0.2791666666666667 0.14537037037037037 0.2760416666666667 0.1574074074074074 0.27239583333333334 0.15648148148148147 0.271875 0.14537037037037037 0.26875 0.1361111111111111 0.26875 0.12314814814814815
1 0.1234375 0.225 0.12864583333333332 0.2324074074074074 0.13020833333333334 0.24444444444444444 0.13541666666666666 0.2574074074074074 0.134375 0.26296296296296295 0.13125 0.262037037037037 0.11614583333333334 0.23055555555555557 0.11927083333333334 0.225 0.12291666666666666 0.225
1 0.4 0.4759259259259259 0.4046875 0.49537037037037035 0.403125 0.5194444444444445 0.4010416666666667 0.524074074074074 0.39479166666666665 0.5027777777777778 0.39010416666666664 0.4935185185185185 0.390625 0.4787037037037037 0.39375 0.4740740740740741 0.39947916666666666 0.4759259259259259
1 0.553125 0.5398148148148149 0.5536458333333333 0.5481481481481482 0.54375 0.5768518518518518 0.5416666666666666 0.5740740740740741 0.5427083333333333 0.5546296296296296 0.5390625 0.5472222222222223 0.540625 0.5333333333333333 0.5473958333333333 0.5268518518518519 0.5526041666666667 0.5398148148148149
1 0.5723958333333333 0.4 0.5776041666666667 0.40925925925925927 0.578125 0.4222222222222222 0.5765625 0.4425925925925926 0.5713541666666667 0.44722222222222224 0.5682291666666667 0.44537037037037036 0.5666666666666667 0.41574074074074074 0.5682291666666667 0.40185185185185185 0.571875 0.4
1 0.23489583333333333 0.6277777777777778 0.24166666666666667 0.6333333333333333 0.24739583333333334 0.6435185185185185 0.24791666666666667 0.6509259259259259 0.24114583333333334 0.6648148148148149 0.2375 0.662962962962963 0.23385416666666667 0.6546296296296297 0.228125 0.6342592592592593 0.23020833333333332 0.6268518518518519 0.234375 0.6277777777777778
1 0.058333333333333334 0.3388888888888889 0.06666666666666667 0.3490740740740741 0.07083333333333333 0.3574074074074074 0.07135416666666666 0.362962962962963 0.07708333333333334 0.36944444444444446 0.07552083333333333 0.3731481481481482 0.07083333333333333 0.3731481481481482 0.06770833333333333 0.38425925925925924 0.06354166666666666 0.3814814814814815 0.058854166666666666 0.3638888888888889 0.05364583333333333 0.35833333333333334 0.05364583333333333 0.3425925925925926 0.0578125 0.3388888888888889
1 0.22395833333333334 0.13518518518518519 0.22760416666666666 0.13518518518518519 0.23125 0.14166666666666666 0.23489583333333333 0.1574074074074074 0.23333333333333334 0.1638888888888889 0.23072916666666668 0.16574074074074074 0.22864583333333333 0.16296296296296298 0.22395833333333334 0.1361111111111111
1 0.48020833333333335 0.3472222222222222 0.484375 0.34814814814814815 0.48802083333333335 0.362962962962963 0.48802083333333335 0.3731481481481482 0.484375 0.39444444444444443 0.48072916666666665 0.3972222222222222 0.48072916666666665 0.3824074074074074 0.4765625 0.37037037037037035 0.4765625 0.36018518518518516 0.48020833333333335 0.34814814814814815
1 0.6729166666666667 0.8083333333333333 0.6755208333333333 0.812962962962963 0.6770833333333334 0.8361111111111111 0.6729166666666667 0.8481481481481481 0.671875 0.8703703703703703 0.6697916666666667 0.8740740740740741 0.6671875 0.8731481481481481 0.6677083333333333 0.8583333333333333 0.665625 0.8527777777777777 0.6635416666666667 0.8546296296296296 0.6614583333333334 0.8657407407407407 0.6583333333333333 0.862037037037037 0.6583333333333333 0.8333333333333334 0.66875 0.8166666666666667 0.6692708333333334 0.8101851851851852 0.6723958333333333 0.8083333333333333
1 0 0.4185185185185185 0.004166666666666667 0.4212962962962963 0.0171875 0.44907407407407407 0.015625 0.4546296296296296 0.0078125 0.4527777777777778 0.0046875 0.4564814814814815 0.003125 0.44907407407407407 0 0.4462962962962963 0 0.41944444444444445
1 0.6963541666666667 0.24814814814814815 0.6994791666666667 0.25 0.7015625 0.2611111111111111 0.6984375 0.28888888888888886 0.6963541666666667 0.29259259259259257 0.6927083333333334 0.29259259259259257 0.6911458333333333 0.2833333333333333 0.6932291666666667 0.25462962962962965 0.6958333333333333 0.2490740740740741
1 0.04739583333333333 0.36018518518518516 0.057291666666666664 0.37777777777777777 0.06145833333333333 0.3907407407407407 0.06197916666666667 0.3972222222222222 0.059375 0.4 0.052083333333333336 0.3962962962962963 0.043229166666666666 0.37777777777777777 0.04114583333333333 0.36574074074074076 0.046875 0.36018518518518516
1 0.16875 0.2101851851851852 0.17135416666666667 0.21388888888888888 0.17135416666666667 0.22777777777777777 0.175 0.2361111111111111 0.175 0.24166666666666667 0.17239583333333333 0.24351851851851852 0.16770833333333332 0.23703703703703705 0.16145833333333334 0.2175925925925926 0.16354166666666667 0.2101851851851852 0.16822916666666668 0.2101851851851852
1 0.3458333333333333 0.5037037037037037 0.35208333333333336 0.5092592592592593 0.35625 0.5194444444444445 0.35572916666666665 0.5370370370370371 0.35208333333333336 0.5592592592592592 0.3494791666666667 0.5564814814814815 0.3489583333333333 0.5453703703703704 0.3421875 0.5314814814814814 0.3421875 0.512962962962963 0.34322916666666664 0.5055555555555555 0.3453125 0.5037037037037037
1 0.6427083333333333 0.26481481481481484 0.6473958333333333 0.25462962962962965 0.65 0.25462962962962965 0.6541666666666667 0.2675925925925926 0.6510416666666666 0.2953703703703704 0.6473958333333333 0.287962962962963 0.6427083333333333 0.30462962962962964 0.640625 0.3037037037037037 0.6432291666666666 0.28055555555555556 0.6411458333333333 0.26944444444444443 0.6427083333333333 0.2657407407407407
1 0.7864583333333334 0.35555555555555557 0.7911458333333333 0.3574074074074074 0.7916666666666666 0.36944444444444446 0.7895833333333333 0.38333333333333336 0.7833333333333333 0.39351851851851855 0.7838541666666666 0.412962962962963 0.7817708333333333 0.41388888888888886 0.7791666666666667 0.39814814814814814 0.7744791666666667 0.4 0.7744791666666667 0.39444444444444443 0.778125 0.3851851851851852 0.7755208333333333 0.375 0.7828125 0.36666666666666664 0.7864583333333334 0.35648148148148145
1 0.41458333333333336 0.43425925925925923 0.42135416666666664 0.44907407407407407 0.4203125 0.4898148148148148 0.41822916666666665 0.4925925925925926 0.4166666666666667 0.49074074074074076 0.4161458333333333 0.47962962962962963 0.40989583333333335 0.4601851851851852 0.4109375 0.4425925925925926 0.4140625 0.4351851851851852
1 0.5515625 0.20277777777777778 0.5546875 0.2222222222222222 0.553125 0.22685185185185186 0.5536458333333333 0.2351851851851852 0.55 0.24444444444444444 0.546875 0.24444444444444444 0.5479166666666667 0.23055555555555557 0.5442708333333334 0.21666666666666667 0.5473958333333333 0.20462962962962963 0.5510416666666667 0.20277777777777778
1 0.16458333333333333 0.22592592592592592 0.16822916666666668 0.24074074074074073 0.17291666666666666 0.25 0.171875 0.25555555555555554 0.16822916666666668 0.25 0.16458333333333333 0.26296296296296295 0.16145833333333334 0.2611111111111111 0.16145833333333334 0.24814814814814815 0.15625 0.23148148148148148 0.15677083333333333 0.22314814814814815 0.1609375 0.21851851851851853 0.1640625 0.22592592592592592
1 0.1640625 0.1925925925925926 0.0125 0.03333333333333333
1 0.809375 0.27037037037037037 0.809375 0.2916666666666667 0.8036458333333333 0.30648148148148147 0.8005208333333333 0.30925925925925923 0.7984375 0.2833333333333333 0.8067708333333333 0.26944444444444443 0.8088541666666667 0.27037037037037037
1 0.240625 0.9861111111111112 0.2515625 0.9990740740740741 0.2296875 0.9990740740740741 0.23072916666666668 0.9888888888888889 0.24010416666666667 0.9861111111111112
1 0.8734375 0.18055555555555555 0.8765625 0.18518518518518517 0.8760416666666667 0.1925925925925926 0.8708333333333333 0.20185185185185187 0.8677083333333333 0.21666666666666667 0.8645833333333334 0.21944444444444444 0.8609375 0.21666666666666667 0.8640625 0.18888888888888888 0.8692708333333333 0.18055555555555555 0.8729166666666667 0.18055555555555555
1 0.5640625 0.5472222222222223 0.5614583333333333 0.5268518518518519 0.5572916666666666 0.5138888888888888 0.5572916666666666 0.5027777777777778 0.5619791666666667 0.4888888888888889 0.5651041666666666 0.48703703703703705 0.5677083333333334 0.4898148148148148 0.5713541666666667 0.5046296296296297 0.5692708333333333 0.5259259259259259 0.5640625 0.5481481481481482
1 0.5739583333333333 0.5194444444444445 0.578125 0.5287037037037037 0.58125 0.5444444444444444 0.5734375 0.5740740740740741 0.5697916666666667 0.575 0.56875 0.5722222222222222 0.5697916666666667 0.5527777777777778 0.5666666666666667 0.5425925925925926 0.5703125 0.5222222222222223 0.5734375 0.5203703703703704
1 0.4947916666666667 0.3425925925925926 0.5010416666666667 0.35833333333333334 0.5 0.37222222222222223 0.4947916666666667 0.39444444444444443 0.49270833333333336 0.39166666666666666 0.49322916666666666 0.37592592592592594 0.48854166666666665 0.3592592592592593 0.49114583333333334 0.34444444444444444 0.4942708333333333 0.3425925925925926
1 0.5640625 0.25833333333333336 0.5697916666666667 0.26851851851851855 0.5651041666666666 0.3074074074074074 0.5625 0.3074074074074074 0.5614583333333333 0.2861111111111111 0.5567708333333333 0.2777777777777778 0.5578125 0.26851851851851855 0.5635416666666667 0.25925925925925924
1 0.3203125 0.08055555555555556 0.32447916666666665 0.10185185185185185 0.32447916666666665 0.10740740740740741 0.3229166666666667 0.10833333333333334 0.31927083333333334 0.10740740740740741 0.31614583333333335 0.1 0.31614583333333335 0.08055555555555556 0.31979166666666664 0.08055555555555556
1 0.61875 0.1685185185185185 0.6197916666666666 0.1787037037037037 0.6130208333333333 0.20555555555555555 0.6098958333333333 0.20277777777777778 0.6098958333333333 0.17314814814814813 0.6130208333333333 0.16296296296296298 0.615625 0.16203703703703703 0.6182291666666667 0.1685185185185185
1 0.6859375 0.37222222222222223 0.6875 0.375 0.6875 0.39166666666666666 0.6854166666666667 0.4046296296296296 0.6822916666666666 0.40925925925925927 0.6802083333333333 0.3824074074074074 0.6822916666666666 0.3731481481481482 0.6854166666666667 0.37222222222222223
1 0.5911458333333334 0.23425925925925925 0.59375 0.2175925925925926 0.596875 0.21666666666666667 0.6 0.2324074074074074 0.5989583333333334 0.25092592592592594 0.5932291666666667 0.2611111111111111 0.590625 0.2611111111111111 0.5916666666666667 0.2351851851851852
1 0.22552083333333334 0.19768518518518519 0.013541666666666667 0.03981481481481482
1 0.39010416666666664 0.9018518518518519 0.396875 0.9101851851851852 0.39791666666666664 0.925 0.39114583333333336 0.9324074074074075 0.3848958333333333 0.9453703703703704 0.38177083333333334 0.9435185185185185 0.38177083333333334 0.937962962962963 0.38697916666666665 0.9259259259259259 0.3807291666666667 0.9092592592592592 0.3802083333333333 0.8907407407407407 0.384375 0.8861111111111111 0.38958333333333334 0.9018518518518519
1 0.7192708333333333 0.27037037037037037 0.7203125 0.2898148148148148 0.7130208333333333 0.31851851851851853 0.7104166666666667 0.32037037037037036 0.7109375 0.2851851851851852 0.715625 0.2712962962962963 0.71875 0.27037037037037037