1 0.84609375 0.2212962962962963 0.015104166666666667 0.044444444444444446
1 0.5192708333333333 0.5064814814814815 0.5260416666666666 0.5194444444444445 0.5234375 0.5314814814814814 0.5234375 0.5444444444444444 0.5213541666666667 0.5462962962962963 0.51875 0.5425925925925926 0.515625 0.5518518518518518 0.5140625 0.55 0.5135416666666667 0.5157407407407407 0.5145833333333333 0.5101851851851852 0.51875 0.5064814814814815
1 0.6416666666666667 0.1675925925925926 0.6447916666666667 0.1712962962962963 0.6458333333333334 0.17962962962962964 0.6401041666666667 0.2074074074074074 0.6380208333333334 0.2037037037037037 0.6375 0.17592592592592593 0.6385416666666667 0.16944444444444445 0.6411458333333333 0.1675925925925926
1 0.49114583333333334 0.5018518518518519 0.4953125 0.5083333333333333 0.49583333333333335 0.5324074074074074 0.4979166666666667 0.5435185185185185 0.49114583333333334 0.5435185185185185 0.4890625 0.5481481481481482 0.48854166666666665 0.5574074074074075 0.4859375 0.5574074074074075 0.48489583333333336 0.5175925925925926 0.4875 0.5046296296296297 0.490625 0.5027777777777778
1 0.14270833333333333 0.2740740740740741 0.1453125 0.27314814814814814 0.15208333333333332 0.2796296296296296 0.15729166666666666 0.3 0.1546875 0.3055555555555556 0.1546875 0.3138888888888889 0.15104166666666666 0.3148148148148148 0.14270833333333333 0.275
1 0.4708333333333333 0.25462962962962965 0.4744791666666667 0.24537037037037038 0.47291666666666665 0.23148148148148148 0.47604166666666664 0.21944444444444444 0.478125 0.22037037037037038 0.48020833333333335 0.22962962962962963 0.4822916666666667 0.25833333333333336 0.48020833333333335 0.2611111111111111 0.47708333333333336 0.25277777777777777 0.4713541666666667 0.25462962962962965
1 0.6473958333333333 0.11574074074074074 0.6515625 0.12962962962962962 0.6505208333333333 0.14629629629629629 0.6463541666666667 0.15092592592592594 0.64375 0.14444444444444443 0.64375 0.12685185185185185 0.646875 0.11666666666666667
1 0.5645833333333333 0.4 0.5703125 0.4083333333333333 0.5708333333333333 0.4148148148148148 0.5677083333333334 0.42314814814814816 0.5677083333333334 0.4351851851851852 0.5640625 0.4444444444444444 0.5583333333333333 0.4287037037037037 0.5588541666666667 0.40370370370370373 0.5604166666666667 0.4 0.5640625 0.4
1 0.034375 0.40925925925925927 0.04375 0.42777777777777776 0.05 0.44537037037037036 0.050520833333333334 0.4527777777777778 0.046875 0.4527777777777778 0.04479166666666667 0.44722222222222224 0.0390625 0.44351851851851853 0.03333333333333333 0.43425925925925923 0.028645833333333332 0.41944444444444445 0.028645833333333332 0.4111111111111111 0.03229166666666667 0.4074074074074074 0.033854166666666664 0.40925925925925927
1 0.3453125 0.10185185185185185 0.3484375 0.1 0.3489583333333333 0.10925925925925926 0.346875 0.10833333333333334 0.3458333333333333 0.10277777777777777
1 0.8453125 0.4675925925925926 0.8505208333333333 0.47314814814814815 0.8510416666666667 0.47962962962962963 0.8432291666666667 0.5148148148148148 0.8395833333333333 0.5148148148148148 0.840625 0.5064814814814815 0.8390625 0.5027777777777778 0.8333333333333334 0.5111111111111111 0.8302083333333333 0.5083333333333333 0.8380208333333333 0.49074074074074076 0.8385416666666666 0.4777777777777778 0.8447916666666667 0.4685185185185185
1 0.6244791666666667 0.23055555555555557 0.6276041666666666 0.24814814814814815 0.6244791666666667 0.2657407407407407 0.6197916666666666 0.27314814814814814 0.6177083333333333 0.2722222222222222 0.6182291666666667 0.24074074074074073 0.6203125 0.23148148148148148 0.6239583333333333 0.23055555555555557
1 0.23385416666666667 0.17222222222222222 0.24010416666666667 0.17962962962962964 0.24322916666666666 0.20277777777777778 0.24166666666666667 0.2064814814814815 0.23697916666666666 0.20277777777777778 0.23229166666666667 0.18055555555555555 0.23385416666666667 0.17314814814814813
1 0.4390625 0.2111111111111111 0.44375 0.21296296296296297 0.44427083333333334 0.24351851851851852 0.44583333333333336 0.25092592592592594 0.4427083333333333 0.25277777777777777 0.43854166666666666 0.24259259259259258 0.43645833333333334 0.22314814814814815 0.4390625 0.21203703703703702
1 0.2828125 0.15185185185185185 0.2864583333333333 0.16111111111111112 0.28854166666666664 0.1787037037037037 0.2869791666666667 0.18518518518518517 0.2833333333333333 0.18518518518518517 0.28125 0.17314814814814813 0.28020833333333334 0.1537037037037037 0.28229166666666666 0.15185185185185185
1 0.5578125 0.42777777777777776 0.5619791666666667 0.4351851851851852 0.5625 0.45 0.5536458333333333 0.4777777777777778 0.5515625 0.4740740740740741 0.5536458333333333 0.4601851851851852 0.5536458333333333 0.44074074074074077 0.5572916666666666 0.42777777777777776
1 0.11145833333333334 0.27314814814814814 0.019791666666666666 0.03888888888888889
1 0.4401041666666667 0.5768518518518518 0.44635416666666666 0.5879629629629629 0.446875 0.6055555555555555 0.44895833333333335 0.612037037037037 0.44427083333333334 0.6166666666666667 0.4390625 0.6296296296296297 0.43645833333333334 0.6305555555555555 0.43802083333333336 0.612037037037037 0.4359375 0.5814814814814815 0.4375 0.5768518518518518 0.4395833333333333 0.5768518518518518
1 0.5572916666666666 0.5111111111111111 0.5619791666666667 0.525 0.5625 0.5324074074074074 0.5583333333333333 0.5564814814814815 0.5546875 0.5601851851851852 0.55 0.5601851851851852 0.5494791666666666 0.5212962962962963 0.5536458333333333 0.5120370370370371 0.5567708333333333 0.5111111111111111
1 0.5880208333333333 0.5092592592592593 0.5916666666666667 0.5212962962962963 0.5916666666666667 0.5361111111111111 0.5875 0.5462962962962963 0.5848958333333333 0.562962962962963 0.58125 0.5611111111111111 0.5833333333333334 0.5527777777777778 0.5776041666666667 0.5287037037037037 0.5833333333333334 0.5120370370370371 0.5875 0.5092592592592593
1 0.2453125 0.17777777777777778 0.25052083333333336 0.18888888888888888 0.2515625 0.21481481481481482 0.246875 0.20925925925925926 0.24114583333333334 0.19166666666666668 0.24166666666666667 0.1824074074074074 0.24479166666666666 0.17777777777777778
1 0.44921875 0.22777777777777777 0.011979166666666667 0.040740740740740744
1 0.5953125 0.3037037037037037 0.596875 0.3111111111111111 0.5958333333333333 0.33425925925925926 0.5901041666666667 0.34444444444444444 0.5875 0.3425925925925926 0.5880208333333333 0.31296296296296294 0.5916666666666667 0.30277777777777776 0.5947916666666667 0.3037037037037037
1 0.4953125 0.4685185185185185 0.5 0.4777777777777778 0.5010416666666667 0.48518518518518516 0.4979166666666667 0.5083333333333333 0.4947916666666667 0.5083333333333333 0.490625 0.5009259259259259 0.4890625 0.4888888888888889 0.4895833333333333 0.4777777777777778 0.49166666666666664 0.4703703703703704 0.4947916666666667 0.4685185185185185
1 0.50625 0.48518518518518516 0.5119791666666667 0.49722222222222223 0.5130208333333334 0.5148148148148148 0.5119791666666667 0.5222222222222223 0.5078125 0.5287037037037037 0.5072916666666667 0.5361111111111111 0.5052083333333334 0.5388888888888889 0.5036458333333333 0.5370370370370371 0.5005208333333333 0.5111111111111111 0.5005208333333333 0.49722222222222223 0.5026041666666666 0.487962962962963 0.5057291666666667 0.48518518518518516
1 0.21979166666666666 0.1925925925925926 0.22239583333333332 0.20185185185185187 0.221875 0.2111111111111111 0.225 0.22685185185185186 0.22395833333333334 0.23148148148148148 0.215625 0.21574074074074073 0.2140625 0.19907407407407407 0.21666666666666667 0.1925925925925926 0.21927083333333333 0.1925925925925926
1 0.12083333333333333 0.31666666666666665 0.12604166666666666 0.3194444444444444 0.1328125 0.35185185185185186 0.12760416666666666 0.3537037037037037 0.12291666666666666 0.35 0.1203125 0.35462962962962963 0.11822916666666666 0.33611111111111114 0.11145833333333334 0.3277777777777778 0.11354166666666667 0.31666666666666665 0.11614583333333334 0.3138888888888889 0.1203125 0.31666666666666665
1 0.05 0.37037037037037035 0.058333333333333334 0.37962962962962965 0.0640625 0.3972222222222222 0.07083333333333333 0.4074074074074074 0.06510416666666667 0.41203703703703703 0.0640625 0.4185185185185185 0.0609375 0.41944444444444445 0.05 0.387037037037037 0.04791666666666667 0.37407407407407406 0.049479166666666664 0.3712962962962963
1 0.6359375 0.12129629629629629 0.6375 0.12407407407407407 0.6359375 0.14814814814814814 0.6307291666666667 0.15555555555555556 0.6291666666666667 0.12685185185185185 0.63125 0.12129629629629629 0.6354166666666666 0.12129629629629629
1 0.6125 0.20462962962962963 0.615625 0.20555555555555555 0.6166666666666667 0.21944444444444444 0.6140625 0.23796296296296296 0.6119791666666666 0.24259259259259258 0.6088541666666667 0.24351851851851852 0.6083333333333333 0.21944444444444444 0.6125 0.20555555555555555
1 0.4359375 0.5027777777777778 0.4453125 0.5148148148148148 0.44479166666666664 0.5287037037037037 0.4484375 0.5435185185185185 0.44479166666666664 0.5481481481481482 0.4432291666666667 0.5407407407407407 0.4390625 0.5361111111111111 0.4354166666666667 0.5564814814814815 0.4328125 0.5574074074074075 0.434375 0.5351851851851852 0.4328125 0.5083333333333333 0.4354166666666667 0.5027777777777778
1 0.6020833333333333 0.24351851851851852 0.609375 0.24074074074074073 0.6109375 0.25277777777777777 0.6057291666666667 0.2814814814814815 0.6020833333333333 0.2851851851851852 0.6026041666666667 0.26851851851851855 0.5994791666666667 0.25833333333333336 0.6020833333333333 0.24444444444444444
1 0.6682291666666667 0.19537037037037036 0.6697916666666667 0.20833333333333334 0.6671875 0.2361111111111111 0.6651041666666667 0.2388888888888889 0.6630208333333333 0.2361111111111111 0.6614583333333334 0.21203703703703702 0.6651041666666667 0.19814814814814816 0.6677083333333333 0.1962962962962963
1 0.6197916666666666 0.3388888888888889 0.6229166666666667 0.34629629629629627 0.6229166666666667 0.35648148148148145 0.6197916666666666 0.3675925925925926 0.6192708333333333 0.3814814814814815 0.6171875 0.38425925925925924 0.6151041666666667 0.3824074074074074 0.6114583333333333 0.3509259259259259 0.615625 0.3388888888888889 0.6192708333333333 0.3388888888888889
1 0.9994791666666667 0.6 0.9994791666666667 0.6370370370370371 0.9921875 0.6472222222222223 0.9911458333333333 0.6592592592592592 0.9864583333333333 0.6509259259259259 0.9791666666666666 0.6472222222222223 0.9786458333333333 0.6425925925925926 0.9833333333333333 0.6324074074074074 0.9838541666666667 0.6185185185185185 0.9859375 0.612037037037037 0.9932291666666667 0.6018518518518519 0.9989583333333333 0.6
1 0.1578125 0.275 0.16458333333333333 0.28425925925925927 0.16822916666666668 0.3101851851851852 0.15989583333333332 0.3037037037037037 0.1546875 0.29259259259259257 0.15416666666666667 0.27870370370370373 0.15729166666666666 0.275
1 0.018229166666666668 0.43796296296296294 0.034895833333333334 0.46574074074074073 0.034895833333333334 0.4703703703703704 0.028645833333333332 0.47129629629629627 0.025520833333333333 0.4777777777777778 0.021875 0.47685185185185186 0.0109375 0.44351851851851853 0.011979166666666667 0.4361111111111111 0.017708333333333333 0.43796296296296294
1 0.1890625 0.18611111111111112 0.1921875 0.18888888888888888 0.1984375 0.21388888888888888 0.19270833333333334 0.2175925925925926 0.1890625 0.20833333333333334 0.18489583333333334 0.1935185185185185 0.18854166666666666 0.18703703703703703
1 0.5963541666666666 0.34814814814814815 0.5973958333333333 0.30833333333333335 0.6010416666666667 0.3 0.6046875 0.30277777777777776 0.6052083333333333 0.31851851851851853 0.6020833333333333 0.34629629629629627 0.6005208333333333 0.3490740740740741 0.596875 0.34814814814814815
1 0.5916666666666667 0.5537037037037037 0.5911458333333334 0.5398148148148149 0.5942708333333333 0.5222222222222223 0.6005208333333333 0.525 0.6020833333333333 0.5314814814814814 0.6020833333333333 0.5509259259259259 0.5989583333333334 0.5638888888888889 0.5921875 0.5537037037037037
1 0.5614583333333333 0.45740740740740743 0.5640625 0.45925925925925926 0.5645833333333333 0.4703703703703704 0.5671875 0.4759259259259259 0.5671875 0.4981481481481482 0.5729166666666666 0.5101851851851852 0.571875 0.5148148148148148 0.5692708333333333 0.5157407407407407 0.5619791666666667 0.5083333333333333 0.55625 0.5111111111111111 0.5572916666666666 0.4962962962962963 0.5541666666666667 0.48333333333333334 0.5588541666666667 0.4675925925925926 0.5588541666666667 0.4601851851851852 0.5609375 0.45740740740740743
1 0.5947916666666667 0.5555555555555556 0.5994791666666667 0.5648148148148148 0.6 0.5814814814814815 0.5953125 0.5916666666666667 0.5916666666666667 0.6138888888888889 0.5885416666666666 0.6138888888888889 0.5901041666666667 0.5907407407407408 0.5864583333333333 0.5824074074074074 0.5859375 0.5740740740740741 0.5911458333333334 0.5564814814814815 0.5942708333333333 0.5555555555555556
1 0.6229166666666667 0.4027777777777778 0.6265625 0.4027777777777778 0.63125 0.425 0.6265625 0.4351851851851852 0.6229166666666667 0.4601851851851852 0.6197916666666666 0.4601851851851852 0.6208333333333333 0.43425925925925923 0.6182291666666667 0.4185185185185185 0.6229166666666667 0.40370370370370373
1 0.6380208333333334 0.1675925925925926 0.6385416666666667 0.1962962962962963 0.6338541666666667 0.20833333333333334 0.6317708333333333 0.20555555555555555 0.63125 0.18055555555555555 0.6333333333333333 0.17037037037037037 0.6375 0.1675925925925926
1 0.6510416666666666 0.175 0.6526041666666667 0.1935185185185185 0.6479166666666667 0.21481481481481482 0.6453125 0.1962962962962963 0.6458333333333334 0.17777777777777778 0.6473958333333333 0.17407407407407408 0.6505208333333333 0.175
1 0.63125 0.21944444444444444 0.6333333333333333 0.22037037037037038 0.6354166666666666 0.23333333333333334 0.6307291666666667 0.2611111111111111 0.6265625 0.2601851851851852 0.6265625 0.23148148148148148 0.6307291666666667 0.21944444444444444
1 0.6427083333333333 0.13240740740740742 0.6442708333333333 0.14629629629629629 0.6401041666666667 0.16574074074074074 0.6369791666666667 0.16111111111111112 0.6354166666666666 0.14722222222222223 0.6369791666666667 0.13518518518518519 0.6421875 0.13240740740740742
1 0.37395833333333334 0.062037037037037036 0.3765625 0.06574074074074074 0.37864583333333335 0.08333333333333333 0.3770833333333333 0.08703703703703704 0.3729166666666667 0.08703703703703704 0.37083333333333335 0.0787037037037037 0.37135416666666665 0.06666666666666667 0.3734375 0.062037037037037036
1 0.434375 0.9490740740740741 0.4421875 0.9722222222222222 0.44427083333333334 0.9842592592592593 0.4510416666666667 0.9907407407407407 0.44635416666666666 0.9990740740740741 0.4421875 0.9990740740740741 0.43645833333333334 0.9907407407407407 0.43333333333333335 0.9916666666666667 0.43020833333333336 0.9990740740740741 0.42552083333333335 0.9990740740740741 0.42291666666666666 0.9944444444444445 0.42604166666666665 0.987037037037037 0.4239583333333333 0.9592592592592593 0.42916666666666664 0.9490740740740741 0.43385416666666665 0.9490740740740741
1 0.6567708333333333 0.23796296296296296 0.6598958333333333 0.24814814814814815 0.6598958333333333 0.25833333333333336 0.6546875 0.28055555555555556 0.6510416666666666 0.27870370370370373 0.6505208333333333 0.2537037037037037 0.6536458333333334 0.23796296296296296 0.65625 0.23796296296296296
1 0.3453125 0.08425925925925926 0.3489583333333333 0.08981481481481482 0.3494791666666667 0.10925925925925926 0.3453125 0.10925925925925926 0.3421875 0.09537037037037037 0.34479166666666666 0.08518518518518518