0 0.8005208333333333 0.3592592592592593 0.8161458333333333 0.36666666666666664 0.8375 0.38981481481481484 0.8375 0.4083333333333333 0.840625 0.4351851851851852 0.834375 0.4462962962962963 0.8291666666666667 0.45 0.8098958333333334 0.44722222222222224 0.7989583333333333 0.43425925925925923 0.7989583333333333 0.41388888888888886 0.7947916666666667 0.36666666666666664 0.796875 0.35833333333333334 0.8 0.3592592592592593
1 0.8557291666666667 0.19537037037037036 0.8578125 0.19907407407407407 0.8578125 0.20925925925925926 0.8484375 0.22037037037037038 0.8526041666666667 0.22407407407407406 0.8489583333333334 0.225 0.84375 0.23703703703703705 0.8416666666666667 0.23796296296296296 0.8401041666666667 0.23425925925925925 0.8453125 0.2101851851851852 0.8552083333333333 0.1962962962962963
1 0.5536458333333333 0.4064814814814815 0.5583333333333333 0.4083333333333333 0.5619791666666667 0.41574074074074074 0.5630208333333333 0.42407407407407405 0.5630208333333333 0.4398148148148148 0.5609375 0.4462962962962963 0.5572916666666666 0.44074074074074077 0.55 0.4388888888888889 0.5484375 0.42777777777777776 0.5536458333333333 0.4074074074074074
1 0.14791666666666667 0.2490740740740741 0.1546875 0.25833333333333336 0.1578125 0.27037037037037037 0.16145833333333334 0.275 0.16145833333333334 0.27870370370370373 0.1578125 0.27870370370370373 0.15416666666666667 0.2861111111111111 0.1515625 0.2824074074074074 0.14791666666666667 0.26481481481481484 0.14583333333333334 0.2518518518518518 0.14739583333333334 0.2490740740740741
1 0.6505208333333333 0.15833333333333333 0.6520833333333333 0.16666666666666666 0.6510416666666666 0.19166666666666668 0.6479166666666667 0.19444444444444445 0.6447916666666667 0.19074074074074074 0.64375 0.17222222222222222 0.6458333333333334 0.15925925925925927 0.65 0.15833333333333333
1 0.3625 0.7583333333333333 0.37395833333333334 0.7685185185185185 0.375 0.7824074074074074 0.37864583333333335 0.7888888888888889 0.378125 0.7953703703703704 0.36822916666666666 0.8027777777777778 0.36302083333333335 0.8157407407407408 0.36041666666666666 0.8138888888888889 0.3625 0.8055555555555556 0.3625 0.7842592592592592 0.359375 0.7638888888888888 0.3619791666666667 0.7592592592592593
1 0.6244791666666667 0.23148148148148148 0.6265625 0.24444444444444444 0.6208333333333333 0.26944444444444443 0.6171875 0.26851851851851855 0.6177083333333333 0.2351851851851852 0.6197916666666666 0.23055555555555557 0.6239583333333333 0.23148148148148148
1 0.6682291666666667 0.23425925925925925 0.671875 0.23796296296296296 0.6723958333333333 0.24351851851851852 0.6645833333333333 0.2722222222222222 0.6614583333333334 0.2638888888888889 0.6598958333333333 0.24814814814814815 0.6609375 0.24259259259259258 0.6677083333333333 0.23425925925925925
1 0.6588541666666666 0.13796296296296295 0.6614583333333334 0.1425925925925926 0.6619791666666667 0.1574074074074074 0.6583333333333333 0.17037037037037037 0.6583333333333333 0.1814814814814815 0.6541666666666667 0.18888888888888888 0.6515625 0.18796296296296297 0.653125 0.1574074074074074 0.6583333333333333 0.13796296296296295
1 0.671875 0.1935185185185185 0.6729166666666667 0.20833333333333334 0.6708333333333333 0.21574074074074073 0.6708333333333333 0.22777777777777777 0.66875 0.2324074074074074 0.6645833333333333 0.22962962962962963 0.6635416666666667 0.2222222222222222 0.6651041666666667 0.20277777777777778 0.6682291666666667 0.19444444444444445 0.6713541666666667 0.1935185185185185
1 0.35885416666666664 0.9768518518518519 0.3734375 0.9861111111111112 0.3765625 0.9907407407407407 0.3776041666666667 0.9990740740740741 0.35572916666666665 0.9990740740740741 0.3515625 0.9842592592592593 0.3541666666666667 0.9787037037037037 0.35833333333333334 0.9777777777777777
1 0.6541666666666667 0.2 0.6578125 0.21296296296296297 0.6567708333333333 0.22685185185185186 0.6546875 0.23055555555555557 0.6494791666666667 0.22962962962962963 0.65 0.20833333333333334 0.6536458333333334 0.2
1 0.25052083333333336 0.18611111111111112 0.25364583333333335 0.18888888888888888 0.2598958333333333 0.21388888888888888 0.25833333333333336 0.2222222222222222 0.25104166666666666 0.21666666666666667 0.24635416666666668 0.19166666666666668 0.24791666666666667 0.18518518518518517 0.25 0.18611111111111112
1 0.07083333333333333 0.35 0.08177083333333333 0.36574074074074076 0.0859375 0.37962962962962965 0.08541666666666667 0.3861111111111111 0.07708333333333334 0.39351851851851855 0.06875 0.36666666666666664 0.06770833333333333 0.35648148148148145 0.0703125 0.3509259259259259
1 0.28958333333333336 0.1361111111111111 0.2916666666666667 0.1398148148148148 0.2921875 0.1648148148148148 0.28854166666666664 0.1685185185185185 0.28541666666666665 0.1537037037037037 0.28541666666666665 0.14351851851851852 0.28958333333333336 0.13703703703703704
1 0.17083333333333334 0.25462962962962965 0.17552083333333332 0.25462962962962965 0.18125 0.262037037037037 0.184375 0.2824074074074074 0.18385416666666668 0.29259259259259257 0.18125 0.29259259259259257 0.17708333333333334 0.2759259259259259 0.1703125 0.26851851851851855 0.16927083333333334 0.26481481481481484 0.17083333333333334 0.25555555555555554
1 0.8161458333333333 0.46296296296296297 0.8166666666666667 0.49444444444444446 0.8088541666666667 0.5037037037037037 0.8067708333333333 0.5166666666666667 0.8036458333333333 0.5166666666666667 0.8010416666666667 0.49722222222222223 0.8041666666666667 0.49074074074074076 0.8041666666666667 0.48055555555555557 0.8072916666666666 0.46944444444444444 0.8109375 0.46296296296296297 0.815625 0.46296296296296297
1 0.6369791666666667 0.2064814814814815 0.6401041666666667 0.21666666666666667 0.6401041666666667 0.22314814814814815 0.6369791666666667 0.23148148148148148 0.6359375 0.24444444444444444 0.6333333333333333 0.24444444444444444 0.6307291666666667 0.2212962962962963 0.6364583333333333 0.2064814814814815
1 0.6546875 0.22962962962962963 0.6588541666666666 0.23333333333333334 0.6614583333333334 0.24537037037037038 0.659375 0.2564814814814815 0.6510416666666666 0.27037037037037037 0.6520833333333333 0.25833333333333336 0.65 0.24814814814814815 0.653125 0.23333333333333334 0.6505208333333333 0.22777777777777777 0.6541666666666667 0.22962962962962963
1 0.1171875 0.25555555555555554 0.1265625 0.2740740740740741 0.12760416666666666 0.29259259259259257 0.12604166666666666 0.2962962962962963 0.12291666666666666 0.2962962962962963 0.12135416666666667 0.29259259259259257 0.11354166666666667 0.262037037037037 0.11302083333333333 0.25833333333333336 0.11666666666666667 0.25555555555555554
1 0.8765625 0.46111111111111114 0.8802083333333334 0.4759259259259259 0.8692708333333333 0.5194444444444445 0.8661458333333333 0.5222222222222223 0.8604166666666667 0.5120370370370371 0.8614583333333333 0.5009259259259259 0.8645833333333334 0.4925925925925926 0.865625 0.4740740740740741 0.8708333333333333 0.462037037037037 0.8760416666666667 0.46111111111111114
1 0.18854166666666666 0.3490740740740741 0.19583333333333333 0.35833333333333334 0.19895833333333332 0.36666666666666664 0.20208333333333334 0.38981481481481484 0.20104166666666667 0.3962962962962963 0.18489583333333334 0.36944444444444446 0.184375 0.35185185185185186 0.18802083333333333 0.3490740740740741
1 0.6572916666666667 0.2537037037037037 0.6619791666666667 0.26481481481481484 0.6578125 0.29814814814814816 0.6546875 0.2962962962962963 0.6510416666666666 0.28703703703703703 0.6526041666666667 0.2564814814814815 0.6567708333333333 0.25462962962962965
1 0.03333333333333333 0.42777777777777776 0.0421875 0.4351851851851852 0.04583333333333333 0.45 0.05416666666666667 0.4527777777777778 0.05625 0.4564814814814815 0.04635416666666667 0.4564814814814815 0.04479166666666667 0.4601851851851852 0.046875 0.46944444444444444 0.043229166666666666 0.4722222222222222 0.0375 0.45185185185185184 0.028645833333333332 0.44166666666666665 0.028125 0.42777777777777776 0.0328125 0.42777777777777776
1 0.23385416666666667 0.18425925925925926 0.23854166666666668 0.1925925925925926 0.2453125 0.21666666666666667 0.24479166666666666 0.22037037037037038 0.24010416666666667 0.21851851851851853 0.23541666666666666 0.2111111111111111 0.23177083333333334 0.19537037037037036 0.23333333333333334 0.18518518518518517
1 0.16458333333333333 0.20833333333333334 0.16875 0.21666666666666667 0.17395833333333333 0.2388888888888889 0.17447916666666666 0.24444444444444444 0.17291666666666666 0.24537037037037038 0.16822916666666668 0.24444444444444444 0.15885416666666666 0.22407407407407406 0.159375 0.21388888888888888 0.1640625 0.20833333333333334
1 0.2296875 0.19907407407407407 0.23697916666666666 0.21296296296296297 0.23802083333333332 0.22037037037037038 0.2375 0.23333333333333334 0.23385416666666667 0.23148148148148148 0.23125 0.2361111111111111 0.22916666666666666 0.2324074074074074 0.22552083333333334 0.20277777777777778 0.2265625 0.19907407407407407 0.22916666666666666 0.19907407407407407
1 0.171875 0.25555555555555554 0.17864583333333334 0.25925925925925924 0.18541666666666667 0.29259259259259257 0.18072916666666666 0.29444444444444445 0.178125 0.30185185185185187 0.17552083333333332 0.30277777777777776 0.175 0.2916666666666667 0.1703125 0.2722222222222222 0.171875 0.2564814814814815
1 0.5127604166666667 0.2773148148148148 0.008854166666666666 0.05092592592592592
1 0.7375 0.25 0.7411458333333333 0.25 0.7432291666666667 0.2574074074074074 0.7395833333333334 0.2712962962962963 0.7380208333333333 0.2898148148148148 0.7338541666666667 0.2898148148148148 0.7317708333333334 0.2861111111111111 0.7317708333333334 0.27870370370370373 0.7375 0.25092592592592594
1 0.10885416666666667 0.33055555555555555 0.1125 0.3314814814814815 0.11302083333333333 0.34814814814814815 0.11614583333333334 0.35185185185185186 0.115625 0.362962962962963 0.11302083333333333 0.3675925925925926 0.1 0.33796296296296297 0.1 0.3314814814814815 0.10208333333333333 0.3277777777777778 0.10833333333333334 0.33055555555555555
1 0.640625 0.12314814814814815 0.64375 0.12129629629629629 0.646875 0.13055555555555556 0.64375 0.15462962962962962 0.6401041666666667 0.15648148148148147 0.6385416666666667 0.13333333333333333 0.640625 0.12407407407407407
1 0.20416666666666666 0.20555555555555555 0.20729166666666668 0.2037037037037037 0.21041666666666667 0.2064814814814815 0.21354166666666666 0.22962962962962963 0.21302083333333333 0.2351851851851852 0.2078125 0.22870370370370371 0.20416666666666666 0.2064814814814815
1 0.6197916666666666 0.22592592592592592 0.61875 0.2064814814814815 0.6229166666666667 0.19166666666666668 0.6265625 0.19166666666666668 0.628125 0.19537037037037036 0.6302083333333334 0.21481481481481482 0.6255208333333333 0.21851851851851853 0.6229166666666667 0.22592592592592592 0.6203125 0.22592592592592592
1 0.4390625 0.2 0.4432291666666667 0.20277777777777778 0.44635416666666666 0.22314814814814815 0.44479166666666664 0.24814814814814815 0.44166666666666665 0.25 0.43802083333333336 0.22037037037037038 0.4390625 0.20092592592592592
1 0.6729166666666667 0.1287037037037037 0.6755208333333333 0.13240740740740742 0.6760416666666667 0.13796296296296295 0.6713541666666667 0.1638888888888889 0.6692708333333334 0.16111111111111112 0.66875 0.13425925925925927 0.6723958333333333 0.1287037037037037
1 0.26197916666666665 0.17592592592592593 0.2677083333333333 0.19166666666666668 0.2682291666666667 0.20462962962962963 0.265625 0.21203703703703702 0.2609375 0.20925925925925926 0.2578125 0.20185185185185187 0.2578125 0.18518518518518517 0.26145833333333335 0.17685185185185184
1 0.5161458333333333 0.29907407407407405 0.5192708333333333 0.30185185185185187 0.5213541666666667 0.3101851851851852 0.5197916666666667 0.32407407407407407 0.5208333333333334 0.3435185185185185 0.51875 0.34629629629629627 0.5140625 0.3416666666666667 0.5140625 0.3287037037037037 0.5114583333333333 0.31851851851851853 0.5130208333333334 0.3037037037037037 0.515625 0.29907407407407405
1 0.140625 0.2861111111111111 0.14739583333333334 0.29444444444444445 0.15260416666666668 0.3101851851851852 0.15052083333333333 0.3148148148148148 0.14583333333333334 0.31296296296296294 0.14427083333333332 0.32222222222222224 0.1375 0.3074074074074074 0.13333333333333333 0.2861111111111111 0.13333333333333333 0.2824074074074074 0.13541666666666666 0.28055555555555556 0.14010416666666667 0.2861111111111111
1 0.1203125 0.3111111111111111 0.12708333333333333 0.3194444444444444 0.13229166666666667 0.3333333333333333 0.1328125 0.3425925925925926 0.12708333333333333 0.35185185185185186 0.1234375 0.35185185185185186 0.121875 0.33611111111111114 0.1171875 0.32407407407407407 0.11614583333333334 0.3138888888888889 0.11979166666666667 0.3111111111111111
1 0.00625 0.4398148148148148 0.009895833333333333 0.44351851851851853 0.0140625 0.4546296296296296 0.029166666666666667 0.46296296296296297 0.027604166666666666 0.4675925925925926 0.018229166666666668 0.4666666666666667 0.015625 0.4787037037037037 0.008854166666666666 0.47314814814814815 0.0026041666666666665 0.45740740740740743 0.0020833333333333333 0.44074074074074077 0.005729166666666666 0.4398148148148148
1 0.21666666666666667 0.1824074074074074 0.22239583333333332 0.20462962962962963 0.22239583333333332 0.21388888888888888 0.22083333333333333 0.21666666666666667 0.21666666666666667 0.21296296296296297 0.21302083333333333 0.20092592592592592 0.21354166666666666 0.18518518518518517 0.21614583333333334 0.1824074074074074
1 0.909375 0.6111111111111112 0.9109375 0.6157407407407407 0.9104166666666667 0.6231481481481481 0.9057291666666667 0.6324074074074074 0.9036458333333334 0.6435185185185185 0.8911458333333333 0.6518518518518519 0.8859375 0.65 0.884375 0.6435185185185185 0.8927083333333333 0.6296296296296297 0.8973958333333333 0.6166666666666667 0.9036458333333334 0.6111111111111112 0.9088541666666666 0.6111111111111112
1 0.6364583333333333 0.25833333333333336 0.6359375 0.23425925925925925 0.6401041666666667 0.2212962962962963 0.6442708333333333 0.22870370370370371 0.6442708333333333 0.2388888888888889 0.6411458333333333 0.25555555555555554 0.6369791666666667 0.25833333333333336
1 0.2942708333333333 0.1388888888888889 0.2989583333333333 0.14722222222222223 0.3 0.1675925925925926 0.29739583333333336 0.1712962962962963 0.2911458333333333 0.15 0.2911458333333333 0.14351851851851852 0.29375 0.1388888888888889
1 0.86875 0.20555555555555555 0.8677083333333333 0.2222222222222222 0.859375 0.24537037037037038 0.85625 0.24537037037037038 0.853125 0.24074074074074073 0.8567708333333334 0.225 0.8572916666666667 0.21296296296296297 0.8588541666666667 0.20925925925925926 0.8682291666666667 0.20555555555555555
1 0.6005208333333333 0.22592592592592592 0.6041666666666666 0.23425925925925925 0.6046875 0.24074074074074073 0.5994791666666667 0.27314814814814814 0.5973958333333333 0.26944444444444443 0.5953125 0.23981481481481481 0.5979166666666667 0.22685185185185186 0.6 0.22592592592592592
1 0.37083333333333335 0.06296296296296296 0.3729166666666667 0.07037037037037037 0.3729166666666667 0.09074074074074075 0.36770833333333336 0.08981481481481482 0.36666666666666664 0.06851851851851852 0.36770833333333336 0.06388888888888888 0.3703125 0.06296296296296296
1 0.4390625 0.7 0.44895833333333335 0.7157407407407408 0.44947916666666665 0.7379629629629629 0.44479166666666664 0.7398148148148148 0.4390625 0.7564814814814815 0.4348958333333333 0.7583333333333333 0.4375 0.7277777777777777 0.4354166666666667 0.7231481481481481 0.42916666666666664 0.7333333333333333 0.4276041666666667 0.7333333333333333 0.4276041666666667 0.7296296296296296 0.43333333333333335 0.7129629629629629 0.434375 0.7027777777777777 0.43854166666666666 0.700925925925926
1 0.58125 0.2796296296296296 0.5848958333333333 0.27870370370370373 0.5859375 0.2814814814814815 0.5880208333333333 0.2916666666666667 0.5869791666666667 0.31203703703703706 0.5916666666666667 0.3194444444444444 0.5916666666666667 0.325 0.5885416666666666 0.32685185185185184 0.5854166666666667 0.3175925925925926 0.5828125 0.3175925925925926 0.5802083333333333 0.32037037037037036 0.5807291666666666 0.3277777777777778 0.5791666666666667 0.33055555555555555 0.575 0.3287037037037037 0.5791666666666667 0.30925925925925923 0.5791666666666667 0.2916666666666667 0.58125 0.28055555555555556
1 0.6380208333333334 0.1527777777777778 0.6411458333333333 0.1574074074074074 0.6416666666666667 0.16944444444444445 0.6369791666666667 0.19074074074074074 0.6338541666666667 0.18888888888888888 0.6333333333333333 0.1638888888888889 0.6375 0.1527777777777778
1 0.6484375 0.41574074074074074 0.6432291666666666 0.4601851851851852 0.6375 0.46574074074074073 0.634375 0.4648148148148148 0.6333333333333333 0.45925925925925926 0.6364583333333333 0.45 0.6401041666666667 0.42314814814814816 0.6442708333333333 0.41574074074074074 0.6479166666666667 0.41574074074074074
1 0.1390625 0.5935185185185186 0.14114583333333333 0.6018518518518519 0.1515625 0.6194444444444445 0.15520833333333334 0.6324074074074074 0.16197916666666667 0.6398148148148148 0.1546875 0.6462962962962963 0.15052083333333333 0.6407407407407407 0.14479166666666668 0.6527777777777778 0.140625 0.6481481481481481 0.14322916666666666 0.6342592592592593 0.140625 0.6296296296296297 0.13333333333333333 0.6259259259259259 0.13333333333333333 0.5953703703703703 0.13854166666666667 0.5935185185185186
1 0.6713541666666667 0.24259259259259258 0.6755208333333333 0.24444444444444444 0.6786458333333333 0.2537037037037037 0.6786458333333333 0.2638888888888889 0.6723958333333333 0.28888888888888886 0.6682291666666667 0.2916666666666667 0.6682291666666667 0.2601851851851852 0.6713541666666667 0.24351851851851852