0 0.740625 0.4546296296296296 0.7473958333333334 0.45925925925925926 0.771875 0.49074074074074076 0.7864583333333334 0.5148148148148148 0.7932291666666667 0.5333333333333333 0.8072916666666666 0.5574074074074075 0.809375 0.5657407407407408 0.8078125 0.5879629629629629 0.8005208333333333 0.6027777777777777 0.7869791666666667 0.612037037037037 0.765625 0.6055555555555555 0.7614583333333333 0.5981481481481481 0.7578125 0.5824074074074074 0.7520833333333333 0.5722222222222222 0.728125 0.5370370370370371 0.7197916666666667 0.5361111111111111 0.7125 0.5259259259259259 0.7098958333333333 0.4925925925925926 0.7130208333333333 0.48055555555555557 0.7213541666666666 0.46296296296296297 0.7401041666666667 0.4546296296296296
0 0 0.2962962962962963 0.011979166666666667 0.29907407407407405 0.015625 0.3055555555555556 0.033854166666666664 0.32037037037037036 0.036458333333333336 0.32685185185185184 0.036458333333333336 0.3314814814814815 0.011458333333333333 0.3768518518518518 0.005729166666666666 0.38333333333333336 0 0.3814814814814815 0 0.2972222222222222
0 0.0703125 0.5537037037037037 0.09895833333333333 0.562962962962963 0.11458333333333333 0.5731481481481482 0.11770833333333333 0.5777777777777777 0.11822916666666666 0.5916666666666667 0.11302083333333333 0.6101851851851852 0.09322916666666667 0.6435185185185185 0.09166666666666666 0.662962962962963 0.08802083333333334 0.6722222222222223 0.08125 0.6787037037037037 0.07083333333333333 0.674074074074074 0.0609375 0.6898148148148148 0.0546875 0.6944444444444444 0.0375 0.6814814814814815 0.0140625 0.6527777777777778 0 0.6435185185185185 0 0.6240740740740741 0.041666666666666664 0.562962962962963 0.05260416666666667 0.5555555555555556 0.06979166666666667 0.5537037037037037
0 0.3182291666666667 0.012962962962962963 0.32864583333333336 0.018518518518518517 0.3385416666666667 0.018518518518518517 0.3416666666666667 0.022222222222222223 0.34427083333333336 0.05185185185185185 0.340625 0.06944444444444445 0.3380208333333333 0.07314814814814814 0.33125 0.07407407407407407 0.31927083333333334 0.08611111111111111 0.3067708333333333 0.0824074074074074 0.2911458333333333 0.09444444444444444 0.2864583333333333 0.08611111111111111 0.28072916666666664 0.05740740740740741 0.28020833333333334 0.04259259259259259 0.30364583333333334 0.017592592592592594 0.3177083333333333 0.012962962962962963
0 0.234375 0.39166666666666666 0.24947916666666667 0.4083333333333333 0.2515625 0.425 0.2557291666666667 0.43148148148148147 0.2552083333333333 0.43796296296296294 0.24739583333333334 0.45185185185185184 0.2234375 0.46111111111111114 0.21197916666666666 0.47685185185185186 0.20625 0.4740740740740741 0.2015625 0.4666666666666667 0.1953125 0.44537037037037036 0.19427083333333334 0.4351851851851852 0.19583333333333333 0.412962962962963 0.19947916666666668 0.4046296296296296 0.20520833333333333 0.4 0.23385416666666667 0.39166666666666666
0 0.5052083333333334 0.5027777777777778 0.5463541666666667 0.5185185185185185 0.553125 0.525 0.5572916666666666 0.5351851851851852 0.5583333333333333 0.5592592592592592 0.5572916666666666 0.5787037037037037 0.5552083333333333 0.5851851851851851 0.55 0.5925925925925926 0.5338541666666666 0.6018518518518519 0.5286458333333334 0.6 0.5192708333333333 0.5898148148148148 0.496875 0.5861111111111111 0.4765625 0.5851851851851851 0.4734375 0.5898148148148148 0.4666666666666667 0.5916666666666667 0.44947916666666665 0.5712962962962963 0.4479166666666667 0.5462962962962963 0.45260416666666664 0.5120370370370371 0.45677083333333335 0.5046296296296297 0.46875 0.5 0.5046875 0.5027777777777778
0 0.6291666666666667 0.025 0.6338541666666667 0.028703703703703703 0.6359375 0.03611111111111111 0.6333333333333333 0.05648148148148148 0.625 0.08055555555555556 0.6171875 0.08703703703703704 0.6010416666666667 0.08148148148148149 0.5989583333333334 0.07777777777777778 0.5989583333333334 0.07037037037037037 0.6041666666666666 0.046296296296296294 0.6119791666666666 0.028703703703703703 0.6177083333333333 0.023148148148148147 0.6286458333333333 0.025
0 0.7270833333333333 0.1111111111111111 0.7375 0.11574074074074074 0.7411458333333333 0.12407407407407407 0.7447916666666666 0.1675925925925926 0.7447916666666666 0.18333333333333332 0.7427083333333333 0.1925925925925926 0.7369791666666666 0.19814814814814816 0.7296875 0.19814814814814816 0.7161458333333334 0.1962962962962963 0.7125 0.19074074074074074 0.7104166666666667 0.15462962962962962 0.7119791666666667 0.125 0.715625 0.11481481481481481 0.7265625 0.11203703703703703
0 0.2515625 0.21666666666666667 0.25625 0.21944444444444444 0.259375 0.22685185185185186 0.2604166666666667 0.2388888888888889 0.25833333333333336 0.25 0.25 0.26296296296296295 0.24114583333333334 0.2861111111111111 0.24114583333333334 0.30092592592592593 0.2375 0.30833333333333335 0.221875 0.3138888888888889 0.20572916666666666 0.3138888888888889 0.20104166666666667 0.3074074074074074 0.19947916666666668 0.29444444444444445 0.20625 0.25925925925925924 0.21666666666666667 0.23333333333333334 0.22864583333333333 0.22037037037037038 0.23958333333333334 0.21574074074074073 0.25104166666666666 0.21666666666666667
0 0.765625 0.2212962962962963 0.7796875 0.2324074074074074 0.7802083333333333 0.25277777777777777 0.7723958333333333 0.2740740740740741 0.7505208333333333 0.25833333333333336 0.76875 0.28425925925925927 0.7619791666666667 0.30648148148148147 0.7588541666666667 0.325 0.7520833333333333 0.3314814814814815 0.7380208333333333 0.3287037037037037 0.7265625 0.3212962962962963 0.7234375 0.3148148148148148 0.7229166666666667 0.30185185185185187 0.7338541666666667 0.27314814814814814 0.734375 0.2638888888888889 0.7453125 0.2518518518518518 0.7453125 0.24444444444444444 0.7505208333333333 0.23055555555555557 0.7588541666666667 0.22037037037037038 0.7651041666666667 0.2212962962962963
1 0.3984375 0.7731481481481481 0.40625 0.7796296296296297 0.40989583333333335 0.7981481481481482 0.4078125 0.812037037037037 0.4005208333333333 0.8268518518518518 0.39739583333333334 0.8212962962962963 0.4015625 0.8101851851851852 0.39166666666666666 0.7888888888888889 0.39375 0.774074074074074 0.39791666666666664 0.7731481481481481
1 0.3875 0.812037037037037 0.39375 0.8175925925925925 0.3963541666666667 0.8333333333333334 0.4010416666666667 0.8379629629629629 0.4015625 0.8416666666666667 0.38697916666666665 0.8657407407407407 0.384375 0.8666666666666667 0.38229166666666664 0.8629629629629629 0.38333333333333336 0.8453703703703703 0.38125 0.8212962962962963 0.38333333333333336 0.812037037037037 0.38697916666666665 0.812037037037037
1 0.5869791666666667 0.24814814814814815 0.5916666666666667 0.23981481481481481 0.5942708333333333 0.23981481481481481 0.5984375 0.25462962962962965 0.5984375 0.25925925925925924 0.5927083333333333 0.2712962962962963 0.5880208333333333 0.2962962962962963 0.5848958333333333 0.2972222222222222 0.5864583333333333 0.275 0.584375 0.25925925925925924 0.5869791666666667 0.2490740740740741
1 0.6078125 0.13055555555555556 0.609375 0.14351851851851852 0.6057291666666667 0.16666666666666666 0.6036458333333333 0.17314814814814813 0.5989583333333334 0.17777777777777778 0.6 0.1398148148148148 0.6052083333333333 0.12962962962962962 0.6072916666666667 0.13055555555555556
1 0.078125 0.1398148148148148 0.08333333333333333 0.14722222222222223 0.08645833333333333 0.15925925925925927 0.09270833333333334 0.1712962962962963 0.09270833333333334 0.17592592592592593 0.08072916666666667 0.16666666666666666 0.075 0.14629629629629629 0.07760416666666667 0.1398148148148148
1 0.5484375 0.19907407407407407 0.55 0.16296296296296298 0.5536458333333333 0.14537037037037037 0.5572916666666666 0.14722222222222223 0.5598958333333334 0.16574074074074074 0.5567708333333333 0.19166666666666668 0.5489583333333333 0.19907407407407407
1 0.8463541666666666 0.18425925925925926 0.8484375 0.18611111111111112 0.8479166666666667 0.20277777777777778 0.8453125 0.21203703703703702 0.8380208333333333 0.2212962962962963 0.8354166666666667 0.2175925925925926 0.8375 0.20277777777777778 0.8458333333333333 0.18425925925925926
1 0.7796875 0.1638888888888889 0.7817708333333333 0.1675925925925926 0.7817708333333333 0.17407407407407408 0.7760416666666666 0.19907407407407407 0.7760416666666666 0.2074074074074074 0.7692708333333333 0.2064814814814815 0.7682291666666666 0.20092592592592592 0.7744791666666667 0.1675925925925926 0.7791666666666667 0.1638888888888889
1 0.340625 0.8981481481481481 0.34791666666666665 0.9277777777777778 0.3463541666666667 0.9342592592592592 0.3421875 0.937037037037037 0.3390625 0.9361111111111111 0.3359375 0.9268518518518518 0.3307291666666667 0.9222222222222223 0.3265625 0.9083333333333333 0.3265625 0.9037037037037037 0.3307291666666667 0.8972222222222223 0.34010416666666665 0.8981481481481481
1 0.005208333333333333 0.23055555555555557 0.008854166666666666 0.23055555555555557 0.015625 0.23796296296296296 0.0203125 0.2518518518518518 0.027604166666666666 0.26481481481481484 0.027083333333333334 0.26944444444444443 0.022916666666666665 0.27037037037037037 0.013541666666666667 0.2611111111111111 0.0067708333333333336 0.24166666666666667 0.005208333333333333 0.23148148148148148
1 0.1359375 0.462037037037037 0.14739583333333334 0.47129629629629627 0.15 0.47685185185185186 0.15520833333333334 0.5 0.15416666666666667 0.5092592592592593 0.15 0.5092592592592593 0.14583333333333334 0.5018518518518519 0.13645833333333332 0.4935185185185185 0.13385416666666666 0.47314814814814815 0.13072916666666667 0.4666666666666667 0.13125 0.46296296296296297 0.13541666666666666 0.462037037037037
1 0.8505208333333333 0.45185185185185184 0.8520833333333333 0.4527777777777778 0.8520833333333333 0.47314814814814815 0.8453125 0.49074074074074076 0.8354166666666667 0.5027777777777778 0.8328125 0.5018518518518519 0.83125 0.4962962962962963 0.8260416666666667 0.49444444444444446 0.8265625 0.49074074074074076 0.8390625 0.46574074074074073 0.8390625 0.4527777777777778 0.85 0.45185185185185184
1 0.5494791666666666 0.13796296296296295 0.010416666666666666 0.04814814814814815
1 0.1078125 0.12314814814814815 0.10989583333333333 0.12685185185185185 0.1109375 0.13703703703703704 0.10572916666666667 0.14537037037037037 0.10104166666666667 0.1398148148148148 0.09895833333333333 0.12962962962962962 0.10260416666666666 0.12129629629629629 0.10729166666666666 0.12314814814814815
1 0.040625 0.12129629629629629 0.05 0.13425925925925927 0.05364583333333333 0.1527777777777778 0.0578125 0.16111111111111112 0.05677083333333333 0.16296296296296298 0.051041666666666666 0.15833333333333333 0.035416666666666666 0.12777777777777777 0.034895833333333334 0.12222222222222222 0.04010416666666667 0.12129629629629629
1 0.3104166666666667 0.8962962962962963 0.3255208333333333 0.9148148148148149 0.32447916666666665 0.9314814814814815 0.3260416666666667 0.9398148148148148 0.32135416666666666 0.9481481481481482 0.31875 0.9472222222222222 0.31875 0.9416666666666667 0.3145833333333333 0.9324074074074075 0.3072916666666667 0.925 0.3078125 0.9138888888888889 0.30364583333333334 0.9064814814814814 0.303125 0.8981481481481481 0.30572916666666666 0.8953703703703704 0.3098958333333333 0.8962962962962963
1 0.49895833333333334 0.4046296296296296 0.49583333333333335 0.36203703703703705 0.5010416666666667 0.34814814814814815 0.5046875 0.35 0.5072916666666667 0.36666666666666664 0.5015625 0.40555555555555556 0.49947916666666664 0.4046296296296296
1 0.26510416666666664 0.9138888888888889 0.26875 0.9175925925925926 0.27239583333333334 0.9148148148148149 0.27708333333333335 0.9277777777777778 0.28020833333333334 0.9481481481481482 0.27708333333333335 0.9574074074074074 0.2703125 0.9564814814814815 0.25677083333333334 0.9324074074074075 0.2557291666666667 0.9222222222222223 0.25885416666666666 0.9157407407407407 0.26458333333333334 0.9138888888888889
1 0.33489583333333334 0.14537037037037037 0.3416666666666667 0.15925925925925927 0.3421875 0.17592592592592593 0.34479166666666666 0.1824074074074074 0.34479166666666666 0.18888888888888888 0.33489583333333334 0.18796296296296297 0.33489583333333334 0.17314814814814813 0.3328125 0.16203703703703703 0.3328125 0.15 0.334375 0.14629629629629629
1 0.4875 0.30648148148148147 0.49322916666666666 0.32037037037037036 0.49375 0.3314814814814815 0.4901041666666667 0.3398148148148148 0.48802083333333335 0.3592592592592593 0.484375 0.36203703703703705 0.48541666666666666 0.3416666666666667 0.4817708333333333 0.32685185185185184 0.4817708333333333 0.3175925925925926 0.48385416666666664 0.3074074074074074 0.4869791666666667 0.30648148148148147
1 0.41458333333333336 0.5907407407407408 0.41770833333333335 0.5925925925925926 0.425 0.612037037037037 0.4270833333333333 0.6222222222222222 0.425 0.6324074074074074 0.41822916666666665 0.6425925925925926 0.415625 0.6407407407407407 0.40989583333333335 0.6083333333333333 0.40989583333333335 0.6018518518518519 0.4140625 0.5916666666666667
1 0.8453125 0.1537037037037037 0.85 0.12777777777777777 0.8557291666666667 0.11388888888888889 0.859375 0.11388888888888889 0.8598958333333333 0.125 0.8557291666666667 0.14074074074074075 0.8489583333333334 0.1574074074074074 0.8463541666666666 0.1574074074074074 0.8458333333333333 0.15462962962962962
1 0.165625 0.6074074074074074 0.17604166666666668 0.612037037037037 0.18229166666666666 0.6333333333333333 0.19427083333333334 0.65 0.19322916666666667 0.6546296296296297 0.18802083333333333 0.6518518518518519 0.18333333333333332 0.6583333333333333 0.178125 0.6574074074074074 0.16822916666666668 0.6444444444444445 0.1640625 0.6305555555555555 0.16354166666666667 0.6185185185185185 0.159375 0.612037037037037 0.1609375 0.6064814814814815 0.16510416666666666 0.6074074074074074
1 0.7453125 0.7398148148148148 0.7546875 0.7472222222222222 0.7567708333333333 0.7694444444444445 0.7552083333333334 0.7731481481481481 0.746875 0.7731481481481481 0.7307291666666667 0.7962962962962963 0.7286458333333333 0.7925925925925926 0.7375 0.7731481481481481 0.7395833333333334 0.7462962962962963 0.7447916666666666 0.7398148148148148
1 0.28958333333333336 0.1398148148148148 0.29375 0.14074074074074075 0.29635416666666664 0.14629629629629629 0.29791666666666666 0.15925925925925927 0.3020833333333333 0.17037037037037037 0.30104166666666665 0.175 0.29791666666666666 0.17685185185185184 0.290625 0.175 0.28802083333333334 0.14722222222222223 0.28958333333333336 0.14074074074074075
1 0.6333333333333333 0.06759259259259259 0.6354166666666666 0.0787037037037037 0.6296875 0.10740740740740741 0.628125 0.10833333333333334 0.6255208333333333 0.10555555555555556 0.6255208333333333 0.08518518518518518 0.6296875 0.07037037037037037 0.6328125 0.06759259259259259
1 0.16458333333333333 0.03981481481481482 0.17135416666666667 0.04351851851851852 0.17708333333333334 0.06018518518518518 0.175 0.06944444444444445 0.1703125 0.0712962962962963 0.16458333333333333 0.040740740740740744
1 0.09166666666666666 0.12222222222222222 0.09947916666666666 0.1361111111111111 0.09947916666666666 0.1574074074074074 0.0953125 0.15555555555555556 0.0875 0.1361111111111111 0.08697916666666666 0.1259259259259259 0.09114583333333333 0.12314814814814815
1 0.0921875 0.4842592592592593 0.10364583333333334 0.49074074074074076 0.11041666666666666 0.5083333333333333 0.1234375 0.5259259259259259 0.1234375 0.5296296296296297 0.12083333333333333 0.5305555555555556 0.10885416666666667 0.5166666666666667 0.10677083333333333 0.5212962962962963 0.10729166666666666 0.5333333333333333 0.10364583333333334 0.5314814814814814 0.096875 0.5083333333333333 0.08802083333333334 0.49166666666666664 0.0875 0.48703703703703705 0.09166666666666666 0.4842592592592593
1 0.9994791666666667 0.5925925925925926 0.9994791666666667 0.6157407407407407 0.9916666666666667 0.6296296296296297 0.9875 0.6296296296296297 0.9848958333333333 0.6185185185185185 0.9765625 0.6203703703703703 0.9755208333333333 0.6157407407407407 0.9895833333333334 0.5981481481481481 0.9989583333333333 0.5925925925925926
1 0.5640625 0.2111111111111111 0.5671875 0.21203703703703702 0.5692708333333333 0.2175925925925926 0.5729166666666666 0.24074074074074073 0.5708333333333333 0.2537037037037037 0.565625 0.2537037037037037 0.5630208333333333 0.22962962962962963 0.5640625 0.21203703703703702
1 0.18229166666666666 0.011111111111111112 0.19010416666666666 0.046296296296296294 0.18489583333333334 0.04351851851851852 0.17604166666666668 0.025925925925925925 0.17760416666666667 0.012037037037037037 0.18177083333333333 0.011111111111111112
1 0.09270833333333334 0.08981481481481482 0.0984375 0.1 0.09947916666666666 0.11203703703703703 0.10208333333333333 0.11851851851851852 0.0984375 0.12407407407407407 0.0953125 0.12314814814814815 0.08854166666666667 0.10740740740740741 0.08802083333333334 0.09074074074074075 0.0921875 0.08981481481481482
1 0.58125 0.14629629629629629 0.5791666666666667 0.11574074074074074 0.5848958333333333 0.09907407407407408 0.5880208333333333 0.10185185185185185 0.590625 0.11388888888888889 0.5869791666666667 0.13333333333333333 0.5817708333333333 0.14629629629629629
1 0.5786458333333333 0.7157407407407408 0.5833333333333334 0.7277777777777777 0.584375 0.7425925925925926 0.58125 0.7472222222222222 0.5734375 0.7481481481481481 0.5671875 0.7648148148148148 0.5640625 0.7611111111111111 0.56875 0.7379629629629629 0.56875 0.7287037037037037 0.5723958333333333 0.7166666666666667 0.578125 0.7157407407407408
1 0.23125 0.8490740740740741 0.240625 0.8564814814814815 0.24375 0.8722222222222222 0.2390625 0.8842592592592593 0.2421875 0.9018518518518519 0.2375 0.9111111111111111 0.234375 0.9111111111111111 0.234375 0.9037037037037037 0.23072916666666668 0.9009259259259259 0.22916666666666666 0.8953703703703704 0.22916666666666666 0.8824074074074074 0.22708333333333333 0.8759259259259259 0.22760416666666666 0.8611111111111112 0.22552083333333334 0.8592592592592593 0.22552083333333334 0.8555555555555555 0.22760416666666666 0.85 0.23072916666666668 0.8490740740740741
1 0.7458333333333333 0.08888888888888889 0.7479166666666667 0.09166666666666666 0.7479166666666667 0.11018518518518519 0.7447916666666666 0.12962962962962962 0.7421875 0.13055555555555556 0.7380208333333333 0.11388888888888889 0.7380208333333333 0.10462962962962963 0.740625 0.09074074074074075 0.7453125 0.08888888888888889
1 0.6981770833333333 0.31712962962962965 0.019270833333333334 0.05462962962962963
1 0.16770833333333332 0.1935185185185185 0.171875 0.1962962962962963 0.1796875 0.22407407407407406 0.18697916666666667 0.23333333333333334 0.18541666666666667 0.2361111111111111 0.17552083333333332 0.23796296296296296 0.175 0.23055555555555557 0.1671875 0.21296296296296297 0.16770833333333332 0.19444444444444445
1 0.284375 0.9157407407407407 0.28854166666666664 0.9175925925925926 0.2921875 0.9277777777777778 0.29791666666666666 0.9351851851851852 0.29635416666666664 0.9453703703703704 0.2994791666666667 0.9527777777777777 0.29635416666666664 0.9592592592592593 0.29270833333333335 0.9601851851851851 0.29010416666666666 0.950925925925926 0.28541666666666665 0.9490740740740741 0.2796875 0.9629629629629629 0.2765625 0.9611111111111111 0.2791666666666667 0.9490740740740741 0.2755208333333333 0.9351851851851852 0.2791666666666667 0.9175925925925926 0.2838541666666667 0.9157407407407407
1 0.14375 0.03425925925925926 0.15052083333333333 0.04351851851851852 0.15416666666666667 0.05925925925925926 0.15260416666666668 0.06388888888888888 0.1484375 0.06574074074074074 0.1453125 0.06296296296296296 0.13958333333333334 0.03981481481481482 0.140625 0.03425925925925926 0.14322916666666666 0.03425925925925926
1 0.8078125 0.3277777777777778 0.8140625 0.3351851851851852 0.8145833333333333 0.3425925925925926 0.803125 0.3787037037037037 0.7994791666666666 0.3768518518518518 0.8010416666666667 0.3731481481481482 0.8 0.36944444444444446 0.7984375 0.37407407407407406 0.7932291666666667 0.3768518518518518 0.7932291666666667 0.37222222222222223 0.7979166666666667 0.35555555555555557 0.8 0.3388888888888889 0.8036458333333333 0.3296296296296296 0.8072916666666666 0.3277777777777778
1 0.70625 0.7537037037037037 0.7098958333333333 0.75 0.7135416666666666 0.7398148148148148 0.7177083333333333 0.7166666666666667 0.728125 0.7092592592592593 0.7307291666666667 0.7092592592592593 0.7338541666666667 0.7157407407407408 0.7333333333333333 0.7333333333333333 0.7244791666666667 0.7518518518518519 0.7203125 0.7546296296296297 0.7166666666666667 0.7509259259259259 0.7098958333333333 0.7583333333333333 0.7067708333333333 0.7583333333333333 0.70625 0.7546296296296297