1 0.175 0.2564814814814815 0.16666666666666666 0.22777777777777777 0.16770833333333332 0.22037037037037038 0.17135416666666667 0.2175925925925926 0.17552083333333332 0.21851851851851853 0.17864583333333334 0.22685185185185186 0.1765625 0.23981481481481481 0.18020833333333333 0.2518518518518518 0.17552083333333332 0.2564814814814815
1 0.49583333333333335 0.5101851851851852 0.5015625 0.5185185185185185 0.5036458333333333 0.5268518518518519 0.503125 0.5361111111111111 0.5 0.5444444444444444 0.5015625 0.5564814814814815 0.4984375 0.5601851851851852 0.49583333333333335 0.5574074074074075 0.49635416666666665 0.5527777777777778 0.49114583333333334 0.5314814814814814 0.49270833333333336 0.5148148148148148 0.4953125 0.5101851851851852
1 0.6302083333333334 0.14351851851851852 0.6338541666666667 0.1574074074074074 0.6286458333333333 0.18518518518518517 0.6265625 0.18518518518518517 0.625 0.1574074074074074 0.6265625 0.14629629629629629 0.6296875 0.14351851851851852
1 0.39427083333333335 0.05185185185185185 0.39739583333333334 0.05462962962962963 0.3984375 0.07777777777777778 0.3963541666666667 0.08055555555555556 0.39375 0.08055555555555556 0.39427083333333335 0.07407407407407407 0.39166666666666666 0.06388888888888888 0.39166666666666666 0.05648148148148148 0.39375 0.05185185185185185
1 0.6578125 0.11481481481481481 0.6609375 0.11666666666666667 0.6625 0.12222222222222222 0.6598958333333333 0.14537037037037037 0.6578125 0.14907407407407408 0.6536458333333334 0.14537037037037037 0.6536458333333334 0.1287037037037037 0.6572916666666667 0.11574074074074074
1 0.21979166666666666 0.1787037037037037 0.22552083333333334 0.2 0.22395833333333334 0.20555555555555555 0.2203125 0.2074074074074074 0.21510416666666668 0.19907407407407407 0.2125 0.17777777777777778 0.21302083333333333 0.17407407407407408 0.215625 0.17407407407407408 0.21927083333333333 0.1787037037037037
1 0.19348958333333333 0.1935185185185185 0.0140625 0.03148148148148148
1 0.21666666666666667 0.23703703703703705 0.22395833333333334 0.24722222222222223 0.228125 0.26851851851851855 0.22760416666666666 0.2759259259259259 0.22395833333333334 0.2759259259259259 0.21510416666666668 0.2574074074074074 0.2140625 0.24074074074074073 0.21614583333333334 0.23796296296296296
1 0.2526041666666667 0.16944444444444445 0.25677083333333334 0.17685185185185184 0.25677083333333334 0.18981481481481483 0.2598958333333333 0.19814814814814816 0.2546875 0.2074074074074074 0.2526041666666667 0.2064814814814815 0.2515625 0.19166666666666668 0.24635416666666668 0.18333333333333332 0.24791666666666667 0.17222222222222222 0.2520833333333333 0.16944444444444445
1 0.49114583333333334 0.6407407407407407 0.4947916666666667 0.6472222222222223 0.4947916666666667 0.6555555555555556 0.49270833333333336 0.6564814814814814 0.490625 0.6472222222222223 0.4895833333333333 0.6611111111111111 0.49114583333333334 0.6638888888888889 0.49114583333333334 0.675 0.48385416666666664 0.6861111111111111 0.48072916666666665 0.6851851851851852 0.48072916666666665 0.6648148148148149 0.47760416666666666 0.6472222222222223 0.48072916666666665 0.6351851851851852 0.4828125 0.6333333333333333 0.4875 0.6407407407407407 0.490625 0.6407407407407407
1 0.11614583333333334 0.2833333333333333 0.12395833333333334 0.29444444444444445 0.12447916666666667 0.3101851851851852 0.11927083333333334 0.31203703703703706 0.115625 0.3074074074074074 0.11302083333333333 0.29444444444444445 0.11302083333333333 0.28888888888888886 0.115625 0.28425925925925927
1 0.09166666666666666 0.32407407407407407 0.09635416666666667 0.3296296296296296 0.103125 0.35185185185185186 0.10885416666666667 0.35833333333333334 0.10885416666666667 0.362962962962963 0.10208333333333333 0.36944444444444446 0.09270833333333334 0.3509259259259259 0.09010416666666667 0.3314814814814815 0.09114583333333333 0.325
1 0.49270833333333336 0.37962962962962965 0.4947916666666667 0.4166666666666667 0.4973958333333333 0.425 0.49635416666666665 0.42685185185185187 0.49166666666666664 0.42592592592592593 0.490625 0.41944444444444445 0.4875 0.4203703703703704 0.48541666666666666 0.42685185185185187 0.4828125 0.425 0.4828125 0.41944444444444445 0.48541666666666666 0.41388888888888886 0.4875 0.3814814814814815 0.490625 0.37777777777777777 0.4921875 0.37962962962962965
1 0.8802083333333334 0.4648148148148148 0.8786458333333333 0.49166666666666664 0.8729166666666667 0.512962962962963 0.8697916666666666 0.5157407407407407 0.8697916666666666 0.49907407407407406 0.8630208333333333 0.5101851851851852 0.8604166666666667 0.5083333333333333 0.8661458333333333 0.49074074074074076 0.865625 0.475 0.8729166666666667 0.46296296296296297 0.8796875 0.4648148148148148
1 0.671875 0.1925925925925926 0.6739583333333333 0.2 0.6708333333333333 0.21574074074074073 0.6703125 0.23055555555555557 0.6682291666666667 0.23333333333333334 0.665625 0.22962962962962963 0.6640625 0.21851851851851853 0.6677083333333333 0.1962962962962963 0.6713541666666667 0.1925925925925926
1 0.38333333333333336 0.05462962962962963 0.3859375 0.06018518518518518 0.38697916666666665 0.08148148148148149 0.38333333333333336 0.08148148148148149 0.3807291666666667 0.0712962962962963 0.3807291666666667 0.06018518518518518 0.3828125 0.05555555555555555
1 0.13385416666666666 0.2388888888888889 0.13802083333333334 0.25277777777777777 0.14791666666666667 0.26851851851851855 0.13697916666666668 0.27314814814814814 0.134375 0.2722222222222222 0.1265625 0.25555555555555554 0.13020833333333334 0.24259259259259258 0.13333333333333333 0.2388888888888889
1 0.203125 0.18888888888888888 0.20625 0.18796296296296297 0.21510416666666668 0.2064814814814815 0.21458333333333332 0.22314814814814815 0.21041666666666667 0.225 0.2046875 0.2064814814814815 0.203125 0.18981481481481483
1 0.42864583333333334 0.20555555555555555 0.4322916666666667 0.21574074074074073 0.43125 0.24166666666666667 0.42916666666666664 0.24537037037037038 0.4270833333333333 0.24351851851851852 0.4270833333333333 0.23055555555555557 0.4244791666666667 0.21944444444444444 0.425 0.20833333333333334 0.428125 0.20555555555555555
1 0.15052083333333333 0.21574074074074073 0.15677083333333333 0.22407407407407406 0.1625 0.24814814814814815 0.15364583333333334 0.25092592592592594 0.15260416666666668 0.23981481481481481 0.14739583333333334 0.225 0.14739583333333334 0.2175925925925926 0.15 0.21666666666666667
1 0.5338541666666666 0.487962962962963 0.5395833333333333 0.4981481481481482 0.540625 0.5083333333333333 0.5354166666666667 0.5370370370370371 0.5328125 0.5425925925925926 0.5302083333333333 0.5398148148148149 0.5302083333333333 0.524074074074074 0.5270833333333333 0.5046296296296297 0.5307291666666667 0.4888888888888889 0.5333333333333333 0.487962962962963
1 0.07447916666666667 0.36203703703703705 0.078125 0.3638888888888889 0.08125 0.37037037037037035 0.08541666666666667 0.387037037037037 0.09322916666666667 0.39351851851851855 0.0921875 0.3972222222222222 0.084375 0.3925925925925926 0.0828125 0.3972222222222222 0.08489583333333334 0.40925925925925927 0.08125 0.40925925925925927 0.07604166666666666 0.38796296296296295 0.07083333333333333 0.37592592592592594 0.0703125 0.36666666666666664 0.07395833333333333 0.362962962962963
1 0.19322916666666667 0.21944444444444444 0.19895833333333332 0.225 0.20364583333333333 0.2361111111111111 0.20416666666666666 0.2490740740740741 0.19947916666666668 0.2574074074074074 0.1921875 0.23425925925925925 0.19114583333333332 0.22314814814814815 0.19270833333333334 0.21944444444444444
1 0.21041666666666667 0.875 0.21979166666666666 0.8916666666666667 0.23020833333333332 0.8805555555555555 0.23385416666666667 0.8796296296296297 0.23697916666666666 0.8833333333333333 0.23697916666666666 0.8870370370370371 0.21875 0.9111111111111111 0.21458333333333332 0.9287037037037037 0.21041666666666667 0.9324074074074075 0.20677083333333332 0.9305555555555556 0.20625 0.9148148148148149 0.203125 0.9092592592592592 0.19895833333333332 0.8898148148148148 0.19479166666666667 0.8833333333333333 0.1984375 0.8777777777777778 0.20989583333333334 0.875
1 0.18697916666666667 0.21944444444444444 0.19114583333333332 0.22314814814814815 0.19166666666666668 0.2324074074074074 0.19635416666666666 0.24351851851851852 0.19635416666666666 0.24814814814814815 0.18958333333333333 0.25833333333333336 0.18697916666666667 0.24166666666666667 0.1828125 0.23055555555555557 0.1828125 0.22314814814814815 0.18645833333333334 0.21944444444444444
1 0.13958333333333334 0.3074074074074074 0.14114583333333333 0.31203703703703706 0.140625 0.32037037037037036 0.14583333333333334 0.3314814814814815 0.14375 0.33425925925925926 0.14010416666666667 0.3314814814814815 0.1375 0.3416666666666667 0.13489583333333333 0.3398148148148148 0.1328125 0.32222222222222224 0.12916666666666668 0.31574074074074077 0.12864583333333332 0.30833333333333335 0.1328125 0.30277777777777776 0.1390625 0.3074074074074074
1 0.396875 0.1712962962962963 0.39947916666666666 0.1935185185185185 0.39947916666666666 0.20555555555555555 0.39739583333333334 0.20833333333333334 0.3953125 0.2064814814814815 0.39114583333333336 0.18333333333333332 0.39166666666666666 0.17314814814814813 0.3963541666666667 0.1712962962962963
1 0.6651041666666667 0.18703703703703703 0.66875 0.1962962962962963 0.6661458333333333 0.22314814814814815 0.6614583333333334 0.225 0.6578125 0.2324074074074074 0.6572916666666667 0.20462962962962963 0.6588541666666666 0.1925925925925926 0.6604166666666667 0.18796296296296297 0.6645833333333333 0.18703703703703703
1 0.6208333333333333 0.2740740740740741 0.6239583333333333 0.2833333333333333 0.6244791666666667 0.29907407407407405 0.6229166666666667 0.3111111111111111 0.6166666666666667 0.32222222222222224 0.6151041666666667 0.32037037037037036 0.615625 0.30833333333333335 0.6130208333333333 0.29259259259259257 0.6177083333333333 0.275 0.6203125 0.2740740740740741
1 0.9432291666666667 0.6287037037037037 0.9479166666666666 0.6333333333333333 0.9484375 0.6398148148148148 0.9463541666666667 0.6518518518518519 0.940625 0.6648148148148149 0.9411458333333333 0.675 0.934375 0.6759259259259259 0.9276041666666667 0.6814814814814815 0.9244791666666666 0.6814814814814815 0.9229166666666667 0.675 0.9317708333333333 0.6546296296296297 0.9348958333333334 0.6342592592592593 0.9427083333333334 0.6287037037037037
1 0.18020833333333333 0.19166666666666668 0.1859375 0.21203703703703702 0.18541666666666667 0.2175925925925926 0.1828125 0.21944444444444444 0.17708333333333334 0.21388888888888888 0.17447916666666666 0.20277777777777778 0.17552083333333332 0.19444444444444445 0.17760416666666667 0.19074074074074074 0.1796875 0.19166666666666668
1 0.2640625 0.1685185185185185 0.26666666666666666 0.175 0.26927083333333335 0.19444444444444445 0.26927083333333335 0.19907407407407407 0.265625 0.20185185185185187 0.26197916666666665 0.19907407407407407 0.259375 0.1814814814814815 0.2598958333333333 0.16944444444444445 0.26145833333333335 0.16574074074074074 0.2635416666666667 0.1685185185185185
1 0.3453125 0.08425925925925926 0.34791666666666665 0.08888888888888889 0.3489583333333333 0.09814814814814815 0.346875 0.11388888888888889 0.3453125 0.11574074074074074 0.34427083333333336 0.11296296296296296 0.34270833333333334 0.09814814814814815 0.34270833333333334 0.08888888888888889 0.34479166666666666 0.08518518518518518
1 0.13645833333333332 0.2833333333333333 0.1421875 0.30462962962962964 0.140625 0.30833333333333335 0.13229166666666667 0.30277777777777776 0.12916666666666668 0.2972222222222222 0.12864583333333332 0.2814814814814815 0.13385416666666666 0.2796296296296296 0.1359375 0.2833333333333333
1 0.6723958333333333 0.13055555555555556 0.675 0.13518518518518519 0.675 0.14351851851851852 0.6713541666666667 0.16296296296296298 0.6682291666666667 0.16203703703703703 0.6682291666666667 0.1425925925925926 0.671875 0.13055555555555556
1 0 0.6157407407407407 0.0125 0.6333333333333333 0.0125 0.6370370370370371 0.009375 0.6398148148148148 0.003125 0.6361111111111111 0 0.6314814814814815 0 0.6166666666666667
1 0.35208333333333336 0.08333333333333333 0.3546875 0.09351851851851851 0.35520833333333335 0.11296296296296296 0.35104166666666664 0.1111111111111111 0.34791666666666665 0.09907407407407408 0.3484375 0.08425925925925926 0.3515625 0.08333333333333333
1 0.0609375 0.37222222222222223 0.06822916666666666 0.387037037037037 0.07395833333333333 0.4064814814814815 0.07291666666666667 0.41203703703703703 0.06458333333333334 0.4074074074074074 0.057291666666666664 0.3907407407407407 0.05416666666666667 0.375 0.06041666666666667 0.37222222222222223
1 0.5260416666666666 0.40185185185185185 0.5307291666666667 0.41759259259259257 0.5270833333333333 0.4324074074074074 0.5260416666666666 0.45555555555555555 0.5223958333333333 0.45555555555555555 0.5223958333333333 0.4398148148148148 0.5182291666666666 0.42777777777777776 0.5182291666666666 0.41944444444444445 0.521875 0.4046296296296296 0.5255208333333333 0.40185185185185185
1 0.11822916666666666 0.3111111111111111 0.1234375 0.31851851851851853 0.12760416666666666 0.337037037037037 0.128125 0.34444444444444444 0.125 0.34814814814814815 0.12239583333333333 0.3472222222222222 0.1140625 0.32314814814814813 0.1140625 0.3111111111111111 0.11770833333333333 0.3111111111111111
1 0.43645833333333334 0.20925925925925926 0.440625 0.21851851851851853 0.4390625 0.2324074074074074 0.4395833333333333 0.25462962962962965 0.434375 0.25 0.434375 0.23796296296296296 0.4322916666666667 0.22870370370370371 0.43333333333333335 0.21481481481481482 0.4359375 0.20925925925925926
1 0.3109375 0.9546296296296296 0.3140625 0.9564814814814815 0.3177083333333333 0.9685185185185186 0.3229166666666667 0.9740740740740741 0.3234375 0.9777777777777777 0.3203125 0.9814814814814815 0.3203125 0.987037037037037 0.32447916666666665 0.9861111111111112 0.32864583333333336 0.9898148148148148 0.32760416666666664 0.9953703703703703 0.3171875 0.9990740740740741 0.309375 0.9990740740740741 0.30364583333333334 0.9861111111111112 0.2994791666666667 0.9888888888888889 0.30052083333333335 0.9990740740740741 0.29583333333333334 0.9990740740740741 0.2947916666666667 0.9787037037037037 0.29635416666666664 0.9638888888888889 0.30052083333333335 0.9583333333333334 0.3104166666666667 0.9546296296296296
1 0.5135416666666667 0.3861111111111111 0.51875 0.4083333333333333 0.5166666666666667 0.4148148148148148 0.515625 0.43425925925925923 0.5119791666666667 0.43333333333333335 0.5088541666666667 0.44166666666666665 0.5067708333333333 0.4388888888888889 0.50625 0.3972222222222222 0.5130208333333334 0.3861111111111111
1 0.659375 0.32037037037037036 0.6619791666666667 0.3314814814814815 0.6625 0.3509259259259259 0.6572916666666667 0.3611111111111111 0.653125 0.35833333333333334 0.6526041666666667 0.3314814814814815 0.6552083333333333 0.3212962962962963 0.6588541666666666 0.32037037037037036
1 0.19947916666666668 0.9527777777777777 0.20885416666666667 0.9685185185185186 0.21510416666666668 0.9703703703703703 0.21614583333333334 0.9740740740740741 0.20989583333333334 0.9898148148148148 0.2046875 0.9898148148148148 0.19739583333333333 0.9990740740740741 0.19479166666666667 0.9990740740740741 0.19322916666666667 0.9953703703703703 0.19010416666666666 0.9814814814814815 0.18229166666666666 0.975925925925926 0.18072916666666666 0.9583333333333334 0.18541666666666667 0.9537037037037037 0.19895833333333332 0.9527777777777777
1 0.6541666666666667 0.15555555555555556 0.6578125 0.15555555555555556 0.6614583333333334 0.175 0.6578125 0.20092592592592592 0.6541666666666667 0.2037037037037037 0.6520833333333333 0.19722222222222222 0.6541666666666667 0.15648148148148147
1 0.6494791666666667 0.175 0.6510416666666666 0.18981481481481483 0.646875 0.21388888888888888 0.64375 0.21296296296296297 0.6411458333333333 0.18888888888888888 0.64375 0.17592592592592593 0.6489583333333333 0.175