0 0.5661458333333333 0.08796296296296297 0.5708333333333333 0.09444444444444444 0.575 0.11388888888888889 0.5739583333333333 0.1398148148148148 0.5677083333333334 0.15925925925925927 0.55625 0.14722222222222223 0.5479166666666667 0.12777777777777777 0.5515625 0.09166666666666666 0.5567708333333333 0.08796296296296297 0.565625 0.08796296296296297
0 0.8223958333333333 0 0.8546875 0 0.8635416666666667 0.006481481481481481 0.8630208333333333 0.011111111111111112 0.85625 0.016666666666666666 0.85 0.02962962962962963 0.8442708333333333 0.030555555555555555 0.8171875 0.023148148148148147 0.815625 0.019444444444444445 0.8161458333333333 0.008333333333333333 0.8223958333333333 0.000925925925925926
0 0.6625 0.5027777777777778 0.6927083333333334 0.5222222222222223 0.709375 0.5185185185185185 0.7229166666666667 0.525 0.7276041666666667 0.5416666666666666 0.7447916666666666 0.5546296296296296 0.7484375 0.5601851851851852 0.7526041666666666 0.5796296296296296 0.7614583333333333 0.5851851851851851 0.7708333333333334 0.5962962962962963 0.771875 0.6138888888888889 0.76875 0.65 0.7625 0.6675925925925926 0.7520833333333333 0.6731481481481482 0.7395833333333334 0.6685185185185185 0.7302083333333333 0.649074074074074 0.7104166666666667 0.6351851851851852 0.6927083333333334 0.6166666666666667 0.6791666666666667 0.6101851851851852 0.6708333333333333 0.6185185185185185 0.6614583333333334 0.6166666666666667 0.6541666666666667 0.6055555555555555 0.6536458333333334 0.5953703703703703 0.6510416666666666 0.5898148148148148 0.6390625 0.5879629629629629 0.6463541666666667 0.5462962962962963 0.6541666666666667 0.5231481481481481 0.6578125 0.5046296296296297 0.6619791666666667 0.5027777777777778
0 0.40572916666666664 0.3287037037037037 0.40677083333333336 0.33796296296296297 0.39739583333333334 0.3731481481481482 0.38177083333333334 0.39166666666666666 0.37604166666666666 0.3907407407407407 0.375 0.387037037037037 0.3765625 0.35462962962962963 0.38697916666666665 0.33240740740740743 0.390625 0.33425925925925926 0.40520833333333334 0.3287037037037037
0 0.42239583333333336 0.8481481481481481 0.42552083333333335 0.8564814814814815 0.4244791666666667 0.8675925925925926 0.4125 0.8944444444444445 0.4109375 0.9027777777777778 0.40572916666666664 0.9101851851851852 0.4015625 0.9268518518518518 0.3963541666666667 0.9342592592592592 0.390625 0.9490740740740741 0.38697916666666665 0.9472222222222222 0.3859375 0.9425925925925925 0.3885416666666667 0.9046296296296297 0.39947916666666666 0.8861111111111111 0.4041666666666667 0.8685185185185185 0.4109375 0.8537037037037037 0.4171875 0.8481481481481481 0.421875 0.8481481481481481
0 0.434375 0.16018518518518518 0.4359375 0.16944444444444445 0.43854166666666666 0.16666666666666666 0.4427083333333333 0.16944444444444445 0.4453125 0.17685185185185184 0.4453125 0.18703703703703703 0.4427083333333333 0.19722222222222222 0.4359375 0.20462962962962963 0.42916666666666664 0.2212962962962963 0.42604166666666665 0.21851851851851853 0.42552083333333335 0.1787037037037037 0.4317708333333333 0.15925925925925927 0.43385416666666665 0.16018518518518518
0 0.10989583333333333 0.524074074074074 0.11510416666666666 0.5296296296296297 0.1234375 0.5259259259259259 0.12552083333333333 0.5287037037037037 0.12447916666666667 0.5361111111111111 0.11927083333333334 0.5435185185185185 0.1140625 0.5444444444444444 0.1125 0.5546296296296296 0.10729166666666666 0.5638888888888889 0.10572916666666667 0.5712962962962963 0.09583333333333334 0.575 0.08541666666666667 0.5898148148148148 0.08125 0.5898148148148148 0.07604166666666666 0.5842592592592593 0.07395833333333333 0.5740740740740741 0.07447916666666667 0.5648148148148148 0.08125 0.5537037037037037 0.08489583333333334 0.5611111111111111 0.09010416666666667 0.5611111111111111 0.09166666666666666 0.5546296296296296 0.084375 0.5398148148148149 0.08854166666666667 0.5388888888888889 0.09166666666666666 0.5324074074074074 0.10208333333333333 0.524074074074074 0.109375 0.524074074074074
0 0.2677083333333333 0 0.2994791666666667 0 0.2984375 0.006481481481481481 0.2859375 0.025925925925925925 0.26927083333333335 0.019444444444444445 0.2671875 0.012037037037037037 0.2677083333333333 0.000925925925925926
0 0.5578125 0.1638888888888889 0.5645833333333333 0.17592592592592593 0.5729166666666666 0.21203703703703702 0.5776041666666667 0.24444444444444444 0.5765625 0.25462962962962965 0.5734375 0.262037037037037 0.55625 0.26666666666666666 0.5489583333333333 0.2657407407407407 0.54375 0.25833333333333336 0.5416666666666666 0.23796296296296296 0.5359375 0.21481481481481482 0.5333333333333333 0.18796296296296297 0.5348958333333333 0.17314814814814813 0.5375 0.1675925925925926 0.5432291666666667 0.1638888888888889 0.5572916666666666 0.1638888888888889
0 0.5083333333333333 0 0.521875 0 0.5203125 0.03333333333333333 0.5151041666666667 0.05092592592592592 0.5125 0.053703703703703705 0.5104166666666666 0.05092592592592592 0.5078125 0.03148148148148148 0.5083333333333333 0.000925925925925926
0 0.11197916666666667 0.1537037037037037 0.12291666666666666 0.15925925925925927 0.12864583333333332 0.16944444444444445 0.12916666666666668 0.175 0.1109375 0.18333333333333332 0.090625 0.20092592592592592 0.0875 0.20833333333333334 0.08489583333333334 0.2324074074074074 0.08229166666666667 0.2361111111111111 0.06822916666666666 0.23425925925925925 0.06041666666666667 0.22870370370370371 0.05677083333333333 0.2222222222222222 0.05416666666666667 0.2101851851851852 0.05677083333333333 0.18888888888888888 0.07760416666666667 0.1648148148148148 0.09427083333333333 0.16296296296296298 0.10260416666666666 0.15555555555555556 0.11145833333333334 0.1537037037037037
0 0.8333333333333334 0.5592592592592592 0.8953125 0.6101851851851852 0.9135416666666667 0.6416666666666667 0.9276041666666667 0.6611111111111111 0.9317708333333333 0.6851851851851852 0.93125 0.700925925925926 0.9255208333333333 0.7194444444444444 0.9151041666666667 0.7333333333333333 0.8921875 0.7268518518518519 0.88125 0.7083333333333334 0.8354166666666667 0.6657407407407407 0.8203125 0.662962962962963 0.8135416666666667 0.6574074074074074 0.7984375 0.6203703703703703 0.7979166666666667 0.6083333333333333 0.8 0.5962962962962963 0.8057291666666667 0.5787037037037037 0.8171875 0.5638888888888889 0.8265625 0.5564814814814815 0.8328125 0.5592592592592592
0 0.515625 0.8351851851851851 0.5192708333333333 0.837037037037037 0.521875 0.8425925925925926 0.5286458333333334 0.8740740740740741 0.5338541666666666 0.8722222222222222 0.5364583333333334 0.8796296296296297 0.5348958333333333 0.9287037037037037 0.53125 0.9361111111111111 0.5260416666666666 0.9398148148148148 0.521875 0.9351851851851852 0.5208333333333334 0.9203703703703704 0.5151041666666667 0.9111111111111111 0.50625 0.8694444444444445 0.5057291666666667 0.8453703703703703 0.5083333333333333 0.8379629629629629 0.5151041666666667 0.8351851851851851
0 0.8296875 0.32037037037037036 0.8380208333333333 0.3296296296296296 0.840625 0.33425925925925926 0.8411458333333334 0.34074074074074073 0.828125 0.36203703703703705 0.8244791666666667 0.3592592592592593 0.8213541666666667 0.33611111111111114 0.8239583333333333 0.32222222222222224 0.8291666666666667 0.32037037037037036
0 0.6447916666666667 0.8694444444444445 0.6505208333333333 0.887962962962963 0.6515625 0.9138888888888889 0.6541666666666667 0.9212962962962963 0.6515625 0.9768518518518519 0.6484375 0.9814814814814815 0.6416666666666667 0.9814814814814815 0.6390625 0.9768518518518519 0.6364583333333333 0.9518518518518518 0.6338541666666667 0.9435185185185185 0.6322916666666667 0.9157407407407407 0.6286458333333333 0.9055555555555556 0.6338541666666667 0.8712962962962963 0.6364583333333333 0.8675925925925926 0.6442708333333333 0.8694444444444445
0 0.4421875 0.026851851851851852 0.44583333333333336 0.03611111111111111 0.4453125 0.04722222222222222 0.4421875 0.05925925925925926 0.4354166666666667 0.07037037037037037 0.4317708333333333 0.06111111111111111 0.4317708333333333 0.03888888888888889 0.43854166666666666 0.020370370370370372 0.44166666666666665 0.026851851851851852
0 0.40520833333333334 0.5861111111111111 0.4296875 0.5953703703703703 0.4395833333333333 0.612037037037037 0.4421875 0.6333333333333333 0.4473958333333333 0.6435185185185185 0.4473958333333333 0.649074074074074 0.44583333333333336 0.6537037037037037 0.43854166666666666 0.6546296296296297 0.4322916666666667 0.6611111111111111 0.39947916666666666 0.662962962962963 0.39114583333333336 0.6666666666666666 0.3802083333333333 0.6638888888888889 0.37552083333333336 0.6509259259259259 0.37604166666666666 0.6111111111111112 0.3802083333333333 0.5925925925925926 0.38333333333333336 0.587037037037037 0.4046875 0.5861111111111111
0 0.30416666666666664 0.6777777777777778 0.31614583333333335 0.6925925925925925 0.32083333333333336 0.712037037037037 0.3223958333333333 0.7342592592592593 0.3182291666666667 0.7518518518518519 0.3145833333333333 0.7583333333333333 0.30052083333333335 0.7722222222222223 0.28541666666666665 0.7768518518518519 0.23645833333333333 0.8083333333333333 0.22864583333333333 0.8185185185185185 0.20677083333333332 0.825 0.19583333333333333 0.8222222222222222 0.1890625 0.8101851851851852 0.1828125 0.7925925925925926 0.18177083333333333 0.7657407407407407 0.18541666666666667 0.7462962962962963 0.22447916666666667 0.7129629629629629 0.2625 0.6916666666666667 0.2682291666666667 0.6814814814814815 0.27760416666666665 0.6851851851851852 0.2942708333333333 0.6777777777777778 0.30364583333333334 0.6777777777777778
0 0.7270833333333333 0.9009259259259259 0.7380208333333333 0.9120370370370371 0.7380208333333333 0.9416666666666667 0.7348958333333333 0.9601851851851851 0.7458333333333333 0.9675925925925926 0.740625 0.987037037037037 0.7333333333333333 0.9990740740740741 0.715625 0.9990740740740741 0.7145833333333333 0.9944444444444445 0.7145833333333333 0.9268518518518518 0.7203125 0.9074074074074074 0.7265625 0.9009259259259259
0 0.6182291666666667 0 0.6369791666666667 0 0.6395833333333333 0.004629629629629629 0.6390625 0.019444444444444445 0.6348958333333333 0.041666666666666664 0.6270833333333333 0.058333333333333334 0.6192708333333333 0.062037037037037036 0.6057291666666667 0.05648148148148148 0.603125 0.05 0.6052083333333333 0.032407407407407406 0.6182291666666667 0.000925925925925926
0 0.17916666666666667 0.41574074074074074 0.18385416666666668 0.42314814814814816 0.21302083333333333 0.44814814814814813 0.2203125 0.45092592592592595 0.22291666666666668 0.45555555555555555 0.225 0.4685185185185185 0.22395833333333334 0.47962962962962963 0.20729166666666668 0.5120370370370371 0.19947916666666668 0.5166666666666667 0.19114583333333332 0.5157407407407407 0.18229166666666666 0.5027777777777778 0.14791666666666667 0.48055555555555557 0.13645833333333332 0.4601851851851852 0.13645833333333332 0.45092592592592595 0.14010416666666667 0.4398148148148148 0.15416666666666667 0.4185185185185185 0.15989583333333332 0.41574074074074074 0.17864583333333334 0.41574074074074074
0 0.6671875 0.07314814814814814 0.671875 0.07685185185185185 0.6786458333333333 0.08981481481481482 0.6828125 0.09166666666666666 0.6755208333333333 0.11296296296296296 0.6708333333333333 0.11296296296296296 0.6651041666666667 0.10648148148148148 0.6541666666666667 0.10555555555555556 0.6505208333333333 0.09814814814814815 0.6494791666666667 0.08518518518518518 0.6520833333333333 0.07962962962962963 0.6609375 0.07314814814814814 0.6666666666666666 0.07314814814814814
0 0.6588541666666666 0.28888888888888886 0.6671875 0.2953703703703704 0.6859375 0.33055555555555555 0.6963541666666667 0.3574074074074074 0.7067708333333333 0.3972222222222222 0.70625 0.4111111111111111 0.703125 0.4212962962962963 0.6947916666666667 0.42962962962962964 0.684375 0.43425925925925923 0.6682291666666667 0.425 0.6645833333333333 0.41759259259259257 0.6625 0.4046296296296296 0.6484375 0.37222222222222223 0.6421875 0.36018518518518516 0.6364583333333333 0.35555555555555557 0.6328125 0.34629629629629627 0.6322916666666667 0.32407407407407407 0.6359375 0.3101851851851852 0.6453125 0.2953703703703704 0.6583333333333333 0.28888888888888886
0 0.98671875 0.7875 0.0265625 0.10648148148148148
0 0.134375 0.17685185185185184 0.146875 0.17962962962962964 0.1578125 0.20462962962962963 0.15677083333333333 0.21574074074074073 0.16458333333333333 0.24814814814814815 0.17083333333333334 0.3425925925925926 0.16875 0.3490740740740741 0.16822916666666668 0.3787037037037037 0.13125 0.4009259259259259 0.125 0.4009259259259259 0.11354166666666667 0.38981481481481484 0.0875 0.33796296296296297 0.0859375 0.24814814814814815 0.08645833333333333 0.22685185185185186 0.09010416666666667 0.20277777777777778 0.10572916666666667 0.18796296296296297 0.1265625 0.17685185185185184 0.13385416666666666 0.17685185185185184
0 0.1375 0.8324074074074074 0.14270833333333333 0.8342592592592593 0.15625 0.8481481481481481 0.16354166666666667 0.8796296296296297 0.1640625 0.9046296296296297 0.1625 0.912962962962963 0.15208333333333332 0.9361111111111111 0.14375 0.9425925925925925 0.1359375 0.9398148148148148 0.11145833333333334 0.9175925925925926 0.0796875 0.8796296296296297 0.08489583333333334 0.8722222222222222 0.08489583333333334 0.8648148148148148 0.09635416666666667 0.8648148148148148 0.12604166666666666 0.8361111111111111 0.13697916666666668 0.8324074074074074
0 0.7442708333333333 0.15555555555555556 0.7505208333333333 0.16111111111111112 0.7651041666666667 0.15833333333333333 0.7708333333333334 0.17407407407407408 0.7692708333333333 0.1824074074074074 0.765625 0.18611111111111112 0.75625 0.1814814814814815 0.7510416666666667 0.1824074074074074 0.7473958333333334 0.1787037037037037 0.7359375 0.1787037037037037 0.7338541666666667 0.16944444444444445 0.7354166666666667 0.16203703703703703 0.7401041666666667 0.15555555555555556 0.74375 0.15555555555555556
0 0.3890625 0.03333333333333333 0.41510416666666666 0.03981481481481482 0.41822916666666665 0.04351851851851852 0.421875 0.05648148148148148 0.4234375 0.07037037037037037 0.41875 0.08611111111111111 0.415625 0.09166666666666666 0.4046875 0.09907407407407408 0.4 0.09907407407407408 0.39479166666666665 0.09166666666666666 0.39010416666666664 0.08981481481481482 0.36875 0.08796296296296297 0.3625 0.09351851851851851 0.3515625 0.0787037037037037 0.35104166666666664 0.062037037037037036 0.35520833333333335 0.05185185185185185 0.3671875 0.04537037037037037 0.3770833333333333 0.03518518518518519 0.3885416666666667 0.03333333333333333
0 0.9786458333333333 0.48703703703703705 0.9994791666666667 0.5092592592592593 0.9994791666666667 0.5675925925925925 0.9911458333333333 0.5657407407407408 0.9807291666666667 0.5703703703703704 0.9744791666666667 0.5694444444444444 0.9697916666666667 0.5648148148148148 0.959375 0.5277777777777778 0.9598958333333333 0.5027777777777778 0.9703125 0.4888888888888889 0.978125 0.48703703703703705
0 0.48020833333333335 0.14074074074074075 0.4817708333333333 0.1527777777777778 0.48072916666666665 0.1685185185185185 0.4765625 0.17962962962962964 0.4703125 0.18888888888888888 0.4666666666666667 0.18981481481481483 0.4671875 0.15092592592592594 0.46979166666666666 0.14722222222222223 0.47708333333333336 0.14907407407407408 0.48020833333333335 0.14166666666666666
0 0.31666666666666665 0 0.3609375 0 0.3625 0.009259259259259259 0.3614583333333333 0.020370370370370372 0.3515625 0.020370370370370372 0.3453125 0.027777777777777776 0.3421875 0.03981481481481482 0.3380208333333333 0.044444444444444446 0.33229166666666665 0.037037037037037035 0.3203125 0.03796296296296296 0.3145833333333333 0.032407407407407406 0.3109375 0.01574074074074074 0.31666666666666665 0.000925925925925926
0 0.509375 0.46111111111111114 0.5213541666666667 0.47685185185185186 0.5369791666666667 0.4861111111111111 0.5473958333333333 0.4962962962962963 0.5536458333333333 0.5055555555555555 0.559375 0.5259259259259259 0.578125 0.5444444444444444 0.584375 0.5555555555555556 0.5848958333333333 0.5712962962962963 0.578125 0.600925925925926 0.5708333333333333 0.6129629629629629 0.5572916666666666 0.625 0.5463541666666667 0.6203703703703703 0.5369791666666667 0.600925925925926 0.509375 0.5722222222222222 0.4953125 0.5666666666666667 0.490625 0.5592592592592592 0.48802083333333335 0.5472222222222223 0.4828125 0.537962962962963 0.48072916666666665 0.5296296296296297 0.48489583333333336 0.512962962962963 0.48385416666666664 0.5009259259259259 0.4869791666666667 0.4861111111111111 0.4984375 0.4759259259259259 0.5046875 0.46296296296296297 0.5088541666666667 0.46111111111111114
0 0.6166666666666667 0.8712962962962963 0.621875 0.8759259259259259 0.6244791666666667 0.899074074074074 0.621875 0.9092592592592592 0.6244791666666667 0.9490740740740741 0.6203125 0.9675925925925926 0.6166666666666667 0.9703703703703703 0.6114583333333333 0.9703703703703703 0.6057291666666667 0.9638888888888889 0.6010416666666667 0.9407407407407408 0.6046875 0.9175925925925926 0.6057291666666667 0.8870370370370371 0.609375 0.8759259259259259 0.6161458333333333 0.8712962962962963
0 0.6713541666666667 0.21944444444444444 0.6864583333333333 0.25462962962962965 0.6828125 0.28425925925925927 0.675 0.3 0.6572916666666667 0.2833333333333333 0.6453125 0.26481481481481484 0.6442708333333333 0.25925925925925924 0.6520833333333333 0.22314814814814815 0.6614583333333334 0.21851851851851853 0.6708333333333333 0.21944444444444444
0 0.728125 0.030555555555555555 0.734375 0.041666666666666664 0.7416666666666667 0.0712962962962963 0.7421875 0.09166666666666666 0.7380208333333333 0.1037037037037037 0.715625 0.10185185185185185 0.7130208333333333 0.09814814814814815 0.7041666666666667 0.06388888888888888 0.7052083333333333 0.041666666666666664 0.7083333333333334 0.032407407407407406 0.7130208333333333 0.02962962962962963 0.7276041666666667 0.030555555555555555
0 0.37447916666666664 0.10740740740740741 0.39166666666666666 0.11574074074074074 0.3963541666666667 0.125 0.40208333333333335 0.17314814814814813 0.4015625 0.18981481481481483 0.3984375 0.20185185185185187 0.38333333333333336 0.23703703703703705 0.3802083333333333 0.23981481481481481 0.375 0.25833333333333336 0.359375 0.2824074074074074 0.32864583333333336 0.35185185185185186 0.31302083333333336 0.38055555555555554 0.3072916666666667 0.4027777777777778 0.2791666666666667 0.4537037037037037 0.2734375 0.4601851851851852 0.25833333333333336 0.4564814814814815 0.234375 0.43796296296296294 0.22291666666666668 0.412962962962963 0.21822916666666667 0.39351851851851855 0.2109375 0.37592592592592594 0.20572916666666666 0.3824074074074074 0.20625 0.4 0.20625 0.3962962962962963 0.20208333333333334 0.3888888888888889 0.20260416666666667 0.375 0.209375 0.36666666666666664 0.21197916666666666 0.3537037037037037 0.22552083333333334 0.33055555555555555 0.22708333333333333 0.31851851851851853 0.23385416666666667 0.29907407407407405 0.26197916666666665 0.25092592592592594 0.26614583333333336 0.24722222222222223 0.271875 0.24722222222222223 0.2755208333333333 0.24259259259259258 0.35520833333333335 0.10925925925925926 0.3614583333333333 0.10462962962962963 0.37395833333333334 0.10740740740740741
0 0.7520833333333333 0.24537037037037038 0.76875 0.25555555555555554 0.7723958333333333 0.26296296296296295 0.7729166666666667 0.26944444444444443 0.76875 0.3 0.7557291666666667 0.3574074074074074 0.7484375 0.36666666666666664 0.740625 0.36666666666666664 0.7270833333333333 0.3592592592592593 0.7192708333333333 0.3490740740740741 0.7177083333333333 0.3388888888888889 0.7265625 0.29444444444444445 0.7322916666666667 0.2833333333333333 0.7369791666666666 0.26481481481481484 0.74375 0.25092592592592594 0.7515625 0.24537037037037038
1 0.8348958333333333 0.17037037037037037 0.8411458333333334 0.1361111111111111 0.8484375 0.12407407407407407 0.8515625 0.12685185185185185 0.8510416666666667 0.1398148148148148 0.8421875 0.16203703703703703 0.8416666666666667 0.1712962962962963 0.8354166666666667 0.17037037037037037
1 0.4635416666666667 0.38796296296296295 0.46979166666666666 0.4 0.4708333333333333 0.4083333333333333 0.46875 0.4287037037037037 0.4635416666666667 0.44722222222222224 0.46145833333333336 0.44537037037037036 0.45989583333333334 0.412962962962963 0.45989583333333334 0.3925925925925926 0.4630208333333333 0.38796296296296295
1 0.6963541666666667 0.040740740740740744 0.6994791666666667 0.046296296296296294 0.6994791666666667 0.062037037037037036 0.6958333333333333 0.07685185185185185 0.6927083333333334 0.08148148148148149 0.6916666666666667 0.05 0.6927083333333334 0.04259259259259259 0.6958333333333333 0.040740740740740744
1 0.39114583333333336 0.8092592592592592 0.39427083333333335 0.8111111111111111 0.3953125 0.8277777777777777 0.4010416666666667 0.8435185185185186 0.39947916666666666 0.8472222222222222 0.39166666666666666 0.85 0.3828125 0.837037037037037 0.38177083333333334 0.8296296296296296 0.38385416666666666 0.812962962962963 0.390625 0.8092592592592592
1 0.07760416666666667 0.10462962962962963 0.08229166666666667 0.11018518518518519 0.08854166666666667 0.1398148148148148 0.08854166666666667 0.14722222222222223 0.0859375 0.15 0.07395833333333333 0.11574074074074074 0.07291666666666667 0.10462962962962963 0.07708333333333334 0.10462962962962963
1 0.5958333333333333 0.018518518518518517 0.6 0.02962962962962963 0.5994791666666667 0.037037037037037035 0.5953125 0.05648148148148148 0.5916666666666667 0.06111111111111111 0.5901041666666667 0.032407407407407406 0.5916666666666667 0.018518518518518517 0.5953125 0.018518518518518517
1 0.7442708333333333 0.03518518518518519 0.7489583333333333 0.03148148148148148 0.7515625 0.03981481481481482 0.7411458333333333 0.07222222222222222 0.7390625 0.06388888888888888 0.7411458333333333 0.04537037037037037 0.7442708333333333 0.03611111111111111
1 0.6057291666666667 0.08981481481481482 0.6088541666666667 0.09166666666666666 0.6104166666666667 0.10185185185185185 0.6104166666666667 0.11203703703703703 0.60625 0.12777777777777777 0.6057291666666667 0.1388888888888889 0.6020833333333333 0.1425925925925926 0.6 0.11296296296296296 0.6015625 0.10092592592592593 0.6057291666666667 0.09074074074074075
1 0.7770833333333333 0.8972222222222223 0.7921875 0.8962962962962963 0.7947916666666667 0.9009259259259259 0.7932291666666667 0.9259259259259259 0.7890625 0.9324074074074075 0.7786458333333334 0.937962962962963 0.7729166666666667 0.9277777777777778 0.7635416666666667 0.9305555555555556 0.7598958333333333 0.9259259259259259 0.7614583333333333 0.9222222222222223 0.7791666666666667 0.9138888888888889 0.7817708333333333 0.9037037037037037 0.7770833333333333 0.8981481481481481
1 0.7442708333333333 0.11574074074074074 0.7479166666666667 0.08611111111111111 0.7552083333333334 0.07685185185185185 0.7572916666666667 0.08055555555555556 0.7567708333333333 0.08888888888888889 0.7494791666666667 0.11574074074074074 0.7458333333333333 0.11851851851851852 0.7447916666666666 0.11666666666666667
1 0.034375 0.13425925925925927 0.043229166666666666 0.15092592592592594 0.04635416666666667 0.16296296296296298 0.04635416666666667 0.17407407407407408 0.043229166666666666 0.17314814814814813 0.03333333333333333 0.1527777777777778 0.027604166666666666 0.15 0.027083333333333334 0.14074074074074075 0.028645833333333332 0.13518518518518519 0.033854166666666664 0.13425925925925927
1 0.2125 0 0.2203125 0 0.22135416666666666 0.004629629629629629 0.22135416666666666 0.012037037037037037 0.21614583333333334 0.01574074074074074 0.21302083333333333 0.008333333333333333 0.2125 0.000925925925925926
1 0.3765625 0.7842592592592592 0.3859375 0.7851851851851852 0.3932291666666667 0.7981481481481482 0.4 0.8037037037037037 0.3854166666666667 0.8111111111111111 0.38333333333333336 0.8157407407407408 0.38125 0.8333333333333334 0.3765625 0.8342592592592593 0.378125 0.8194444444444444 0.37552083333333336 0.8037037037037037 0.3734375 0.8 0.3692708333333333 0.8 0.3765625 0.7851851851851852
1 0.090625 0.12222222222222222 0.1046875 0.15 0.10208333333333333 0.1527777777777778 0.09479166666666666 0.14629629629629629 0.09322916666666667 0.15 0.09427083333333333 0.16018518518518518 0.09270833333333334 0.16203703703703703 0.09010416666666667 0.15833333333333333 0.084375 0.12685185185185185 0.08541666666666667 0.12037037037037036 0.09010416666666667 0.12222222222222222
1 0.4666666666666667 0.35185185185185186 0.4744791666666667 0.36944444444444446 0.4744791666666667 0.37592592592592594 0.4708333333333333 0.38796296296296295 0.4703125 0.4074074074074074 0.46927083333333336 0.4 0.4640625 0.387037037037037 0.45989583333333334 0.3824074074074074 0.459375 0.37777777777777777 0.45989583333333334 0.3638888888888889 0.4635416666666667 0.3527777777777778 0.4661458333333333 0.35185185185185186
1 0.7838541666666666 0.36203703703703705 0.7916666666666666 0.34444444444444444 0.7942708333333334 0.34444444444444444 0.7953125 0.34814814814814815 0.7942708333333334 0.3611111111111111 0.7875 0.38055555555555554 0.7848958333333333 0.3972222222222222 0.7791666666666667 0.39537037037037037 0.7760416666666666 0.4 0.7723958333333333 0.39814814814814814 0.78125 0.3768518518518518 0.7838541666666666 0.362962962962963
1 0.6229166666666667 0.09166666666666666 0.6260416666666667 0.09259259259259259 0.6276041666666666 0.10555555555555556 0.6229166666666667 0.13518518518518519 0.6208333333333333 0.14351851851851852 0.6182291666666667 0.14444444444444443 0.6177083333333333 0.11666666666666667 0.6182291666666667 0.10462962962962963 0.6229166666666667 0.09259259259259259
1 0.5744791666666667 0.012037037037037037 0.5796875 0.028703703703703703 0.575 0.05555555555555555 0.5713541666666667 0.05648148148148148 0.5697916666666667 0.028703703703703703 0.5739583333333333 0.012962962962962963
1 0.1765625 0.03981481481481482 0.17864583333333334 0.046296296296296294 0.175 0.05185185185185185 0.171875 0.05 0.16979166666666667 0.03611111111111111 0.1640625 0.018518518518518517 0.16458333333333333 0.012962962962962963 0.16770833333333332 0.010185185185185186 0.1734375 0.022222222222222223 0.17604166666666668 0.03981481481481482
1 0.09114583333333333 0.10185185185185185 0.0953125 0.11018518518518519 0.09635416666666667 0.12314814814814815 0.10260416666666666 0.1361111111111111 0.10208333333333333 0.14074074074074075 0.09895833333333333 0.1398148148148148 0.09010416666666667 0.12314814814814815 0.08489583333333334 0.11944444444444445 0.0828125 0.10925925925925926 0.084375 0.09814814814814815 0.08854166666666667 0.09722222222222222 0.090625 0.10185185185185185
1 0.8776041666666666 0.41388888888888886 0.8796875 0.4212962962962963 0.8786458333333333 0.42777777777777776 0.8635416666666667 0.4638888888888889 0.8557291666666667 0.4601851851851852 0.8541666666666666 0.45 0.8635416666666667 0.4305555555555556 0.8651041666666667 0.4203703703703704 0.8770833333333333 0.41388888888888886
1 0.30572916666666666 0.8425925925925926 0.31666666666666665 0.8638888888888889 0.3151041666666667 0.8675925925925926 0.30625 0.8731481481481481 0.296875 0.8907407407407407 0.290625 0.8462962962962963 0.2947916666666667 0.8416666666666667 0.30520833333333336 0.8425925925925926
1 0.140625 0.7296296296296296 0.15260416666666668 0.7435185185185185 0.15572916666666667 0.7657407407407407 0.15364583333333334 0.775 0.14739583333333334 0.7731481481481481 0.13489583333333333 0.7583333333333333 0.12708333333333333 0.7537037037037037 0.125 0.7333333333333333 0.128125 0.7296296296296296 0.14010416666666667 0.7296296296296296
1 0.16145833333333334 0.03148148148148148 0.17083333333333334 0.06388888888888888 0.16875 0.07407407407407407 0.1609375 0.05925925925925926 0.1578125 0.04722222222222222 0.15833333333333333 0.032407407407407406 0.1609375 0.03148148148148148
1 0.25729166666666664 0.8462962962962963 0.2682291666666667 0.8546296296296296 0.2708333333333333 0.8694444444444445 0.2708333333333333 0.8777777777777778 0.26875 0.8824074074074074 0.259375 0.8814814814814815 0.24947916666666667 0.8666666666666667 0.25 0.850925925925926 0.25677083333333334 0.8462962962962963
1 0.15416666666666667 0.07407407407407407 0.14375 0.04351851851851852 0.14322916666666666 0.03518518518518519 0.14583333333333334 0.03333333333333333 0.15260416666666668 0.04537037037037037 0.153125 0.05462962962962963 0.15677083333333333 0.06759259259259259 0.1546875 0.07407407407407407
1 0.23645833333333333 0.8212962962962963 0.24479166666666666 0.8296296296296296 0.24479166666666666 0.8361111111111111 0.24947916666666667 0.8490740740740741 0.25 0.862037037037037 0.24791666666666667 0.8675925925925926 0.24114583333333334 0.8675925925925926 0.2296875 0.8518518518518519 0.228125 0.8305555555555556 0.2328125 0.8203703703703704 0.2359375 0.8212962962962963
1 0.10572916666666667 0.0824074074074074 0.10989583333333333 0.08518518518518518 0.11770833333333333 0.10277777777777777 0.11927083333333334 0.12037037037037036 0.1140625 0.12314814814814815 0.109375 0.11388888888888889 0.103125 0.09166666666666666 0.10520833333333333 0.08333333333333333
1 0.5859375 0.018518518518518517 0.5890625 0.022222222222222223 0.5890625 0.032407407407407406 0.5869791666666667 0.04722222222222222 0.5817708333333333 0.06481481481481481 0.5796875 0.05648148148148148 0.5796875 0.03796296296296296 0.5854166666666667 0.018518518518518517
1 0.19947916666666668 0.6907407407407408 0.2046875 0.6944444444444444 0.21614583333333334 0.7166666666666667 0.20677083333333332 0.725925925925926 0.19947916666666668 0.7166666666666667 0.1921875 0.7166666666666667 0.19375 0.7101851851851851 0.1921875 0.6953703703703704 0.19895833333333332 0.6907407407407408
1 0.6932291666666667 0.24074074074074073 0.7026041666666667 0.25277777777777777 0.7041666666666667 0.25833333333333336 0.6958333333333333 0.2935185185185185 0.6932291666666667 0.29444444444444445 0.6875 0.2898148148148148 0.6921875 0.2722222222222222 0.6921875 0.262037037037037 0.6890625 0.25833333333333336 0.6927083333333334 0.24074074074074073
1 0.4583333333333333 0.2935185185185185 0.4635416666666667 0.3 0.46458333333333335 0.3101851851851852 0.4630208333333333 0.3296296296296296 0.45677083333333335 0.3425925925925926 0.45260416666666664 0.34074074074074073 0.4510416666666667 0.33240740740740743 0.453125 0.3212962962962963 0.45260416666666664 0.30277777777777776 0.4578125 0.2935185185185185
1 0.3307291666666667 0.7981481481481482 0.3416666666666667 0.8018518518518518 0.346875 0.812037037037037 0.3489583333333333 0.825925925925926 0.34270833333333334 0.8425925925925926 0.33697916666666666 0.8416666666666667 0.3296875 0.8287037037037037 0.32447916666666665 0.8 0.3302083333333333 0.7981481481481482
1 0.1859375 0.9629629629629629 0.196875 0.9740740740740741 0.20052083333333334 0.9824074074074074 0.19739583333333333 0.9935185185185185 0.19322916666666667 0.9962962962962963 0.184375 0.9916666666666667 0.16927083333333334 0.9722222222222222 0.171875 0.9638888888888889 0.18020833333333333 0.9601851851851851 0.18541666666666667 0.9629629629629629
1 0.9588541666666667 0.5064814814814815 0.9583333333333334 0.5259259259259259 0.9489583333333333 0.5435185185185185 0.9432291666666667 0.549074074074074 0.9348958333333334 0.5435185185185185 0.9322916666666666 0.5361111111111111 0.9421875 0.5101851851851852 0.953125 0.5055555555555555 0.9583333333333334 0.5064814814814815
1 0.6098958333333333 0.30462962962962964 0.6114583333333333 0.3074074074074074 0.6109375 0.31851851851851853 0.6125 0.32407407407407407 0.6104166666666667 0.3388888888888889 0.6125 0.3490740740740741 0.6088541666666667 0.3509259259259259 0.6052083333333333 0.3416666666666667 0.5984375 0.35462962962962963 0.5953125 0.35462962962962963 0.5953125 0.3490740740740741 0.6010416666666667 0.33425925925925926 0.6041666666666666 0.3111111111111111 0.609375 0.30462962962962964
1 0.175 0 0.18489583333333334 0 0.18489583333333334 0.010185185185185186 0.1921875 0.022222222222222223 0.19166666666666668 0.025925925925925925 0.18697916666666667 0.025925925925925925 0.1875 0.022222222222222223 0.18541666666666667 0.017592592592592594 0.184375 0.025925925925925925 0.1859375 0.028703703703703703 0.18229166666666666 0.03148148148148148 0.18020833333333333 0.018518518518518517 0.17447916666666666 0.004629629629629629 0.175 0.000925925925925926
1 0.41458333333333336 0.8027777777777778 0.4265625 0.8203703703703704 0.4265625 0.8240740740740741 0.42083333333333334 0.8268518518518518 0.4197916666666667 0.8314814814814815 0.42604166666666665 0.8416666666666667 0.4270833333333333 0.8481481481481481 0.425 0.8490740740740741 0.41510416666666666 0.8398148148148148 0.4109375 0.8398148148148148 0.4036458333333333 0.8092592592592592 0.4140625 0.8037037037037037
1 0.09895833333333333 0.04537037037037037 0.1078125 0.05555555555555555 0.11302083333333333 0.08148148148148149 0.10572916666666667 0.08055555555555556 0.09895833333333333 0.06851851851851852 0.09739583333333333 0.058333333333333334 0.0984375 0.046296296296296294
1 0.578125 0.3435185185185185 0.5822916666666667 0.3453703703703704 0.5859375 0.362962962962963 0.5859375 0.36944444444444446 0.5822916666666667 0.3768518518518518 0.5776041666666667 0.3972222222222222 0.5734375 0.3972222222222222 0.5734375 0.3592592592592593 0.578125 0.34444444444444444
1 0.5234375 0.7814814814814814 0.5255208333333333 0.7870370370370371 0.5255208333333333 0.8194444444444444 0.5109375 0.8175925925925925 0.5098958333333333 0.8138888888888889 0.5130208333333334 0.8046296296296296 0.515625 0.7842592592592592 0.5229166666666667 0.7814814814814814
1 0.6322916666666667 0.06388888888888888 0.011458333333333333 0.04259259259259259
1 0.22760416666666666 0.8675925925925926 0.23489583333333333 0.8731481481481481 0.24010416666666667 0.8898148148148148 0.24791666666666667 0.8907407407407407 0.25104166666666666 0.8935185185185185 0.25104166666666666 0.8972222222222223 0.2328125 0.9027777777777778 0.22708333333333333 0.9101851851851852 0.22291666666666668 0.9092592592592592 0.22291666666666668 0.9037037037037037 0.21510416666666668 0.8796296296296297 0.21510416666666668 0.8731481481481481 0.21822916666666667 0.8685185185185185 0.22239583333333332 0.8657407407407407 0.22708333333333333 0.8675925925925926
1 0.7942708333333334 0.09166666666666666 0.7973958333333333 0.09814814814814815 0.7979166666666667 0.10833333333333334 0.7895833333333333 0.1361111111111111 0.7864583333333334 0.13796296296296295 0.7822916666666667 0.13240740740740742 0.7880208333333333 0.10648148148148148 0.79375 0.09166666666666666
1 0.7098958333333333 0.16574074074074074 0.7130208333333333 0.16666666666666666 0.7135416666666666 0.175 0.7114583333333333 0.18888888888888888 0.7072916666666667 0.20092592592592592 0.7072916666666667 0.21574074074074073 0.7036458333333333 0.21296296296296297 0.7026041666666667 0.20555555555555555 0.6994791666666667 0.2064814814814815 0.6973958333333333 0.20277777777777778 0.7015625 0.1925925925925926 0.7026041666666667 0.18055555555555555 0.709375 0.16666666666666666
1 0.34270833333333334 0.5425925925925926 0.35260416666666666 0.5657407407407408 0.3578125 0.5685185185185185 0.3567708333333333 0.575 0.3494791666666667 0.5768518518518518 0.3458333333333333 0.587037037037037 0.3416666666666667 0.5861111111111111 0.33229166666666665 0.5407407407407407 0.3338541666666667 0.5361111111111111 0.3385416666666667 0.5361111111111111 0.3421875 0.5425925925925926
1 0.5994791666666667 0 0.6078125 0 0.6083333333333333 0.002777777777777778 0.6057291666666667 0.02962962962962963 0.6015625 0.03148148148148148 0.5984375 0.010185185185185186 0.5994791666666667 0.000925925925925926