0 0.42291666666666666 0.5583333333333333 0.4354166666666667 0.5638888888888889 0.4395833333333333 0.5638888888888889 0.44583333333333336 0.5583333333333333 0.44583333333333336 0.5638888888888889 0.4479166666666667 0.5666666666666667 0.4765625 0.5842592592592593 0.5052083333333334 0.6092592592592593 0.5026041666666666 0.649074074074074 0.49635416666666665 0.6675925925925926 0.49583333333333335 0.675 0.4895833333333333 0.6814814814814815 0.4734375 0.6814814814814815 0.46927083333333336 0.6787037037037037 0.4666666666666667 0.6712962962962963 0.43072916666666666 0.6481481481481481 0.4239583333333333 0.6444444444444445 0.4114583333333333 0.6435185185185185 0.4005208333333333 0.6296296296296297 0.39739583333333334 0.6185185185185185 0.39739583333333334 0.6018518518518519 0.4010416666666667 0.5814814814814815 0.41041666666666665 0.562962962962963 0.4166666666666667 0.5583333333333333 0.42239583333333336 0.5583333333333333
0 0.7213541666666666 0.005555555555555556 0.7234375 0.01574074074074074 0.728125 0.024074074074074074 0.73125 0.03981481481481482 0.7307291666666667 0.05740740740740741 0.728125 0.06481481481481481 0.7234375 0.06759259259259259 0.70625 0.06574074074074074 0.6927083333333334 0.03518518518518519 0.6947916666666667 0.012037037037037037 0.6984375 0.005555555555555556 0.703125 0.002777777777777778 0.7171875 0.002777777777777778 0.7208333333333333 0.005555555555555556
0 0.42135416666666664 0.85 0.42291666666666666 0.8592592592592593 0.4197916666666667 0.8796296296296297 0.40989583333333335 0.8972222222222223 0.40729166666666666 0.9074074074074074 0.403125 0.912962962962963 0.4005208333333333 0.9259259259259259 0.39427083333333335 0.9342592592592592 0.3880208333333333 0.950925925925926 0.3859375 0.950925925925926 0.38333333333333336 0.9425925925925925 0.38645833333333335 0.9055555555555556 0.39791666666666664 0.8861111111111111 0.4010416666666667 0.8722222222222222 0.4078125 0.8555555555555555 0.41510416666666666 0.85 0.42083333333333334 0.85
0 0.6229166666666667 0.08888888888888889 0.6333333333333333 0.08611111111111111 0.6359375 0.09166666666666666 0.6375 0.09814814814814815 0.6375 0.12222222222222222 0.634375 0.12777777777777777 0.6296875 0.12685185185185185 0.6255208333333333 0.11574074074074074 0.6161458333333333 0.10925925925925926 0.6145833333333334 0.08888888888888889 0.6182291666666667 0.08611111111111111 0.6223958333333334 0.08888888888888889
0 0.07447916666666667 0.2388888888888889 0.0875 0.2574074074074074 0.09322916666666667 0.2601851851851852 0.09739583333333333 0.27037037037037037 0.09791666666666667 0.2777777777777778 0.09010416666666667 0.29259259259259257 0.08802083333333334 0.30185185185185187 0.05677083333333333 0.32037037037037036 0.0515625 0.3175925925925926 0.04375 0.30648148148148147 0.035416666666666666 0.28703703703703703 0.034375 0.275 0.043229166666666666 0.2601851851851852 0.0578125 0.24444444444444444 0.06458333333333334 0.2388888888888889 0.07395833333333333 0.2388888888888889
0 0.47708333333333336 0.04722222222222222 0.4947916666666667 0.05185185185185185 0.5010416666666667 0.05648148148148148 0.5052083333333334 0.07777777777777778 0.5046875 0.09259259259259259 0.5015625 0.10277777777777777 0.4973958333333333 0.10833333333333334 0.48541666666666666 0.11481481481481481 0.4765625 0.10648148148148148 0.44635416666666666 0.1037037037037037 0.4421875 0.08425925925925926 0.4421875 0.06944444444444445 0.4479166666666667 0.05740740740740741 0.45989583333333334 0.049074074074074076 0.4765625 0.04722222222222222
0 0.24322916666666666 0 0.2713541666666667 0 0.26927083333333335 0.008333333333333333 0.25885416666666666 0.022222222222222223 0.24479166666666666 0.017592592592592594 0.24270833333333333 0.009259259259259259 0.24322916666666666 0.000925925925925926
0 0.7864583333333334 0.5444444444444444 0.8192708333333333 0.5685185185185185 0.8421875 0.5907407407407408 0.8765625 0.6407407407407407 0.8807291666666667 0.6574074074074074 0.8802083333333334 0.6777777777777778 0.8755208333333333 0.6925925925925925 0.8625 0.7092592592592593 0.8416666666666667 0.7037037037037037 0.8260416666666667 0.6787037037037037 0.7869791666666667 0.6435185185185185 0.7755208333333333 0.6416666666666667 0.7677083333333333 0.6342592592592593 0.7578125 0.612037037037037 0.7557291666666667 0.600925925925926 0.7567708333333333 0.5879629629629629 0.76875 0.5564814814814815 0.7755208333333333 0.549074074074074 0.7859375 0.5444444444444444
0 0.9822916666666667 0.8212962962962963 0.9994791666666667 0.8324074074074074 0.9994791666666667 0.9287037037037037 0.99375 0.9287037037037037 0.96875 0.9111111111111111 0.946875 0.9037037037037037 0.9390625 0.8972222222222223 0.9364583333333333 0.887962962962963 0.9354166666666667 0.8379629629629629 0.9380208333333333 0.8314814814814815 0.9625 0.8203703703703704 0.9817708333333334 0.8212962962962963
0 0.7885416666666667 0.18981481481481483 0.7942708333333334 0.1962962962962963 0.7953125 0.24444444444444444 0.7927083333333333 0.25 0.7911458333333333 0.26944444444444443 0.78125 0.2675925925925926 0.790625 0.2814814814814815 0.7875 0.2935185185185185 0.78125 0.3 0.7755208333333333 0.3 0.7572916666666667 0.2898148148148148 0.753125 0.2851851851851852 0.7510416666666667 0.275 0.7572916666666667 0.2537037037037037 0.7604166666666666 0.25 0.7776041666666667 0.26666666666666666 0.7817708333333333 0.26666666666666666 0.7645833333333333 0.24444444444444444 0.7588541666666667 0.23425925925925925 0.7578125 0.22592592592592592 0.7619791666666667 0.20185185185185187 0.7682291666666666 0.18796296296296297 0.778125 0.18518518518518517 0.7880208333333333 0.18981481481481483
0 0.8890625 0.48148148148148145 0.9104166666666667 0.49722222222222223 0.925 0.512962962962963 0.9255208333333333 0.5212962962962963 0.9223958333333333 0.5388888888888889 0.9213541666666667 0.5601851851851852 0.91875 0.5703703703703704 0.9145833333333333 0.5722222222222222 0.8885416666666667 0.5675925925925925 0.859375 0.5509259259259259 0.8520833333333333 0.5398148148148149 0.8520833333333333 0.5287037037037037 0.85625 0.5120370370370371 0.8692708333333333 0.48518518518518516 0.8796875 0.47962962962962963 0.8885416666666667 0.48148148148148145
0 0.2484375 0.022222222222222223 0.2520833333333333 0.026851851851851852 0.25364583333333335 0.03611111111111111 0.25104166666666666 0.04259259259259259 0.240625 0.053703703703703705 0.23385416666666667 0.049074074074074076 0.23229166666666667 0.037037037037037035 0.2390625 0.025925925925925925 0.24791666666666667 0.022222222222222223
0 0.2760416666666667 0.33611111111111114 0.303125 0.3472222222222222 0.3151041666666667 0.3675925925925926 0.33489583333333334 0.37592592592592594 0.3416666666666667 0.3861111111111111 0.3416666666666667 0.4 0.33697916666666666 0.4212962962962963 0.328125 0.43796296296296294 0.315625 0.4444444444444444 0.28854166666666664 0.42962962962962964 0.2791666666666667 0.41944444444444445 0.25729166666666664 0.4046296296296296 0.24739583333333334 0.39351851851851855 0.24479166666666666 0.36944444444444446 0.2578125 0.3398148148148148 0.26145833333333335 0.33425925925925926 0.2755208333333333 0.33611111111111114
0 0.8338541666666667 0.4287037037037037 0.8421875 0.425 0.8520833333333333 0.4398148148148148 0.8583333333333333 0.4398148148148148 0.8588541666666667 0.45 0.8625 0.44537037037037036 0.8661458333333333 0.44814814814814813 0.8671875 0.4527777777777778 0.8666666666666667 0.4824074074074074 0.8640625 0.4888888888888889 0.8588541666666667 0.49074074074074076 0.8489583333333334 0.4740740740740741 0.84375 0.4740740740740741 0.8317708333333333 0.4527777777777778 0.83125 0.43703703703703706 0.8338541666666667 0.42962962962962964
0 0.08125 0.737037037037037 0.0859375 0.7444444444444445 0.09427083333333333 0.7472222222222222 0.09895833333333333 0.7537037037037037 0.09895833333333333 0.7685185185185185 0.09583333333333334 0.7787037037037037 0.08489583333333334 0.7916666666666666 0.06979166666666667 0.8 0.0515625 0.8157407407407408 0.0453125 0.8148148148148148 0.043229166666666666 0.8055555555555556 0.043229166666666666 0.7953703703703704 0.04895833333333333 0.7814814814814814 0.05 0.7648148148148148 0.0546875 0.7546296296296297 0.059895833333333336 0.75 0.06041666666666667 0.7453703703703703 0.0734375 0.7601851851851852 0.08229166666666667 0.7555555555555555 0.08541666666666667 0.7490740740740741 0.08489583333333334 0.7453703703703703 0.07760416666666667 0.7453703703703703 0.071875 0.7407407407407407 0.07291666666666667 0.737037037037037 0.08072916666666667 0.737037037037037
0 0.2838541666666667 0.040740740740740744 0.3078125 0.04537037037037037 0.31145833333333334 0.05 0.3125 0.05740740740740741 0.3125 0.06851851851851852 0.3104166666666667 0.07407407407407407 0.2921875 0.09166666666666666 0.2859375 0.1037037037037037 0.265625 0.10185185185185185 0.25833333333333336 0.09166666666666666 0.25677083333333334 0.08425925925925926 0.25729166666666664 0.0787037037037037 0.26927083333333335 0.049074074074074076 0.2760416666666667 0.041666666666666664 0.2833333333333333 0.040740740740740744
0 0.15416666666666667 0.08703703703703704 0.1609375 0.09074074074074075 0.17135416666666667 0.11203703703703703 0.16666666666666666 0.1259259259259259 0.165625 0.14351851851851852 0.1578125 0.15462962962962962 0.153125 0.15555555555555556 0.13958333333333334 0.15 0.13333333333333333 0.13703703703703704 0.13020833333333334 0.12129629629629629 0.13125 0.10925925925925926 0.1359375 0.1 0.14375 0.09166666666666666 0.15364583333333334 0.08796296296296297
0 0.3385416666666667 0.7046296296296296 0.35520833333333335 0.7166666666666667 0.3625 0.7342592592592593 0.3567708333333333 0.7407407407407407 0.33697916666666666 0.7453703703703703 0.32864583333333336 0.7527777777777778 0.31145833333333334 0.7435185185185185 0.3078125 0.7305555555555555 0.31302083333333336 0.7194444444444444 0.31979166666666664 0.7175925925925926 0.32135416666666666 0.7222222222222222 0.32447916666666665 0.7231481481481481 0.321875 0.725925925925926 0.32447916666666665 0.7324074074074074 0.33489583333333334 0.7379629629629629 0.33697916666666666 0.7268518518518519 0.334375 0.7194444444444444 0.32708333333333334 0.7148148148148148 0.3260416666666667 0.7064814814814815 0.33125 0.7027777777777777 0.3380208333333333 0.7046296296296296
0 0.6427083333333333 0.8712962962962963 0.6479166666666667 0.8833333333333333 0.6520833333333333 0.9203703703703704 0.6510416666666666 0.9518518518518518 0.6489583333333333 0.9629629629629629 0.6494791666666667 0.9777777777777777 0.6453125 0.9824074074074074 0.6395833333333333 0.9824074074074074 0.6364583333333333 0.9768518518518519 0.63125 0.9277777777777778 0.6260416666666667 0.9055555555555556 0.6317708333333333 0.8731481481481481 0.6359375 0.8685185185185185 0.6421875 0.8712962962962963
0 0.17239583333333333 0.7462962962962963 0.17864583333333334 0.75 0.18854166666666666 0.7638888888888888 0.1921875 0.7759259259259259 0.19322916666666667 0.8009259259259259 0.1859375 0.8268518518518518 0.17135416666666667 0.8453703703703703 0.15364583333333334 0.8518518518518519 0.0921875 0.8935185185185185 0.078125 0.8870370370370371 0.0390625 0.8453703703703703 0.03697916666666667 0.8379629629629629 0.03958333333333333 0.8314814814814815 0.04375 0.8240740740740741 0.06927083333333334 0.8018518518518518 0.12760416666666666 0.7638888888888888 0.13229166666666667 0.7592592592592593 0.1328125 0.7546296296296297 0.14114583333333333 0.7583333333333333 0.171875 0.7462962962962963
0 0.33229166666666665 0.04814814814814815 0.33489583333333334 0.05 0.33489583333333334 0.05648148148148148 0.3380208333333333 0.06296296296296296 0.3453125 0.05555555555555555 0.353125 0.06388888888888888 0.35208333333333336 0.075 0.3489583333333333 0.08148148148148149 0.3385416666666667 0.08425925925925926 0.33489583333333334 0.08425925925925926 0.32760416666666664 0.075 0.32916666666666666 0.05 0.33177083333333335 0.04814814814814815
0 0.21770833333333334 0.08888888888888889 0.22708333333333333 0.09166666666666666 0.23229166666666667 0.09907407407407408 0.23489583333333333 0.11296296296296296 0.234375 0.12129629629629629 0.23125 0.12777777777777777 0.22239583333333332 0.13425925925925927 0.20833333333333334 0.15092592592592594 0.20572916666666666 0.16111111111111112 0.2 0.16944444444444445 0.1796875 0.16574074074074074 0.16979166666666667 0.15833333333333333 0.1671875 0.14444444444444443 0.1671875 0.125 0.17447916666666666 0.1111111111111111 0.18697916666666667 0.09814814814814815 0.2171875 0.08888888888888889
0 0.16875 0.3453703703703704 0.22760416666666666 0.3824074074074074 0.2520833333333333 0.40370370370370373 0.27447916666666666 0.41759259259259257 0.284375 0.4287037037037037 0.29791666666666666 0.47685185185185186 0.30052083333333335 0.5027777777777778 0.2796875 0.5462962962962963 0.26927083333333335 0.562037037037037 0.26510416666666664 0.562037037037037 0.24166666666666667 0.5435185185185185 0.22395833333333334 0.5407407407407407 0.184375 0.5018518518518519 0.16770833333333332 0.49074074074074076 0.15104166666666666 0.4722222222222222 0.1453125 0.46111111111111114 0.13125 0.4527777777777778 0.12083333333333333 0.43148148148148147 0.1203125 0.42407407407407405 0.1125 0.4046296296296296 0.11302083333333333 0.3972222222222222 0.11770833333333333 0.387037037037037 0.14322916666666666 0.3509259259259259 0.16822916666666668 0.3453703703703704
0 0.6182291666666667 0 0.6348958333333333 0 0.6390625 0.003703703703703704 0.6369791666666667 0.03796296296296296 0.6302083333333334 0.05185185185185185 0.6302083333333334 0.06018518518518518 0.6265625 0.06111111111111111 0.6265625 0.049074074074074076 0.6088541666666667 0.04722222222222222 0.6057291666666667 0.03796296296296296 0.6088541666666667 0.018518518518518517 0.6182291666666667 0.000925925925925926
0 0.171875 0.5537037037037037 0.20208333333333334 0.5685185185185185 0.2203125 0.6 0.22552083333333334 0.6259259259259259 0.2234375 0.6287037037037037 0.2171875 0.6277777777777778 0.20625 0.6361111111111111 0.19270833333333334 0.6333333333333333 0.16770833333333332 0.6361111111111111 0.16197916666666667 0.6324074074074074 0.15416666666666667 0.6203703703703703 0.1484375 0.5981481481481481 0.15 0.5842592592592593 0.16197916666666667 0.5564814814814815 0.17135416666666667 0.5537037037037037
0 0.596875 0.032407407407407406 0.6036458333333333 0.037037037037037035 0.6078125 0.05555555555555555 0.6078125 0.0712962962962963 0.6057291666666667 0.08333333333333333 0.5989583333333334 0.10092592592592593 0.5953125 0.1 0.5916666666666667 0.09166666666666666 0.5880208333333333 0.08888888888888889 0.5848958333333333 0.07407407407407407 0.5833333333333334 0.05 0.5848958333333333 0.03981481481481482 0.5880208333333333 0.03425925925925926 0.5963541666666666 0.032407407407407406
0 0.9953125 0.7379629629629629 0.9994791666666667 0.7398148148148148 0.9994791666666667 0.8231481481481482 0.9973958333333334 0.8240740740740741 0.990625 0.8240740740740741 0.9755208333333333 0.8148148148148148 0.9697916666666667 0.7981481481481482 0.9677083333333333 0.774074074074074 0.9682291666666667 0.7611111111111111 0.9734375 0.75 0.9869791666666666 0.7379629629629629 0.9947916666666666 0.7379629629629629
0 0.08854166666666667 0.3055555555555556 0.0984375 0.3101851851851852 0.10677083333333333 0.32037037037037036 0.109375 0.33055555555555555 0.10833333333333334 0.34814814814814815 0.10572916666666667 0.35555555555555557 0.0875 0.36574074074074076 0.0671875 0.39166666666666666 0.06510416666666667 0.3962962962962963 0.0640625 0.4111111111111111 0.057291666666666664 0.41944444444444445 0.046875 0.4148148148148148 0.03333333333333333 0.41574074074074074 0.020833333333333332 0.4046296296296296 0.013020833333333334 0.3907407407407407 0.014583333333333334 0.36574074074074076 0.04635416666666667 0.325 0.06614583333333333 0.31851851851851853 0.08802083333333334 0.3055555555555556
0 0.4119791666666667 0.03425925925925926 0.4322916666666667 0.041666666666666664 0.4401041666666667 0.05 0.4401041666666667 0.07592592592592592 0.4432291666666667 0.09814814814814815 0.44114583333333335 0.11851851851851852 0.4354166666666667 0.13518518518518519 0.4234375 0.1574074074074074 0.4192708333333333 0.1712962962962963 0.39895833333333336 0.20092592592592592 0.3796875 0.24444444444444444 0.3697916666666667 0.2611111111111111 0.36354166666666665 0.28055555555555556 0.3385416666666667 0.3212962962962963 0.3333333333333333 0.32592592592592595 0.31302083333333336 0.3175925925925926 0.29739583333333336 0.3055555555555556 0.29270833333333335 0.2962962962962963 0.2838541666666667 0.25092592592592594 0.28125 0.2490740740740741 0.27708333333333335 0.2537037037037037 0.27708333333333335 0.26666666666666666 0.2755208333333333 0.26851851851851855 0.2734375 0.24814814814814815 0.28177083333333336 0.2324074074074074 0.28489583333333335 0.22037037037037038 0.2942708333333333 0.20555555555555555 0.29791666666666666 0.19166666666666668 0.30572916666666666 0.17407407407407408 0.325 0.14351851851851852 0.3385416666666667 0.1388888888888889 0.3453125 0.125 0.3953125 0.046296296296296294 0.4046875 0.03518518518518519 0.4114583333333333 0.03425925925925926
0 0.975 0.49166666666666664 0.9994791666666667 0.5166666666666667 0.9994791666666667 0.5731481481481482 0.9885416666666667 0.5694444444444444 0.9739583333333334 0.5731481481481482 0.9692708333333333 0.5712962962962963 0.9651041666666667 0.5648148148148148 0.95625 0.5333333333333333 0.95625 0.5064814814814815 0.9651041666666667 0.4935185185185185 0.9744791666666667 0.49166666666666664
0 0.5927083333333333 0.7314814814814815 0.6265625 0.7425925925925926 0.6354166666666666 0.7648148148148148 0.640625 0.8018518518518518 0.6364583333333333 0.8074074074074075 0.6265625 0.8092592592592592 0.6203125 0.8175925925925925 0.58125 0.812962962962963 0.5703125 0.8055555555555556 0.5635416666666667 0.8055555555555556 0.5619791666666667 0.7962962962962963 0.5640625 0.7824074074074074 0.5640625 0.7574074074074074 0.56875 0.7490740740740741 0.5723958333333333 0.7333333333333333 0.578125 0.7277777777777777 0.5921875 0.7314814814814815
0 0.515625 0.837037037037037 0.5223958333333333 0.8546296296296296 0.5255208333333333 0.8712962962962963 0.5333333333333333 0.8740740740740741 0.5348958333333333 0.8824074074074074 0.5328125 0.9287037037037037 0.5260416666666666 0.9416666666666667 0.5229166666666667 0.9416666666666667 0.5197916666666667 0.937037037037037 0.5182291666666666 0.9212962962962963 0.5119791666666667 0.9083333333333333 0.5036458333333333 0.8675925925925926 0.5046875 0.8416666666666667 0.5083333333333333 0.837037037037037 0.5151041666666667 0.837037037037037
0 0.5098958333333333 0.4009259259259259 0.5119791666666667 0.4 0.5364583333333334 0.4185185185185185 0.54375 0.4203703703703704 0.5510416666666667 0.4166666666666667 0.5630208333333333 0.425 0.5671875 0.4398148148148148 0.5859375 0.45555555555555555 0.5916666666666667 0.475 0.6072916666666667 0.49074074074074076 0.6109375 0.5037037037037037 0.6088541666666667 0.5259259259259259 0.6026041666666667 0.5518518518518518 0.5984375 0.5592592592592592 0.5885416666666666 0.5638888888888889 0.5791666666666667 0.5601851851851852 0.56875 0.5407407407407407 0.55 0.5259259259259259 0.54375 0.5157407407407407 0.5328125 0.5074074074074074 0.5260416666666666 0.5037037037037037 0.5166666666666667 0.5101851851851852 0.5088541666666667 0.5074074074074074 0.5046875 0.5018518518518519 0.4984375 0.4824074074074074 0.4901041666666667 0.47685185185185186 0.4895833333333333 0.4685185185185185 0.490625 0.45185185185185184 0.4973958333333333 0.4425925925925926 0.5046875 0.425 0.5098958333333333 0.40185185185185185
0 0.5755208333333334 0.03888888888888889 0.5817708333333333 0.05185185185185185 0.5885416666666666 0.08425925925925926 0.590625 0.12037037037037036 0.5854166666666667 0.12962962962962962 0.56875 0.12962962962962962 0.5640625 0.12685185185185185 0.5604166666666667 0.1175925925925926 0.5588541666666667 0.10185185185185185 0.5557291666666667 0.09166666666666666 0.5546875 0.07222222222222222 0.559375 0.04259259259259259 0.5635416666666667 0.03796296296296296 0.575 0.03888888888888889
0 0.6505208333333333 0.3851851851851852 0.6921875 0.4351851851851852 0.70625 0.4583333333333333 0.7239583333333334 0.49537037037037035 0.7244791666666667 0.5083333333333333 0.7203125 0.5305555555555556 0.7135416666666666 0.5425925925925926 0.7020833333333333 0.5518518518518518 0.6854166666666667 0.5435185185185185 0.6723958333333333 0.5157407407407407 0.6442708333333333 0.4787037037037037 0.6333333333333333 0.4740740740740741 0.6197916666666666 0.4361111111111111 0.6375 0.39351851851851855 0.6442708333333333 0.3861111111111111 0.65 0.3851851851851852
0 0.5270833333333333 0.01574074074074074 0.5328125 0.026851851851851852 0.5364583333333334 0.04351851851851852 0.5395833333333333 0.06296296296296296 0.5395833333333333 0.075 0.5359375 0.08425925925925926 0.5229166666666667 0.08611111111111111 0.515625 0.08518518518518518 0.5119791666666667 0.08055555555555556 0.5109375 0.06296296296296296 0.5083333333333333 0.05648148148148148 0.5067708333333333 0.041666666666666664 0.5067708333333333 0.028703703703703703 0.5083333333333333 0.019444444444444445 0.5114583333333333 0.01574074074074074 0.5265625 0.01574074074074074
0 0.196875 0.875 0.2015625 0.8833333333333333 0.19895833333333332 0.9083333333333333 0.184375 0.9203703703703704 0.17864583333333334 0.9296296296296296 0.16979166666666667 0.9231481481481482 0.1609375 0.9296296296296296 0.15885416666666666 0.9342592592592592 0.15885416666666666 0.9453703703703704 0.1484375 0.9546296296296296 0.14375 0.9527777777777777 0.14375 0.9305555555555556 0.14947916666666666 0.9148148148148149 0.15260416666666668 0.8972222222222223 0.1578125 0.8870370370370371 0.16145833333333334 0.8833333333333333 0.16666666666666666 0.8833333333333333 0.16822916666666668 0.8861111111111111 0.16666666666666666 0.8898148148148148 0.1671875 0.8972222222222223 0.175 0.9009259259259259 0.17604166666666668 0.8935185185185185 0.17395833333333333 0.8870370370370371 0.17864583333333334 0.8861111111111111 0.19114583333333332 0.8722222222222222 0.19635416666666666 0.875
0 0.6161458333333333 0.8731481481481481 0.6192708333333333 0.8777777777777778 0.621875 0.8888888888888888 0.6192708333333333 0.9175925925925926 0.6229166666666667 0.9518518518518518 0.6182291666666667 0.9685185185185186 0.6145833333333334 0.9722222222222222 0.6078125 0.9712962962962963 0.6041666666666666 0.9657407407407408 0.5989583333333334 0.9444444444444444 0.5989583333333334 0.9342592592592592 0.6010416666666667 0.9287037037037037 0.6046875 0.8833333333333333 0.6083333333333333 0.8759259259259259 0.615625 0.8731481481481481
0 0.3484375 0 0.3734375 0 0.37604166666666666 0.018518518518518517 0.375 0.025 0.36666666666666664 0.041666666666666664 0.35104166666666664 0.03611111111111111 0.3484375 0.032407407407407406 0.3484375 0.000925925925925926
0 0.9953125 0.6 0.9994791666666667 0.6018518518518519 0.9994791666666667 0.6759259259259259 0.9953125 0.6814814814814815 0.9875 0.6805555555555556 0.98125 0.675 0.9770833333333333 0.6666666666666666 0.9739583333333334 0.6481481481481481 0.975 0.6268518518518519 0.978125 0.6101851851851852 0.9854166666666667 0.6018518518518519 0.9947916666666666 0.6
1 0.18072916666666666 0.9666666666666667 0.1890625 0.9638888888888889 0.1921875 0.9685185185185186 0.2 0.9685185185185186 0.20364583333333333 0.9740740740740741 0.2078125 0.9944444444444445 0.20104166666666667 0.9990740740740741 0.18854166666666666 0.9990740740740741 0.17864583333333334 0.9907407407407407 0.17760416666666667 0.9824074074074074 0.18072916666666666 0.9675925925925926
1 0.7375 0.03425925925925926 0.7395833333333334 0.05 0.7338541666666667 0.0787037037037037 0.7317708333333334 0.07962962962962963 0.728125 0.075 0.7296875 0.05648148148148148 0.7328125 0.03981481481481482 0.7369791666666666 0.03425925925925926
1 0.036458333333333336 0.14907407407407408 0.0484375 0.16574074074074074 0.051041666666666666 0.17962962962962964 0.057291666666666664 0.18703703703703703 0.0578125 0.1925925925925926 0.051041666666666666 0.19074074074074074 0.051041666666666666 0.19907407407407407 0.04739583333333333 0.19907407407407407 0.044270833333333336 0.18333333333333332 0.035416666666666666 0.16944444444444445 0.034375 0.1574074074074074 0.0359375 0.15
1 0.48125 0.30092592592592593 0.48333333333333334 0.3037037037037037 0.4859375 0.32592592592592595 0.48072916666666665 0.3509259259259259 0.4734375 0.3388888888888889 0.47604166666666664 0.3074074074074074 0.48072916666666665 0.30092592592592593
1 0.8463541666666666 0.08981481481481482 0.8479166666666667 0.09166666666666666 0.8473958333333333 0.10462962962962963 0.8348958333333333 0.1361111111111111 0.8338541666666667 0.13240740740740742 0.8380208333333333 0.11018518518518519 0.8380208333333333 0.1 0.8458333333333333 0.08981481481481482
1 0.1265625 0.012037037037037037 0.13697916666666668 0.03981481481481482 0.13697916666666668 0.04537037037037037 0.13385416666666666 0.04814814814814815 0.13020833333333334 0.046296296296296294 0.12083333333333333 0.021296296296296296 0.12083333333333333 0.01574074074074074 0.12604166666666666 0.012037037037037037
1 0.7458333333333333 0.12407407407407407 0.7463541666666667 0.1287037037037037 0.7416666666666667 0.15185185185185185 0.734375 0.16944444444444445 0.7328125 0.1648148148148148 0.7354166666666667 0.14907407407407408 0.7348958333333333 0.1361111111111111 0.7416666666666667 0.12407407407407407 0.7453125 0.12407407407407407
1 0.8354166666666667 0.22314814814814815 0.8369791666666667 0.225 0.8369791666666667 0.24814814814814815 0.8286458333333333 0.26851851851851855 0.8171875 0.26296296296296295 0.8171875 0.2518518518518518 0.8244791666666667 0.2324074074074074 0.828125 0.22685185185185186 0.8348958333333333 0.22314814814814815
1 0.6682291666666667 0.11203703703703703 0.6729166666666667 0.11666666666666667 0.6744791666666666 0.1259259259259259 0.6671875 0.15555555555555556 0.6645833333333333 0.15833333333333333 0.6625 0.15648148148148147 0.6614583333333334 0.14907407407407408 0.6645833333333333 0.1361111111111111 0.6651041666666667 0.11944444444444445 0.6677083333333333 0.11296296296296296
1 0 0.21851851851851853 0.0046875 0.2212962962962963 0.010416666666666666 0.23981481481481481 0.01875 0.24351851851851852 0.017708333333333333 0.2462962962962963 0.008333333333333333 0.24722222222222223 0.007291666666666667 0.25092592592592594 0.009375 0.25462962962962965 0.008854166666666666 0.25833333333333336 0.005208333333333333 0.2564814814814815 0 0.24722222222222223 0 0.21944444444444444
1 0.33958333333333335 0.6157407407407407 0.35104166666666664 0.6138888888888889 0.35520833333333335 0.6175925925925926 0.3578125 0.6268518518518519 0.3546875 0.6407407407407407 0.35989583333333336 0.65 0.3567708333333333 0.662962962962963 0.3572916666666667 0.6703703703703704 0.35572916666666665 0.6731481481481482 0.3484375 0.6712962962962963 0.3489583333333333 0.6657407407407407 0.35208333333333336 0.6703703703703704 0.353125 0.662962962962963 0.3463541666666667 0.6527777777777778 0.3385416666666667 0.6222222222222222 0.33958333333333335 0.6166666666666667
1 0.7765625 0.3425925925925926 0.7791666666666667 0.34444444444444444 0.7791666666666667 0.362962962962963 0.7723958333333333 0.387037037037037 0.7734375 0.3990740740740741 0.7692708333333333 0.4027777777777778 0.7666666666666667 0.39444444444444443 0.7614583333333333 0.38981481481481484 0.7651041666666667 0.3824074074074074 0.7645833333333333 0.37592592592592594 0.7671875 0.362962962962963 0.7760416666666666 0.3425925925925926
1 0.1671875 0.030555555555555555 0.17239583333333333 0.03796296296296296 0.17447916666666666 0.04537037037037037 0.17447916666666666 0.053703703703703705 0.17760416666666667 0.06388888888888888 0.175 0.07314814814814814 0.171875 0.07222222222222222 0.171875 0.06388888888888888 0.16302083333333334 0.032407407407407406 0.16354166666666667 0.02962962962962963 0.16666666666666666 0.030555555555555555
1 0.94296875 0.5300925925925926 0.027604166666666666 0.04537037037037037
1 0.3328125 0.8305555555555556 0.3453125 0.8490740740740741 0.35 0.8583333333333333 0.35 0.8629629629629629 0.3359375 0.8629629629629629 0.3302083333333333 0.8675925925925926 0.325 0.8657407407407407 0.32447916666666665 0.8462962962962963 0.3265625 0.8314814814814815 0.33229166666666665 0.8305555555555556
1 0.14375 0.014814814814814815 0.14947916666666666 0.025925925925925925 0.14947916666666666 0.05555555555555555 0.14739583333333334 0.058333333333333334 0.1453125 0.05648148148148148 0.14322916666666666 0.03518518518518519 0.140625 0.027777777777777776 0.140625 0.017592592592592594 0.14322916666666666 0.01574074074074074
1 0.5083333333333333 0.9472222222222222 0.5135416666666667 0.9527777777777777 0.5151041666666667 0.9601851851851851 0.5145833333333333 0.9805555555555555 0.5213541666666667 0.9907407407407407 0.5213541666666667 0.9944444444444445 0.5046875 0.9944444444444445 0.4979166666666667 0.9861111111111112 0.4973958333333333 0.9768518518518519 0.5015625 0.9675925925925926 0.5015625 0.9601851851851851 0.5041666666666667 0.950925925925926 0.5078125 0.9481481481481482
1 0.5265625 0.6324074074074074 0.5296875 0.6342592592592593 0.5364583333333334 0.6583333333333333 0.5359375 0.662962962962963 0.5328125 0.6583333333333333 0.5296875 0.662962962962963 0.5270833333333333 0.6907407407407408 0.5244791666666667 0.687962962962963 0.5239583333333333 0.6712962962962963 0.5182291666666666 0.6537037037037037 0.5197916666666667 0.6435185185185185 0.5260416666666666 0.6324074074074074
1 0.5020833333333333 0.24444444444444444 0.5083333333333333 0.2564814814814815 0.5088541666666667 0.262037037037037 0.5046875 0.27870370370370373 0.5046875 0.29259259259259257 0.5015625 0.3 0.49895833333333334 0.275 0.4947916666666667 0.26851851851851855 0.49635416666666665 0.25833333333333336 0.5015625 0.24444444444444444
1 0.509375 0.25925925925925924 0.5119791666666667 0.25833333333333336 0.5161458333333333 0.27037037037037037 0.515625 0.29074074074074074 0.5182291666666666 0.3 0.5166666666666667 0.30462962962962964 0.5119791666666667 0.3 0.5083333333333333 0.3138888888888889 0.50625 0.3111111111111111 0.5057291666666667 0.27685185185185185 0.509375 0.2601851851851852
1 0.4234375 0.40925925925925927 0.43125 0.4166666666666667 0.4348958333333333 0.425 0.4317708333333333 0.44074074074074077 0.4317708333333333 0.46111111111111114 0.4296875 0.46296296296296297 0.41875 0.4324074074074074 0.41875 0.41759259259259257 0.4203125 0.4101851851851852 0.42291666666666666 0.40925925925925927
1 0.37135416666666665 0.5824074074074074 0.375 0.5814814814814815 0.3807291666666667 0.587037037037037 0.38697916666666665 0.600925925925926 0.38697916666666665 0.6055555555555555 0.38333333333333336 0.6138888888888889 0.38229166666666664 0.6268518518518519 0.37916666666666665 0.6296296296296297 0.375 0.6222222222222222 0.36875 0.600925925925926 0.37135416666666665 0.5833333333333334
1 0.3177083333333333 0.5768518518518518 0.3260416666666667 0.5888888888888889 0.3302083333333333 0.6157407407407407 0.32395833333333335 0.6185185185185185 0.32135416666666666 0.6305555555555555 0.31354166666666666 0.5888888888888889 0.3140625 0.5777777777777777 0.3171875 0.5768518518518518
1 0 0.4703703703703704 0.013020833333333334 0.49074074074074076 0.016666666666666666 0.5009259259259259 0.016666666666666666 0.5046296296296297 0.013020833333333334 0.5083333333333333 0.008333333333333333 0.5083333333333333 0 0.5018518518518519 0 0.47129629629629627
1 0.32916666666666666 0.6185185185185185 0.3359375 0.6268518518518519 0.3380208333333333 0.6388888888888888 0.334375 0.6537037037037037 0.3338541666666667 0.6703703703703704 0.33177083333333335 0.675 0.32135416666666666 0.6314814814814815 0.3229166666666667 0.6194444444444445 0.32864583333333336 0.6185185185185185
1 0.7067708333333333 0.24814814814814815 0.7109375 0.26944444444444443 0.70625 0.2814814814814815 0.7041666666666667 0.29814814814814816 0.7005208333333334 0.3074074074074074 0.6963541666666667 0.3 0.6994791666666667 0.28703703703703703 0.6994791666666667 0.26481481481481484 0.703125 0.25092592592592594 0.70625 0.24814814814814815
1 0.15104166666666666 0.027777777777777776 0.1546875 0.02962962962962963 0.1578125 0.03611111111111111 0.16197916666666667 0.05740740740740741 0.16145833333333334 0.06296296296296296 0.15729166666666666 0.06574074074074074 0.1546875 0.06018518518518518 0.14947916666666666 0.037037037037037035 0.15052083333333333 0.028703703703703703
1 0.1140625 0.06851851851851852 0.11979166666666667 0.07962962962962963 0.1203125 0.08796296296296297 0.125 0.10185185185185185 0.12395833333333334 0.10740740740740741 0.12083333333333333 0.10925925925925926 0.11822916666666666 0.10833333333333334 0.1078125 0.075 0.109375 0.06944444444444445 0.11354166666666667 0.06851851851851852
1 0.05260416666666667 0.575 0.058854166666666666 0.5777777777777777 0.05572916666666667 0.5851851851851851 0.06770833333333333 0.6111111111111112 0.06770833333333333 0.6166666666666667 0.0609375 0.6185185185185185 0.03958333333333333 0.5925925925925926 0.034375 0.5814814814814815 0.035416666666666666 0.5740740740740741 0.052083333333333336 0.575
1 0.17395833333333333 0.9231481481481482 0.178125 0.925 0.1796875 0.9351851851851852 0.18333333333333332 0.9435185185185185 0.1921875 0.9453703703703704 0.1953125 0.9490740740740741 0.19479166666666667 0.9527777777777777 0.18177083333333333 0.962037037037037 0.17916666666666667 0.9777777777777777 0.17552083333333332 0.9824074074074074 0.16822916666666668 0.9768518518518519 0.17083333333333334 0.9592592592592593 0.15885416666666666 0.937962962962963 0.15989583333333332 0.9324074074074075 0.16666666666666666 0.9222222222222223 0.1734375 0.9231481481481482
1 0.4875 0.5314814814814814 0.484375 0.5296296296296297 0.48072916666666665 0.4962962962962963 0.48072916666666665 0.48703703703703705 0.48385416666666664 0.4787037037037037 0.48802083333333335 0.47685185185185186 0.49270833333333336 0.49074074074074076 0.4901041666666667 0.524074074074074 0.48802083333333335 0.5305555555555556
1 0.865625 0.20462962962962963 0.8661458333333333 0.21574074074074073 0.8609375 0.23425925925925925 0.8625 0.24444444444444444 0.859375 0.24814814814814815 0.8494791666666667 0.25092592592592594 0.8473958333333333 0.2462962962962963 0.8520833333333333 0.22407407407407406 0.859375 0.2074074074074074 0.8619791666666666 0.2037037037037037 0.8651041666666667 0.20462962962962963
1 0.5692708333333333 0.8046296296296296 0.5744791666666667 0.8083333333333333 0.5760416666666667 0.812962962962963 0.5760416666666667 0.8361111111111111 0.58125 0.8481481481481481 0.58125 0.8527777777777777 0.5786458333333333 0.8537037037037037 0.5713541666666667 0.8453703703703703 0.5572916666666666 0.8407407407407408 0.55625 0.8379629629629629 0.5625 0.8240740740740741 0.5635416666666667 0.8064814814814815 0.56875 0.8046296296296296
1 0.1890625 0.04722222222222222 0.18541666666666667 0.040740740740740744 0.18177083333333333 0.05092592592592592 0.178125 0.05 0.178125 0.03518518518518519 0.175 0.022222222222222223 0.175 0.011111111111111112 0.17916666666666667 0.009259259259259259 0.18072916666666666 0.012037037037037037 0.184375 0.022222222222222223 0.1859375 0.03425925925925926 0.19010416666666666 0.04259259259259259 0.18958333333333333 0.046296296296296294
1 0.45625 0.687962962962963 0.4630208333333333 0.6712962962962963 0.4666666666666667 0.6694444444444444 0.4703125 0.6787037037037037 0.4703125 0.6888888888888889 0.4739583333333333 0.6981481481481482 0.475 0.7129629629629629 0.4734375 0.7296296296296296 0.46770833333333334 0.725 0.4630208333333333 0.7287037037037037 0.45989583333333334 0.7268518518518519 0.4578125 0.7240740740740741 0.45989583333333334 0.7157407407407408 0.459375 0.6972222222222222 0.4557291666666667 0.6916666666666667 0.45625 0.6888888888888889
1 0.10572916666666667 0.03518518518518519 0.109375 0.03888888888888889 0.11458333333333333 0.06481481481481481 0.10833333333333334 0.06851851851851852 0.1046875 0.062037037037037036 0.10208333333333333 0.04814814814814815 0.10520833333333333 0.03611111111111111
1 0.515625 0.6101851851851852 0.5229166666666667 0.6268518518518519 0.5229166666666667 0.6342592592592593 0.515625 0.6527777777777778 0.5114583333333333 0.6481481481481481 0.5083333333333333 0.6305555555555555 0.5088541666666667 0.6138888888888889 0.5114583333333333 0.6101851851851852 0.5151041666666667 0.6101851851851852
1 0.7895833333333333 0.0962962962962963 0.7942708333333334 0.09814814814814815 0.7958333333333333 0.11018518518518519 0.7880208333333333 0.13796296296296295 0.7838541666666666 0.14166666666666666 0.7807291666666667 0.13796296296296295 0.7854166666666667 0.10925925925925926 0.7895833333333333 0.09722222222222222
1 0.6411458333333333 0.23148148148148148 0.6453125 0.24722222222222223 0.6453125 0.25555555555555554 0.6333333333333333 0.287962962962963 0.63125 0.28425925925925927 0.6348958333333333 0.2675925925925926 0.6338541666666667 0.24537037037037038 0.640625 0.23148148148148148
1 0.6015625 0 0.6088541666666667 0 0.6057291666666667 0.020370370370370372 0.6020833333333333 0.018518518518518517 0.6015625 0.000925925925925926