1 0.27291666666666664 0.9481481481481482 0.278125 0.9592592592592593 0.2838541666666667 0.9629629629629629 0.28229166666666666 0.9731481481481481 0.28489583333333335 0.9805555555555555 0.28125 0.9851851851851852 0.26458333333333334 0.9768518518518519 0.265625 0.9527777777777777 0.26875 0.9462962962962963 0.27239583333333334 0.9481481481481482
1 0.8484375 0.11574074074074074 0.8494791666666667 0.12407407407407407 0.8416666666666667 0.15648148148148147 0.8390625 0.15925925925925927 0.8338541666666667 0.1574074074074074 0.8338541666666667 0.14537037037037037 0.8385416666666666 0.13055555555555556 0.8479166666666667 0.11666666666666667
1 0.12864583333333332 0.12962962962962962 0.13333333333333333 0.14444444444444443 0.1265625 0.1537037037037037 0.12291666666666666 0.15185185185185185 0.11770833333333333 0.12962962962962962 0.11770833333333333 0.11481481481481481 0.1203125 0.1111111111111111 0.128125 0.12962962962962962
1 0.18697916666666667 0.7694444444444445 0.1890625 0.774074074074074 0.19635416666666666 0.775 0.20208333333333334 0.7824074074074074 0.2046875 0.7953703703703704 0.2109375 0.8083333333333333 0.21041666666666667 0.812962962962963 0.20625 0.8185185185185185 0.20104166666666667 0.8175925925925925 0.19479166666666667 0.8092592592592592 0.18229166666666666 0.8 0.18125 0.7722222222222223 0.18645833333333334 0.7694444444444445
1 0.6625 0.24259259259259258 0.6645833333333333 0.262037037037037 0.6614583333333334 0.26851851851851855 0.6598958333333333 0.2861111111111111 0.6578125 0.28888888888888886 0.6510416666666666 0.2861111111111111 0.6505208333333333 0.2814814814814815 0.6526041666666667 0.2777777777777778 0.6583333333333333 0.24444444444444444 0.6619791666666667 0.24259259259259258
1 0.6020833333333333 0.040740740740740744 0.6041666666666666 0.062037037037037036 0.5994791666666667 0.08055555555555556 0.5963541666666666 0.08055555555555556 0.5958333333333333 0.05648148148148148 0.6015625 0.041666666666666664
1 0.1640625 0.023148148148148147 0.16927083333333334 0.03425925925925926 0.171875 0.046296296296296294 0.171875 0.05462962962962963 0.16822916666666668 0.06111111111111111 0.16458333333333333 0.06018518518518518 0.16354166666666667 0.04814814814814815 0.15833333333333333 0.03148148148148148 0.15989583333333332 0.024074074074074074 0.16354166666666667 0.023148148148148147
1 0.8817708333333333 0.8851851851851852 0.8880208333333334 0.8907407407407407 0.8895833333333333 0.9018518518518519 0.8880208333333334 0.9185185185185185 0.878125 0.9194444444444444 0.8682291666666667 0.9259259259259259 0.8635416666666667 0.9324074074074075 0.8598958333333333 0.9287037037037037 0.8598958333333333 0.9203703703703704 0.8520833333333333 0.9222222222222223 0.8515625 0.9175925925925926 0.8625 0.899074074074074 0.8765625 0.8851851851851852 0.88125 0.8851851851851852
1 0.14635416666666667 0.04259259259259259 0.1515625 0.05740740740740741 0.15104166666666666 0.07037037037037037 0.14739583333333334 0.07222222222222222 0.140625 0.06666666666666667 0.13854166666666667 0.05462962962962963 0.13854166666666667 0.04351851851851852 0.140625 0.03981481481481482 0.14583333333333334 0.04259259259259259
1 0.7895833333333333 0.13425925925925927 0.7932291666666667 0.14722222222222223 0.7864583333333334 0.1648148148148148 0.7848958333333333 0.17407407407407408 0.7828125 0.17777777777777778 0.7807291666666667 0.17592592592592593 0.7796875 0.1685185185185185 0.7838541666666666 0.1425925925925926 0.7864583333333334 0.13518518518518519 0.7890625 0.13518518518518519
1 0.915625 0.5148148148148148 0.9171875 0.5185185185185185 0.9166666666666666 0.5388888888888889 0.9072916666666667 0.55 0.8979166666666667 0.5666666666666667 0.89375 0.5648148148148148 0.8916666666666667 0.5601851851851852 0.8921875 0.5564814814814815 0.903125 0.5259259259259259 0.9151041666666667 0.5148148148148148
1 0.3104166666666667 0.9138888888888889 0.3140625 0.9120370370370371 0.32083333333333336 0.9194444444444444 0.3265625 0.9425925925925925 0.3260416666666667 0.9527777777777777 0.32083333333333336 0.9574074074074074 0.3182291666666667 0.9555555555555556 0.3171875 0.9490740740740741 0.303125 0.9287037037037037 0.303125 0.9212962962962963 0.3104166666666667 0.9148148148148149
1 0.32083333333333336 0.8296296296296296 0.3328125 0.8425925925925926 0.33177083333333335 0.862037037037037 0.3380208333333333 0.8685185185185185 0.3380208333333333 0.875 0.3255208333333333 0.8685185185185185 0.3182291666666667 0.8712962962962963 0.3140625 0.8694444444444445 0.3140625 0.8481481481481481 0.30885416666666665 0.8351851851851851 0.31145833333333334 0.8314814814814815 0.3203125 0.8296296296296296
1 0.6442708333333333 0.15324074074074073 0.011458333333333333 0.04537037037037037
1 0.5916666666666667 0 0.5953125 0.009259259259259259 0.5958333333333333 0.021296296296296296 0.5916666666666667 0.041666666666666664 0.5885416666666666 0.04537037037037037 0.5864583333333333 0.04351851851851852 0.5875 0.008333333333333333 0.5916666666666667 0.000925925925925926
1 0.1578125 0.05925925925925926 0.16458333333333333 0.07037037037037037 0.16510416666666666 0.08518518518518518 0.16145833333333334 0.08981481481481482 0.15364583333333334 0.07685185185185185 0.15364583333333334 0.062037037037037036 0.15729166666666666 0.05925925925925926
1 0.11979166666666667 0.887962962962963 0.12291666666666666 0.8944444444444445 0.13125 0.8925925925925926 0.13645833333333332 0.8962962962962963 0.14114583333333333 0.9092592592592592 0.15572916666666667 0.9342592592592592 0.15625 0.9398148148148148 0.15416666666666667 0.9435185185185185 0.14322916666666666 0.9333333333333333 0.12916666666666668 0.9361111111111111 0.11770833333333333 0.925 0.11458333333333333 0.9185185185185185 0.115625 0.9074074074074074 0.1125 0.8972222222222223 0.11510416666666666 0.887962962962963 0.11927083333333334 0.887962962962963
1 0.5223958333333333 0.30092592592592593 0.5223958333333333 0.275 0.5260416666666666 0.26481481481481484 0.5291666666666667 0.2657407407407407 0.5333333333333333 0.27870370370370373 0.5333333333333333 0.28703703703703703 0.5255208333333333 0.3037037037037037 0.5229166666666667 0.30092592592592593
1 0.09895833333333333 0.08518518518518518 0.10260416666666666 0.09074074074074075 0.1109375 0.12129629629629629 0.1109375 0.12685185185185185 0.10572916666666667 0.1398148148148148 0.103125 0.13703703703703704 0.1046875 0.11944444444444445 0.09791666666666667 0.11203703703703703 0.09270833333333334 0.0962962962962963 0.09375 0.08703703703703704 0.0953125 0.08425925925925926 0.0984375 0.08518518518518518
1 0.9390625 0.5842592592592593 0.9510416666666667 0.5601851851851852 0.9640625 0.5574074074074075 0.9661458333333334 0.562962962962963 0.9640625 0.5842592592592593 0.9557291666666666 0.6018518518518519 0.9390625 0.5935185185185186 0.9390625 0.5851851851851851
1 0.6473958333333333 0.013888888888888888 0.6505208333333333 0.019444444444444445 0.6489583333333333 0.040740740740740744 0.6473958333333333 0.04351851851851852 0.6442708333333333 0.040740740740740744 0.6453125 0.017592592592592594 0.646875 0.014814814814814815
1 0.47708333333333336 0.8231481481481482 0.48385416666666664 0.8314814814814815 0.48385416666666664 0.8425925925925926 0.48072916666666665 0.8481481481481481 0.48020833333333335 0.8611111111111112 0.47708333333333336 0.8611111111111112 0.4703125 0.8518518518518519 0.4666666666666667 0.8564814814814815 0.4640625 0.8537037037037037 0.4666666666666667 0.8194444444444444 0.47239583333333335 0.8175925925925925 0.4765625 0.8231481481481482
1 0.5541666666666667 0.825 0.5588541666666667 0.8314814814814815 0.5604166666666667 0.8416666666666667 0.5510416666666667 0.8592592592592593 0.5432291666666667 0.8657407407407407 0.5385416666666667 0.862037037037037 0.5385416666666667 0.8583333333333333 0.5427083333333333 0.8537037037037037 0.5432291666666667 0.8314814814814815 0.546875 0.825 0.5536458333333333 0.825
1 0.3260416666666667 0.10462962962962963 0.3328125 0.11944444444444445 0.33125 0.14814814814814814 0.32395833333333335 0.13333333333333333 0.3223958333333333 0.12407407407407407 0.3229166666666667 0.10833333333333334 0.3255208333333333 0.10462962962962963
1 0.5432291666666667 0.2222222222222222 0.5463541666666667 0.22314814814814815 0.5515625 0.23425925925925925 0.5484375 0.26481481481481484 0.5453125 0.2657407407407407 0.5421875 0.24166666666666667 0.5432291666666667 0.22314814814814815
1 0.025 0.24351851851851852 0.035416666666666666 0.2601851851851852 0.0390625 0.2759259259259259 0.036458333333333336 0.2824074074074074 0.029166666666666667 0.2814814814814815 0.027604166666666666 0.27870370370370373 0.021354166666666667 0.2537037037037037 0.017708333333333333 0.24814814814814815 0.021354166666666667 0.24074074074074073 0.024479166666666666 0.24351851851851852
1 0.14583333333333334 0.07037037037037037 0.14947916666666666 0.07592592592592592 0.15104166666666666 0.09166666666666666 0.1546875 0.09907407407407408 0.15052083333333333 0.10648148148148148 0.1453125 0.10277777777777777 0.14010416666666667 0.10462962962962963 0.13802083333333334 0.09814814814814815 0.1390625 0.07407407407407407 0.14114583333333333 0.07037037037037037 0.1453125 0.07037037037037037
1 0.40260416666666665 0.6685185185185185 0.40625 0.6768518518518518 0.40572916666666664 0.6833333333333333 0.4005208333333333 0.6916666666666667 0.39427083333333335 0.6944444444444444 0.38958333333333334 0.6935185185185185 0.39010416666666664 0.6444444444444445 0.39479166666666665 0.6444444444444445 0.39895833333333336 0.6537037037037037 0.40208333333333335 0.6685185185185185
1 0.7578125 0.13333333333333333 0.7598958333333333 0.14351851851851852 0.7510416666666667 0.17314814814814813 0.7473958333333334 0.17314814814814813 0.7463541666666667 0.17037037037037037 0.75 0.15092592592592594 0.75 0.14074074074074075 0.7526041666666666 0.13333333333333333 0.7572916666666667 0.13333333333333333
1 0.6036458333333333 0.02824074074074074 0.008333333333333333 0.03796296296296296
1 0 0.22962962962962963 0.005208333333333333 0.23148148148148148 0.019270833333333334 0.2611111111111111 0.015625 0.26851851851851855 0.0125 0.26851851851851855 0.004166666666666667 0.2574074074074074 0.0020833333333333333 0.2462962962962963 0 0.24444444444444444 0 0.23055555555555557
1 0.16510416666666666 0.08703703703703704 0.16822916666666668 0.09074074074074075 0.175 0.12037037037037036 0.17447916666666666 0.1259259259259259 0.171875 0.12777777777777777 0.16927083333333334 0.1259259259259259 0.1609375 0.10092592592592593 0.1609375 0.09166666666666666 0.16458333333333333 0.08703703703703704
1 0.20729166666666668 0.7212962962962963 0.21302083333333333 0.7277777777777777 0.2171875 0.7277777777777777 0.221875 0.7342592592592593 0.225 0.7462962962962963 0.23385416666666667 0.7657407407407407 0.23385416666666667 0.7722222222222223 0.23020833333333332 0.7722222222222223 0.22395833333333334 0.7638888888888888 0.21666666666666667 0.7648148148148148 0.20833333333333334 0.7527777777777778 0.20416666666666666 0.7296296296296296 0.20416666666666666 0.7240740740740741 0.20677083333333332 0.7212962962962963
1 0.7130208333333333 0.2953703703703704 0.7166666666666667 0.3138888888888889 0.7104166666666667 0.325 0.70625 0.3425925925925926 0.7036458333333333 0.34629629629629627 0.7005208333333334 0.34629629629629627 0.6979166666666666 0.337037037037037 0.6927083333333334 0.3333333333333333 0.7010416666666667 0.325 0.70625 0.30277777777777776 0.7098958333333333 0.2953703703703704 0.7125 0.2953703703703704
1 0.6265625 0.010185185185185186 0.6286458333333333 0.024074074074074074 0.6276041666666666 0.03611111111111111 0.6244791666666667 0.03796296296296296 0.6208333333333333 0.03425925925925926 0.6223958333333334 0.012962962962962963 0.6260416666666667 0.010185185185185186
1 0.21041666666666667 0.037037037037037035 0.21614583333333334 0.04537037037037037 0.21666666666666667 0.07407407407407407 0.21041666666666667 0.0712962962962963 0.20625 0.049074074074074076 0.20729166666666668 0.03981481481481482 0.20989583333333334 0.037037037037037035
1 0.140625 0.09722222222222222 0.14635416666666667 0.10277777777777777 0.15052083333333333 0.12037037037037036 0.15052083333333333 0.12685185185185185 0.14739583333333334 0.12962962962962962 0.140625 0.11296296296296296 0.140625 0.09814814814814815
1 0.8942708333333333 0.9324074074074075 0.896875 0.9407407407407408 0.9005208333333333 0.9324074074074075 0.9041666666666667 0.9333333333333333 0.9052083333333333 0.9388888888888889 0.9010416666666666 0.9453703703703704 0.9026041666666667 0.9611111111111111 0.89375 0.9833333333333333 0.8895833333333333 0.9805555555555555 0.8921875 0.9675925925925926 0.890625 0.9611111111111111 0.8885416666666667 0.9666666666666667 0.8833333333333333 0.9703703703703703 0.8791666666666667 0.9638888888888889 0.8682291666666667 0.9703703703703703 0.8609375 0.9703703703703703 0.8567708333333334 0.9666666666666667 0.8583333333333333 0.9629629629629629 0.8770833333333333 0.9490740740740741 0.8828125 0.937962962962963 0.89375 0.9324074074074075
1 0.5755208333333334 0.337037037037037 0.5796875 0.35185185185185186 0.5713541666666667 0.387037037037037 0.5661458333333333 0.36944444444444446 0.565625 0.35462962962962963 0.5671875 0.34444444444444444 0.5713541666666667 0.33796296296296297 0.575 0.337037037037037
1 0.9 0.5074074074074074 0.9005208333333333 0.5148148148148148 0.8984375 0.524074074074074 0.8901041666666667 0.5425925925925926 0.8838541666666667 0.549074074074074 0.8770833333333333 0.5472222222222223 0.8796875 0.5324074074074074 0.8869791666666667 0.5148148148148148 0.8973958333333333 0.5064814814814815 0.8994791666666667 0.5074074074074074
1 0.70078125 0.1337962962962963 0.011979166666666667 0.04351851851851852
1 0.5963541666666666 0.08333333333333333 0.5994791666666667 0.08796296296296297 0.6 0.09814814814814815 0.5953125 0.125 0.5932291666666667 0.12314814814814815 0.5916666666666667 0.09722222222222222 0.5958333333333333 0.08333333333333333
1 0.8671875 0.2064814814814815 0.8708333333333333 0.2101851851851852 0.871875 0.21944444444444444 0.8609375 0.2388888888888889 0.8557291666666667 0.25555555555555554 0.853125 0.2574074074074074 0.85 0.25462962962962965 0.8557291666666667 0.24074074074074073 0.8557291666666667 0.23055555555555557 0.8609375 0.21296296296296297 0.8666666666666667 0.2064814814814815
1 0.8661458333333333 0.8564814814814815 0.8708333333333333 0.862037037037037 0.8671875 0.8916666666666667 0.8432291666666667 0.9046296296296297 0.8395833333333333 0.9046296296296297 0.8375 0.9009259259259259 0.8421875 0.8907407407407407 0.8416666666666667 0.8805555555555555 0.8505208333333333 0.8694444444444445 0.8536458333333333 0.8611111111111112 0.865625 0.8564814814814815
1 0.28802083333333334 0.9166666666666666 0.3015625 0.9296296296296296 0.30416666666666664 0.9351851851851852 0.30625 0.9564814814814815 0.30052083333333335 0.9675925925925926 0.29791666666666666 0.9666666666666667 0.29375 0.9527777777777777 0.2833333333333333 0.9407407407407408 0.284375 0.9314814814814815 0.28020833333333334 0.925 0.28020833333333334 0.9194444444444444 0.28229166666666666 0.9157407407407407 0.2875 0.9166666666666666
1 0.5299479166666666 0.3287037037037037 0.0109375 0.06111111111111111
1 0.34270833333333334 0.8953703703703704 0.3494791666666667 0.9074074074074074 0.3489583333333333 0.9185185185185185 0.35208333333333336 0.937037037037037 0.35208333333333336 0.9425925925925925 0.3463541666666667 0.9472222222222222 0.34270833333333334 0.937037037037037 0.3333333333333333 0.9314814814814815 0.32708333333333334 0.9111111111111111 0.33125 0.9009259259259259 0.3380208333333333 0.8944444444444445 0.3421875 0.8953703703703704
1 0.05364583333333333 0.1259259259259259 0.06041666666666667 0.1398148148148148 0.0609375 0.14722222222222223 0.0671875 0.16666666666666666 0.0671875 0.175 0.06510416666666667 0.1685185185185185 0.053125 0.1527777777777778 0.04739583333333333 0.13703703703703704 0.046875 0.12685185185185185 0.053125 0.1259259259259259
1 0.7760416666666666 0.9203703703703704 0.7802083333333333 0.9287037037037037 0.7802083333333333 0.9462962962962963 0.7791666666666667 0.9518518518518518 0.7723958333333333 0.9583333333333334 0.76875 0.9666666666666667 0.7619791666666667 0.9638888888888889 0.7552083333333334 0.9555555555555556 0.7411458333333333 0.9527777777777777 0.7385416666666667 0.9453703703703704 0.7588541666666667 0.9398148148148148 0.765625 0.9277777777777778 0.7640625 0.9212962962962963 0.7755208333333333 0.9203703703703704
1 0.7307291666666667 0.3824074074074074 0.7359375 0.3731481481481482 0.7401041666666667 0.37592592592592594 0.7395833333333334 0.3925925925925926 0.7307291666666667 0.4212962962962963 0.7239583333333334 0.4185185185185185 0.7307291666666667 0.38333333333333336
1 0.6119791666666666 0 0.6161458333333333 0 0.6182291666666667 0.011111111111111112 0.6125 0.046296296296296294 0.6109375 0.04351851851851852 0.6098958333333333 0.019444444444444445 0.6119791666666666 0.000925925925925926
1 0.2484375 0.9453703703703704 0.2546875 0.9518518518518518 0.25625 0.9611111111111111 0.26145833333333335 0.9731481481481481 0.26197916666666665 0.9851851851851852 0.2557291666666667 0.9916666666666667 0.25104166666666666 0.9898148148148148 0.24791666666666667 0.9796296296296296 0.240625 0.9740740740740741 0.23802083333333332 0.9583333333333334 0.23072916666666668 0.9564814814814815 0.2296875 0.9527777777777777 0.23333333333333334 0.9481481481481482 0.24791666666666667 0.9453703703703704
1 0.8140625 0.14444444444444443 0.8171875 0.14444444444444443 0.81875 0.15648148148148147 0.8171875 0.1648148148148148 0.8078125 0.18518518518518517 0.8036458333333333 0.18796296296296297 0.8020833333333334 0.18611111111111112 0.8072916666666666 0.16018518518518518 0.8140625 0.14537037037037037
1 0.3072916666666667 0.6138888888888889 0.32083333333333336 0.625 0.3229166666666667 0.6351851851851852 0.32760416666666664 0.6398148148148148 0.32760416666666664 0.6435185185185185 0.31875 0.6555555555555556 0.3177083333333333 0.662962962962963 0.3140625 0.6685185185185185 0.30364583333333334 0.6240740740740741 0.30416666666666664 0.6157407407407407 0.3067708333333333 0.6138888888888889
1 0.8453125 0.4703703703703704 0.8473958333333333 0.47962962962962963 0.8463541666666666 0.4888888888888889 0.8411458333333334 0.49444444444444446 0.8286458333333333 0.5194444444444445 0.825 0.5120370370370371 0.8213541666666667 0.5101851851851852 0.8244791666666667 0.4935185185185185 0.8348958333333333 0.4703703703703704 0.8447916666666667 0.4703703703703704