1 0.2552083333333333 0.9120370370370371 0.26197916666666665 0.9157407407407407 0.26614583333333336 0.9268518518518518 0.26614583333333336 0.9481481481481482 0.2604166666666667 0.9527777777777777 0.25 0.950925925925926 0.24166666666666667 0.9351851851851852 0.24270833333333333 0.9287037037037037 0.24114583333333334 0.9175925925925926 0.24791666666666667 0.9101851851851852 0.2546875 0.9120370370370371
1 0.2734375 0.8851851851851852 0.2760416666666667 0.8916666666666667 0.2838541666666667 0.8981481481481481 0.28541666666666665 0.912962962962963 0.28958333333333336 0.9185185185185185 0.28958333333333336 0.9259259259259259 0.2859375 0.9324074074074075 0.2703125 0.9157407407407407 0.26458333333333334 0.9138888888888889 0.2625 0.9083333333333333 0.26197916666666665 0.9009259259259259 0.26510416666666664 0.887962962962963 0.27291666666666664 0.8851851851851852
1 0.8484375 0.15833333333333333 0.8520833333333333 0.16574074074074074 0.8526041666666667 0.17222222222222222 0.8416666666666667 0.20277777777777778 0.8375 0.19907407407407407 0.840625 0.1787037037037037 0.8479166666666667 0.15925925925925927
1 0.06666666666666667 0.18611111111111112 0.07135416666666666 0.19537037037037036 0.0671875 0.1962962962962963 0.06354166666666666 0.1925925925925926 0.06354166666666666 0.2037037037037037 0.06041666666666667 0.2064814814814815 0.05572916666666667 0.18888888888888888 0.04791666666666667 0.17407407407407408 0.04895833333333333 0.16111111111111112 0.05625 0.1527777777777778 0.05520833333333333 0.1574074074074074 0.06614583333333333 0.18611111111111112
1 0.24270833333333333 0.6898148148148148 0.24791666666666667 0.6953703703703704 0.2515625 0.7111111111111111 0.26614583333333336 0.7083333333333334 0.265625 0.7129629629629629 0.26145833333333335 0.7166666666666667 0.24739583333333334 0.7222222222222222 0.24895833333333334 0.7379629629629629 0.2453125 0.7444444444444445 0.240625 0.7305555555555555 0.2328125 0.7268518518518519 0.2359375 0.7212962962962963 0.2359375 0.7129629629629629 0.2328125 0.7037037037037037 0.2328125 0.6907407407407408 0.234375 0.687962962962963 0.2421875 0.6898148148148148
1 0.7442708333333333 0.17592592592592593 0.7463541666666667 0.1814814814814815 0.7458333333333333 0.1925925925925926 0.734375 0.2222222222222222 0.7317708333333334 0.22037037037037038 0.7354166666666667 0.20555555555555555 0.7348958333333333 0.18981481481481483 0.7401041666666667 0.17685185185185184 0.74375 0.17592592592592593
1 0.825 0.2657407407407407 0.8286458333333333 0.26944444444444443 0.8317708333333333 0.2824074074074074 0.8317708333333333 0.2916666666666667 0.8286458333333333 0.2953703703703704 0.8177083333333334 0.2898148148148148 0.8140625 0.28055555555555556 0.8177083333333334 0.2712962962962963 0.8244791666666667 0.2657407407407407
1 0.06354166666666666 0.10925925925925926 0.06770833333333333 0.11018518518518519 0.07083333333333333 0.1175925925925926 0.07447916666666667 0.12037037037037036 0.08229166666666667 0.14629629629629629 0.07864583333333333 0.1527777777777778 0.07447916666666667 0.14722222222222223 0.07239583333333334 0.13703703703703704 0.06458333333333334 0.125 0.06354166666666666 0.11018518518518519
1 0.5348958333333333 0.32685185185185184 0.5328125 0.2916666666666667 0.5364583333333334 0.27870370370370373 0.5390625 0.2759259259259259 0.5432291666666667 0.287962962962963 0.5432291666666667 0.3055555555555556 0.540625 0.32037037037037036 0.5354166666666667 0.32685185185185184
1 0.4708333333333333 0.3851851851851852 0.47708333333333336 0.39537037037037037 0.47708333333333336 0.41574074074074074 0.475 0.43148148148148147 0.4666666666666667 0.43796296296296294 0.46510416666666665 0.39351851851851855 0.4703125 0.3851851851851852
1 0.9057291666666667 0.4842592592592593 0.9072916666666667 0.48703703703703705 0.9057291666666667 0.5037037037037037 0.8838541666666667 0.5388888888888889 0.8791666666666667 0.5370370370370371 0.8791666666666667 0.5324074074074074 0.8890625 0.5148148148148148 0.8921875 0.5018518518518519 0.9 0.48703703703703705 0.9052083333333333 0.4842592592592593
1 0.7135416666666666 0.27314814814814814 0.7114583333333333 0.25555555555555554 0.7088541666666667 0.2490740740740741 0.7078125 0.23703703703703705 0.709375 0.23148148148148148 0.7135416666666666 0.22962962962962963 0.7182291666666667 0.2222222222222222 0.7213541666666666 0.22314814814814815 0.715625 0.2564814814814815 0.7161458333333334 0.26851851851851855 0.7140625 0.2722222222222222
1 0.4046875 0.40370370370370373 0.41302083333333334 0.4212962962962963 0.4119791666666667 0.44907407407407407 0.4078125 0.45740740740740743 0.40572916666666664 0.44351851851851853 0.4 0.4305555555555556 0.39895833333333336 0.4203703703703704 0.4 0.4101851851851852 0.4041666666666667 0.40370370370370373
1 0.13802083333333334 0.08148148148148149 0.14375 0.08425925925925926 0.14375 0.09166666666666666 0.140625 0.08981481481481482 0.13854166666666667 0.08148148148148149
1 0.40572916666666664 0.9555555555555556 0.4083333333333333 0.9601851851851851 0.4078125 0.9712962962962963 0.4119791666666667 0.9814814814814815 0.4119791666666667 0.987037037037037 0.39947916666666666 0.9990740740740741 0.39427083333333335 0.9990740740740741 0.3932291666666667 0.9861111111111112 0.39010416666666664 0.9796296296296296 0.38958333333333334 0.9731481481481481 0.396875 0.9527777777777777 0.40520833333333334 0.9555555555555556
1 0.01875 0.18703703703703703 0.0296875 0.19722222222222222 0.03177083333333333 0.20833333333333334 0.04010416666666667 0.22314814814814815 0.03958333333333333 0.23148148148148148 0.0328125 0.21944444444444444 0.030729166666666665 0.2212962962962963 0.0328125 0.23796296296296296 0.0296875 0.23796296296296296 0.028125 0.22962962962962963 0.020833333333333332 0.22037037037037038 0.0140625 0.19814814814814816 0.0140625 0.18796296296296297 0.018229166666666668 0.18703703703703703
1 0.38645833333333335 0.4203703703703704 0.39479166666666665 0.4351851851851852 0.39479166666666665 0.46944444444444444 0.3932291666666667 0.4722222222222222 0.38958333333333334 0.47129629629629627 0.38645833333333335 0.4564814814814815 0.3802083333333333 0.45555555555555555 0.3796875 0.4305555555555556 0.3828125 0.41944444444444445 0.3859375 0.4203703703703704
1 0.4114583333333333 0.5287037037037037 0.41458333333333336 0.5287037037037037 0.42135416666666664 0.5361111111111111 0.4234375 0.5481481481481482 0.4234375 0.5611111111111111 0.4192708333333333 0.5712962962962963 0.41822916666666665 0.5805555555555556 0.41302083333333334 0.5833333333333334 0.41302083333333334 0.5722222222222222 0.4083333333333333 0.5527777777777778 0.4083333333333333 0.5388888888888889 0.4114583333333333 0.5296296296296297
1 0.8322916666666667 0.3990740740740741 0.8348958333333333 0.4101851851851852 0.8333333333333334 0.42592592592592593 0.8234375 0.4444444444444444 0.8171875 0.44814814814814813 0.8140625 0.45555555555555555 0.8114583333333333 0.45185185185185184 0.8114583333333333 0.4462962962962963 0.8166666666666667 0.4351851851851852 0.8203125 0.4074074074074074 0.8317708333333333 0.3990740740740741
1 0.0921875 0.08981481481481482 0.096875 0.09537037037037037 0.09895833333333333 0.10833333333333334 0.10625 0.12129629629629629 0.10572916666666667 0.12407407407407407 0.0984375 0.12129629629629629 0.09895833333333333 0.12962962962962962 0.0953125 0.13240740740740742 0.09322916666666667 0.11666666666666667 0.08697916666666666 0.09537037037037037 0.0875 0.09166666666666666 0.09166666666666666 0.08981481481481482
1 0.11197916666666667 0.09537037037037037 0.12239583333333333 0.12962962962962962 0.11614583333333334 0.1398148148148148 0.1125 0.13703703703703704 0.10364583333333334 0.1037037037037037 0.10520833333333333 0.09444444444444444 0.11145833333333334 0.09537037037037037
1 0.4192708333333333 0.4101851851851852 0.425 0.4212962962962963 0.428125 0.45 0.4244791666666667 0.4564814814814815 0.42135416666666664 0.44722222222222224 0.42083333333333334 0.45925925925925926 0.415625 0.4675925925925926 0.4140625 0.46574074074074073 0.4166666666666667 0.45185185185185184 0.41354166666666664 0.4351851851851852 0.41354166666666664 0.4166666666666667 0.41875 0.4101851851851852
1 0.10260416666666666 0.05648148148148148 0.10833333333333334 0.06759259259259259 0.109375 0.08148148148148149 0.11510416666666666 0.09166666666666666 0.11302083333333333 0.0962962962962963 0.10520833333333333 0.09166666666666666 0.096875 0.07037037037037037 0.09635416666666667 0.06111111111111111 0.0984375 0.05648148148148148 0.10208333333333333 0.05648148148148148
1 0.2911458333333333 0.8861111111111111 0.2953125 0.8888888888888888 0.30104166666666665 0.9018518518518519 0.30520833333333336 0.9055555555555556 0.30364583333333334 0.9148148148148149 0.3067708333333333 0.9231481481481482 0.3046875 0.9287037037037037 0.3 0.9296296296296296 0.29791666666666666 0.9231481481481482 0.2916666666666667 0.9194444444444444 0.2864583333333333 0.9314814814814815 0.28802083333333334 0.9185185185185185 0.284375 0.9083333333333333 0.2838541666666667 0.8935185185185185 0.2864583333333333 0.8870370370370371 0.290625 0.8861111111111111
1 0.759375 0.075 0.7619791666666667 0.08055555555555556 0.7619791666666667 0.08981481481481482 0.7552083333333334 0.10740740740740741 0.7546875 0.12037037037037036 0.7515625 0.12777777777777777 0.75 0.12037037037037036 0.7505208333333333 0.08796296296296297 0.7541666666666667 0.07777777777777778 0.7588541666666667 0.075
1 0.7963541666666667 0.08703703703703704 0.8010416666666667 0.09351851851851851 0.8015625 0.09907407407407408 0.7921875 0.1287037037037037 0.7859375 0.13425925925925927 0.7854166666666667 0.12314814814814815 0.7895833333333333 0.09722222222222222 0.7932291666666667 0.08888888888888889 0.7958333333333333 0.08796296296296297
1 0.43333333333333335 0.5222222222222223 0.4421875 0.5370370370370371 0.4427083333333333 0.5435185185185185 0.44114583333333335 0.55 0.4421875 0.5657407407407408 0.4354166666666667 0.587037037037037 0.4322916666666667 0.5907407407407408 0.4317708333333333 0.5574074074074075 0.428125 0.5472222222222223 0.4276041666666667 0.5351851851851852 0.4296875 0.524074074074074 0.4328125 0.5222222222222223
1 0.8958333333333334 0.47314814814814815 0.8979166666666667 0.47685185185185186 0.8973958333333333 0.4861111111111111 0.8786458333333333 0.5175925925925926 0.86875 0.5157407407407407 0.8760416666666667 0.4962962962962963 0.8765625 0.4861111111111111 0.8833333333333333 0.47685185185185186 0.8953125 0.47314814814814815
1 0.28958333333333336 0.5916666666666667 0.3 0.6018518518518519 0.30364583333333334 0.6092592592592593 0.3046875 0.6157407407407407 0.303125 0.6296296296296297 0.30885416666666665 0.6444444444444445 0.30572916666666666 0.6453703703703704 0.28958333333333336 0.6240740740740741 0.2875 0.6129629629629629 0.2875 0.5953703703703703 0.2890625 0.5925925925925926
1 0.20989583333333334 0.9388888888888889 0.22135416666666666 0.9481481481481482 0.2234375 0.9527777777777777 0.221875 0.9638888888888889 0.22760416666666666 0.9879629629629629 0.2203125 0.9990740740740741 0.2125 0.9990740740740741 0.20677083333333332 0.9805555555555555 0.19947916666666668 0.9666666666666667 0.1984375 0.9592592592592593 0.19270833333333334 0.9564814814814815 0.19270833333333334 0.9518518518518518 0.1953125 0.9472222222222222 0.20625 0.937962962962963 0.209375 0.9388888888888889
1 0.4921875 0.23333333333333334 0.49635416666666665 0.24351851851851852 0.4947916666666667 0.27685185185185185 0.490625 0.2759259259259259 0.48854166666666665 0.262037037037037 0.48802083333333335 0.2351851851851852 0.49166666666666664 0.23333333333333334
1 0.4390625 0.40555555555555556 0.44583333333333336 0.41759259259259257 0.4484375 0.4287037037037037 0.44375 0.4666666666666667 0.44114583333333335 0.4666666666666667 0.4390625 0.4398148148148148 0.4322916666666667 0.4212962962962963 0.4359375 0.4083333333333333 0.43854166666666666 0.4064814814814815
1 0.14479166666666668 0.01574074074074074 0.14739583333333334 0.016666666666666666 0.153125 0.03611111111111111 0.15416666666666667 0.04722222222222222 0.15104166666666666 0.05185185185185185 0.14739583333333334 0.04259259259259259 0.14322916666666666 0.03888888888888889 0.14114583333333333 0.022222222222222223 0.14427083333333332 0.01574074074074074
1 0.50625 0.009259259259259259 0.5098958333333333 0.018518518518518517 0.509375 0.04259259259259259 0.5125 0.05 0.5046875 0.05555555555555555 0.5020833333333333 0.053703703703703705 0.5020833333333333 0.023148148148148147 0.503125 0.012037037037037037 0.5057291666666667 0.009259259259259259
1 0.07447916666666667 0.10740740740740741 0.08541666666666667 0.11944444444444445 0.08854166666666667 0.13796296296296295 0.0953125 0.14907407407407408 0.09427083333333333 0.15648148148148147 0.09166666666666666 0.16018518518518518 0.08958333333333333 0.15925925925925927 0.07447916666666667 0.13148148148148148 0.0703125 0.11851851851851852 0.07395833333333333 0.10833333333333334
1 0.2203125 0.6675925925925926 0.2265625 0.6722222222222223 0.23541666666666666 0.687037037037037 0.2328125 0.6944444444444444 0.23020833333333332 0.7203703703703703 0.228125 0.7240740740740741 0.22552083333333334 0.7222222222222222 0.22447916666666667 0.7092592592592593 0.2203125 0.7092592592592593 0.22395833333333334 0.6990740740740741 0.215625 0.674074074074074 0.21666666666666667 0.6685185185185185 0.21979166666666666 0.6675925925925926
1 0.7072916666666667 0.27037037037037037 0.7119791666666667 0.275 0.7125 0.2851851851851852 0.7010416666666667 0.32222222222222224 0.6984375 0.3212962962962963 0.6973958333333333 0.3148148148148148 0.6927083333333334 0.3138888888888889 0.6963541666666667 0.2962962962962963 0.6947916666666667 0.2851851851851852 0.6994791666666667 0.27314814814814814 0.7067708333333333 0.27037037037037037
1 0.42135416666666664 0.3055555555555556 0.4328125 0.3287037037037037 0.4296875 0.33425925925925926 0.4317708333333333 0.34444444444444444 0.4265625 0.35 0.4234375 0.36574074074074076 0.42083333333333334 0.36574074074074076 0.42083333333333334 0.3398148148148148 0.4166666666666667 0.32407407407407407 0.4192708333333333 0.3074074074074074 0.42083333333333334 0.30648148148148147
1 0.32395833333333335 0.8546296296296296 0.33125 0.8638888888888889 0.334375 0.8731481481481481 0.33541666666666664 0.8972222222222223 0.3296875 0.9074074074074074 0.32708333333333334 0.9074074074074074 0.3260416666666667 0.8981481481481481 0.3171875 0.8777777777777778 0.315625 0.8657407407407407 0.31145833333333334 0.8592592592592593 0.31302083333333336 0.8518518518518519 0.3234375 0.8546296296296296
1 0.14895833333333333 0.03981481481481482 0.1515625 0.046296296296296294 0.15364583333333334 0.07037037037037037 0.15364583333333334 0.0787037037037037 0.1515625 0.08148148148148149 0.14895833333333333 0.07962962962962963 0.140625 0.05277777777777778 0.14375 0.03981481481481482 0.1484375 0.03981481481481482
1 0.3697916666666667 0.6166666666666667 0.3765625 0.6240740740740741 0.3802083333333333 0.6481481481481481 0.3854166666666667 0.6638888888888889 0.384375 0.6712962962962963 0.37395833333333334 0.6555555555555556 0.36822916666666666 0.6574074074074074 0.365625 0.6537037037037037 0.365625 0.6231481481481481 0.3692708333333333 0.6166666666666667
1 0.005208333333333333 0.2064814814814815 0.01875 0.22407407407407406 0.020833333333333332 0.23703703703703705 0.028125 0.25092592592592594 0.028125 0.25462962962962965 0.026041666666666668 0.2564814814814815 0.0171875 0.24814814814814815 0.007291666666666667 0.23055555555555557 0.0020833333333333333 0.21388888888888888 0 0.21296296296296297 0 0.20833333333333334 0.0046875 0.2064814814814815
1 0.08125 0.05925925925925926 0.08802083333333334 0.06759259259259259 0.090625 0.07592592592592592 0.090625 0.08796296296296297 0.08489583333333334 0.08981481481481482 0.078125 0.075 0.07708333333333334 0.06666666666666667 0.08072916666666667 0.06018518518518518
1 0.5640625 0.2972222222222222 0.5671875 0.29814814814814816 0.5713541666666667 0.30925925925925923 0.5651041666666666 0.34814814814814815 0.5619791666666667 0.34814814814814815 0.5609375 0.32407407407407407 0.5557291666666667 0.3212962962962963 0.5572916666666666 0.3101851851851852 0.5640625 0.29814814814814816
1 0.8036458333333333 0.2462962962962963 0.8052083333333333 0.2537037037037037 0.8005208333333333 0.26666666666666666 0.7958333333333333 0.26481481481481484 0.7947916666666667 0.2574074074074074 0.7973958333333333 0.24537037037037038 0.803125 0.2462962962962963
1 0.18541666666666667 0.9611111111111111 0.20104166666666667 0.9731481481481481 0.20416666666666666 0.9814814814814815 0.203125 0.9925925925925926 0.19635416666666666 0.9962962962962963 0.17864583333333334 0.9768518518518519 0.17604166666666668 0.9666666666666667 0.18489583333333334 0.962037037037037
1 0.76328125 0.6722222222222223 0.024479166666666666 0.05185185185185185
1 0.5151041666666667 0.6083333333333333 0.5171875 0.6222222222222222 0.5145833333333333 0.6407407407407407 0.5114583333333333 0.649074074074074 0.5072916666666667 0.6472222222222223 0.5015625 0.6111111111111112 0.5083333333333333 0.5962962962962963 0.5119791666666667 0.5962962962962963 0.5145833333333333 0.6083333333333333
1 0.17135416666666667 0.007407407407407408 0.17552083333333332 0.008333333333333333 0.17864583333333334 0.012962962962962963 0.1796875 0.025925925925925925 0.184375 0.03796296296296296 0.18333333333333332 0.04351851851851852 0.17916666666666667 0.046296296296296294 0.175 0.03981481481481482 0.1703125 0.016666666666666666 0.17135416666666667 0.008333333333333333
1 0.6125 0.21388888888888888 0.6161458333333333 0.21851851851851853 0.6161458333333333 0.23425925925925925 0.6130208333333333 0.24166666666666667 0.609375 0.26296296296296295 0.6067708333333334 0.26296296296296295 0.6046875 0.23425925925925925 0.60625 0.22037037037037038 0.6119791666666666 0.21481481481481482
1 0.5109375 0.7870370370370371 0.5114583333333333 0.8157407407407408 0.5151041666666667 0.8277777777777777 0.5125 0.8324074074074074 0.5088541666666667 0.8314814814814815 0.5046875 0.8212962962962963 0.49947916666666664 0.8240740740740741 0.4942708333333333 0.8240740740740741 0.49270833333333336 0.8212962962962963 0.4942708333333333 0.812962962962963 0.5005208333333333 0.8037037037037037 0.5010416666666667 0.7898148148148149 0.5104166666666666 0.7870370370370371
1 0.6161458333333333 0.1787037037037037 0.6203125 0.1925925925925926 0.6161458333333333 0.21574074074074073 0.6114583333333333 0.21203703703703702 0.6104166666666667 0.19722222222222222 0.6109375 0.18611111111111112 0.6130208333333333 0.17962962962962964 0.615625 0.1787037037037037
1 0.7661458333333333 0.3 0.7692708333333333 0.3037037037037037 0.7697916666666667 0.3111111111111111 0.7651041666666667 0.3453703703703704 0.7625 0.34444444444444444 0.7604166666666666 0.3314814814814815 0.7541666666666667 0.3351851851851852 0.753125 0.33055555555555555 0.7578125 0.32314814814814813 0.7619791666666667 0.30648148148148147 0.765625 0.3