1 0.8265625 0.14814814814814814 0.8286458333333333 0.1648148148148148 0.8197916666666667 0.18425925925925926 0.8177083333333334 0.19444444444444445 0.8130208333333333 0.19074074074074074 0.8119791666666667 0.18611111111111112 0.8192708333333333 0.1574074074074074 0.8239583333333333 0.14722222222222223 0.8260416666666667 0.14814814814814814
1 0.6427083333333333 0.025 0.64375 0.040740740740740744 0.6401041666666667 0.05740740740740741 0.6369791666666667 0.06111111111111111 0.6364583333333333 0.032407407407407406 0.6401041666666667 0.024074074074074074 0.6421875 0.025
1 0.0640625 0.15925925925925927 0.06927083333333334 0.1685185185185185 0.06927083333333334 0.17407407407407408 0.0640625 0.1814814814814815 0.058854166666666666 0.18055555555555555 0.05625 0.17314814814814813 0.05625 0.1648148148148148 0.059895833333333336 0.15925925925925927 0.06354166666666666 0.15925925925925927
1 0.85625 0.13055555555555556 0.8578125 0.1388888888888889 0.8505208333333333 0.1685185185185185 0.8458333333333333 0.17592592592592593 0.8421875 0.175 0.8427083333333333 0.1712962962962963 0.8494791666666667 0.14351851851851852 0.8557291666666667 0.13055555555555556
1 0.7817708333333333 0.5944444444444444 0.7963541666666667 0.5842592592592593 0.8 0.5879629629629629 0.796875 0.5962962962962963 0.7947916666666667 0.6157407407407407 0.7885416666666667 0.6203703703703703 0.7760416666666666 0.6407407407407407 0.7723958333333333 0.637962962962963 0.7723958333333333 0.6342592592592593 0.7807291666666667 0.6194444444444445 0.7791666666666667 0.6027777777777777 0.7817708333333333 0.5953703703703703
1 0.8640625 0.2111111111111111 0.8640625 0.22685185185185186 0.8526041666666667 0.2574074074074074 0.8489583333333334 0.2574074074074074 0.8484375 0.25462962962962965 0.8536458333333333 0.23796296296296296 0.8557291666666667 0.2212962962962963 0.8598958333333333 0.21296296296296297 0.8635416666666667 0.2111111111111111
1 0.6036458333333333 0.18055555555555555 0.6067708333333334 0.20092592592592592 0.6020833333333333 0.21851851851851853 0.6020833333333333 0.22685185185185186 0.5989583333333334 0.22685185185185186 0.5942708333333333 0.20833333333333334 0.59375 0.19722222222222222 0.596875 0.18611111111111112 0.6 0.18055555555555555 0.603125 0.18055555555555555
1 0.8625 0.95 0.8682291666666667 0.9592592592592593 0.8677083333333333 0.9694444444444444 0.8625 0.9805555555555555 0.8557291666666667 0.987037037037037 0.85625 0.9944444444444445 0.853125 0.9962962962962963 0.8494791666666667 0.9953703703703703 0.8463541666666666 0.9879629629629629 0.8348958333333333 0.9861111111111112 0.8286458333333333 0.9805555555555555 0.8265625 0.9740740740740741 0.8375 0.9722222222222222 0.8453125 0.962037037037037 0.8515625 0.9472222222222222 0.8619791666666666 0.95
1 0.13645833333333332 0.05185185185185185 0.13958333333333334 0.058333333333333334 0.14375 0.08055555555555556 0.14114583333333333 0.08611111111111111 0.13645833333333332 0.08518518518518518 0.12916666666666668 0.05740740740740741 0.1328125 0.05092592592592592 0.1359375 0.05185185185185185
1 0.8244791666666667 0.48055555555555557 0.8385416666666666 0.4601851851851852 0.84375 0.46296296296296297 0.8447916666666667 0.4722222222222222 0.8447916666666667 0.4842592592592593 0.8369791666666667 0.49444444444444446 0.8348958333333333 0.5111111111111111 0.8317708333333333 0.5157407407407407 0.8276041666666667 0.5092592592592593 0.8229166666666666 0.5083333333333333 0.8260416666666667 0.49444444444444446 0.8260416666666667 0.49074074074074076 0.821875 0.48703703703703705 0.8244791666666667 0.48148148148148145
1 0.7479166666666667 0.09444444444444444 0.7515625 0.10185185185185185 0.7515625 0.10925925925925926 0.7458333333333333 0.13518518518518519 0.7442708333333333 0.13796296296296295 0.7401041666666667 0.1361111111111111 0.7416666666666667 0.1259259259259259 0.740625 0.11296296296296296 0.7442708333333333 0.09814814814814815 0.7473958333333334 0.09537037037037037
1 0.051041666666666666 0.18888888888888888 0.057291666666666664 0.20092592592592592 0.057291666666666664 0.21203703703703702 0.06145833333333333 0.225 0.06041666666666667 0.23148148148148148 0.05677083333333333 0.23148148148148148 0.044270833333333336 0.20277777777777778 0.04635416666666667 0.1925925925925926 0.050520833333333334 0.18888888888888888
1 0.078125 0.21388888888888888 0.07083333333333333 0.19814814814814816 0.0671875 0.19537037037037036 0.065625 0.1814814814814815 0.06770833333333333 0.17777777777777778 0.075 0.1787037037037037 0.078125 0.18518518518518517 0.08697916666666666 0.21574074074074073 0.08333333333333333 0.21851851851851853 0.07864583333333333 0.21388888888888888
1 0.5885416666666666 0.11481481481481481 0.5864583333333333 0.08425925925925926 0.5890625 0.07685185185185185 0.5916666666666667 0.07407407407407407 0.5953125 0.08425925925925926 0.5916666666666667 0.11018518518518519 0.5890625 0.11388888888888889
1 0.7791666666666667 0.5745370370370371 0.021875 0.049074074074074076
1 0.13385416666666666 0.9046296296296297 0.1546875 0.9388888888888889 0.153125 0.9592592592592593 0.15052083333333333 0.9638888888888889 0.14739583333333334 0.9629629629629629 0.13489583333333333 0.9462962962962963 0.1234375 0.9416666666666667 0.11822916666666666 0.9324074074074075 0.1171875 0.9231481481481482 0.1125 0.9185185185185185 0.11145833333333334 0.9148148148148149 0.11614583333333334 0.9064814814814814 0.13333333333333333 0.9046296296296297
1 0.140625 0.08518518518518518 0.14375 0.08611111111111111 0.15104166666666666 0.10092592592592593 0.15416666666666667 0.1259259259259259 0.15104166666666666 0.12685185185185185 0.140625 0.10185185185185185 0.14010416666666667 0.08611111111111111
1 0.7671875 0.8833333333333333 0.7723958333333333 0.8870370370370371 0.7755208333333333 0.8944444444444445 0.7765625 0.9138888888888889 0.7755208333333333 0.9175925925925926 0.7682291666666666 0.9175925925925926 0.7635416666666667 0.9259259259259259 0.7604166666666666 0.9259259259259259 0.7567708333333333 0.9185185185185185 0.7458333333333333 0.9120370370370371 0.7442708333333333 0.9074074074074074 0.7479166666666667 0.9027777777777778 0.7583333333333333 0.8981481481481481 0.7619791666666667 0.8925925925925926 0.7630208333333334 0.8851851851851852 0.7666666666666667 0.8833333333333333
1 0.12708333333333333 0.09074074074074075 0.13385416666666666 0.09907407407407408 0.13541666666666666 0.11203703703703703 0.14114583333333333 0.1259259259259259 0.14010416666666667 0.12962962962962962 0.13645833333333332 0.12777777777777777 0.13229166666666667 0.13333333333333333 0.13020833333333334 0.13333333333333333 0.12916666666666668 0.11574074074074074 0.125 0.10925925925925926 0.12239583333333333 0.09814814814814815 0.12291666666666666 0.09351851851851851 0.1265625 0.09074074074074075
1 0.04635416666666667 0.12962962962962962 0.052083333333333336 0.13333333333333333 0.05572916666666667 0.1398148148148148 0.06145833333333333 0.1574074074074074 0.057291666666666664 0.16203703703703703 0.053125 0.15925925925925927 0.043229166666666666 0.1361111111111111 0.042708333333333334 0.13055555555555556 0.04583333333333333 0.12962962962962962
1 0.9354166666666667 0.5916666666666667 0.9348958333333334 0.587037037037037 0.9416666666666667 0.5777777777777777 0.9473958333333333 0.562962962962963 0.9604166666666667 0.5583333333333333 0.9630208333333333 0.5583333333333333 0.9640625 0.5648148148148148 0.9625 0.5777777777777777 0.959375 0.5861111111111111 0.9510416666666667 0.5907407407407408 0.9442708333333333 0.5990740740740741 0.940625 0.5981481481481481 0.9359375 0.5916666666666667
1 0.2869791666666667 0.9185185185185185 0.3026041666666667 0.9351851851851852 0.30104166666666665 0.950925925925926 0.3046875 0.9611111111111111 0.29791666666666666 0.9731481481481481 0.29635416666666664 0.9731481481481481 0.2947916666666667 0.9629629629629629 0.28229166666666666 0.9453703703703704 0.2828125 0.9342592592592592 0.2786458333333333 0.9268518518518518 0.278125 0.9212962962962963 0.28177083333333336 0.9166666666666666 0.2864583333333333 0.9185185185185185
1 0.2796875 0.7592592592592593 0.28541666666666665 0.7611111111111111 0.28958333333333336 0.7675925925925926 0.28854166666666664 0.7796296296296297 0.29322916666666665 0.7861111111111111 0.2916666666666667 0.7944444444444444 0.2942708333333333 0.8027777777777778 0.29322916666666665 0.8111111111111111 0.28958333333333336 0.8138888888888889 0.28802083333333334 0.8064814814814815 0.284375 0.8009259259259259 0.2765625 0.7935185185185185 0.2713541666666667 0.7925925925925926 0.271875 0.7814814814814814 0.2682291666666667 0.775 0.2682291666666667 0.7694444444444445 0.271875 0.7638888888888888 0.2791666666666667 0.7601851851851852
1 0.33958333333333335 0.8972222222222223 0.34375 0.9009259259259259 0.34739583333333335 0.9101851851851852 0.3463541666666667 0.9212962962962963 0.3489583333333333 0.9277777777777778 0.35104166666666664 0.9453703703703704 0.3453125 0.950925925925926 0.340625 0.9398148148148148 0.334375 0.937962962962963 0.3260416666666667 0.9185185185185185 0.328125 0.9055555555555556 0.3390625 0.8972222222222223
1 0.6604166666666667 0.8490740740740741 0.6677083333333333 0.850925925925926 0.6755208333333333 0.8675925925925926 0.675 0.8759259259259259 0.6604166666666667 0.8972222222222223 0.653125 0.8972222222222223 0.6515625 0.8944444444444445 0.6536458333333334 0.8842592592592593 0.6520833333333333 0.8712962962962963 0.6588541666666666 0.8611111111111112 0.6604166666666667 0.85
1 0.22552083333333334 0.014814814814814815 0.23229166666666667 0.03981481481481482 0.23125 0.04722222222222222 0.2265625 0.04722222222222222 0.2234375 0.03888888888888889 0.22135416666666666 0.016666666666666666 0.225 0.014814814814814815
1 0.0375 0.2064814814814815 0.04375 0.22407407407407406 0.044270833333333336 0.2351851851851852 0.042708333333333334 0.23796296296296296 0.0390625 0.23796296296296296 0.033854166666666664 0.23148148148148148 0.030208333333333334 0.21388888888888888 0.03125 0.2074074074074074 0.03697916666666667 0.2064814814814815
1 0.09166666666666666 0.08981481481481482 0.0953125 0.08796296296296297 0.1 0.09537037037037037 0.10989583333333333 0.1259259259259259 0.1046875 0.1287037037037037 0.10208333333333333 0.125 0.096875 0.1111111111111111 0.090625 0.10185185185185185 0.09166666666666666 0.09074074074074075
1 0.07083333333333333 0.1537037037037037 0.075 0.1527777777777778 0.0828125 0.1648148148148148 0.0875 0.18425925925925926 0.08697916666666666 0.18888888888888888 0.084375 0.18888888888888888 0.07708333333333334 0.17962962962962964 0.07083333333333333 0.15462962962962962
1 0.6005208333333333 0 0.60625 0 0.6067708333333334 0.002777777777777778 0.6046875 0.025925925925925925 0.6020833333333333 0.030555555555555555 0.5989583333333334 0.026851851851851852 0.6005208333333333 0.000925925925925926
1 0.5953125 0.1537037037037037 0.5984375 0.1675925925925926 0.5927083333333333 0.20092592592592592 0.5901041666666667 0.1962962962962963 0.5890625 0.15555555555555556 0.5911458333333334 0.15185185185185185 0.5947916666666667 0.1537037037037037
1 0 0.2537037037037037 0.005729166666666666 0.25462962962962965 0.011979166666666667 0.2601851851851852 0.015104166666666667 0.2722222222222222 0.024479166666666666 0.2824074074074074 0.020833333333333332 0.28425925925925927 0.011979166666666667 0.2814814814814815 0.011979166666666667 0.29259259259259257 0.008333333333333333 0.2935185185185185 0.00625 0.2796296296296296 0 0.27314814814814814 0 0.25462962962962965
1 0.5916666666666667 0.11574074074074074 0.5947916666666667 0.12037037037037036 0.596875 0.12962962962962962 0.5942708333333333 0.15092592592592594 0.5885416666666666 0.15185185185185185 0.5864583333333333 0.13796296296296295 0.5869791666666667 0.12962962962962962 0.5911458333333334 0.11666666666666667
1 0.1921875 0.8953703703703704 0.19583333333333333 0.899074074074074 0.2 0.9120370370370371 0.20625 0.9148148148148149 0.20572916666666666 0.9185185185185185 0.1984375 0.925 0.20364583333333333 0.937962962962963 0.1953125 0.9425925925925925 0.1890625 0.9407407407407408 0.17760416666666667 0.924074074074074 0.17447916666666666 0.9185185185185185 0.17083333333333334 0.9009259259259259 0.17395833333333333 0.8972222222222223 0.17864583333333334 0.9 0.19166666666666668 0.8953703703703704
1 0.6994791666666667 0.2972222222222222 0.7015625 0.3175925925925926 0.6901041666666666 0.35 0.6854166666666667 0.3453703703703704 0.678125 0.34814814814814815 0.6890625 0.32592592592592595 0.6901041666666666 0.30833333333333335 0.6989583333333333 0.2972222222222222
1 0.1609375 0.0712962962962963 0.1640625 0.0712962962962963 0.16822916666666668 0.07685185185185185 0.175 0.10185185185185185 0.175 0.11203703703703703 0.17083333333333334 0.11203703703703703 0.15989583333333332 0.08333333333333333 0.1609375 0.07222222222222222
1 0.3098958333333333 0.9175925925925926 0.32135416666666666 0.924074074074074 0.325 0.9472222222222222 0.325 0.9555555555555556 0.3229166666666667 0.9601851851851851 0.31666666666666665 0.9601851851851851 0.31614583333333335 0.9537037037037037 0.3015625 0.9287037037037037 0.3098958333333333 0.9185185185185185
1 0.11458333333333333 0.11388888888888889 0.12291666666666666 0.13240740740740742 0.125 0.14629629629629629 0.12291666666666666 0.15648148148148147 0.11927083333333334 0.14166666666666666 0.11354166666666667 0.12962962962962962 0.11197916666666667 0.11481481481481481 0.1140625 0.11388888888888889
1 0.025 0.23425925925925925 0.030729166666666665 0.24074074074074073 0.035416666666666666 0.25833333333333336 0.03958333333333333 0.2601851851851852 0.044270833333333336 0.2740740740740741 0.03697916666666667 0.2824074074074074 0.0359375 0.2898148148148148 0.0328125 0.2861111111111111 0.03125 0.27685185185185185 0.019270833333333334 0.25 0.018229166666666668 0.23333333333333334 0.022395833333333334 0.23055555555555557 0.024479166666666666 0.23425925925925925
1 0.16770833333333332 0.9453703703703704 0.18177083333333333 0.9592592592592593 0.1890625 0.962037037037037 0.190625 0.9666666666666667 0.1859375 0.9722222222222222 0.175 0.9722222222222222 0.17291666666666666 0.975925925925926 0.171875 0.9925925925925926 0.16979166666666667 0.9953703703703703 0.16458333333333333 0.9935185185185185 0.16145833333333334 0.9842592592592593 0.153125 0.9842592592592593 0.15 0.9805555555555555 0.15 0.9703703703703703 0.15364583333333334 0.9601851851851851 0.15520833333333334 0.9462962962962963 0.15729166666666666 0.9435185185185185 0.1671875 0.9453703703703704
1 0.8208333333333333 0.35185185185185186 0.8265625 0.36203703703703705 0.8125 0.37407407407407406 0.8088541666666667 0.3731481481481482 0.8088541666666667 0.3675925925925926 0.8177083333333334 0.35 0.8203125 0.35185185185185186
1 0.6692708333333334 0.25833333333333336 0.671875 0.2777777777777778 0.6682291666666667 0.28425925925925927 0.6645833333333333 0.3037037037037037 0.6609375 0.3037037037037037 0.6583333333333333 0.29907407407407405 0.6609375 0.2935185185185185 0.6614583333333334 0.26944444444444443 0.665625 0.25833333333333336 0.66875 0.25833333333333336
1 0.45989583333333334 0.4027777777777778 0.4630208333333333 0.40185185185185185 0.4713541666666667 0.4185185185185185 0.4713541666666667 0.42777777777777776 0.4666666666666667 0.44074074074074077 0.46770833333333334 0.4527777777777778 0.4635416666666667 0.45555555555555555 0.46041666666666664 0.4351851851851852 0.4552083333333333 0.42962962962962964 0.45989583333333334 0.40370370370370373
1 0.21692708333333333 0.02175925925925926 0.009895833333333333 0.03981481481481482
1 0.3932291666666667 0.7518518518518519 0.4005208333333333 0.7574074074074074 0.4046875 0.7657407407407407 0.40520833333333334 0.774074074074074 0.403125 0.7833333333333333 0.4078125 0.7935185185185185 0.4078125 0.7972222222222223 0.40572916666666664 0.799074074074074 0.4010416666666667 0.7972222222222223 0.39375 0.7861111111111111 0.38697916666666665 0.7833333333333333 0.3890625 0.7666666666666667 0.3880208333333333 0.7518518518518519 0.3927083333333333 0.7518518518518519
1 0.6104166666666667 0.023148148148148147 0.6104166666666667 0.044444444444444446 0.6057291666666667 0.06481481481481481 0.6036458333333333 0.05925925925925926 0.6036458333333333 0.03518518518518519 0.6052083333333333 0.026851851851851852 0.6098958333333333 0.023148148148148147
1 0.7286458333333333 0.3787037037037037 0.7307291666666667 0.3861111111111111 0.7296875 0.4 0.7208333333333333 0.43333333333333335 0.7171875 0.4324074074074074 0.715625 0.4148148148148148 0.7244791666666667 0.37962962962962965 0.728125 0.3787037037037037
1 0.7515625 0.12777777777777777 0.7541666666666667 0.13425925925925927 0.7546875 0.14444444444444443 0.7484375 0.17222222222222222 0.7447916666666666 0.17407407407407408 0.7442708333333333 0.1675925925925926 0.7473958333333334 0.14074074074074075 0.7510416666666667 0.1287037037037037
1 0.1609375 0.0824074074074074 0.16770833333333332 0.10185185185185185 0.17083333333333334 0.12129629629629629 0.16822916666666668 0.12407407407407407 0.16614583333333333 0.12222222222222222 0.15520833333333334 0.0962962962962963 0.15625 0.08703703703703704 0.16041666666666668 0.08333333333333333
1 0.25 0.9435185185185185 0.25885416666666666 0.95 0.26197916666666665 0.9564814814814815 0.2677083333333333 0.9481481481481482 0.2708333333333333 0.9490740740740741 0.2765625 0.962037037037037 0.2828125 0.9648148148148148 0.2833333333333333 0.9703703703703703 0.28020833333333334 0.975925925925926 0.2828125 0.987037037037037 0.28020833333333334 0.9898148148148148 0.2760416666666667 0.9888888888888889 0.2713541666666667 0.9805555555555555 0.265625 0.9787037037037037 0.25885416666666666 0.9851851851851852 0.24947916666666667 0.9851851851851852 0.24583333333333332 0.9814814814814815 0.2421875 0.9712962962962963 0.2375 0.9685185185185186 0.23697916666666666 0.9583333333333334 0.24114583333333334 0.9453703703703704 0.24427083333333333 0.9425925925925925 0.24947916666666667 0.9435185185185185
1 0.9994791666666667 0.6546296296296297 0.9994791666666667 0.6842592592592592 0.9947916666666666 0.687962962962963 0.9901041666666667 0.6972222222222222 0.98125 0.7037037037037037 0.9770833333333333 0.7 0.9776041666666667 0.6935185185185185 0.9989583333333333 0.6546296296296297
1 0.8244791666666667 0.36018518518518516 0.8302083333333333 0.36666666666666664 0.83125 0.3787037037037037 0.8291666666666667 0.3907407407407407 0.8229166666666666 0.4074074074074074 0.8197916666666667 0.4101851851851852 0.8140625 0.4083333333333333 0.8125 0.4046296296296296 0.8182291666666667 0.38981481481481484 0.8197916666666667 0.37037037037037035 0.8239583333333333 0.3611111111111111