0 0.675 0.10185185185185185 0.6984375 0.1037037037037037 0.7041666666666667 0.11018518518518519 0.709375 0.125 0.7015625 0.13055555555555556 0.696875 0.1388888888888889 0.6927083333333334 0.15462962962962962 0.6885416666666667 0.15462962962962962 0.6833333333333333 0.14537037037037037 0.6765625 0.1398148148148148 0.6729166666666667 0.12037037037037036 0.675 0.10277777777777777
0 0.5255208333333333 0.1175925925925926 0.5291666666666667 0.12037037037037036 0.5307291666666667 0.1259259259259259 0.5317708333333333 0.15092592592592594 0.525 0.1648148148148148 0.5171875 0.1685185185185185 0.5151041666666667 0.17407407407407408 0.5119791666666667 0.17222222222222222 0.509375 0.15833333333333333 0.5088541666666667 0.1361111111111111 0.5151041666666667 0.11851851851851852 0.525 0.1175925925925926
0 0.0328125 0.49074074074074076 0.0390625 0.48055555555555557 0.0515625 0.4787037037037037 0.05677083333333333 0.49537037037037035 0.05364583333333333 0.5083333333333333 0.033854166666666664 0.5333333333333333 0.019270833333333334 0.5305555555555556 0.015625 0.5259259259259259 0.015625 0.5212962962962963 0.019270833333333334 0.512962962962963 0.027083333333333334 0.512962962962963 0.03177083333333333 0.5083333333333333 0.034375 0.5 0.03333333333333333 0.49166666666666664
0 0.42083333333333334 0.47314814814814815 0.42604166666666665 0.48148148148148145 0.43697916666666664 0.5120370370370371 0.4390625 0.5268518518518519 0.43697916666666664 0.5351851851851852 0.425 0.5611111111111111 0.40989583333333335 0.5694444444444444 0.378125 0.6027777777777777 0.3697916666666667 0.6185185185185185 0.3578125 0.625 0.3484375 0.6222222222222222 0.3375 0.6037037037037037 0.33489583333333334 0.587037037037037 0.33489583333333334 0.5712962962962963 0.33697916666666666 0.5638888888888889 0.35520833333333335 0.5351851851851852 0.35833333333333334 0.525 0.3640625 0.5212962962962963 0.3796875 0.5009259259259259 0.4109375 0.47314814814814815 0.4203125 0.47314814814814815
0 0.0171875 0.5694444444444444 0.034375 0.5712962962962963 0.043229166666666666 0.5787037037037037 0.046875 0.5888888888888889 0.036458333333333336 0.6101851851851852 0.025520833333333333 0.6231481481481481 0.015625 0.6287037037037037 0 0.6231481481481481 0 0.5935185185185186 0.003125 0.5916666666666667 0.0020833333333333333 0.5833333333333334 0.0036458333333333334 0.5768518518518518 0.008854166666666666 0.5777777777777777 0.013541666666666667 0.5703703703703704 0.016666666666666666 0.5694444444444444
0 0.6760416666666667 0.5935185185185186 0.7265625 0.6092592592592593 0.7453125 0.637962962962963 0.7552083333333334 0.6907407407407408 0.7578125 0.7194444444444444 0.7552083333333334 0.7287037037037037 0.7494791666666667 0.7351851851851852 0.7369791666666666 0.7361111111111112 0.7317708333333334 0.7407407407407407 0.7234375 0.7388888888888889 0.7171875 0.7305555555555555 0.6973958333333333 0.7240740740740741 0.6932291666666667 0.7166666666666667 0.6895833333333333 0.7148148148148148 0.6848958333333334 0.7138888888888889 0.6755208333333333 0.7222222222222222 0.6682291666666667 0.7222222222222222 0.6541666666666667 0.7074074074074074 0.6526041666666667 0.6898148148148148 0.6552083333333333 0.6472222222222223 0.6609375 0.6259259259259259 0.665625 0.5944444444444444 0.6677083333333333 0.5916666666666667 0.6755208333333333 0.5935185185185186
0 0.9958333333333333 0.5388888888888889 0.9973958333333334 0.5462962962962963 0.9994791666666667 0.5472222222222223 0.9994791666666667 0.5583333333333333 0.9973958333333334 0.5611111111111111 0.9994791666666667 0.5657407407407408 0.9994791666666667 0.6259259259259259 0.9953125 0.6277777777777778 0.9864583333333333 0.6259259259259259 0.9807291666666667 0.6185185185185185 0.9713541666666666 0.5953703703703703 0.9682291666666667 0.575925925925926 0.9682291666666667 0.5601851851851852 0.971875 0.5509259259259259 0.984375 0.5398148148148149 0.9953125 0.5388888888888889
0 0.5364583333333334 0.4398148148148148 0.54375 0.4462962962962963 0.546875 0.4601851851851852 0.5510416666666667 0.4685185185185185 0.5510416666666667 0.47685185185185186 0.546875 0.4824074074074074 0.5369791666666667 0.4777777777777778 0.5385416666666667 0.46296296296296297 0.534375 0.4564814814814815 0.5333333333333333 0.44907407407407407 0.5338541666666666 0.4425925925925926 0.5359375 0.4398148148148148
0 0.16979166666666667 0.6675925925925926 0.17239583333333333 0.6703703703703704 0.19322916666666667 0.6694444444444444 0.20260416666666667 0.674074074074074 0.2109375 0.6722222222222223 0.2234375 0.6787037037037037 0.23958333333333334 0.674074074074074 0.24479166666666666 0.6768518518518518 0.26666666666666666 0.7351851851851852 0.2671875 0.7481481481481481 0.26510416666666664 0.7583333333333333 0.26145833333333335 0.7694444444444445 0.2552083333333333 0.7777777777777778 0.23854166666666668 0.7805555555555556 0.21927083333333333 0.7953703703703704 0.21875 0.8074074074074075 0.21666666666666667 0.8111111111111111 0.17083333333333334 0.8555555555555555 0.165625 0.8694444444444445 0.15885416666666666 0.8796296296296297 0.14791666666666667 0.8861111111111111 0.13645833333333332 0.8842592592592593 0.12916666666666668 0.887962962962963 0.1171875 0.9 0.10833333333333334 0.8925925925925926 0.08020833333333334 0.8574074074074074 0.0671875 0.8462962962962963 0.06197916666666667 0.7944444444444444 0.058854166666666666 0.7861111111111111 0.059375 0.7620370370370371 0.0625 0.7564814814814815 0.0984375 0.7222222222222222 0.11614583333333334 0.7092592592592593 0.15833333333333333 0.6703703703703704 0.16458333333333333 0.6657407407407407 0.16927083333333334 0.6675925925925926
0 0.4609375 0.20277777777777778 0.4703125 0.21666666666666667 0.471875 0.23055555555555557 0.4708333333333333 0.24351851851851852 0.4630208333333333 0.2537037037037037 0.45260416666666664 0.275 0.44427083333333334 0.2759259259259259 0.44114583333333335 0.2796296296296296 0.428125 0.2759259259259259 0.4265625 0.2601851851851852 0.42864583333333334 0.24814814814814815 0.4453125 0.20833333333333334 0.453125 0.20185185185185187 0.46041666666666664 0.20277777777777778
0 0.20625 0.23333333333333334 0.21614583333333334 0.24537037037037038 0.21666666666666667 0.25277777777777777 0.209375 0.26666666666666666 0.19947916666666668 0.27314814814814814 0.19583333333333333 0.2722222222222222 0.1921875 0.2657407407407407 0.1921875 0.2564814814814815 0.19583333333333333 0.25092592592592594 0.20052083333333334 0.25 0.203125 0.24444444444444444 0.20104166666666667 0.23425925925925925 0.20572916666666666 0.23333333333333334
0 0.42083333333333334 0.40925925925925927 0.42916666666666664 0.41388888888888886 0.43385416666666665 0.42407407407407405 0.4234375 0.4351851851851852 0.41822916666666665 0.43703703703703706 0.4119791666666667 0.42777777777777776 0.4109375 0.41944444444444445 0.4140625 0.41203703703703703 0.4203125 0.40925925925925927
0 0.5744791666666667 0.049074074074074076 0.58125 0.06018518518518518 0.5817708333333333 0.06851851851851852 0.578125 0.09074074074074075 0.5723958333333333 0.09814814814814815 0.5578125 0.0962962962962963 0.5552083333333333 0.09259259259259259 0.5541666666666667 0.08425925925925926 0.5635416666666667 0.05555555555555555 0.5666666666666667 0.05 0.5739583333333333 0.049074074074074076
0 0.7734375 0.2814814814814815 0.7817708333333333 0.2833333333333333 0.7875 0.2898148148148148 0.790625 0.3138888888888889 0.7713541666666667 0.30925925925925923 0.7651041666666667 0.3037037037037037 0.7604166666666666 0.30648148148148147 0.7859375 0.32407407407407407 0.79375 0.33425925925925926 0.7989583333333333 0.3768518518518518 0.7942708333333334 0.3907407407407407 0.7901041666666667 0.39444444444444443 0.771875 0.3925925925925926 0.7614583333333333 0.38425925925925924 0.7588541666666667 0.3768518518518518 0.7588541666666667 0.36203703703703705 0.7552083333333334 0.33796296296296297 0.75625 0.33425925925925926 0.7541666666666667 0.3277777777777778 0.7546875 0.3101851851851852 0.7578125 0.30462962962962964 0.7572916666666667 0.29259259259259257 0.7598958333333333 0.2861111111111111 0.7729166666666667 0.2814814814814815
0 0.20729166666666668 0.27037037037037037 0.21145833333333333 0.2722222222222222 0.22135416666666666 0.2861111111111111 0.22604166666666667 0.30462962962962964 0.22395833333333334 0.3148148148148148 0.21510416666666668 0.32592592592592595 0.20677083333333332 0.3416666666666667 0.19479166666666667 0.3416666666666667 0.1859375 0.3351851851851852 0.18125 0.3111111111111111 0.18177083333333333 0.3 0.18541666666666667 0.2916666666666667 0.19895833333333332 0.27314814814814814 0.20677083333333332 0.27037037037037037
0 0.5927083333333333 0.46574074074074073 0.6015625 0.47314814814814815 0.6010416666666667 0.4777777777777778 0.6057291666666667 0.4898148148148148 0.6088541666666667 0.487962962962963 0.6114583333333333 0.48055555555555557 0.6114583333333333 0.4666666666666667 0.6161458333333333 0.4685185185185185 0.6229166666666667 0.48055555555555557 0.6244791666666667 0.4935185185185185 0.6286458333333333 0.5018518518518519 0.628125 0.5083333333333333 0.6244791666666667 0.512962962962963 0.6192708333333333 0.5111111111111111 0.6130208333333333 0.5009259259259259 0.6015625 0.5 0.5921875 0.49444444444444446 0.5890625 0.48518518518518516 0.5880208333333333 0.4685185185185185 0.5921875 0.46574074074074073
0 0.49270833333333336 0.32407407407407407 0.4984375 0.3314814814814815 0.503125 0.3453703703703704 0.5171875 0.4083333333333333 0.5171875 0.42777777777777776 0.515625 0.43425925925925923 0.5072916666666667 0.4425925925925926 0.49895833333333334 0.4462962962962963 0.49114583333333334 0.4462962962962963 0.48020833333333335 0.4351851851851852 0.47708333333333336 0.4111111111111111 0.4703125 0.3851851851851852 0.46822916666666664 0.36574074074074076 0.46927083333333336 0.33796296296296297 0.4734375 0.3277777777777778 0.4864583333333333 0.32222222222222224 0.4921875 0.32407407407407407
0 0.6447916666666667 0.3314814814814815 0.6578125 0.3416666666666667 0.6645833333333333 0.35185185185185186 0.6854166666666667 0.3972222222222222 0.6890625 0.40925925925925927 0.6895833333333333 0.41574074074074074 0.6864583333333333 0.4287037037037037 0.6822916666666666 0.4351851851851852 0.671875 0.44166666666666665 0.6546875 0.4361111111111111 0.65 0.4203703703703704 0.6307291666666667 0.38796296296296295 0.6260416666666667 0.3861111111111111 0.6229166666666667 0.37962962962962965 0.6208333333333333 0.35462962962962963 0.6234375 0.3435185185185185 0.6260416666666667 0.33796296296296297 0.6348958333333333 0.3314814814814815 0.6442708333333333 0.3314814814814815
0 0.409375 0.2898148148148148 0.4171875 0.29259259259259257 0.4270833333333333 0.3037037037037037 0.42916666666666664 0.3138888888888889 0.428125 0.3388888888888889 0.415625 0.35833333333333334 0.40677083333333336 0.39351851851851855 0.3927083333333333 0.40370370370370373 0.3807291666666667 0.4009259259259259 0.371875 0.39444444444444443 0.3692708333333333 0.3851851851851852 0.36875 0.3712962962962963 0.3776041666666667 0.34814814814814815 0.3765625 0.3388888888888889 0.38333333333333336 0.3296296296296296 0.38645833333333335 0.3194444444444444 0.4010416666666667 0.29259259259259257 0.4088541666666667 0.2898148148148148
1 0.4552083333333333 0.5777777777777777 0.45677083333333335 0.5805555555555556 0.45625 0.6037037037037037 0.453125 0.6092592592592593 0.45260416666666664 0.6222222222222222 0.44947916666666665 0.6333333333333333 0.44583333333333336 0.6333333333333333 0.4479166666666667 0.6018518518518519 0.4427083333333333 0.5879629629629629 0.4427083333333333 0.5722222222222222 0.44583333333333336 0.5648148148148148 0.44947916666666665 0.5648148148148148 0.4546875 0.5777777777777777
1 0.5885416666666666 0.24444444444444444 0.5916666666666667 0.24259259259259258 0.5953125 0.25277777777777777 0.5942708333333333 0.27870370370370373 0.5916666666666667 0.2861111111111111 0.5848958333333333 0.2861111111111111 0.5848958333333333 0.2574074074074074 0.5885416666666666 0.24537037037037038
1 0.5369791666666667 0.24074074074074073 0.5395833333333333 0.24814814814814815 0.5395833333333333 0.2675925925925926 0.5359375 0.2814814814814815 0.5286458333333334 0.25833333333333336 0.53125 0.24814814814814815 0.5364583333333334 0.24074074074074073
1 0.2791666666666667 0.08333333333333333 0.2838541666666667 0.09444444444444444 0.2828125 0.11203703703703703 0.2791666666666667 0.11018518518518519 0.2791666666666667 0.10555555555555556 0.275 0.09537037037037037 0.2755208333333333 0.08425925925925926 0.2786458333333333 0.08333333333333333
1 0.6927083333333334 0.1648148148148148 0.6958333333333333 0.1685185185185185 0.6979166666666666 0.18055555555555555 0.6927083333333334 0.2064814814814815 0.6890625 0.2064814814814815 0.6890625 0.1814814814814815 0.6927083333333334 0.16574074074074074
1 0.5953125 0.11388888888888889 0.5984375 0.1175925925925926 0.6 0.1287037037037037 0.5973958333333333 0.14351851851851852 0.5953125 0.14722222222222223 0.59375 0.14537037037037037 0.5911458333333334 0.13055555555555556 0.5911458333333334 0.11666666666666667 0.5947916666666667 0.11481481481481481
1 0.4473958333333333 0.275 0.4510416666666667 0.2814814814814815 0.4546875 0.3101851851851852 0.446875 0.3148148148148148 0.44375 0.3101851851851852 0.44427083333333334 0.2972222222222222 0.4421875 0.2861111111111111 0.4427083333333333 0.2777777777777778 0.446875 0.275
1 0.3140625 0.03888888888888889 0.31979166666666664 0.053703703703703705 0.31927083333333334 0.06388888888888888 0.3171875 0.06666666666666667 0.31354166666666666 0.06388888888888888 0.31354166666666666 0.03981481481481482
1 0.12239583333333333 0.24074074074074073 0.13020833333333334 0.2638888888888889 0.13020833333333334 0.275 0.1328125 0.27870370370370373 0.1265625 0.28703703703703703 0.11979166666666667 0.27314814814814814 0.11354166666666667 0.2518518518518518 0.11354166666666667 0.24444444444444444 0.11614583333333334 0.23703703703703705 0.11979166666666667 0.23703703703703705 0.121875 0.24074074074074073
1 0.8416666666666667 0.46944444444444444 0.8453125 0.4740740740740741 0.8463541666666666 0.487962962962963 0.8416666666666667 0.5009259259259259 0.8401041666666667 0.5157407407407407 0.8380208333333333 0.5185185185185185 0.8255208333333334 0.5083333333333333 0.8364583333333333 0.4861111111111111 0.8385416666666666 0.47129629629629627 0.8411458333333334 0.4703703703703704
1 0.6125 0.19166666666666668 0.6151041666666667 0.19814814814814816 0.6145833333333334 0.2074074074074074 0.6088541666666667 0.2361111111111111 0.6057291666666667 0.2351851851851852 0.6072916666666667 0.22777777777777777 0.6072916666666667 0.2 0.6119791666666666 0.1925925925925926
1 0.2140625 0.13148148148148148 0.21666666666666667 0.12962962962962962 0.221875 0.1361111111111111 0.22552083333333334 0.16296296296296298 0.2234375 0.1675925925925926 0.21979166666666666 0.16111111111111112 0.21458333333333332 0.14629629629629629 0.2140625 0.13240740740740742
1 0.45677083333333335 0.31296296296296294 0.4625 0.33796296296296297 0.46041666666666664 0.362962962962963 0.4578125 0.36666666666666664 0.45625 0.36574074074074076 0.45625 0.3574074074074074 0.45 0.3398148148148148 0.45208333333333334 0.3175925925925926 0.45625 0.31296296296296294
1 0.5161458333333333 0.31666666666666665 0.5208333333333334 0.3314814814814815 0.5171875 0.33796296296296297 0.5151041666666667 0.35462962962962963 0.5135416666666667 0.35555555555555557 0.5114583333333333 0.35555555555555557 0.5104166666666666 0.35185185185185186 0.509375 0.3314814814814815 0.5135416666666667 0.3175925925925926 0.515625 0.31666666666666665
1 0.07083333333333333 0.2722222222222222 0.059375 0.2537037037037037 0.05625 0.24444444444444444 0.057291666666666664 0.23796296296296296 0.06041666666666667 0.23425925925925925 0.065625 0.23703703703703705 0.07447916666666667 0.2675925925925926 0.07135416666666666 0.2712962962962963
1 0.99375 0.49444444444444446 0.99375 0.5157407407407407 0.9859375 0.5277777777777778 0.9833333333333333 0.5398148148148149 0.9776041666666667 0.5435185185185185 0.9770833333333333 0.5361111111111111 0.9739583333333334 0.5324074074074074 0.965625 0.5407407407407407 0.9598958333333333 0.5407407407407407 0.9598958333333333 0.537962962962963 0.9755208333333333 0.5222222222222223 0.9786458333333333 0.5092592592592593 0.9869791666666666 0.49537037037037035 0.9932291666666667 0.49444444444444446
1 0.6088541666666667 0.09537037037037037 0.6135416666666667 0.11203703703703703 0.6098958333333333 0.1361111111111111 0.6057291666666667 0.13703703703703704 0.6046875 0.1111111111111111 0.6088541666666667 0.0962962962962963
1 0.5270833333333333 0.5064814814814815 0.5322916666666667 0.5148148148148148 0.534375 0.524074074074074 0.5296875 0.549074074074074 0.5291666666666667 0.5694444444444444 0.5255208333333333 0.5675925925925925 0.5244791666666667 0.5407407407407407 0.5203125 0.5231481481481481 0.5213541666666667 0.5148148148148148 0.5265625 0.5064814814814815
1 0.0067708333333333336 0.3712962962962963 0.015104166666666667 0.37592592592592594 0.01875 0.3814814814814815 0.0265625 0.4027777777777778 0.025520833333333333 0.41203703703703703 0.01875 0.4083333333333333 0.015625 0.4148148148148148 0.010416666666666666 0.3962962962962963 0.003125 0.387037037037037 0 0.37777777777777777 0.0020833333333333333 0.37222222222222223 0.00625 0.3712962962962963
1 0.10208333333333333 0.2574074074074074 0.1078125 0.26481481481481484 0.11458333333333333 0.287962962962963 0.11302083333333333 0.2935185185185185 0.10572916666666667 0.2898148148148148 0.103125 0.2851851851851852 0.0984375 0.2657407407407407 0.09947916666666666 0.25833333333333336 0.1015625 0.2574074074074074
1 0.48072916666666665 0.5388888888888889 0.48333333333333334 0.5453703703703704 0.48489583333333336 0.5638888888888889 0.4828125 0.5675925925925925 0.4791666666666667 0.5907407407407408 0.47708333333333336 0.5935185185185186 0.475 0.5851851851851851 0.4744791666666667 0.5648148148148148 0.46822916666666664 0.5611111111111111 0.46875 0.5472222222222223 0.4734375 0.5305555555555556 0.47708333333333336 0.5305555555555556 0.48020833333333335 0.5388888888888889
1 0.5796875 0.10740740740740741 0.5822916666666667 0.1111111111111111 0.5807291666666666 0.13703703703703704 0.5776041666666667 0.14537037037037037 0.5744791666666667 0.14629629629629629 0.5739583333333333 0.11574074074074074 0.5760416666666667 0.10925925925925926 0.5791666666666667 0.10740740740740741
1 0.3848958333333333 0.6185185185185185 0.3953125 0.6296296296296297 0.396875 0.6351851851851852 0.39427083333333335 0.6481481481481481 0.39427083333333335 0.6833333333333333 0.39114583333333336 0.6814814814814815 0.3880208333333333 0.6509259259259259 0.38333333333333336 0.6462962962962963 0.3796875 0.6537037037037037 0.3765625 0.6518518518518519 0.38177083333333334 0.6194444444444445 0.384375 0.6185185185185185
1 0.6953125 0.9175925925925926 0.696875 0.925 0.6958333333333333 0.9453703703703704 0.69375 0.9518518518518518 0.6942708333333333 0.9666666666666667 0.6927083333333334 0.9712962962962963 0.6895833333333333 0.9722222222222222 0.6848958333333334 0.9666666666666667 0.6833333333333333 0.9583333333333334 0.6671875 0.9629629629629629 0.6619791666666667 0.9555555555555556 0.6729166666666667 0.9527777777777777 0.6786458333333333 0.9472222222222222 0.684375 0.9324074074074075 0.6833333333333333 0.925 0.690625 0.9166666666666666 0.6947916666666667 0.9175925925925926
1 0.5010416666666667 0.32314814814814813 0.5010416666666667 0.30925925925925923 0.49635416666666665 0.28888888888888886 0.4979166666666667 0.2740740740740741 0.5010416666666667 0.26851851851851855 0.50625 0.2777777777777778 0.5078125 0.2861111111111111 0.5072916666666667 0.30185185185185187 0.5015625 0.32314814814814813
1 0.08125 0.2611111111111111 0.08489583333333334 0.2611111111111111 0.09322916666666667 0.27037037037037037 0.10104166666666667 0.2898148148148148 0.09791666666666667 0.29444444444444445 0.0953125 0.28703703703703703 0.09427083333333333 0.29907407407407405 0.09270833333333334 0.30277777777777776 0.09010416666666667 0.30277777777777776 0.08645833333333333 0.2833333333333333 0.08125 0.26944444444444443 0.08125 0.262037037037037
1 0.14739583333333334 0.20555555555555555 0.15416666666666667 0.2212962962962963 0.15729166666666666 0.2351851851851852 0.15729166666666666 0.24074074074074073 0.15416666666666667 0.24259259259259258 0.14739583333333334 0.23425925925925925 0.14427083333333332 0.22314814814814815 0.14375 0.20833333333333334 0.146875 0.20555555555555555
1 0.4197916666666667 0.6268518518518519 0.421875 0.6351851851851852 0.421875 0.6537037037037037 0.41875 0.6694444444444444 0.41458333333333336 0.6777777777777778 0.4125 0.675 0.4078125 0.6324074074074074 0.4114583333333333 0.625 0.4192708333333333 0.6268518518518519
1 0.5807291666666666 0.23333333333333334 0.58125 0.24722222222222223 0.5791666666666667 0.26296296296296295 0.575 0.26851851851851855 0.5713541666666667 0.26851851851851855 0.571875 0.2361111111111111 0.5739583333333333 0.22592592592592592 0.5770833333333333 0.22407407407407406 0.5802083333333333 0.23333333333333334
1 0.6197916666666666 0.2675925925925926 0.6234375 0.2722222222222222 0.6244791666666667 0.2777777777777778 0.621875 0.30925925925925923 0.6161458333333333 0.3194444444444444 0.6135416666666667 0.3175925925925926 0.6166666666666667 0.30092592592592593 0.6145833333333334 0.28055555555555556 0.6192708333333333 0.26851851851851855
1 0.4859375 0.26296296296296295 0.490625 0.27870370370370373 0.49114583333333334 0.30648148148148147 0.48802083333333335 0.30648148148148147 0.48385416666666664 0.31296296296296294 0.48125 0.3101851851851852 0.48125 0.2722222222222222 0.4828125 0.26481481481481484 0.48541666666666666 0.26296296296296295
1 0.35208333333333336 0.19814814814814816 0.3489583333333333 0.19537037037037036 0.3463541666666667 0.18611111111111112 0.34479166666666666 0.15555555555555556 0.34791666666666665 0.15648148148148147 0.3515625 0.1685185185185185 0.3541666666666667 0.1925925925925926 0.35260416666666666 0.19722222222222222
1 0.45625 0.26481481481481484 0.46145833333333336 0.28425925925925927 0.45989583333333334 0.30833333333333335 0.4546875 0.3101851851851852 0.45208333333333334 0.287962962962963 0.45208333333333334 0.27870370370370373 0.4557291666666667 0.2657407407407407
1 0.4322916666666667 0.6101851851851852 0.43385416666666665 0.6157407407407407 0.428125 0.649074074074074 0.42552083333333335 0.6527777777777778 0.4234375 0.65 0.4239583333333333 0.6425925925925926 0.41822916666666665 0.6194444444444445 0.41822916666666665 0.6055555555555555 0.42239583333333336 0.6027777777777777 0.425 0.6074074074074074 0.4317708333333333 0.6101851851851852
1 0.13333333333333333 0.2212962962962963 0.13697916666666668 0.2222222222222222 0.1421875 0.23333333333333334 0.14375 0.24444444444444444 0.15208333333333332 0.25462962962962965 0.15052083333333333 0.25833333333333336 0.14791666666666667 0.25462962962962965 0.1453125 0.25555555555555554 0.14375 0.2657407407407407 0.1421875 0.26481481481481484 0.1328125 0.23148148148148148 0.13333333333333333 0.2222222222222222
1 0.0609375 0.9314814814814815 0.08177083333333333 0.9398148148148148 0.078125 0.9546296296296296 0.07864583333333333 0.9731481481481481 0.053125 0.9648148148148148 0.04583333333333333 0.9527777777777777 0.043229166666666666 0.9462962962962963 0.042708333333333334 0.9351851851851852 0.044270833333333336 0.9305555555555556 0.06041666666666667 0.9314814814814815
1 0.05677083333333333 0.24722222222222223 0.06302083333333333 0.275 0.0609375 0.27870370370370373 0.05625 0.2777777777777778 0.04635416666666667 0.25092592592592594 0.04635416666666667 0.24722222222222223 0.05 0.24259259259259258 0.05364583333333333 0.24259259259259258 0.05625 0.24722222222222223
1 0.51875 0.3287037037037037 0.5244791666666667 0.3509259259259259 0.5208333333333334 0.375 0.5171875 0.37962962962962965 0.5140625 0.3787037037037037 0.5135416666666667 0.3453703703703704 0.5182291666666666 0.3296296296296296
1 0.8255208333333334 0.14722222222222223 0.8291666666666667 0.14722222222222223 0.83125 0.1574074074074074 0.8244791666666667 0.18703703703703703 0.8192708333333333 0.18888888888888888 0.821875 0.17592592592592593 0.8213541666666667 0.1648148148148148 0.8255208333333334 0.14814814814814814
1 0.7640625 0.4212962962962963 0.7677083333333333 0.41388888888888886 0.7682291666666666 0.4064814814814815 0.7723958333333333 0.40555555555555556 0.775 0.41759259259259257 0.771875 0.43796296296296294 0.7723958333333333 0.45555555555555555 0.759375 0.44166666666666665 0.7645833333333333 0.42777777777777776 0.7645833333333333 0.4222222222222222
1 0.5119791666666667 0.524074074074074 0.5161458333333333 0.5314814814814814 0.5166666666666667 0.5462962962962963 0.5104166666666666 0.5555555555555556 0.5083333333333333 0.5740740740740741 0.5052083333333334 0.5703703703703704 0.5046875 0.5481481481481482 0.5020833333333333 0.5296296296296297 0.5072916666666667 0.5157407407407407 0.509375 0.5166666666666667 0.5114583333333333 0.524074074074074
1 0.4041666666666667 0.7712962962962963 0.4078125 0.7759259259259259 0.41822916666666665 0.7805555555555556 0.42135416666666664 0.7916666666666666 0.428125 0.799074074074074 0.428125 0.8037037037037037 0.4239583333333333 0.8111111111111111 0.42135416666666664 0.8101851851851852 0.42135416666666664 0.8046296296296296 0.4192708333333333 0.8009259259259259 0.415625 0.8027777777777778 0.4140625 0.8101851851851852 0.41875 0.8175925925925925 0.41822916666666665 0.8240740740740741 0.40729166666666666 0.8138888888888889 0.40520833333333334 0.7953703703703704 0.39895833333333336 0.7814814814814814 0.39947916666666666 0.775 0.4036458333333333 0.7722222222222223
1 0.08854166666666667 0.21574074074074073 0.09635416666666667 0.22962962962962963 0.0984375 0.24351851851851852 0.103125 0.25462962962962965 0.10208333333333333 0.25833333333333336 0.09895833333333333 0.25925925925925924 0.0953125 0.25462962962962965 0.09427083333333333 0.2462962962962963 0.08802083333333334 0.23703703703703705 0.0859375 0.22962962962962963 0.08489583333333334 0.21666666666666667 0.08802083333333334 0.21574074074074073
1 0.5296875 0.2574074074074074 0.5338541666666666 0.27037037037037037 0.5328125 0.30462962962962964 0.5307291666666667 0.3037037037037037 0.5291666666666667 0.2953703703703704 0.5286458333333334 0.30648148148148147 0.5265625 0.30925925925925923 0.5244791666666667 0.3074074074074074 0.525 0.26851851851851855 0.5260416666666666 0.2601851851851852 0.5291666666666667 0.2574074074074074
1 0.5848958333333333 0.10740740740740741 0.5895833333333333 0.11574074074074074 0.5901041666666667 0.12962962962962962 0.5875 0.14444444444444443 0.5848958333333333 0.14722222222222223 0.5817708333333333 0.13055555555555556 0.5822916666666667 0.11388888888888889 0.584375 0.10833333333333334
1 0.390625 0.7768518518518519 0.3953125 0.7814814814814814 0.4041666666666667 0.799074074074074 0.40520833333333334 0.8074074074074075 0.4015625 0.8138888888888889 0.390625 0.8138888888888889 0.3854166666666667 0.7972222222222223 0.3802083333333333 0.7962962962962963 0.3828125 0.7722222222222223 0.38697916666666665 0.7712962962962963 0.39010416666666664 0.7768518518518519
1 0.6265625 0.08611111111111111 0.6296875 0.09537037037037037 0.6260416666666667 0.1175925925925926 0.6234375 0.12222222222222222 0.621875 0.11944444444444445 0.6213541666666667 0.09351851851851851 0.6260416666666667 0.08611111111111111
1 0.5916666666666667 0.08703703703703704 0.5953125 0.08981481481481482 0.596875 0.09814814814814815 0.5963541666666666 0.11666666666666667 0.590625 0.1175925925925926 0.5895833333333333 0.0962962962962963 0.5916666666666667 0.08796296296296297
1 0.390625 0.8240740740740741 0.3963541666666667 0.8324074074074074 0.4015625 0.8481481481481481 0.39739583333333334 0.8685185185185185 0.39479166666666665 0.8694444444444445 0.3880208333333333 0.8537037037037037 0.38333333333333336 0.8490740740740741 0.3848958333333333 0.8277777777777777 0.39010416666666664 0.8240740740740741