0 0.6375 0.17777777777777778 0.6421875 0.18333333333333332 0.6505208333333333 0.2064814814814815 0.6625 0.26481481481481484 0.6614583333333334 0.27685185185185185 0.6578125 0.28425925925925927 0.6473958333333333 0.29074074074074074 0.6328125 0.2898148148148148 0.6244791666666667 0.2796296296296296 0.6223958333333334 0.2601851851851852 0.6109375 0.21944444444444444 0.6125 0.19444444444444445 0.6166666666666667 0.18518518518518517 0.625 0.17777777777777778 0.6369791666666667 0.17777777777777778
0 0.06354166666666666 0.6203703703703703 0.07760416666666667 0.6324074074074074 0.08125 0.6407407407407407 0.08229166666666667 0.6555555555555556 0.07864583333333333 0.6768518518518518 0.07447916666666667 0.687037037037037 0.059895833333333336 0.6972222222222222 0.04895833333333333 0.7222222222222222 0.022916666666666665 0.7685185185185185 0.0203125 0.775 0.01875 0.7925925925925926 0.0125 0.8018518518518518 0.008333333333333333 0.8 0 0.7870370370370371 0 0.6731481481481482 0.007291666666666667 0.6601851851851852 0.016666666666666666 0.6546296296296297 0.04010416666666667 0.6259259259259259 0.05677083333333333 0.6194444444444445 0.06302083333333333 0.6203703703703703
0 0.20208333333333334 0.16944444444444445 0.20625 0.17314814814814813 0.21041666666666667 0.18425925925925926 0.20989583333333334 0.20092592592592592 0.20677083333333332 0.2064814814814815 0.1984375 0.2101851851851852 0.18958333333333333 0.2222222222222222 0.18020833333333333 0.22962962962962963 0.17552083333333332 0.24351851851851852 0.16875 0.25 0.14375 0.24444444444444444 0.13697916666666668 0.22685185185185186 0.13958333333333334 0.21388888888888888 0.14791666666666667 0.19722222222222222 0.15989583333333332 0.18055555555555555 0.19270833333333334 0.1675925925925926 0.2015625 0.16944444444444445
0 0.19583333333333333 0.5407407407407407 0.20729166666666668 0.5481481481481482 0.21875 0.5777777777777777 0.21770833333333334 0.5925925925925926 0.2109375 0.6138888888888889 0.203125 0.6240740740740741 0.190625 0.6240740740740741 0.15989583333333332 0.6546296296296297 0.14791666666666667 0.6694444444444444 0.14322916666666666 0.6851851851851852 0.13489583333333333 0.6925925925925925 0.12604166666666666 0.6888888888888889 0.11927083333333334 0.6925925925925925 0.11145833333333334 0.6907407407407408 0.10260416666666666 0.675 0.0953125 0.6546296296296297 0.09427083333333333 0.6333333333333333 0.09791666666666667 0.6185185185185185 0.1125 0.5972222222222222 0.14375 0.5694444444444444 0.1578125 0.5601851851851852 0.17239583333333333 0.5555555555555556 0.18802083333333333 0.5425925925925926 0.1953125 0.5416666666666666
0 0.6369791666666667 0.005555555555555556 0.6453125 0.012962962962962963 0.64375 0.03796296296296296 0.6354166666666666 0.06388888888888888 0.6265625 0.07037037037037037 0.6109375 0.06481481481481481 0.6083333333333333 0.05648148148148148 0.6088541666666667 0.04814814814814815 0.6140625 0.02962962962962963 0.6244791666666667 0.007407407407407408 0.6291666666666667 0.004629629629629629 0.6364583333333333 0.005555555555555556
0 0.7708333333333334 0.2324074074074074 0.7848958333333333 0.2462962962962963 0.7854166666666667 0.2601851851851852 0.7833333333333333 0.2638888888888889 0.7791666666666667 0.2611111111111111 0.7770833333333333 0.26481481481481484 0.7864583333333334 0.27870370370370373 0.7885416666666667 0.29259259259259257 0.7859375 0.30277777777777776 0.7828125 0.3453703703703704 0.7765625 0.35555555555555557 0.7723958333333333 0.3574074074074074 0.7510416666666667 0.34814814814814815 0.74375 0.33796296296296297 0.7442708333333333 0.325 0.7473958333333334 0.31296296296296294 0.7473958333333334 0.2759259259259259 0.7541666666666667 0.24444444444444444 0.7557291666666667 0.24259259259259258 0.7661458333333333 0.2490740740740741 0.7677083333333333 0.24444444444444444 0.7619791666666667 0.2388888888888889 0.7604166666666666 0.23333333333333334 0.7630208333333334 0.22962962962962963 0.7703125 0.2324074074074074
1 0.4010416666666667 0.725925925925926 0.4109375 0.7444444444444445 0.41041666666666665 0.7537037037037037 0.4036458333333333 0.7620370370370371 0.4010416666666667 0.7694444444444445 0.39739583333333334 0.7694444444444445 0.39739583333333334 0.7555555555555555 0.39375 0.7453703703703703 0.3921875 0.7324074074074074 0.39375 0.725 0.4005208333333333 0.725925925925926
1 0.1265625 0.09907407407407408 0.13177083333333334 0.11851851851851852 0.13072916666666667 0.13148148148148148 0.1265625 0.1259259259259259 0.11979166666666667 0.10277777777777777 0.11979166666666667 0.09444444444444444 0.1234375 0.09444444444444444 0.12604166666666666 0.09907407407407408
1 0.23177083333333334 0.812962962962963 0.24583333333333332 0.8342592592592593 0.2520833333333333 0.8342592592592593 0.2578125 0.8296296296296296 0.2609375 0.8314814814814815 0.2578125 0.8425925925925926 0.24895833333333334 0.8462962962962963 0.24114583333333334 0.8592592592592593 0.23645833333333333 0.8583333333333333 0.23489583333333333 0.8518518518518519 0.22760416666666666 0.8425925925925926 0.2265625 0.8342592592592593 0.22291666666666668 0.825925925925926 0.2234375 0.8194444444444444 0.23125 0.812962962962963
1 0.5640625 0.24259259259259258 0.5677083333333334 0.24259259259259258 0.5708333333333333 0.2564814814814815 0.56875 0.2851851851851852 0.5666666666666667 0.28888888888888886 0.5640625 0.2833333333333333 0.5619791666666667 0.2953703703703704 0.559375 0.2962962962962963 0.5598958333333334 0.2537037037037037 0.5640625 0.24351851851851852
1 0.5671875 0.15555555555555556 0.5703125 0.1685185185185185 0.5692708333333333 0.1925925925925926 0.5614583333333333 0.20925925925925926 0.559375 0.20833333333333334 0.5604166666666667 0.18055555555555555 0.5630208333333333 0.1648148148148148 0.5666666666666667 0.15648148148148147
1 0.7515625 0.10277777777777777 0.7505208333333333 0.09814814814814815 0.753125 0.08611111111111111 0.7536458333333333 0.0712962962962963 0.7604166666666666 0.05277777777777778 0.7651041666666667 0.06018518518518518 0.7619791666666667 0.08703703703703704 0.7578125 0.10277777777777777 0.7520833333333333 0.10277777777777777
1 0.3 0.6611111111111111 0.30364583333333334 0.662962962962963 0.31302083333333336 0.6833333333333333 0.3171875 0.6842592592592592 0.3182291666666667 0.687962962962963 0.3125 0.6888888888888889 0.30416666666666664 0.6842592592592592 0.29635416666666664 0.687037037037037 0.29322916666666665 0.6685185185185185 0.2994791666666667 0.6620370370370371
1 0.8416666666666667 0.5768518518518518 0.8484375 0.5685185185185185 0.8520833333333333 0.5675925925925925 0.8578125 0.5833333333333334 0.8557291666666667 0.600925925925926 0.8479166666666667 0.6055555555555555 0.8416666666666667 0.6194444444444445 0.8380208333333333 0.6212962962962963 0.8364583333333333 0.6046296296296296 0.8416666666666667 0.5777777777777777
1 0.17864583333333334 0.001851851851851852 0.18229166666666666 0.014814814814814815 0.18125 0.032407407407407406 0.178125 0.032407407407407406 0.17083333333333334 0.012962962962962963 0.171875 0.007407407407407408 0.17552083333333332 0.001851851851851852 0.178125 0.001851851851851852
1 0.9421875 0.5009259259259259 0.9453125 0.5046296296296297 0.9411458333333333 0.512962962962963 0.940625 0.5222222222222223 0.9333333333333333 0.5314814814814814 0.925 0.5527777777777778 0.921875 0.5472222222222223 0.9255208333333333 0.5314814814814814 0.9208333333333333 0.5296296296296297 0.9145833333333333 0.5324074074074074 0.9109375 0.5277777777777778 0.9213541666666667 0.5231481481481481 0.9270833333333334 0.5083333333333333 0.9416666666666667 0.5018518518518519
1 0.3229166666666667 0.625 0.3307291666666667 0.6333333333333333 0.3333333333333333 0.6435185185185185 0.3390625 0.65 0.33177083333333335 0.6611111111111111 0.33125 0.6694444444444444 0.32916666666666666 0.6731481481481482 0.3234375 0.6611111111111111 0.31927083333333334 0.6333333333333333 0.31979166666666664 0.6268518518518519 0.3223958333333333 0.625
1 0.2625 0.9287037037037037 0.26875 0.9361111111111111 0.26927083333333335 0.9638888888888889 0.2515625 0.9574074074074074 0.24895833333333334 0.9518518518518518 0.24739583333333334 0.937037037037037 0.24947916666666667 0.9314814814814815 0.25364583333333335 0.9277777777777778 0.26197916666666665 0.9287037037037037
1 0.29375 0.8962962962962963 0.3 0.9009259259259259 0.3026041666666667 0.9092592592592592 0.3072916666666667 0.9148148148148149 0.30625 0.925 0.309375 0.9324074074074075 0.3072916666666667 0.9388888888888889 0.303125 0.9388888888888889 0.29739583333333336 0.9287037037037037 0.29010416666666666 0.9287037037037037 0.2859375 0.9212962962962963 0.28489583333333335 0.9092592592592592 0.2864583333333333 0.9018518518518519 0.29322916666666665 0.8962962962962963
1 0.6755208333333333 0.13518518518518519 0.6786458333333333 0.13796296296296295 0.6786458333333333 0.15185185185185185 0.6739583333333333 0.1787037037037037 0.6671875 0.17777777777777778 0.6661458333333333 0.17037037037037037 0.6682291666666667 0.15462962962962962 0.6744791666666666 0.14166666666666666 0.675 0.1361111111111111
1 0.010416666666666666 0.22407407407407406 0.017708333333333333 0.23796296296296296 0.0171875 0.24814814814814815 0.0234375 0.26296296296296295 0.01875 0.27037037037037037 0.015104166666666667 0.2675925925925926 0.0109375 0.25833333333333336 0.0078125 0.24351851851851852 0.0026041666666666665 0.23333333333333334 0.005208333333333333 0.22407407407407406 0.009895833333333333 0.22407407407407406
1 0.209375 0 0.21666666666666667 0.010185185185185186 0.21927083333333333 0.018518518518518517 0.21927083333333333 0.03333333333333333 0.21354166666666666 0.04351851851851852 0.2125 0.03333333333333333 0.20625 0.013888888888888888 0.20625 0.005555555555555556 0.209375 0.000925925925925926
1 0.31145833333333334 0.7138888888888889 0.32135416666666666 0.7222222222222222 0.32083333333333336 0.7342592592592593 0.32447916666666665 0.7462962962962963 0.3234375 0.7537037037037037 0.3140625 0.7574074074074074 0.3046875 0.725 0.30520833333333336 0.7166666666666667 0.3109375 0.7138888888888889
1 0.42864583333333334 0.024074074074074074 0.43333333333333335 0.058333333333333334 0.42552083333333335 0.06666666666666667 0.4234375 0.03611111111111111 0.425 0.025 0.428125 0.024074074074074074
1 0.8359375 0.4550925925925926 0.021875 0.05277777777777778
1 0.17916666666666667 0.8324074074074074 0.19010416666666666 0.8407407407407408 0.19739583333333333 0.8564814814814815 0.20364583333333333 0.862037037037037 0.19635416666666666 0.875 0.19114583333333332 0.8731481481481481 0.18177083333333333 0.8611111111111112 0.1734375 0.8444444444444444 0.1734375 0.8379629629629629 0.17864583333333334 0.8324074074074074
1 0.18229166666666666 0.018518518518518517 0.1859375 0.018518518518518517 0.19010416666666666 0.024074074074074074 0.19375 0.046296296296296294 0.19270833333333334 0.049074074074074076 0.18958333333333333 0.04814814814814815 0.18385416666666668 0.03981481481481482 0.18125 0.028703703703703703 0.18229166666666666 0.019444444444444445
1 0.07135416666666666 0.09074074074074075 0.078125 0.09907407407407408 0.08125 0.11481481481481481 0.08854166666666667 0.1259259259259259 0.08802083333333334 0.13055555555555556 0.08125 0.12407407407407407 0.08125 0.13333333333333333 0.0796875 0.13425925925925927 0.078125 0.13425925925925927 0.07291666666666667 0.11574074074074074 0.0671875 0.10462962962962963 0.06666666666666667 0.09537037037037037 0.07083333333333333 0.09074074074074075
1 0.24635416666666668 0.8611111111111112 0.253125 0.8694444444444445 0.25416666666666665 0.8805555555555555 0.26875 0.8703703703703703 0.26875 0.875 0.2515625 0.9027777777777778 0.24375 0.9009259259259259 0.2375 0.8870370370370371 0.234375 0.8898148148148148 0.2328125 0.8787037037037037 0.22916666666666666 0.8694444444444445 0.23333333333333334 0.862037037037037 0.24375 0.8583333333333333 0.24583333333333332 0.8611111111111112
1 0.1390625 0.028703703703703703 0.15104166666666666 0.05740740740740741 0.15052083333333333 0.06111111111111111 0.14427083333333332 0.06481481481481481 0.1328125 0.037037037037037035 0.13333333333333333 0.028703703703703703 0.13854166666666667 0.028703703703703703
1 0.5166666666666667 0.5231481481481481 0.5223958333333333 0.5314814814814814 0.5229166666666667 0.5462962962962963 0.5203125 0.5638888888888889 0.5135416666666667 0.5703703703703704 0.5109375 0.5703703703703704 0.509375 0.5657407407407408 0.5083333333333333 0.5305555555555556 0.5119791666666667 0.5231481481481481 0.5161458333333333 0.5231481481481481
1 0.5572916666666666 0.18333333333333332 0.5583333333333333 0.14537037037037037 0.5609375 0.13703703703703704 0.5640625 0.13796296296296295 0.5677083333333334 0.15092592592592594 0.5625 0.1675925925925926 0.5604166666666667 0.1824074074074074 0.5578125 0.18333333333333332
1 0.0046875 0.25555555555555554 0.013020833333333334 0.2675925925925926 0.013541666666666667 0.27870370370370373 0.021354166666666667 0.29074074074074074 0.01875 0.2972222222222222 0.008333333333333333 0.2851851851851852 0 0.28888888888888886 0 0.2564814814814815 0.004166666666666667 0.25555555555555554
1 0.296875 0.6722222222222223 0.303125 0.6787037037037037 0.3067708333333333 0.674074074074074 0.31145833333333334 0.6814814814814815 0.3177083333333333 0.6851851851851852 0.3171875 0.687962962962963 0.3109375 0.6907407407407408 0.3125 0.7083333333333334 0.3109375 0.7157407407407408 0.30416666666666664 0.7175925925925926 0.3 0.7138888888888889 0.2953125 0.7027777777777777 0.29635416666666664 0.6907407407407408 0.2942708333333333 0.6814814814814815 0.296875 0.6731481481481482
1 0.8708333333333333 0.14074074074074075 0.8713541666666667 0.15833333333333333 0.859375 0.1814814814814815 0.8572916666666667 0.17592592592592593 0.8588541666666667 0.16296296296296298 0.8619791666666666 0.15185185185185185 0.8703125 0.14074074074074075
1 0.171875 0.030555555555555555 0.17552083333333332 0.03425925925925926 0.1796875 0.046296296296296294 0.18020833333333333 0.05462962962962963 0.18333333333333332 0.06018518518518518 0.18020833333333333 0.07037037037037037 0.178125 0.07314814814814814 0.175 0.058333333333333334 0.16822916666666668 0.049074074074074076 0.16822916666666668 0.03888888888888889 0.17135416666666667 0.03148148148148148
1 0.026041666666666668 0.20925925925925926 0.04479166666666667 0.24722222222222223 0.043229166666666666 0.25277777777777777 0.040625 0.24722222222222223 0.03697916666666667 0.24722222222222223 0.0359375 0.2564814814814815 0.0328125 0.2601851851851852 0.0296875 0.2388888888888889 0.023958333333333335 0.2324074074074074 0.021875 0.22407407407407406 0.021354166666666667 0.21296296296296297 0.025520833333333333 0.20925925925925926
1 0.5953125 0.004629629629629629 0.5994791666666667 0.018518518518518517 0.5989583333333334 0.025 0.596875 0.03148148148148148 0.5927083333333333 0.03425925925925926 0.5901041666666667 0.030555555555555555 0.5901041666666667 0.021296296296296296 0.5921875 0.008333333333333333 0.5947916666666667 0.004629629629629629
1 0.2625 0.5009259259259259 0.2713541666666667 0.5111111111111111 0.2755208333333333 0.5222222222222223 0.27760416666666665 0.5537037037037037 0.2760416666666667 0.5638888888888889 0.26145833333333335 0.5370370370370371 0.25885416666666666 0.5259259259259259 0.25833333333333336 0.5027777777777778 0.26197916666666665 0.5009259259259259
1 0.7130208333333333 0.27037037037037037 0.7151041666666667 0.2740740740740741 0.7182291666666667 0.2972222222222222 0.7114583333333333 0.30462962962962964 0.7098958333333333 0.3101851851851852 0.703125 0.30833333333333335 0.7026041666666667 0.30277777777777776 0.70625 0.29259259259259257 0.70625 0.28425925925925927 0.7098958333333333 0.2796296296296296 0.7098958333333333 0.2722222222222222 0.7125 0.27037037037037037
1 0.3151041666666667 0.11481481481481481 0.3234375 0.15092592592592594 0.32135416666666666 0.15555555555555556 0.3145833333333333 0.1574074074074074 0.3098958333333333 0.12777777777777777 0.30416666666666664 0.12129629629629629 0.3046875 0.11574074074074074 0.30885416666666665 0.11296296296296296 0.3145833333333333 0.11481481481481481
1 0.9692708333333333 0.5268518518518519 0.971875 0.5324074074074074 0.9734375 0.5462962962962963 0.959375 0.5712962962962963 0.9494791666666667 0.5675925925925925 0.946875 0.5638888888888889 0.9463541666666667 0.5583333333333333 0.95625 0.5351851851851852 0.9635416666666666 0.5277777777777778 0.96875 0.5268518518518519
1 0.3765625 0.04351851851851852 0.3796875 0.05462962962962963 0.3796875 0.07777777777777778 0.3776041666666667 0.07962962962962963 0.3697916666666667 0.053703703703703705 0.3729166666666667 0.04259259259259259 0.37604166666666666 0.04351851851851852
1 0.0640625 0.15 0.0671875 0.15092592592592594 0.07447916666666667 0.16203703703703703 0.07916666666666666 0.18333333333333332 0.08489583333333334 0.18981481481481483 0.0859375 0.19537037037037036 0.08125 0.2 0.07135416666666666 0.18425925925925926 0.06770833333333333 0.18425925925925926 0.06666666666666667 0.1712962962962963 0.06197916666666667 0.15648148148148147 0.06354166666666666 0.15092592592592594
1 0.21041666666666667 0.7268518518518519 0.2140625 0.7305555555555555 0.21822916666666667 0.7462962962962963 0.2234375 0.7537037037037037 0.2234375 0.7694444444444445 0.2203125 0.7777777777777778 0.196875 0.7472222222222222 0.1984375 0.7287037037037037 0.20989583333333334 0.7268518518518519
1 0.20989583333333334 0.9490740740740741 0.22395833333333334 0.9592592592592593 0.22395833333333334 0.9675925925925926 0.23125 0.9935185185185185 0.23072916666666668 0.9990740740740741 0.21510416666666668 0.9990740740740741 0.19635416666666666 0.962037037037037 0.19791666666666666 0.9564814814814815 0.209375 0.95
1 0.81875 0.16666666666666666 0.8208333333333333 0.1814814814814815 0.8109375 0.20185185185185187 0.809375 0.20925925925925926 0.8104166666666667 0.21666666666666667 0.803125 0.2101851851851852 0.8026041666666667 0.20555555555555555 0.8083333333333333 0.19074074074074074 0.8098958333333334 0.17592592592592593 0.8145833333333333 0.1675925925925926 0.8182291666666667 0.16666666666666666
1 0.5192708333333333 0.47175925925925927 0.014583333333333334 0.06944444444444445
1 0.31875 0.8777777777777778 0.32447916666666665 0.8805555555555555 0.3333333333333333 0.8935185185185185 0.3359375 0.9194444444444444 0.33177083333333335 0.9277777777777778 0.328125 0.9277777777777778 0.325 0.9185185185185185 0.3177083333333333 0.9138888888888889 0.3171875 0.8935185185185185 0.31302083333333336 0.8814814814814815 0.3182291666666667 0.8777777777777778
1 0.8401041666666667 0.33796296296296297 0.8453125 0.33796296296296297 0.8473958333333333 0.3435185185185185 0.8416666666666667 0.3648148148148148 0.8385416666666666 0.36574074074074076 0.8369791666666667 0.35833333333333334 0.8401041666666667 0.3388888888888889
1 0.19375 0 0.2015625 0 0.20364583333333333 0.025 0.20364583333333333 0.032407407407407406 0.19947916666666668 0.030555555555555555 0.19895833333333332 0.022222222222222223 0.19427083333333334 0.011111111111111112 0.19375 0.000925925925925926
1 0.18229166666666666 0.9805555555555555 0.18541666666666667 0.9722222222222222 0.1890625 0.9712962962962963 0.1953125 0.9787037037037037 0.20625 0.9851851851851852 0.21041666666666667 0.9990740740740741 0.1953125 0.9990740740740741 0.18854166666666666 0.9925925925925926 0.1828125 0.9814814814814815
1 0.8526041666666667 0.17314814814814813 0.85625 0.175 0.8583333333333333 0.1824074074074074 0.8458333333333333 0.21666666666666667 0.8432291666666667 0.21296296296296297 0.8453125 0.18888888888888888 0.8520833333333333 0.17314814814814813
1 0.5609375 0.9037037037037037 0.56875 0.9138888888888889 0.571875 0.9287037037037037 0.5635416666666667 0.9435185185185185 0.559375 0.9462962962962963 0.5526041666666667 0.9462962962962963 0.5510416666666667 0.9425925925925925 0.5510416666666667 0.912962962962963 0.5536458333333333 0.9064814814814814 0.5604166666666667 0.9037037037037037
1 0.21770833333333334 0.7777777777777778 0.221875 0.7851851851851852 0.22083333333333333 0.7962962962962963 0.23072916666666668 0.8046296296296296 0.23020833333333332 0.8101851851851852 0.22395833333333334 0.812962962962963 0.2171875 0.8092592592592592 0.20625 0.8101851851851852 0.19947916666666668 0.8037037037037037 0.2015625 0.7953703703703704 0.1984375 0.7888888888888889 0.1984375 0.7842592592592592 0.20052083333333334 0.7787037037037037 0.20572916666666666 0.775 0.2171875 0.7777777777777778
1 0.48541666666666666 0.4898148148148148 0.49375 0.5055555555555555 0.4942708333333333 0.5101851851851852 0.4895833333333333 0.5194444444444445 0.484375 0.5481481481481482 0.4822916666666667 0.5444444444444444 0.4828125 0.5203703703703704 0.4791666666666667 0.5120370370370371 0.4786458333333333 0.5037037037037037 0.48125 0.4925925925925926 0.48489583333333336 0.4898148148148148
1 0.34010416666666665 0.787962962962963 0.34739583333333335 0.7907407407407407 0.35208333333333336 0.8018518518518518 0.359375 0.799074074074074 0.3609375 0.8027777777777778 0.34791666666666665 0.8314814814814815 0.34322916666666664 0.8296296296296296 0.34270833333333334 0.8212962962962963 0.33489583333333334 0.7981481481481482 0.33541666666666664 0.7898148148148149 0.33958333333333335 0.787962962962963
1 0.1203125 0.06111111111111111 0.12708333333333333 0.075 0.12864583333333332 0.09351851851851851 0.12708333333333333 0.09722222222222222 0.121875 0.09166666666666666 0.1125 0.06388888888888888 0.1125 0.058333333333333334 0.11822916666666666 0.05277777777777778 0.1203125 0.053703703703703705 0.11979166666666667 0.06111111111111111
1 0.5953125 0.028703703703703703 0.6005208333333333 0.03981481481481482 0.6005208333333333 0.05 0.596875 0.0712962962962963 0.5947916666666667 0.07222222222222222 0.5927083333333333 0.06851851851851852 0.590625 0.044444444444444446 0.5916666666666667 0.03425925925925926 0.5947916666666667 0.02962962962962963
1 0.759375 0.5101851851851852 0.7619791666666667 0.5120370370370371 0.7625 0.5296296296296297 0.7583333333333333 0.5398148148148149 0.7578125 0.55 0.7479166666666667 0.549074074074074 0.7453125 0.5527777777777778 0.7421875 0.5509259259259259 0.7427083333333333 0.5462962962962963 0.7505208333333333 0.5222222222222223 0.7557291666666667 0.5120370370370371 0.7588541666666667 0.5101851851851852
1 0.6109375 0.006481481481481481 0.6130208333333333 0.024074074074074074 0.609375 0.05 0.6041666666666666 0.046296296296296294 0.603125 0.022222222222222223 0.6078125 0.008333333333333333 0.6104166666666667 0.006481481481481481
1 0.22552083333333334 0.8694444444444445 0.23020833333333332 0.8759259259259259 0.23229166666666667 0.8935185185185185 0.22708333333333333 0.9055555555555556 0.22447916666666667 0.9027777777777778 0.2203125 0.9055555555555556 0.2125 0.899074074074074 0.20677083333333332 0.8805555555555555 0.21302083333333333 0.8685185185185185 0.225 0.8694444444444445
1 0.7986979166666667 0.1337962962962963 0.016145833333333335 0.04722222222222222
1 0.696875 0.3453703703703704 0.6947916666666667 0.33055555555555555 0.6989583333333333 0.3138888888888889 0.703125 0.30648148148148147 0.7067708333333333 0.30648148148148147 0.7083333333333334 0.3111111111111111 0.7078125 0.32407407407407407 0.7026041666666667 0.3435185185185185 0.7 0.3472222222222222 0.6973958333333333 0.3453703703703704
1 0.7203125 0.08333333333333333 0.7239583333333334 0.08333333333333333 0.7296875 0.09444444444444444 0.7203125 0.125 0.7166666666666667 0.12777777777777777 0.7151041666666667 0.12407407407407407 0.7166666666666667 0.09907407407407408 0.7203125 0.08425925925925926
1 0.24895833333333334 0.5277777777777778 0.2520833333333333 0.5342592592592592 0.259375 0.5398148148148149 0.2609375 0.5564814814814815 0.2671875 0.5777777777777777 0.2677083333333333 0.5842592592592593 0.26614583333333336 0.5861111111111111 0.25885416666666666 0.5694444444444444 0.24895833333333334 0.5601851851851852 0.24479166666666666 0.5601851851851852 0.24479166666666666 0.5435185185185185 0.24635416666666668 0.5398148148148149 0.24479166666666666 0.5296296296296297 0.2484375 0.5277777777777778
1 0.2755208333333333 0.8944444444444445 0.2791666666666667 0.9046296296296297 0.2838541666666667 0.9083333333333333 0.28489583333333335 0.9203703703703704 0.28958333333333336 0.9287037037037037 0.29322916666666665 0.9287037037037037 0.29322916666666665 0.9361111111111111 0.28958333333333336 0.9416666666666667 0.2796875 0.9324074074074075 0.271875 0.9314814814814815 0.26510416666666664 0.9212962962962963 0.26510416666666664 0.9046296296296297 0.26979166666666665 0.8972222222222223 0.275 0.8944444444444445