0 0.7401041666666667 0.08333333333333333 0.7453125 0.08796296296296297 0.7484375 0.09722222222222222 0.7515625 0.12962962962962962 0.7515625 0.15555555555555556 0.7447916666666666 0.17037037037037037 0.7223958333333333 0.1675925925925926 0.71875 0.1638888888888889 0.7182291666666667 0.15925925925925927 0.7166666666666667 0.12314814814814815 0.7197916666666667 0.09444444444444444 0.725 0.08333333333333333 0.7395833333333334 0.08333333333333333
0 0.3875 0.08333333333333333 0.40572916666666664 0.09166666666666666 0.41041666666666665 0.09814814814814815 0.4161458333333333 0.14444444444444443 0.41510416666666666 0.17037037037037037 0.4083333333333333 0.19074074074074074 0.39479166666666665 0.21296296296296297 0.390625 0.2324074074074074 0.3776041666666667 0.25092592592592594 0.3338541666666667 0.3416666666666667 0.33125 0.35555555555555557 0.32135416666666666 0.3685185185185185 0.3171875 0.38055555555555554 0.29583333333333334 0.4203703703703704 0.2765625 0.41574074074074074 0.2552083333333333 0.3972222222222222 0.24635416666666668 0.3768518518518518 0.240625 0.3537037037037037 0.23645833333333333 0.32407407407407407 0.23697916666666666 0.31666666666666665 0.24895833333333334 0.2916666666666667 0.25729166666666664 0.26296296296296295 0.2786458333333333 0.225 0.2859375 0.21574074074074073 0.29739583333333336 0.2101851851851852 0.31875 0.1787037037037037 0.365625 0.09444444444444444 0.37604166666666666 0.08333333333333333 0.38697916666666665 0.08333333333333333
0 0.1921875 0.12962962962962962 0.21302083333333333 0.13240740740740742 0.228125 0.1425925925925926 0.23541666666666666 0.15648148148148147 0.2375 0.1685185185185185 0.23072916666666668 0.18888888888888888 0.22291666666666668 0.1925925925925926 0.20989583333333334 0.2074074074074074 0.20364583333333333 0.21851851851851853 0.20260416666666667 0.22685185185185186 0.19895833333333332 0.23425925925925925 0.19583333333333333 0.23796296296296296 0.1921875 0.2361111111111111 0.184375 0.24074074074074073 0.17395833333333333 0.23796296296296296 0.16302083333333334 0.22777777777777777 0.14479166666666668 0.175 0.18125 0.13240740740740742 0.19166666666666668 0.12962962962962962
0 0.4828125 0.40185185185185185 0.5057291666666667 0.4074074074074074 0.5145833333333333 0.42962962962962964 0.5145833333333333 0.44907407407407407 0.51875 0.45555555555555555 0.51875 0.4638888888888889 0.5161458333333333 0.4685185185185185 0.5067708333333333 0.46944444444444444 0.49947916666666664 0.4740740740740741 0.47552083333333334 0.47314814814814815 0.46822916666666664 0.4787037037037037 0.4630208333333333 0.4777777777777778 0.4578125 0.46296296296296297 0.4588541666666667 0.42407407407407405 0.46510416666666665 0.4027777777777778 0.4822916666666667 0.40185185185185185
0 0.7666666666666667 0.6675925925925926 0.796875 0.674074074074074 0.8213541666666667 0.687037037037037 0.8328125 0.7 0.8463541666666666 0.7092592592592593 0.8557291666666667 0.7212962962962963 0.8625 0.7425925925925926 0.8630208333333333 0.7731481481481481 0.8598958333333333 0.787962962962963 0.8520833333333333 0.7972222222222223 0.83125 0.7962962962962963 0.8223958333333333 0.7851851851851852 0.8067708333333333 0.7768518518518519 0.7755208333333333 0.7620370370370371 0.7614583333333333 0.7620370370370371 0.7484375 0.7462962962962963 0.7442708333333333 0.7351851851851852 0.7432291666666667 0.7064814814814815 0.7453125 0.6851851851851852 0.7479166666666667 0.674074074074074 0.753125 0.6675925925925926 0.7661458333333333 0.6675925925925926
0 0.5958333333333333 0.1935185185185185 0.6020833333333333 0.19907407407407407 0.6078125 0.2101851851851852 0.6130208333333333 0.2212962962962963 0.6145833333333334 0.23333333333333334 0.6125 0.25925925925925924 0.6026041666666667 0.27870370370370373 0.6015625 0.275 0.5895833333333333 0.2675925925925926 0.58125 0.2564814814814815 0.5765625 0.24722222222222223 0.575 0.23703703703703705 0.578125 0.2101851851851852 0.58125 0.19907407407407407 0.5953125 0.1935185185185185
0 0.07395833333333333 0.512962962962963 0.09583333333333334 0.5222222222222223 0.10520833333333333 0.5314814814814814 0.109375 0.5407407407407407 0.10572916666666667 0.5592592592592592 0.09895833333333333 0.5768518518518518 0.08645833333333333 0.6 0.08489583333333334 0.6138888888888889 0.08125 0.6203703703703703 0.071875 0.6240740740740741 0.05 0.6064814814814815 0.036458333333333336 0.5879629629629629 0.034895833333333334 0.5777777777777777 0.03958333333333333 0.5592592592592592 0.05625 0.5277777777777778 0.0671875 0.5120370370370371 0.0734375 0.512962962962963
0 0.5380208333333333 0.15185185185185185 0.54375 0.16018518518518518 0.5505208333333333 0.17962962962962964 0.5494791666666666 0.21296296296296297 0.5432291666666667 0.22777777777777777 0.5260416666666666 0.20833333333333334 0.51875 0.1962962962962963 0.5171875 0.18981481481481483 0.521875 0.15555555555555556 0.5260416666666666 0.15185185185185185 0.5375 0.15185185185185185
0 0.671875 0.32685185185185184 0.6864583333333333 0.34074074074074073 0.7020833333333333 0.36574074074074076 0.7005208333333334 0.387037037037037 0.6958333333333333 0.4009259259259259 0.6973958333333333 0.412962962962963 0.6927083333333334 0.4222222222222222 0.6848958333333334 0.4111111111111111 0.6578125 0.39166666666666666 0.6505208333333333 0.38981481481481484 0.6458333333333334 0.38333333333333336 0.6447916666666667 0.36574074074074076 0.6536458333333334 0.3416666666666667 0.6651041666666667 0.32685185185185184 0.6713541666666667 0.32685185185185184
0 0.2875 0.0824074074074074 0.29375 0.09722222222222222 0.29583333333333334 0.11574074074074074 0.29010416666666666 0.12962962962962962 0.2875 0.14722222222222223 0.2838541666666667 0.15 0.26875 0.14907407407407408 0.26458333333333334 0.14074074074074075 0.26197916666666665 0.1175925925925926 0.265625 0.09722222222222222 0.26875 0.09351851851851851 0.27708333333333335 0.09259259259259259 0.2869791666666667 0.0824074074074074
0 0.23333333333333334 0.28425925925925927 0.23854166666666668 0.2962962962962963 0.2375 0.30925925925925923 0.23229166666666667 0.32407407407407407 0.21458333333333332 0.35555555555555557 0.21354166666666666 0.36574074074074076 0.21041666666666667 0.3731481481481482 0.20729166666666668 0.375 0.18541666666666667 0.36944444444444446 0.17864583333333334 0.3638888888888889 0.175 0.35555555555555557 0.17291666666666666 0.3388888888888889 0.17447916666666666 0.32314814814814813 0.18177083333333333 0.30092592592592593 0.19166666666666668 0.2851851851851852 0.20260416666666667 0.28425925925925927 0.20885416666666667 0.2777777777777778 0.22552083333333334 0.27870370370370373 0.2328125 0.28425925925925927
0 0.7338541666666667 0.43333333333333335 0.7447916666666666 0.43796296296296294 0.7723958333333333 0.4666666666666667 0.7833333333333333 0.4842592592592593 0.7875 0.49722222222222223 0.7973958333333333 0.5138888888888888 0.7994791666666666 0.5324074074074074 0.79375 0.5518518518518518 0.7864583333333334 0.5611111111111111 0.7723958333333333 0.5657407407407408 0.7645833333333333 0.562962962962963 0.7567708333333333 0.5453703703703704 0.7291666666666666 0.512962962962963 0.7223958333333333 0.5064814814814815 0.7135416666666666 0.5046296296296297 0.7098958333333333 0.49907407407407406 0.7046875 0.4740740740740741 0.70625 0.46111111111111114 0.7166666666666667 0.43425925925925923 0.7203125 0.42962962962962964 0.7255208333333333 0.4287037037037037 0.7333333333333333 0.43333333333333335
0 0.22864583333333333 0.023148148148148147 0.23385416666666667 0.025 0.240625 0.03518518518518519 0.24479166666666666 0.03518518518518519 0.253125 0.04259259259259259 0.2598958333333333 0.06388888888888888 0.2552083333333333 0.08425925925925926 0.24010416666666667 0.09444444444444444 0.23385416666666667 0.11018518518518519 0.22447916666666667 0.11388888888888889 0.20989583333333334 0.10740740740740741 0.20572916666666666 0.10185185185185185 0.19427083333333334 0.06388888888888888 0.19114583333333332 0.05925925925925926 0.190625 0.05185185185185185 0.19322916666666667 0.04537037037037037 0.21302083333333333 0.024074074074074074 0.228125 0.023148148148148147
0 0.9729166666666667 0.7861111111111111 0.9994791666666667 0.7953703703703704 0.9994791666666667 0.9 0.9916666666666667 0.8972222222222223 0.9770833333333333 0.899074074074074 0.9666666666666667 0.8953703703703704 0.9583333333333334 0.8833333333333333 0.9526041666666667 0.8685185185185185 0.9447916666666667 0.8333333333333334 0.9458333333333333 0.7981481481481482 0.9494791666666667 0.7907407407407407 0.95625 0.7861111111111111 0.9723958333333333 0.7861111111111111
0 0.5098958333333333 0.026851851851851852 0.5161458333333333 0.030555555555555555 0.5208333333333334 0.03981481481481482 0.5234375 0.053703703703703705 0.5229166666666667 0.06666666666666667 0.51875 0.07685185185185185 0.5130208333333334 0.0824074074074074 0.5041666666666667 0.10648148148148148 0.49583333333333335 0.11018518518518519 0.4869791666666667 0.10925925925925926 0.47708333333333336 0.1037037037037037 0.4744791666666667 0.09814814814814815 0.4739583333333333 0.08888888888888889 0.4817708333333333 0.06388888888888888 0.4817708333333333 0.05740740740740741 0.48541666666666666 0.05462962962962963 0.4942708333333333 0.03518518518518519 0.5015625 0.026851851851851852 0.509375 0.026851851851851852
0 0.9848958333333333 0.48148148148148145 0.9994791666666667 0.5009259259259259 0.9994791666666667 0.5518518518518518 0.9953125 0.5574074074074075 0.984375 0.562962962962963 0.9776041666666667 0.562037037037037 0.975 0.5574074074074075 0.9786458333333333 0.5361111111111111 0.9770833333333333 0.5333333333333333 0.9703125 0.537962962962963 0.9671875 0.5370370370370371 0.9630208333333333 0.5259259259259259 0.9619791666666667 0.5166666666666667 0.9630208333333333 0.4981481481481482 0.9666666666666667 0.4888888888888889 0.9765625 0.47962962962962963 0.984375 0.48148148148148145
0 0.5911458333333334 0.4074074074074074 0.6302083333333334 0.43148148148148147 0.6453125 0.45185185185185184 0.6515625 0.4564814814814815 0.6578125 0.4675925925925926 0.659375 0.48333333333333334 0.6552083333333333 0.5083333333333333 0.6505208333333333 0.5222222222222223 0.6416666666666667 0.5268518518518519 0.6333333333333333 0.5259259259259259 0.621875 0.5120370370370371 0.5916666666666667 0.4925925925925926 0.578125 0.4935185185185185 0.5708333333333333 0.48148148148148145 0.56875 0.475 0.56875 0.4638888888888889 0.5770833333333333 0.425 0.5848958333333333 0.4101851851851852 0.590625 0.4074074074074074
0 0.5927083333333333 0.03888888888888889 0.6026041666666667 0.05277777777777778 0.6130208333333333 0.075 0.6135416666666667 0.08518518518518518 0.6203125 0.10185185185185185 0.6197916666666666 0.11018518518518519 0.6161458333333333 0.12037037037037036 0.603125 0.1259259259259259 0.5958333333333333 0.125 0.5890625 0.11944444444444445 0.5838541666666667 0.10277777777777777 0.5708333333333333 0.0824074074074074 0.5708333333333333 0.05740740740740741 0.5729166666666666 0.05 0.5822916666666667 0.03888888888888889 0.5921875 0.03888888888888889
0 0.6046875 0 0.6411458333333333 0 0.640625 0.01574074074074074 0.6375 0.03148148148148148 0.6302083333333334 0.049074074074074076 0.6239583333333333 0.05648148148148148 0.6104166666666667 0.053703703703703705 0.6052083333333333 0.04814814814814815 0.6046875 0.032407407407407406 0.6020833333333333 0.025925925925925925 0.6015625 0.014814814814814815 0.6046875 0.000925925925925926
0 0.7067708333333333 0 0.7265625 0 0.7375 0.025925925925925925 0.746875 0.062037037037037036 0.7453125 0.07037037037037037 0.7385416666666667 0.08055555555555556 0.7203125 0.08333333333333333 0.7135416666666666 0.0787037037037037 0.6994791666666667 0.04351851851851852 0.7015625 0.012962962962962963 0.7067708333333333 0.000925925925925926
0 0.7494791666666667 0.22407407407407406 0.775 0.25 0.7828125 0.26296296296296295 0.7838541666666666 0.2898148148148148 0.7755208333333333 0.3037037037037037 0.7546875 0.3 0.7484375 0.2953703703703704 0.7442708333333333 0.287962962962963 0.7432291666666667 0.22685185185185186 0.7442708333333333 0.2222222222222222 0.7489583333333333 0.22407407407407406
1 0.4322916666666667 0.4861111111111111 0.43802083333333336 0.49537037037037035 0.44114583333333335 0.5120370370370371 0.4390625 0.5203703703703704 0.4390625 0.5342592592592592 0.4354166666666667 0.5416666666666666 0.4322916666666667 0.5388888888888889 0.42916666666666664 0.5212962962962963 0.425 0.5185185185185185 0.4234375 0.5120370370370371 0.42552083333333335 0.49444444444444446 0.42916666666666664 0.4861111111111111 0.4317708333333333 0.4861111111111111
1 0.44947916666666665 0.48148148148148145 0.453125 0.48333333333333334 0.45989583333333334 0.5046296296296297 0.4557291666666667 0.5194444444444445 0.453125 0.5416666666666666 0.44947916666666665 0.5435185185185185 0.4473958333333333 0.5398148148148149 0.44947916666666665 0.5333333333333333 0.44895833333333335 0.5185185185185185 0.44479166666666664 0.5120370370370371 0.44479166666666664 0.49722222222222223 0.44895833333333335 0.4824074074074074
1 0.0640625 0.12962962962962962 0.06770833333333333 0.12962962962962962 0.07239583333333334 0.1361111111111111 0.078125 0.15185185185185185 0.08645833333333333 0.16574074074074074 0.08541666666666667 0.17037037037037037 0.0796875 0.16574074074074074 0.07916666666666666 0.17685185185185184 0.078125 0.17962962962962964 0.07604166666666666 0.1787037037037037 0.06979166666666667 0.1527777777777778 0.06666666666666667 0.14722222222222223 0.0640625 0.13055555555555556
1 0.2796875 0.6222222222222222 0.28854166666666664 0.6370370370370371 0.2984375 0.6407407407407407 0.29739583333333336 0.6444444444444445 0.28541666666666665 0.649074074074074 0.2828125 0.6537037037037037 0.2828125 0.6722222222222223 0.2796875 0.6768518518518518 0.27708333333333335 0.6574074074074074 0.2713541666666667 0.6537037037037037 0.275 0.6435185185185185 0.2708333333333333 0.6342592592592593 0.2703125 0.625 0.271875 0.6157407407407407 0.2760416666666667 0.6166666666666667 0.2791666666666667 0.6222222222222222
1 0.703125 0.1925925925925926 0.7036458333333333 0.20833333333333334 0.7010416666666667 0.225 0.6963541666666667 0.23796296296296296 0.6921875 0.23796296296296296 0.6911458333333333 0.2351851851851852 0.6932291666666667 0.21666666666666667 0.6921875 0.2101851851851852 0.6942708333333333 0.20185185185185187 0.6994791666666667 0.1935185185185185 0.7026041666666667 0.1925925925925926
1 0.390625 0.6518518518518519 0.39947916666666666 0.6638888888888889 0.40520833333333334 0.7027777777777777 0.4046875 0.7129629629629629 0.40208333333333335 0.7101851851851851 0.3984375 0.6972222222222222 0.3932291666666667 0.6953703703703704 0.3885416666666667 0.6888888888888889 0.38645833333333335 0.6712962962962963 0.38697916666666665 0.6592592592592592 0.39010416666666664 0.6527777777777778
1 0.5083333333333333 0.20185185185185187 0.5109375 0.21666666666666667 0.5109375 0.23703703703703705 0.5052083333333334 0.25 0.5026041666666666 0.23703703703703705 0.5020833333333333 0.2101851851851852 0.5036458333333333 0.20185185185185187 0.5078125 0.20185185185185187
1 0.8463541666666666 0.15925925925925927 0.8494791666666667 0.15925925925925927 0.8520833333333333 0.1675925925925926 0.8515625 0.175 0.84375 0.1935185185185185 0.8416666666666667 0.2037037037037037 0.8375 0.19907407407407407 0.840625 0.17685185185185184 0.8463541666666666 0.16018518518518518
1 0.7583333333333333 0.075 0.7619791666666667 0.07962962962962963 0.7619791666666667 0.09074074074074075 0.7552083333333334 0.10740740740740741 0.7546875 0.11944444444444445 0.7515625 0.12777777777777777 0.7494791666666667 0.08981481481481482 0.7520833333333333 0.07962962962962963 0.7578125 0.07592592592592592
1 0.8244791666666667 0.4046296296296296 0.8265625 0.4111111111111111 0.821875 0.4166666666666667 0.8177083333333334 0.44074074074074077 0.8125 0.45 0.8104166666666667 0.45185185185185184 0.8072916666666666 0.44907407407407407 0.8046875 0.4527777777777778 0.8020833333333334 0.45 0.8020833333333334 0.44537037037037036 0.8052083333333333 0.4388888888888889 0.8109375 0.41388888888888886 0.8161458333333333 0.4074074074074074 0.8239583333333333 0.4046296296296296
1 0.484375 0.35555555555555557 0.4890625 0.3675925925925926 0.4875 0.39351851851851855 0.48489583333333336 0.40185185185185185 0.48125 0.3990740740740741 0.47760416666666666 0.387037037037037 0.47760416666666666 0.36203703703703705 0.48385416666666664 0.35555555555555557
1 0.425 0.37407407407407406 0.428125 0.39351851851851855 0.428125 0.4074074074074074 0.425 0.4212962962962963 0.421875 0.41944444444444445 0.41458333333333336 0.38981481481481484 0.41510416666666666 0.37777777777777777 0.41822916666666665 0.3685185185185185 0.421875 0.3685185185185185 0.4244791666666667 0.37407407407407406
1 0.14270833333333333 0.03981481481481482 0.15 0.05 0.15052083333333333 0.06388888888888888 0.14375 0.06296296296296296 0.1390625 0.041666666666666664 0.13958333333333334 0.03796296296296296 0.1421875 0.03981481481481482
1 0.4234375 0.9462962962962963 0.428125 0.9537037037037037 0.42604166666666665 0.975925925925926 0.42916666666666664 0.9805555555555555 0.42916666666666664 0.987037037037037 0.4166666666666667 0.9953703703703703 0.41354166666666664 0.9953703703703703 0.4114583333333333 0.9907407407407407 0.40989583333333335 0.9638888888888889 0.4161458333333333 0.9472222222222222 0.42291666666666666 0.9462962962962963
1 0.40260416666666665 0.38055555555555554 0.41041666666666665 0.39444444444444443 0.41041666666666665 0.41388888888888886 0.4078125 0.43333333333333335 0.4041666666666667 0.43148148148148147 0.4041666666666667 0.42314814814814816 0.4010416666666667 0.41203703703703703 0.39739583333333334 0.41574074074074074 0.39479166666666665 0.41203703703703703 0.3953125 0.39351851851851855 0.39791666666666664 0.3814814814814815 0.40208333333333335 0.38055555555555554
1 0.07083333333333333 0.19444444444444445 0.07447916666666667 0.20277777777777778 0.06770833333333333 0.2101851851851852 0.0640625 0.20925925925925926 0.05416666666666667 0.1787037037037037 0.05416666666666667 0.16666666666666666 0.057291666666666664 0.16296296296296298 0.0609375 0.16296296296296298 0.06458333333333334 0.17037037037037037 0.06770833333333333 0.1814814814814815 0.06770833333333333 0.18888888888888888 0.0703125 0.19444444444444445
1 0.9078125 0.4925925925925926 0.9104166666666667 0.4962962962962963 0.9104166666666667 0.5055555555555555 0.9046875 0.5231481481481481 0.896875 0.5324074074074074 0.890625 0.5481481481481482 0.8833333333333333 0.5462962962962963 0.8822916666666667 0.5416666666666666 0.8932291666666666 0.5212962962962963 0.8973958333333333 0.5083333333333333 0.903125 0.5027777777777778 0.9046875 0.49537037037037035 0.9072916666666667 0.4935185185185185
1 0.578125 0.25555555555555554 0.5828125 0.2611111111111111 0.584375 0.2722222222222222 0.5770833333333333 0.30277777777777776 0.5755208333333334 0.3055555555555556 0.5734375 0.3037037037037037 0.5734375 0.2814814814814815 0.5708333333333333 0.27037037037037037 0.5776041666666667 0.2564814814814815
1 0.5296875 0.010185185185185186 0.5348958333333333 0.024074074074074074 0.5338541666666666 0.041666666666666664 0.5385416666666667 0.05277777777777778 0.5364583333333334 0.05648148148148148 0.5255208333333333 0.05 0.5270833333333333 0.014814814814814815 0.5291666666666667 0.010185185185185186
1 0.10572916666666667 0.07314814814814814 0.11302083333333333 0.07685185185185185 0.11458333333333333 0.09259259259259259 0.11979166666666667 0.10555555555555556 0.11510416666666666 0.10555555555555556 0.1125 0.1 0.1109375 0.10462962962962963 0.1125 0.11203703703703703 0.10885416666666667 0.11388888888888889 0.10729166666666666 0.09814814814814815 0.10208333333333333 0.08148148148148149 0.10208333333333333 0.07685185185185185 0.10520833333333333 0.07407407407407407
1 0.12395833333333334 0.06944444444444445 0.13020833333333334 0.08148148148148149 0.13020833333333334 0.09166666666666666 0.13385416666666666 0.10462962962962963 0.13333333333333333 0.11203703703703703 0.13020833333333334 0.11203703703703703 0.12239583333333333 0.09722222222222222 0.11770833333333333 0.08148148148148149 0.11927083333333334 0.0712962962962963 0.1234375 0.06944444444444445
1 0.4354166666666667 0.3712962962962963 0.44166666666666665 0.3861111111111111 0.44375 0.4083333333333333 0.4427083333333333 0.41759259259259257 0.4375 0.4185185185185185 0.4328125 0.42777777777777776 0.43020833333333336 0.42777777777777776 0.43125 0.40925925925925927 0.4296875 0.3861111111111111 0.4317708333333333 0.37407407407407406 0.4348958333333333 0.37222222222222223
1 0.03802083333333333 0.15925925925925927 0.044270833333333336 0.1675925925925926 0.05364583333333333 0.1962962962962963 0.053125 0.20185185185185187 0.046875 0.20462962962962963 0.03125 0.1712962962962963 0.03125 0.1648148148148148 0.033854166666666664 0.16018518518518518 0.0375 0.15925925925925927
1 0.8822916666666667 0.500462962962963 0.025 0.05092592592592592
1 0.3171875 0.8601851851851852 0.32447916666666665 0.8657407407407407 0.334375 0.8861111111111111 0.33489583333333334 0.9046296296296297 0.33229166666666665 0.9074074074074074 0.3265625 0.9074074074074074 0.3234375 0.8981481481481481 0.3140625 0.8861111111111111 0.3145833333333333 0.8759259259259259 0.31145833333333334 0.8657407407407407 0.31302083333333336 0.8601851851851852 0.31666666666666665 0.8601851851851852
1 0.0828125 0.08981481481481482 0.08645833333333333 0.09444444444444444 0.09010416666666667 0.11574074074074074 0.08854166666666667 0.1287037037037037 0.07760416666666667 0.10648148148148148 0.07708333333333334 0.09444444444444444 0.08229166666666667 0.08981481481481482
1 0.5 0.662962962962963 0.5020833333333333 0.6648148148148149 0.503125 0.674074074074074 0.5067708333333333 0.6833333333333333 0.50625 0.700925925925926 0.5020833333333333 0.7157407407407408 0.4984375 0.7129629629629629 0.49166666666666664 0.6814814814814815 0.49270833333333336 0.6731481481481482 0.49947916666666664 0.662962962962963
1 0.2125 0.9425925925925925 0.22291666666666668 0.95 0.22135416666666666 0.9601851851851851 0.22760416666666666 0.9842592592592593 0.2234375 0.9953703703703703 0.21822916666666667 0.9990740740740741 0.21145833333333333 0.9953703703703703 0.19895833333333332 0.962037037037037 0.19270833333333334 0.9564814814814815 0.19427083333333334 0.9490740740740741 0.20625 0.937037037037037 0.21197916666666666 0.9425925925925925
1 0.08489583333333334 0.09537037037037037 0.09010416666666667 0.09259259259259259 0.09583333333333334 0.09537037037037037 0.09947916666666666 0.10462962962962963 0.1 0.11666666666666667 0.10364583333333334 0.12777777777777777 0.10208333333333333 0.13148148148148148 0.0953125 0.12037037037037036 0.08854166666666667 0.12314814814814815 0.08489583333333334 0.0962962962962963
1 0.09739583333333333 0.11944444444444445 0.103125 0.13148148148148148 0.1046875 0.1398148148148148 0.1109375 0.14907407407407408 0.109375 0.15555555555555556 0.10572916666666667 0.14907407407407408 0.10364583333333334 0.15185185185185185 0.1046875 0.1638888888888889 0.10260416666666666 0.16666666666666666 0.09791666666666667 0.14629629629629629 0.09010416666666667 0.1287037037037037 0.09166666666666666 0.12037037037037036 0.096875 0.11944444444444445
1 0.259375 0.6018518518518519 0.26666666666666666 0.6083333333333333 0.2713541666666667 0.6166666666666667 0.2713541666666667 0.6305555555555555 0.26927083333333335 0.6370370370370371 0.26979166666666665 0.6518518518518519 0.26614583333333336 0.6592592592592592 0.2630208333333333 0.6564814814814814 0.2625 0.6361111111111111 0.2598958333333333 0.6324074074074074 0.2609375 0.6259259259259259 0.2557291666666667 0.6092592592592593 0.2557291666666667 0.6046296296296296 0.25885416666666666 0.6018518518518519
1 0.4390625 0.26851851851851855 0.44166666666666665 0.26944444444444443 0.4505208333333333 0.28888888888888886 0.4505208333333333 0.29259259259259257 0.446875 0.2972222222222222 0.4473958333333333 0.30648148148148147 0.4427083333333333 0.3287037037037037 0.4390625 0.3296296296296296 0.440625 0.3101851851851852 0.434375 0.2861111111111111 0.43854166666666666 0.26944444444444443
1 0.8244791666666667 0.2657407407407407 0.8302083333333333 0.2722222222222222 0.8322916666666667 0.2824074074074074 0.8322916666666667 0.2916666666666667 0.8296875 0.2953703703703704 0.8182291666666667 0.29074074074074074 0.8151041666666666 0.2824074074074074 0.8145833333333333 0.2777777777777778 0.8213541666666667 0.2657407407407407 0.8239583333333333 0.2657407407407407
1 0 0.20555555555555555 0.011458333333333333 0.22037037037037038 0.0140625 0.23148148148148148 0.01875 0.24074074074074073 0.015104166666666667 0.2537037037037037 0.011979166666666667 0.25 0.0078125 0.23796296296296296 0 0.22777777777777777 0 0.2064814814814815
1 0.6265625 0.15092592592592594 0.6307291666666667 0.16203703703703703 0.63125 0.17407407407407408 0.6270833333333333 0.18333333333333332 0.6260416666666667 0.19722222222222222 0.6229166666666667 0.20092592592592592 0.6208333333333333 0.1935185185185185 0.6213541666666667 0.1648148148148148 0.6260416666666667 0.15185185185185185
1 0.3020833333333333 0.6018518518518519 0.31354166666666666 0.6129629629629629 0.3151041666666667 0.6361111111111111 0.31875 0.65 0.3177083333333333 0.6555555555555556 0.31145833333333334 0.6472222222222223 0.3072916666666667 0.6472222222222223 0.3026041666666667 0.6398148148148148 0.2984375 0.6222222222222222 0.29791666666666666 0.6064814814814815 0.3015625 0.6018518518518519
1 0.6166666666666667 0.19074074074074074 0.6197916666666666 0.19444444444444445 0.621875 0.20833333333333334 0.6182291666666667 0.2175925925925926 0.6161458333333333 0.2361111111111111 0.6135416666666667 0.23425925925925925 0.6125 0.2222222222222222 0.6088541666666667 0.21296296296296297 0.6104166666666667 0.19907407407407407 0.6161458333333333 0.19074074074074074
1 0.159375 0.025925925925925925 0.1625 0.03518518518518519 0.16302083333333334 0.046296296296296294 0.16770833333333332 0.06018518518518518 0.16770833333333332 0.06388888888888888 0.165625 0.06574074074074074 0.1609375 0.062037037037037036 0.15364583333333334 0.03981481481481482 0.15416666666666667 0.028703703703703703 0.15677083333333333 0.025 0.15885416666666666 0.025925925925925925
1 0.022916666666666665 0.18425925925925926 0.03333333333333333 0.2 0.034895833333333334 0.21203703703703702 0.041666666666666664 0.22407407407407406 0.04010416666666667 0.23055555555555557 0.036458333333333336 0.22962962962962963 0.018229166666666668 0.1962962962962963 0.015625 0.18888888888888888 0.016145833333333335 0.18518518518518517 0.022395833333333334 0.18425925925925926
1 0.7375 0.2074074074074074 0.7390625 0.21666666666666667 0.7359375 0.22314814814814815 0.7354166666666667 0.23148148148148148 0.7317708333333334 0.23148148148148148 0.7307291666666667 0.22314814814814815 0.734375 0.20925925925925926 0.7369791666666666 0.20833333333333334
1 0.8067708333333333 0.2037037037037037 0.8083333333333333 0.22037037037037038 0.8046875 0.23703703703703705 0.7973958333333333 0.2388888888888889 0.7953125 0.23055555555555557 0.796875 0.2175925925925926 0.8036458333333333 0.20462962962962963 0.80625 0.20462962962962963
1 0.6869791666666667 0.20833333333333334 0.6885416666666667 0.2101851851851852 0.6880208333333333 0.22314814814814815 0.6786458333333333 0.25462962962962965 0.6760416666666667 0.2518518518518518 0.6776041666666667 0.2351851851851852 0.6765625 0.22592592592592592 0.678125 0.21944444444444444 0.6864583333333333 0.20833333333333334
1 0.1859375 0.9629629629629629 0.20260416666666667 0.975 0.20364583333333333 0.9888888888888889 0.19947916666666668 0.9962962962962963 0.18333333333333332 0.9842592592592593 0.17604166666666668 0.9731481481481481 0.17604166666666668 0.9648148148148148 0.18541666666666667 0.9629629629629629
1 0.7734375 0.6333333333333333 0.7802083333333333 0.6277777777777778 0.7875 0.6268518518518519 0.7895833333333333 0.6370370370370371 0.7895833333333333 0.6472222222222223 0.7869791666666667 0.6518518518518519 0.7770833333333333 0.6675925925925926 0.7708333333333334 0.6685185185185185 0.7640625 0.6638888888888889 0.7734375 0.6342592592592593
1 0.25364583333333335 0.9120370370370371 0.26197916666666665 0.9175925925925926 0.26458333333333334 0.925 0.265625 0.9435185185185185 0.2625 0.950925925925926 0.24895833333333334 0.9462962962962963 0.24166666666666667 0.9342592592592592 0.24270833333333333 0.9287037037037037 0.240625 0.9175925925925926 0.24739583333333334 0.9101851851851852 0.253125 0.9120370370370371
1 0.5510416666666667 0.24074074074074073 0.5536458333333333 0.25 0.5526041666666667 0.27685185185185185 0.5484375 0.2824074074074074 0.5463541666666667 0.2935185185185185 0.5432291666666667 0.2935185185185185 0.54375 0.25555555555555554 0.5473958333333333 0.24166666666666667 0.5505208333333333 0.24074074074074073
1 0.45625 0.362962962962963 0.46197916666666666 0.3731481481481482 0.46458333333333335 0.387037037037037 0.45989583333333334 0.425 0.45625 0.42407407407407405 0.45625 0.4 0.44947916666666665 0.37962962962962965 0.453125 0.36574074074074076 0.4557291666666667 0.3638888888888889
1 0.17135416666666667 0.006481481481481481 0.17552083333333332 0.016666666666666666 0.18072916666666666 0.046296296296296294 0.17760416666666667 0.04814814814814815 0.165625 0.022222222222222223 0.16510416666666666 0.012037037037037037 0.17083333333333334 0.007407407407407408
1 0.08125 0.05925925925925926 0.08802083333333334 0.06759259259259259 0.090625 0.075 0.08958333333333333 0.09166666666666666 0.08385416666666666 0.08888888888888889 0.07916666666666666 0.0787037037037037 0.07708333333333334 0.06388888888888888 0.08072916666666667 0.06018518518518518
1 0.540625 0.8 0.5479166666666667 0.8 0.5479166666666667 0.8305555555555556 0.5546875 0.8407407407407408 0.5536458333333333 0.8453703703703703 0.5494791666666666 0.8462962962962963 0.5432291666666667 0.8361111111111111 0.5317708333333333 0.8314814814814815 0.540625 0.8009259259259259
1 0.70625 0.2675925925925926 0.7098958333333333 0.26851851851851855 0.7125 0.2861111111111111 0.7046875 0.30648148148148147 0.7026041666666667 0.3194444444444444 0.6989583333333333 0.32222222222222224 0.696875 0.3138888888888889 0.6921875 0.31296296296296294 0.6989583333333333 0.2972222222222222 0.7015625 0.27870370370370373 0.70625 0.26851851851851855
1 0.28958333333333336 0.8861111111111111 0.29635416666666664 0.8907407407407407 0.3046875 0.9055555555555556 0.3026041666666667 0.9148148148148149 0.30625 0.924074074074074 0.30364583333333334 0.9287037037037037 0.2994791666666667 0.9287037037037037 0.29583333333333334 0.9194444444444444 0.28541666666666665 0.9111111111111111 0.2833333333333333 0.8935185185185185 0.2890625 0.8870370370370371
1 0.9578125 0.5055555555555555 0.9604166666666667 0.5101851851851852 0.9604166666666667 0.5231481481481481 0.9463541666666667 0.5481481481481482 0.9395833333333333 0.5462962962962963 0.9354166666666667 0.537962962962963 0.9354166666666667 0.5305555555555556 0.9421875 0.5148148148148148 0.9536458333333333 0.5055555555555555 0.9572916666666667 0.5055555555555555
1 0.17916666666666667 0 0.18958333333333333 0 0.1921875 0.018518518518518517 0.1921875 0.024074074074074074 0.1890625 0.024074074074074074 0.17916666666666667 0.000925925925925926
1 0.7885416666666667 0.31851851851851853 0.7895833333333333 0.33055555555555555 0.7864583333333334 0.33611111111111114 0.7828125 0.36666666666666664 0.7802083333333333 0.3648148148148148 0.7791666666666667 0.3537037037037037 0.7734375 0.35833333333333334 0.7708333333333334 0.35462962962962963 0.7755208333333333 0.34629629629629627 0.7791666666666667 0.325 0.7848958333333333 0.3175925925925926 0.7880208333333333 0.31851851851851853
1 0.2734375 0.8851851851851852 0.2755208333333333 0.8935185185185185 0.2833333333333333 0.8981481481481481 0.28489583333333335 0.9101851851851852 0.28958333333333336 0.9175925925925926 0.28958333333333336 0.924074074074074 0.2859375 0.9324074074074075 0.2838541666666667 0.924074074074074 0.2755208333333333 0.924074074074074 0.26197916666666665 0.9074074074074074 0.2640625 0.8907407407407407 0.2682291666666667 0.8851851851851852 0.27291666666666664 0.8851851851851852
1 0.36354166666666665 0.038425925925925926 0.011458333333333333 0.03796296296296296