1 0.8213541666666667 0.1537037037037037 0.8239583333333333 0.16574074074074074 0.8234375 0.1712962962962963 0.8109375 0.2 0.8067708333333333 0.19722222222222222 0.8057291666666667 0.1925925925925926 0.8140625 0.1648148148148148 0.8208333333333333 0.1537037037037037
1 0.3375 0.9009259259259259 0.34427083333333336 0.9074074074074074 0.3463541666666667 0.9138888888888889 0.3453125 0.924074074074074 0.34791666666666665 0.9296296296296296 0.34739583333333335 0.9388888888888889 0.35 0.9462962962962963 0.3458333333333333 0.9527777777777777 0.3416666666666667 0.9527777777777777 0.3416666666666667 0.9472222222222222 0.3390625 0.9425925925925925 0.33125 0.937962962962963 0.3223958333333333 0.9194444444444444 0.32395833333333335 0.9138888888888889 0.33229166666666665 0.9027777777777778 0.33697916666666666 0.9009259259259259
1 0.08125 0.15185185185185185 0.084375 0.15462962962962962 0.08645833333333333 0.16111111111111112 0.0859375 0.1675925925925926 0.09270833333333334 0.18611111111111112 0.09270833333333334 0.19907407407407407 0.08958333333333333 0.19907407407407407 0.08541666666666667 0.17962962962962964 0.07864583333333333 0.1712962962962963 0.078125 0.1537037037037037 0.08072916666666667 0.1527777777777778
1 0.6682291666666667 0.2564814814814815 0.6713541666666667 0.2564814814814815 0.6734375 0.2740740740740741 0.6651041666666667 0.3037037037037037 0.6578125 0.3037037037037037 0.6619791666666667 0.2851851851851852 0.6625 0.2675925925925926 0.6682291666666667 0.2574074074074074
1 0.5947916666666667 0.09259259259259259 0.5953125 0.11296296296296296 0.5885416666666666 0.13055555555555556 0.5869791666666667 0.12777777777777777 0.5880208333333333 0.11388888888888889 0.5864583333333333 0.1 0.5890625 0.09259259259259259 0.5942708333333333 0.09259259259259259
1 0.06041666666666667 0.1648148148148148 0.06458333333333334 0.16944444444444445 0.0671875 0.1814814814814815 0.059895833333333336 0.18518518518518517 0.053125 0.17777777777777778 0.053125 0.1712962962962963 0.05677083333333333 0.16574074074074074 0.059895833333333336 0.16574074074074074
1 0.5963541666666666 0.11666666666666667 0.5984375 0.11851851851851852 0.5994791666666667 0.1361111111111111 0.5973958333333333 0.15092592592592594 0.5921875 0.1638888888888889 0.5890625 0.1537037037037037 0.5895833333333333 0.12962962962962962 0.5958333333333333 0.11666666666666667
1 0.85 0.9185185185185185 0.8572916666666667 0.925 0.8598958333333333 0.9462962962962963 0.846875 0.9638888888888889 0.8432291666666667 0.9629629629629629 0.8401041666666667 0.9574074074074074 0.8265625 0.962037037037037 0.8223958333333333 0.9555555555555556 0.8286458333333333 0.9555555555555556 0.8333333333333334 0.9490740740740741 0.8302083333333333 0.9361111111111111 0.840625 0.9296296296296296 0.8421875 0.9185185185185185 0.8494791666666667 0.9185185185185185
1 0.27239583333333334 0.6212962962962963 0.2765625 0.6203703703703703 0.28020833333333334 0.6287037037037037 0.2864583333333333 0.6351851851851852 0.29375 0.6712962962962963 0.29270833333333335 0.6759259259259259 0.29010416666666666 0.6768518518518518 0.2828125 0.675 0.278125 0.6592592592592592 0.2703125 0.65 0.26979166666666665 0.6305555555555555 0.27239583333333334 0.6222222222222222
1 0.17604166666666668 0.03981481481481482 0.18177083333333333 0.05277777777777778 0.18385416666666668 0.06944444444444445 0.18229166666666666 0.07962962962962963 0.178125 0.075 0.17239583333333333 0.05648148148148148 0.17135416666666667 0.04259259259259259 0.17552083333333332 0.03981481481481482
1 0.04635416666666667 0.18888888888888888 0.052083333333333336 0.20092592592592592 0.05364583333333333 0.21296296296296297 0.059375 0.23055555555555557 0.05416666666666667 0.2324074074074074 0.043229166666666666 0.2101851851851852 0.04010416666666667 0.1925925925925926 0.04583333333333333 0.18981481481481483
1 0.8484375 0.4666666666666667 0.8494791666666667 0.48055555555555557 0.8479166666666667 0.4888888888888889 0.840625 0.4981481481481482 0.8317708333333333 0.5166666666666667 0.8291666666666667 0.5148148148148148 0.8296875 0.5083333333333333 0.8244791666666667 0.5046296296296297 0.8244791666666667 0.5009259259259259 0.8328125 0.48055555555555557 0.8411458333333334 0.4722222222222222 0.8432291666666667 0.4666666666666667 0.8479166666666667 0.4666666666666667
1 0.043229166666666666 0.13055555555555556 0.05 0.13518518518518519 0.05364583333333333 0.1425925925925926 0.058854166666666666 0.1648148148148148 0.05364583333333333 0.16666666666666666 0.04583333333333333 0.15092592592592594 0.04010416666666667 0.13425925925925927 0.042708333333333334 0.13148148148148148
1 0.9583333333333334 0.5592592592592592 0.9614583333333333 0.5638888888888889 0.9583333333333334 0.5814814814814815 0.9463541666666667 0.6018518518518519 0.9421875 0.6018518518518519 0.9401041666666666 0.5972222222222222 0.9338541666666667 0.5944444444444444 0.9322916666666666 0.5879629629629629 0.9390625 0.5796296296296296 0.94375 0.5638888888888889 0.9578125 0.5592592592592592
1 0.284375 0.9175925925925926 0.29322916666666665 0.924074074074074 0.30104166666666665 0.9351851851851852 0.3046875 0.9666666666666667 0.30104166666666665 0.975 0.296875 0.9768518518518519 0.2953125 0.9685185185185186 0.2833333333333333 0.9462962962962963 0.2828125 0.9351851851851852 0.27760416666666665 0.9259259259259259 0.2791666666666667 0.9185185185185185 0.2838541666666667 0.9175925925925926
1 0.8453125 0.14537037037037037 0.8463541666666666 0.15555555555555556 0.8442708333333333 0.1712962962962963 0.8416666666666667 0.17407407407407408 0.8375 0.17314814814814813 0.8364583333333333 0.1675925925925926 0.8447916666666667 0.14629629629629629
1 0.13333333333333333 0.053703703703703705 0.14010416666666667 0.07685185185185185 0.140625 0.09166666666666666 0.13958333333333334 0.08796296296296297 0.13333333333333333 0.08703703703703704 0.13125 0.07407407407407407 0.1265625 0.06296296296296296 0.1265625 0.053703703703703705 0.1328125 0.053703703703703705
1 0.2947916666666667 0.7064814814814815 0.29791666666666666 0.7138888888888889 0.2984375 0.7231481481481481 0.303125 0.7287037037037037 0.3067708333333333 0.7287037037037037 0.3078125 0.7333333333333333 0.30364583333333334 0.7398148148148148 0.30052083333333335 0.7351851851851852 0.29635416666666664 0.7379629629629629 0.29322916666666665 0.7611111111111111 0.290625 0.7592592592592593 0.29010416666666666 0.7388888888888889 0.2864583333333333 0.7342592592592593 0.28125 0.7157407407407408 0.2875 0.7064814814814815 0.2942708333333333 0.7064814814814815
1 0.5427083333333333 0.8037037037037037 0.5515625 0.8203703703703704 0.5515625 0.8268518518518518 0.546875 0.8342592592592593 0.5458333333333333 0.8472222222222222 0.5401041666666667 0.8462962962962963 0.5369791666666667 0.8342592592592593 0.5296875 0.8342592592592593 0.528125 0.8314814814814815 0.5286458333333334 0.8268518518518518 0.5359375 0.8148148148148148 0.5375 0.8046296296296296 0.5395833333333333 0.8018518518518518 0.5421875 0.8037037037037037
1 0.6786458333333333 0.6305555555555555 0.6822916666666666 0.6296296296296297 0.6838541666666667 0.6333333333333333 0.6817708333333333 0.6564814814814814 0.6760416666666667 0.6694444444444444 0.6635416666666667 0.675 0.6635416666666667 0.6685185185185185 0.6713541666666667 0.6407407407407407 0.6786458333333333 0.6314814814814815
1 0.11666666666666667 0.9064814814814814 0.12291666666666666 0.9138888888888889 0.12864583333333332 0.9111111111111111 0.13489583333333333 0.9157407407407407 0.15520833333333334 0.9425925925925925 0.15625 0.9490740740740741 0.15052083333333333 0.9527777777777777 0.14739583333333334 0.9648148148148148 0.1421875 0.9629629629629629 0.13697916666666668 0.9527777777777777 0.12604166666666666 0.9564814814814815 0.11197916666666667 0.9407407407407408 0.11145833333333334 0.9138888888888889 0.11614583333333334 0.9064814814814814
1 0.15833333333333333 0.08796296296296297 0.16354166666666667 0.09444444444444444 0.16458333333333333 0.10648148148148148 0.16875 0.1175925925925926 0.16770833333333332 0.125 0.16354166666666667 0.12222222222222222 0.15364583333333334 0.09722222222222222 0.15364583333333334 0.09074074074074075 0.1578125 0.08796296296296297
1 0.275 0.8018518518518518 0.2864583333333333 0.8092592592592592 0.28958333333333336 0.8222222222222222 0.28958333333333336 0.8287037037037037 0.2833333333333333 0.8351851851851851 0.28489583333333335 0.8490740740740741 0.2828125 0.8546296296296296 0.2796875 0.8546296296296296 0.2760416666666667 0.8435185185185186 0.26875 0.8342592592592593 0.2640625 0.8138888888888889 0.26927083333333335 0.8018518518518518 0.27447916666666666 0.8018518518518518
1 0.025520833333333333 0.40185185185185185 0.03229166666666667 0.40555555555555556 0.041666666666666664 0.42777777777777776 0.05677083333333333 0.44907407407407407 0.0578125 0.4546296296296296 0.05260416666666667 0.45555555555555555 0.05 0.45185185185185184 0.046875 0.4564814814814815 0.043229166666666666 0.4564814814814815 0.03697916666666667 0.4527777777777778 0.034895833333333334 0.44074074074074077 0.025520833333333333 0.425 0.021354166666666667 0.4111111111111111 0.025 0.4027777777777778
1 0.0640625 0.1787037037037037 0.07447916666666667 0.1935185185185185 0.078125 0.21944444444444444 0.07291666666666667 0.21666666666666667 0.0640625 0.20092592592592592 0.059895833333333336 0.18703703703703703 0.059895833333333336 0.1824074074074074 0.06354166666666666 0.17962962962962964
1 0.6010416666666667 0.041666666666666664 0.008333333333333333 0.03888888888888889
1 0.10208333333333333 0.11388888888888889 0.10625 0.12037037037037036 0.11302083333333333 0.14629629629629629 0.1125 0.15 0.10625 0.15555555555555556 0.09791666666666667 0.11944444444444445 0.0984375 0.11574074074074074 0.1015625 0.11388888888888889
1 0.1265625 0.12314814814814815 0.14010416666666667 0.1574074074074074 0.13854166666666667 0.1638888888888889 0.134375 0.16666666666666666 0.1328125 0.16574074074074074 0.13125 0.1527777777777778 0.125 0.1398148148148148 0.12291666666666666 0.1259259259259259 0.12604166666666666 0.12314814814814815
1 0.7455729166666667 0.14953703703703702 0.0109375 0.04351851851851852
1 0.6760416666666667 0.34814814814814815 0.6864583333333333 0.325 0.6869791666666667 0.30833333333333335 0.6932291666666667 0.29907407407407405 0.6958333333333333 0.29907407407407405 0.6989583333333333 0.3148148148148148 0.6901041666666666 0.34814814814814815 0.6885416666666667 0.35185185185185186 0.6817708333333333 0.3472222222222222 0.6765625 0.34814814814814815
1 0.5953125 0.06018518518518518 0.5973958333333333 0.0712962962962963 0.5953125 0.09074074074074075 0.5885416666666666 0.09259259259259259 0.5875 0.07777777777777778 0.5895833333333333 0.06759259259259259 0.5947916666666667 0.06111111111111111
1 0.011979166666666667 0.22962962962962963 0.0265625 0.25462962962962965 0.03125 0.27870370370370373 0.029166666666666667 0.2814814814814815 0.0265625 0.2796296296296296 0.022395833333333334 0.2657407407407407 0.011979166666666667 0.25277777777777777 0.010416666666666666 0.24444444444444444 0.011458333333333333 0.23055555555555557
1 0.9223958333333333 0.9629629629629629 0.9322916666666666 0.9666666666666667 0.9354166666666667 0.9731481481481481 0.9354166666666667 0.9990740740740741 0.9125 0.9990740740740741 0.8947916666666667 0.9935185185185185 0.8984375 0.987037037037037 0.9130208333333333 0.9851851851851852 0.921875 0.9629629629629629
1 0.8286458333333333 0.32314814814814813 0.8333333333333334 0.3296296296296296 0.834375 0.3351851851851852 0.834375 0.3453703703703704 0.8322916666666667 0.3509259259259259 0.8239583333333333 0.34444444444444444 0.8255208333333334 0.3416666666666667 0.8229166666666666 0.33611111111111114 0.8244791666666667 0.3296296296296296 0.8213541666666667 0.32407407407407407 0.828125 0.32314814814814813
1 0.8625 0.20925925925925926 0.8671875 0.21944444444444444 0.8661458333333333 0.23333333333333334 0.8625 0.23148148148148148 0.8614583333333333 0.2351851851851852 0.8635416666666667 0.23703703703703705 0.8630208333333333 0.24166666666666667 0.8588541666666667 0.23796296296296296 0.8536458333333333 0.24537037037037038 0.8520833333333333 0.2537037037037037 0.8489583333333334 0.25833333333333336 0.846875 0.25462962962962965 0.8520833333333333 0.22592592592592592 0.859375 0.20925925925925926 0.8619791666666666 0.20925925925925926
1 0.5119791666666667 0.3074074074074074 0.515625 0.3074074074074074 0.5203125 0.3175925925925926 0.521875 0.32685185185185184 0.5213541666666667 0.3333333333333333 0.5171875 0.3435185185185185 0.515625 0.362962962962963 0.5125 0.362962962962963 0.5119791666666667 0.34074074074074073 0.50625 0.33425925925925926 0.5067708333333333 0.32592592592592595 0.5119791666666667 0.30833333333333335
1 0.15677083333333333 0.05740740740740741 0.16197916666666667 0.06759259259259259 0.16145833333333334 0.07962962962962963 0.16458333333333333 0.09166666666666666 0.15520833333333334 0.08518518518518518 0.153125 0.08055555555555556 0.15 0.062037037037037036 0.153125 0.05648148148148148 0.15625 0.05740740740740741
1 0.3104166666666667 0.9194444444444444 0.3203125 0.9314814814814815 0.32395833333333335 0.9564814814814815 0.31875 0.9638888888888889 0.3151041666666667 0.9629629629629629 0.31354166666666666 0.9546296296296296 0.30572916666666666 0.9462962962962963 0.3 0.9324074074074075 0.3 0.9287037037037037 0.3098958333333333 0.9194444444444444
1 0.09166666666666666 0.08888888888888889 0.09791666666666667 0.09814814814814815 0.10104166666666667 0.10925925925925926 0.09947916666666666 0.12037037037037036 0.0875 0.10185185185185185 0.08802083333333334 0.09259259259259259 0.09114583333333333 0.08981481481481482
1 0.6942708333333333 0.6564814814814814 0.6958333333333333 0.6574074074074074 0.6947916666666667 0.6851851851851852 0.6791666666666667 0.7074074074074074 0.6755208333333333 0.7055555555555556 0.6744791666666666 0.7 0.6786458333333333 0.6861111111111111 0.6802083333333333 0.6675925925925926 0.6848958333333334 0.6611111111111111 0.69375 0.6564814814814814
1 0.7286458333333333 0.3851851851851852 0.7307291666666667 0.38981481481481484 0.7302083333333333 0.4074074074074074 0.721875 0.4305555555555556 0.7171875 0.4361111111111111 0.715625 0.4351851851851852 0.7151041666666667 0.42407407407407405 0.7213541666666666 0.4064814814814815 0.7239583333333334 0.3888888888888889 0.728125 0.3851851851851852
1 0.6265625 0.10833333333333334 0.625 0.10185185185185185 0.6265625 0.07962962962962963 0.6291666666666667 0.06851851851851852 0.6333333333333333 0.06481481481481481 0.6354166666666666 0.0787037037037037 0.6296875 0.10555555555555556 0.6270833333333333 0.10740740740740741
1 0.08541666666666667 0.1537037037037037 0.09479166666666666 0.1685185185185185 0.09635416666666667 0.17777777777777778 0.10625 0.18888888888888888 0.1046875 0.19166666666666668 0.09791666666666667 0.18703703703703703 0.09635416666666667 0.1925925925925926 0.1 0.19537037037037036 0.0984375 0.20092592592592592 0.08958333333333333 0.18425925925925926 0.08541666666666667 0.1712962962962963 0.0828125 0.15925925925925927 0.0828125 0.15462962962962962 0.08489583333333334 0.1537037037037037
1 0.2203125 0.001851851851851852 0.22395833333333334 0.010185185185185186 0.225 0.028703703703703703 0.2234375 0.03148148148148148 0.21979166666666666 0.025925925925925925 0.21666666666666667 0.012962962962962963 0.21666666666666667 0.003703703703703704 0.21979166666666666 0.001851851851851852
1 0.24635416666666668 0.9462962962962963 0.25677083333333334 0.9555555555555556 0.26197916666666665 0.9657407407407408 0.2640625 0.950925925925926 0.2703125 0.9527777777777777 0.275 0.9648148148148148 0.28125 0.9694444444444444 0.2791666666666667 0.9796296296296296 0.28125 0.987037037037037 0.2791666666666667 0.9925925925925926 0.27447916666666666 0.9916666666666667 0.26927083333333335 0.9833333333333333 0.26197916666666665 0.9814814814814815 0.25625 0.9879629629629629 0.24635416666666668 0.9888888888888889 0.23489583333333333 0.9740740740740741 0.23333333333333334 0.9657407407407408 0.2359375 0.9537037037037037 0.24114583333333334 0.9472222222222222 0.24583333333333332 0.9462962962962963
1 0.8255208333333334 0.3638888888888889 0.8270833333333333 0.36666666666666664 0.8276041666666667 0.3861111111111111 0.8177083333333334 0.41203703703703703 0.8104166666666667 0.4083333333333333 0.8140625 0.3925925925925926 0.8135416666666667 0.37777777777777777 0.8208333333333333 0.362962962962963 0.825 0.3638888888888889