1 0.3380208333333333 0.9083333333333333 0.3453125 0.9148148148148149 0.3453125 0.9259259259259259 0.3489583333333333 0.9324074074074075 0.3484375 0.9490740740740741 0.34427083333333336 0.9537037037037037 0.3411458333333333 0.9537037037037037 0.3338541666666667 0.9462962962962963 0.3234375 0.9314814814814815 0.3234375 0.9277777777777778 0.32916666666666666 0.9203703703703704 0.33229166666666665 0.9092592592592592 0.3375 0.9083333333333333
1 0.05260416666666667 0.41203703703703703 0.06302083333333333 0.4185185185185185 0.0671875 0.42592592592592593 0.071875 0.4462962962962963 0.08177083333333333 0.46296296296296297 0.08177083333333333 0.4703703703703704 0.07083333333333333 0.46944444444444444 0.06770833333333333 0.45740740740740743 0.057291666666666664 0.44722222222222224 0.05364583333333333 0.4388888888888889 0.0515625 0.42407407407407405 0.046875 0.41574074074074074 0.0484375 0.41203703703703703 0.052083333333333336 0.41203703703703703
1 0.6302083333333334 0.0787037037037037 0.6328125 0.09351851851851851 0.6260416666666667 0.12129629629629629 0.6229166666666667 0.11944444444444445 0.6229166666666667 0.09722222222222222 0.6265625 0.08148148148148149 0.6296875 0.0787037037037037
1 0.04375 0.13055555555555556 0.052083333333333336 0.14166666666666666 0.058854166666666666 0.1685185185185185 0.049479166666666664 0.16111111111111112 0.04375 0.15 0.03854166666666667 0.13425925925925927 0.03958333333333333 0.13055555555555556 0.043229166666666666 0.13055555555555556
1 0.5921875 0.06944444444444445 0.5963541666666666 0.07777777777777778 0.5963541666666666 0.08518518518518518 0.59375 0.10185185185185185 0.5880208333333333 0.10925925925925926 0.5864583333333333 0.10555555555555556 0.5864583333333333 0.08148148148148149 0.5880208333333333 0.07407407407407407 0.5916666666666667 0.06944444444444445
1 0.8526041666666667 0.13240740740740742 0.8541666666666666 0.13703703703703704 0.8489583333333334 0.1638888888888889 0.8416666666666667 0.17592592592592593 0.8395833333333333 0.17037037037037037 0.8427083333333333 0.1537037037037037 0.8520833333333333 0.13240740740740742
1 0.9088541666666666 0.9564814814814815 0.9203125 0.962037037037037 0.9234375 0.9675925925925926 0.9260416666666667 0.9879629629629629 0.9192708333333334 0.9990740740740741 0.8890625 0.9990740740740741 0.8953125 0.9888888888888889 0.89375 0.9768518518518519 0.9052083333333333 0.9712962962962963 0.9083333333333333 0.9564814814814815
1 0.09270833333333334 0.09074074074074075 0.09739583333333333 0.09907407407407408 0.1046875 0.12129629629629629 0.10520833333333333 0.12777777777777777 0.10260416666666666 0.13148148148148148 0.0984375 0.12685185185185185 0.09375 0.11388888888888889 0.08645833333333333 0.10185185185185185 0.0875 0.09166666666666666 0.0921875 0.09074074074074075
1 0.8234375 0.3648148148148148 0.8270833333333333 0.37222222222222223 0.8276041666666667 0.3888888888888889 0.8171875 0.412962962962963 0.8140625 0.40925925925925927 0.8104166666666667 0.4101851851851852 0.8088541666666667 0.4064814814814815 0.8161458333333333 0.38796296296296295 0.815625 0.375 0.8208333333333333 0.3638888888888889 0.8229166666666666 0.3648148148148148
1 0 0.24444444444444444 0.0109375 0.25 0.014583333333333334 0.2638888888888889 0.0234375 0.27870370370370373 0.021875 0.28055555555555556 0.015104166666666667 0.275 0.011979166666666667 0.2916666666666667 0.00625 0.26666666666666666 0 0.2601851851851852 0 0.24537037037037038
1 0.31302083333333336 0.7555555555555555 0.3171875 0.7574074074074074 0.31927083333333334 0.7620370370370371 0.31614583333333335 0.7842592592592592 0.3177083333333333 0.7972222222222223 0.3145833333333333 0.8037037037037037 0.30833333333333335 0.7898148148148149 0.30104166666666665 0.7824074074074074 0.2984375 0.7657407407407407 0.2984375 0.7583333333333333 0.30052083333333335 0.7546296296296297 0.3125 0.7555555555555555
1 0.10885416666666667 0.15 0.115625 0.16111111111111112 0.11666666666666667 0.17222222222222222 0.12291666666666666 0.18518518518518517 0.11979166666666667 0.18888888888888888 0.115625 0.17962962962962964 0.11302083333333333 0.18425925925925926 0.11354166666666667 0.19166666666666668 0.10989583333333333 0.19166666666666668 0.109375 0.17962962962962964 0.10416666666666667 0.17407407407407408 0.10208333333333333 0.15833333333333333 0.1046875 0.1527777777777778 0.10833333333333334 0.15092592592592594
1 0.5255208333333333 0.33425925925925926 0.5244791666666667 0.31203703703703706 0.5197916666666667 0.29814814814814816 0.521875 0.2861111111111111 0.5260416666666666 0.27685185185185185 0.5338541666666666 0.2898148148148148 0.5328125 0.30462962962962964 0.5296875 0.3101851851851852 0.5291666666666667 0.32407407407407407 0.5260416666666666 0.33425925925925926
1 0.5953125 0.046296296296296294 0.5984375 0.04537037037037037 0.6010416666666667 0.058333333333333334 0.5984375 0.07407407407407407 0.5947916666666667 0.075 0.590625 0.07037037037037037 0.5916666666666667 0.05462962962962963 0.5953125 0.04722222222222222
1 0.10677083333333333 0.10092592592592593 0.1125 0.10925925925925926 0.11458333333333333 0.12222222222222222 0.11875 0.13333333333333333 0.11875 0.1361111111111111 0.11302083333333333 0.1388888888888889 0.10729166666666666 0.12962962962962962 0.10260416666666666 0.10925925925925926 0.10208333333333333 0.10185185185185185 0.10625 0.10092592592592593
1 0.8416666666666667 0.4675925925925926 0.8458333333333333 0.4666666666666667 0.8473958333333333 0.46944444444444444 0.8484375 0.4842592592592593 0.8463541666666666 0.49074074074074076 0.840625 0.49722222222222223 0.83125 0.5166666666666667 0.828125 0.5148148148148148 0.828125 0.5064814814814815 0.8234375 0.5046296296296297 0.8296875 0.48518518518518516 0.8416666666666667 0.4685185185185185
1 0.8270833333333333 0.3212962962962963 0.8328125 0.3333333333333333 0.83125 0.35 0.8276041666666667 0.35 0.8203125 0.3425925925925926 0.8223958333333333 0.33240740740740743 0.8192708333333333 0.32407407407407407 0.8203125 0.3175925925925926 0.8244791666666667 0.31666666666666665 0.8265625 0.3212962962962963
1 0.2838541666666667 0.637962962962963 0.29635416666666664 0.6574074074074074 0.29635416666666664 0.6935185185185185 0.29375 0.6925925925925925 0.2833333333333333 0.6731481481481482 0.2791666666666667 0.6712962962962963 0.278125 0.6416666666666667 0.2796875 0.637962962962963 0.2833333333333333 0.637962962962963
1 0.6473958333333333 0.6675925925925926 0.6494791666666667 0.6703703703703704 0.6494791666666667 0.6907407407407408 0.6442708333333333 0.7064814814814815 0.6385416666666667 0.7148148148148148 0.6338541666666667 0.7157407407407408 0.6333333333333333 0.6990740740740741 0.6401041666666667 0.675 0.646875 0.6685185185185185
1 0.1140625 0.9111111111111111 0.11927083333333334 0.9194444444444444 0.1265625 0.9175925925925926 0.14010416666666667 0.9259259259259259 0.14270833333333333 0.9333333333333333 0.15572916666666667 0.9435185185185185 0.15572916666666667 0.9490740740740741 0.14947916666666666 0.9527777777777777 0.14791666666666667 0.9638888888888889 0.14427083333333332 0.9657407407407408 0.13489583333333333 0.9555555555555556 0.1265625 0.9611111111111111 0.115625 0.9574074074074074 0.10833333333333334 0.9407407407407408 0.1109375 0.9287037037037037 0.10885416666666667 0.925 0.10885416666666667 0.9175925925925926 0.11354166666666667 0.9111111111111111
1 0.15885416666666666 0.08611111111111111 0.16354166666666667 0.09537037037037037 0.16458333333333333 0.10648148148148148 0.16822916666666668 0.1175925925925926 0.16875 0.12314814814814815 0.16614583333333333 0.125 0.16302083333333334 0.12407407407407407 0.15416666666666667 0.09907407407407408 0.15416666666666667 0.09074074074074075 0.15833333333333333 0.08611111111111111
1 0.5953125 0.10277777777777777 0.5979166666666667 0.11944444444444445 0.5916666666666667 0.14351851851851852 0.5875 0.14166666666666666 0.5869791666666667 0.11203703703703703 0.590625 0.10462962962962963 0.5947916666666667 0.1037037037037037
1 0.3328125 0.6425925925925926 0.33541666666666664 0.6462962962962963 0.3359375 0.6611111111111111 0.34010416666666665 0.6768518518518518 0.33958333333333335 0.6861111111111111 0.3375 0.6898148148148148 0.33489583333333334 0.6898148148148148 0.33125 0.6833333333333333 0.32447916666666665 0.6666666666666666 0.321875 0.6537037037037037 0.32447916666666665 0.6435185185185185 0.33229166666666665 0.6425925925925926
1 0.60625 0.004629629629629629 0.6125 0.012962962962962963 0.6088541666666667 0.04351851851851852 0.6057291666666667 0.04351851851851852 0.6057291666666667 0.03518518518518519 0.6026041666666667 0.025925925925925925 0.6026041666666667 0.010185185185185186 0.6057291666666667 0.004629629629629629
1 0.0734375 0.1574074074074074 0.07864583333333333 0.15925925925925927 0.08854166666666667 0.17314814814814813 0.08802083333333334 0.1962962962962963 0.08489583333333334 0.19722222222222222 0.07395833333333333 0.17222222222222222 0.0734375 0.15833333333333333
1 0.7479166666666667 0.11666666666666667 0.7520833333333333 0.125 0.7479166666666667 0.1537037037037037 0.7411458333333333 0.1537037037037037 0.7390625 0.14074074074074075 0.7401041666666667 0.1259259259259259 0.7473958333333334 0.1175925925925926
1 0.6854166666666667 0.2953703703703704 0.6890625 0.2953703703703704 0.6927083333333334 0.30833333333333335 0.6921875 0.3212962962962963 0.6880208333333333 0.33240740740740743 0.6869791666666667 0.34629629629629627 0.6854166666666667 0.3509259259259259 0.6786458333333333 0.34814814814814815 0.675 0.35185185185185186 0.671875 0.3472222222222222 0.6770833333333334 0.34444444444444444 0.6796875 0.33796296296296297 0.6807291666666667 0.30925925925925923 0.6854166666666667 0.2962962962962963
1 0.9494791666666667 0.5537037037037037 0.9526041666666667 0.5564814814814815 0.9557291666666666 0.5740740740740741 0.9494791666666667 0.5842592592592593 0.9458333333333333 0.5981481481481481 0.9421875 0.600925925925926 0.93125 0.5935185185185186 0.9291666666666667 0.5888888888888889 0.93125 0.5768518518518518 0.9286458333333333 0.5731481481481482 0.934375 0.5694444444444444 0.9390625 0.5611111111111111 0.9489583333333333 0.5546296296296296
1 0.050520833333333334 0.1638888888888889 0.058854166666666666 0.1712962962962963 0.0609375 0.18055555555555555 0.06770833333333333 0.19444444444444445 0.0671875 0.20185185185185187 0.0640625 0.19907407407407407 0.06041666666666667 0.20555555555555555 0.0578125 0.20462962962962963 0.05677083333333333 0.19444444444444445 0.04583333333333333 0.17685185185185184 0.04583333333333333 0.1685185185185185 0.05 0.1638888888888889
1 0.049479166666666664 0.21203703703703702 0.01875 0.044444444444444446
1 0.8453125 0.14629629629629629 0.8453125 0.1574074074074074 0.8411458333333334 0.17314814814814813 0.8364583333333333 0.17222222222222222 0.8354166666666667 0.1685185185185185 0.8416666666666667 0.14814814814814814 0.8447916666666667 0.14629629629629629
1 0.13020833333333334 0.05185185185185185 0.134375 0.05740740740740741 0.140625 0.08333333333333333 0.13802083333333334 0.08796296296296297 0.13229166666666667 0.08518518518518518 0.12447916666666667 0.05925925925925926 0.12604166666666666 0.05277777777777778 0.1296875 0.05185185185185185
1 0.16822916666666668 0.04814814814814815 0.16979166666666667 0.06851851851851852 0.1734375 0.08148148148148149 0.17083333333333334 0.08796296296296297 0.16822916666666668 0.08888888888888889 0.16822916666666668 0.08055555555555556 0.1640625 0.08148148148148149 0.16145833333333334 0.07777777777777778 0.15729166666666666 0.06296296296296296 0.1578125 0.05277777777777778 0.15520833333333334 0.05 0.16770833333333332 0.04814814814814815
1 0.8598958333333333 0.20925925925925926 0.8661458333333333 0.21851851851851853 0.8635416666666667 0.24351851851851852 0.8604166666666667 0.24537037037037038 0.8578125 0.24074074074074073 0.8552083333333333 0.24074074074074073 0.8489583333333334 0.2574074074074074 0.846875 0.2537037037037037 0.8505208333333333 0.23055555555555557 0.859375 0.20925925925925926
1 0.6427083333333333 0.7481481481481481 0.6421875 0.7444444444444445 0.65 0.7203703703703703 0.6505208333333333 0.7092592592592593 0.6609375 0.6981481481481482 0.6645833333333333 0.6981481481481482 0.665625 0.700925925925926 0.6645833333333333 0.7277777777777777 0.6588541666666666 0.7342592592592593 0.6541666666666667 0.7462962962962963 0.6473958333333333 0.7435185185185185 0.6432291666666666 0.7481481481481481
1 0.3125 0.924074074074074 0.31927083333333334 0.9324074074074075 0.3234375 0.9555555555555556 0.321875 0.9611111111111111 0.3177083333333333 0.9648148148148148 0.3145833333333333 0.9638888888888889 0.31302083333333336 0.9555555555555556 0.30364583333333334 0.9453703703703704 0.2989583333333333 0.9351851851851852 0.2994791666666667 0.9287037037037037 0.3067708333333333 0.9203703703703704 0.31197916666666664 0.924074074074074
1 0.59375 0.825925925925926 0.6020833333333333 0.8379629629629629 0.603125 0.8472222222222222 0.6020833333333333 0.8527777777777777 0.5958333333333333 0.8583333333333333 0.5953125 0.8703703703703703 0.5927083333333333 0.8731481481481481 0.5885416666666666 0.8694444444444445 0.5859375 0.8601851851851852 0.58125 0.8574074074074074 0.5807291666666666 0.8518518518518519 0.5828125 0.8416666666666667 0.5890625 0.8333333333333334 0.590625 0.8268518518518518 0.5932291666666667 0.825925925925926
1 0.7375 0.387037037037037 0.7395833333333334 0.3925925925925926 0.7395833333333334 0.40925925925925927 0.7338541666666667 0.4324074074074074 0.7270833333333333 0.43796296296296294 0.7239583333333334 0.43796296296296294 0.7223958333333333 0.43148148148148147 0.7291666666666666 0.4111111111111111 0.7307291666666667 0.39537037037037037 0.7369791666666666 0.387037037037037
1 0.24791666666666667 0.950925925925926 0.2557291666666667 0.9555555555555556 0.2609375 0.9648148148148148 0.2630208333333333 0.9611111111111111 0.2630208333333333 0.9518518518518518 0.2682291666666667 0.9518518518518518 0.27447916666666666 0.9666666666666667 0.2791666666666667 0.9675925925925926 0.2791666666666667 0.975925925925926 0.275 0.9805555555555555 0.2786458333333333 0.9833333333333333 0.28020833333333334 0.9888888888888889 0.2765625 0.9944444444444445 0.26145833333333335 0.9805555555555555 0.24895833333333334 0.9907407407407407 0.24479166666666666 0.9898148148148148 0.240625 0.9824074074074074 0.2359375 0.9805555555555555 0.23229166666666667 0.9675925925925926 0.23541666666666666 0.9527777777777777 0.24010416666666667 0.9481481481481482 0.24739583333333334 0.950925925925926
1 0.8140625 0.1537037037037037 0.8177083333333334 0.15462962962962962 0.81875 0.17037037037037037 0.8109375 0.1935185185185185 0.8104166666666667 0.20092592592592592 0.8072916666666666 0.2 0.8052083333333333 0.19537037037037036 0.8083333333333333 0.1675925925925926 0.8140625 0.15462962962962962
1 0.6653645833333334 0.28194444444444444 0.016145833333333335 0.049074074074074076
1 0.2838541666666667 0.925 0.29791666666666666 0.9361111111111111 0.3020833333333333 0.9453703703703704 0.3015625 0.9592592592592593 0.30416666666666664 0.9675925925925926 0.3 0.9768518518518519 0.29635416666666664 0.9768518518518519 0.29322916666666665 0.9666666666666667 0.2859375 0.9648148148148148 0.2828125 0.9546296296296296 0.28229166666666666 0.9416666666666667 0.27760416666666665 0.9324074074074075 0.2796875 0.9259259259259259 0.2833333333333333 0.925