0 0.09895833333333333 0.23425925925925925 0.1078125 0.24074074074074073 0.10989583333333333 0.2537037037037037 0.10833333333333334 0.2675925925925926 0.09583333333333334 0.2796296296296296 0.07239583333333334 0.3138888888888889 0.06770833333333333 0.325 0.0640625 0.3277777777777778 0.0546875 0.32592592592592595 0.04791666666666667 0.33240740740740743 0.041666666666666664 0.33240740740740743 0.0296875 0.32407407407407407 0.025 0.3138888888888889 0.023958333333333335 0.3 0.034895833333333334 0.2722222222222222 0.049479166666666664 0.25092592592592594 0.08489583333333334 0.23333333333333334 0.0984375 0.23425925925925925
0 0.8421875 0.5472222222222223 0.8703125 0.5601851851851852 0.8895833333333333 0.5787037037037037 0.8947916666666667 0.5805555555555556 0.9067708333333333 0.5944444444444444 0.9140625 0.6092592592592593 0.9265625 0.6268518518518519 0.9296875 0.6407407407407407 0.9286458333333333 0.6703703703703704 0.9265625 0.6814814814814815 0.9161458333333333 0.6888888888888889 0.9041666666666667 0.6907407407407408 0.89375 0.6861111111111111 0.8848958333333333 0.6703703703703704 0.8416666666666667 0.6305555555555555 0.8307291666666666 0.6287037037037037 0.8208333333333333 0.6111111111111112 0.8161458333333333 0.5953703703703703 0.8208333333333333 0.5740740740740741 0.8333333333333334 0.5453703703703704 0.8416666666666667 0.5472222222222223
0 0.43645833333333334 0.15555555555555556 0.4473958333333333 0.16296296296296298 0.45364583333333336 0.17222222222222222 0.45625 0.1824074074074074 0.45364583333333336 0.20925925925925926 0.4401041666666667 0.22685185185185186 0.43072916666666666 0.24722222222222223 0.428125 0.2611111111111111 0.41458333333333336 0.26944444444444443 0.40520833333333334 0.26666666666666666 0.39479166666666665 0.25833333333333336 0.39166666666666666 0.2462962962962963 0.3927083333333333 0.23333333333333334 0.4010416666666667 0.21296296296296297 0.40260416666666665 0.2 0.40677083333333336 0.1962962962962963 0.4109375 0.18518518518518517 0.428125 0.1574074074074074 0.4359375 0.15555555555555556
0 0.24114583333333334 0.337037037037037 0.2630208333333333 0.3509259259259259 0.2703125 0.36018518518518516 0.2869791666666667 0.4166666666666667 0.2864583333333333 0.43425925925925923 0.27447916666666666 0.4648148148148148 0.25104166666666666 0.5111111111111111 0.24583333333333332 0.5333333333333333 0.22916666666666666 0.5546296296296296 0.21875 0.5740740740740741 0.17916666666666667 0.6564814814814814 0.1578125 0.6953703703703704 0.1421875 0.7305555555555555 0.13333333333333333 0.7583333333333333 0.1234375 0.7768518518518519 0.1125 0.787962962962963 0.08333333333333333 0.8472222222222222 0.07447916666666667 0.8601851851851852 0.06041666666666667 0.850925925925926 0 0.7916666666666666 0 0.7601851851851852 0.008333333333333333 0.75 0.008333333333333333 0.7444444444444445 0.018229166666666668 0.737037037037037 0.016666666666666666 0.7314814814814815 0 0.7296296296296296 0 0.6768518518518518 0.0067708333333333336 0.6666666666666666 0.010416666666666666 0.6555555555555556 0.04114583333333333 0.6129629629629629 0.052083333333333336 0.5935185185185186 0.0640625 0.5787037037037037 0.07864583333333333 0.5722222222222222 0.14375 0.4666666666666667 0.15625 0.45740740740740743 0.15520833333333334 0.45 0.22291666666666668 0.33611111111111114 0.23072916666666668 0.33240740740740743 0.240625 0.337037037037037
0 0.27239583333333334 0.046296296296296294 0.2947916666666667 0.06018518518518518 0.3 0.07037037037037037 0.3015625 0.08425925925925926 0.3 0.09074074074074075 0.2869791666666667 0.11018518518518519 0.27447916666666666 0.12222222222222222 0.2640625 0.14074074074074075 0.25833333333333336 0.14444444444444443 0.25 0.14166666666666666 0.2375 0.12962962962962962 0.22760416666666666 0.09166666666666666 0.22708333333333333 0.0824074074074074 0.24791666666666667 0.05185185185185185 0.265625 0.04537037037037037 0.271875 0.046296296296296294
0 0.5973958333333333 0.044444444444444446 0.6135416666666667 0.075 0.621875 0.10462962962962963 0.6197916666666666 0.12314814814814815 0.6104166666666667 0.12962962962962962 0.5916666666666667 0.12685185185185185 0.5802083333333333 0.09537037037037037 0.5739583333333333 0.08518518518518518 0.5744791666666667 0.06018518518518518 0.5765625 0.05277777777777778 0.5859375 0.04259259259259259 0.5942708333333333 0.041666666666666664 0.596875 0.044444444444444446
1 0.2515625 0.9101851851851852 0.26145833333333335 0.9148148148148149 0.26510416666666664 0.9203703703703704 0.2677083333333333 0.9416666666666667 0.265625 0.9527777777777777 0.25104166666666666 0.95 0.2421875 0.937037037037037 0.24270833333333333 0.9185185185185185 0.25104166666666666 0.9101851851851852
1 0.41822916666666665 0.4527777777777778 0.42135416666666664 0.4527777777777778 0.42864583333333334 0.4675925925925926 0.4296875 0.49444444444444446 0.4265625 0.5157407407407407 0.42291666666666666 0.5148148148148148 0.42135416666666664 0.4962962962962963 0.4140625 0.4722222222222222 0.41822916666666665 0.4537037037037037
1 0.05 0.1824074074074074 0.058854166666666666 0.19907407407407407 0.06041666666666667 0.2064814814814815 0.06979166666666667 0.21574074074074073 0.07083333333333333 0.22037037037037038 0.06666666666666667 0.2222222222222222 0.059375 0.21481481481481482 0.059375 0.23055555555555557 0.05677083333333333 0.23425925925925925 0.051041666666666666 0.21666666666666667 0.0515625 0.21296296296296297 0.043229166666666666 0.1935185185185185 0.0453125 0.18518518518518517 0.049479166666666664 0.18333333333333332
1 0.39947916666666666 0.5731481481481482 0.4046875 0.5777777777777777 0.40729166666666666 0.5851851851851851 0.40625 0.6018518518518519 0.40208333333333335 0.6138888888888889 0.40208333333333335 0.6231481481481481 0.39791666666666664 0.6314814814814815 0.39427083333333335 0.6305555555555555 0.3953125 0.6111111111111112 0.3927083333333333 0.5787037037037037 0.39427083333333335 0.5731481481481482 0.39895833333333336 0.5731481481481482
1 0.8203125 0.26851851851851855 0.8239583333333333 0.26481481481481484 0.8270833333333333 0.2657407407407407 0.8333333333333334 0.2861111111111111 0.8302083333333333 0.2953703703703704 0.8197916666666667 0.29074074074074074 0.8166666666666667 0.27870370370370373 0.8203125 0.26944444444444443
1 0.6057291666666667 0.2351851851851852 0.6114583333333333 0.24722222222222223 0.6114583333333333 0.25833333333333336 0.6057291666666667 0.28055555555555556 0.6020833333333333 0.27685185185185185 0.5984375 0.2574074074074074 0.6015625 0.23981481481481481 0.6052083333333333 0.2351851851851852
1 0.5223958333333333 0.37407407407407406 0.5229166666666667 0.3537037037037037 0.5208333333333334 0.3435185185185185 0.5208333333333334 0.33055555555555555 0.5255208333333333 0.3175925925925926 0.528125 0.3194444444444444 0.5307291666666667 0.3287037037037037 0.5307291666666667 0.3416666666666667 0.5276041666666667 0.35555555555555557 0.5270833333333333 0.37037037037037035 0.5260416666666666 0.37407407407407406 0.5229166666666667 0.37407407407407406
1 0.825 0.425 0.8369791666666667 0.4148148148148148 0.8416666666666667 0.4148148148148148 0.84375 0.4212962962962963 0.8380208333333333 0.4462962962962963 0.825 0.46296296296296297 0.81875 0.4537037037037037 0.81875 0.44907407407407407 0.8234375 0.4388888888888889 0.825 0.42592592592592593
1 0.475 0.27037037037037037 0.47760416666666666 0.26944444444444443 0.4828125 0.2824074074074074 0.4817708333333333 0.3138888888888889 0.48020833333333335 0.3212962962962963 0.47708333333333336 0.32407407407407407 0.4734375 0.28425925925925927 0.475 0.2712962962962963
1 0.8494791666666667 0.15833333333333333 0.8520833333333333 0.16203703703703703 0.8536458333333333 0.17314814814814813 0.8421875 0.20462962962962963 0.8390625 0.2 0.8385416666666666 0.19444444444444445 0.8427083333333333 0.175 0.8489583333333334 0.15833333333333333
1 0.10208333333333333 0.06574074074074074 0.10677083333333333 0.07314814814814814 0.10729166666666666 0.08611111111111111 0.11145833333333334 0.1 0.10989583333333333 0.10462962962962963 0.10572916666666667 0.10555555555555556 0.09583333333333334 0.07777777777777778 0.09635416666666667 0.06666666666666667 0.1015625 0.06574074074074074
1 0.45989583333333334 0.4203703703703704 0.46510416666666665 0.43425925925925923 0.46458333333333335 0.45740740740740743 0.4630208333333333 0.462037037037037 0.459375 0.4638888888888889 0.45625 0.475 0.453125 0.4759259259259259 0.4552083333333333 0.46111111111111114 0.45208333333333334 0.42777777777777776 0.45625 0.41944444444444445 0.459375 0.4203703703703704
1 0.7479166666666667 0.2916666666666667 0.7515625 0.2962962962962963 0.75 0.3175925925925926 0.7479166666666667 0.32314814814814813 0.7447916666666666 0.3101851851851852 0.7416666666666667 0.3138888888888889 0.7385416666666667 0.31203703703703706 0.740625 0.3 0.7401041666666667 0.2898148148148148 0.7447916666666666 0.28703703703703703 0.7473958333333334 0.2916666666666667
1 0.3880208333333333 0.44351851851851853 0.3958333333333333 0.4537037037037037 0.396875 0.4601851851851852 0.396875 0.49074074074074076 0.39427083333333335 0.49722222222222223 0.390625 0.49722222222222223 0.39010416666666664 0.48055555555555557 0.3828125 0.46111111111111114 0.38333333333333336 0.45092592592592595 0.3875 0.44351851851851853
1 0.11927083333333334 0.07222222222222222 0.12395833333333334 0.09166666666666666 0.12760416666666666 0.09537037037037037 0.13125 0.10555555555555556 0.1296875 0.10833333333333334 0.12291666666666666 0.10277777777777777 0.1234375 0.11203703703703703 0.12083333333333333 0.11574074074074074 0.11927083333333334 0.11574074074074074 0.1125 0.08148148148148149 0.1140625 0.07314814814814814 0.11875 0.07222222222222222
1 0.7239583333333334 0.3 0.7197916666666667 0.2962962962962963 0.7223958333333333 0.2675925925925926 0.7307291666666667 0.2611111111111111 0.7328125 0.2564814814814815 0.7359375 0.2574074074074074 0.734375 0.275 0.7307291666666667 0.287962962962963 0.7244791666666667 0.29907407407407405
1 0.01875 0.20555555555555555 0.0296875 0.2175925925925926 0.0328125 0.22685185185185186 0.03125 0.23333333333333334 0.04010416666666667 0.25 0.04010416666666667 0.25462962962962965 0.036458333333333336 0.25555555555555554 0.033854166666666664 0.2490740740740741 0.025520833333333333 0.24074074074074073 0.01875 0.22685185185185186 0.0140625 0.22407407407407406 0.016145833333333335 0.20925925925925926 0.018229166666666668 0.2064814814814815
1 0.06041666666666667 0.12685185185185185 0.06927083333333334 0.13518518518518519 0.07395833333333333 0.14444444444444443 0.075 0.15555555555555556 0.08333333333333333 0.1638888888888889 0.08385416666666666 0.17222222222222222 0.0796875 0.1787037037037037 0.0796875 0.1824074074074074 0.078125 0.18425925925925926 0.06302083333333333 0.15833333333333333 0.057291666666666664 0.13703703703703704 0.059895833333333336 0.12777777777777777
1 0.9020833333333333 0.4898148148148148 0.9020833333333333 0.5046296296296297 0.8973958333333333 0.5259259259259259 0.8901041666666667 0.5222222222222223 0.88125 0.537962962962963 0.8760416666666667 0.5342592592592592 0.8786458333333333 0.5157407407407407 0.8973958333333333 0.4888888888888889 0.9015625 0.4898148148148148
1 0.5536458333333333 0.3425925925925926 0.5583333333333333 0.35648148148148145 0.5583333333333333 0.362962962962963 0.5505208333333333 0.4 0.5479166666666667 0.39814814814814814 0.5494791666666666 0.37777777777777777 0.5442708333333334 0.36574074074074076 0.5463541666666667 0.3537037037037037 0.553125 0.3435185185185185
1 0.8942708333333333 0.47314814814814815 0.8979166666666667 0.47962962962962963 0.8953125 0.4935185185185185 0.8802083333333334 0.5157407407407407 0.8765625 0.5175925925925926 0.8708333333333333 0.5138888888888888 0.8760416666666667 0.49722222222222223 0.8765625 0.48703703703703705 0.8838541666666667 0.4777777777777778 0.89375 0.47314814814814815
1 0.7572916666666667 0.687962962962963 0.7598958333333333 0.6925925925925925 0.7614583333333333 0.7092592592592593 0.7546875 0.7157407407407408 0.7479166666666667 0.737037037037037 0.7416666666666667 0.7444444444444445 0.7375 0.7444444444444445 0.740625 0.7240740740740741 0.7385416666666667 0.700925925925926 0.7442708333333333 0.6907407407407408 0.7515625 0.687037037037037 0.7567708333333333 0.687962962962963
1 0.40520833333333334 0.4527777777777778 0.4109375 0.46574074074074073 0.415625 0.4935185185185185 0.41354166666666664 0.4981481481481482 0.40989583333333335 0.4981481481481482 0.40989583333333335 0.4898148148148148 0.4078125 0.4861111111111111 0.40625 0.49074074074074076 0.40625 0.5055555555555555 0.4010416666666667 0.5120370370370371 0.4015625 0.49074074074074076 0.39947916666666666 0.4601851851851852 0.4046875 0.4527777777777778
1 0.07395833333333333 0.1037037037037037 0.0828125 0.11481481481481481 0.08958333333333333 0.13703703703703704 0.08489583333333334 0.15 0.08125 0.15092592592592594 0.08020833333333334 0.13703703703703704 0.07083333333333333 0.10925925925925926 0.0703125 0.10555555555555556 0.0734375 0.10462962962962963
1 0.9125 0.47962962962962963 0.9161458333333333 0.48703703703703705 0.9125 0.49444444444444446 0.9114583333333334 0.5046296296296297 0.9020833333333333 0.5175925925925926 0.8973958333333333 0.5287037037037037 0.8927083333333333 0.524074074074074 0.8994791666666667 0.5138888888888888 0.9020833333333333 0.4898148148148148 0.90625 0.48518518518518516 0.9078125 0.4787037037037037 0.9119791666666667 0.47962962962962963
1 0.2942708333333333 0.8870370370370371 0.3067708333333333 0.9074074074074074 0.30416666666666664 0.9148148148148149 0.3072916666666667 0.9194444444444444 0.3072916666666667 0.925 0.30364583333333334 0.9296296296296296 0.29739583333333336 0.9212962962962963 0.28958333333333336 0.9212962962962963 0.284375 0.9037037037037037 0.2838541666666667 0.8935185185185185 0.2859375 0.887962962962963 0.29375 0.8870370370370371
1 0.5192708333333333 0.5342592592592592 0.5255208333333333 0.5574074074074075 0.521875 0.5777777777777777 0.515625 0.5907407407407408 0.5109375 0.5638888888888889 0.5104166666666666 0.55 0.5151041666666667 0.5370370370370371 0.51875 0.5342592592592592
1 0.1921875 0.7555555555555555 0.20104166666666667 0.7592592592592593 0.20625 0.7796296296296297 0.21302083333333333 0.7851851851851852 0.20625 0.8 0.20260416666666667 0.8 0.19635416666666666 0.7916666666666666 0.1890625 0.7981481481481482 0.1859375 0.7935185185185185 0.18125 0.775 0.18541666666666667 0.7592592592592593 0.19166666666666668 0.7555555555555555
1 0.14895833333333333 0.04537037037037037 0.15572916666666667 0.07407407407407407 0.15572916666666667 0.07777777777777778 0.15260416666666668 0.08148148148148149 0.15052083333333333 0.08148148148148149 0.1421875 0.046296296296296294 0.1484375 0.04537037037037037
1 0.365625 0.45925925925925926 0.3692708333333333 0.4601851851851852 0.3776041666666667 0.4703703703703704 0.3802083333333333 0.4962962962962963 0.3796875 0.5055555555555555 0.37604166666666666 0.512962962962963 0.3734375 0.512962962962963 0.371875 0.5027777777777778 0.36302083333333335 0.4925925925925926 0.365625 0.4601851851851852
1 0.8703125 0.1925925925925926 0.8723958333333334 0.19722222222222222 0.871875 0.20925925925925926 0.8614583333333333 0.23333333333333334 0.8604166666666667 0.24074074074074073 0.8578125 0.24166666666666667 0.8536458333333333 0.23703703703703705 0.8557291666666667 0.22407407407407406 0.8661458333333333 0.1962962962962963 0.8697916666666666 0.1925925925925926
1 0.48098958333333336 0.034722222222222224 0.0078125 0.04722222222222222
1 0.28125 0.5851851851851851 0.290625 0.5944444444444444 0.2947916666666667 0.6046296296296296 0.2953125 0.6129629629629629 0.30052083333333335 0.6287037037037037 0.3 0.6333333333333333 0.2947916666666667 0.6342592592592593 0.290625 0.6333333333333333 0.2796875 0.6157407407407407 0.27708333333333335 0.6027777777777777 0.27708333333333335 0.587037037037037 0.28072916666666664 0.5851851851851851
1 0 0.2537037037037037 0.005208333333333333 0.2601851851851852 0.011979166666666667 0.2777777777777778 0.0078125 0.2861111111111111 0.005208333333333333 0.28703703703703703 0.0026041666666666665 0.2796296296296296 0 0.27870370370370373 0 0.25462962962962965
1 0.030729166666666665 0.18611111111111112 0.03802083333333333 0.1962962962962963 0.04479166666666667 0.21481481481481482 0.052083333333333336 0.21944444444444444 0.050520833333333334 0.2222222222222222 0.04479166666666667 0.2212962962962963 0.043229166666666666 0.23425925925925925 0.025 0.1925925925925926 0.026041666666666668 0.18518518518518517 0.030208333333333334 0.18611111111111112
1 0.09166666666666666 0.11851851851851852 0.10208333333333333 0.13240740740740742 0.10260416666666666 0.14166666666666666 0.109375 0.1527777777777778 0.10885416666666667 0.1574074074074074 0.10572916666666667 0.15648148148148147 0.10208333333333333 0.14907407407407408 0.10052083333333334 0.1527777777777778 0.10208333333333333 0.1648148148148148 0.1 0.16666666666666666 0.08802083333333334 0.12777777777777777 0.0875 0.11944444444444445 0.09114583333333333 0.11851851851851852
1 0.7395833333333334 0.2898148148148148 0.7338541666666667 0.3388888888888889 0.7307291666666667 0.3351851851851852 0.7307291666666667 0.3194444444444444 0.7213541666666666 0.32407407407407407 0.71875 0.32407407407407407 0.7177083333333333 0.32037037037037036 0.7234375 0.3138888888888889 0.7260416666666667 0.29907407407407405 0.7296875 0.29259259259259257 0.7390625 0.2898148148148148
1 0.4010416666666667 0.34629629629629627 0.41302083333333334 0.3675925925925926 0.41041666666666665 0.37592592592592594 0.4109375 0.38333333333333336 0.40729166666666666 0.3824074074074074 0.40572916666666664 0.3851851851851852 0.4041666666666667 0.4046296296296296 0.4015625 0.4083333333333333 0.4 0.4074074074074074 0.4 0.3768518518518518 0.39375 0.362962962962963 0.39739583333333334 0.3490740740740741 0.4005208333333333 0.34629629629629627
1 0.3203125 0.8546296296296296 0.33177083333333335 0.862037037037037 0.34322916666666664 0.887962962962963 0.3515625 0.8935185185185185 0.3494791666666667 0.9009259259259259 0.34322916666666664 0.9074074074074074 0.34322916666666664 0.9203703703703704 0.340625 0.9314814814814815 0.33489583333333334 0.937037037037037 0.33645833333333336 0.9194444444444444 0.32760416666666664 0.9101851851851852 0.3229166666666667 0.8962962962962963 0.31875 0.8694444444444445 0.31302083333333336 0.862037037037037 0.3140625 0.8546296296296296 0.31979166666666664 0.8546296296296296
1 0.91953125 0.5425925925925926 0.0296875 0.044444444444444446
1 0.13333333333333333 0.05185185185185185 0.14166666666666666 0.075 0.14375 0.09537037037037037 0.14010416666666667 0.09351851851851851 0.12916666666666668 0.06759259259259259 0.12916666666666668 0.05925925925925926 0.1328125 0.05277777777777778
1 0.36614583333333334 0.021296296296296296 0.3697916666666667 0.023148148148148147 0.3729166666666667 0.03333333333333333 0.37395833333333334 0.05648148148148148 0.36822916666666666 0.05648148148148148 0.3640625 0.03611111111111111 0.365625 0.022222222222222223
1 0.3463541666666667 0.5851851851851851 0.35208333333333336 0.5935185185185186 0.35833333333333334 0.6296296296296297 0.35625 0.6370370370370371 0.3453125 0.6314814814814815 0.3390625 0.6148148148148148 0.3385416666666667 0.5990740740740741 0.3416666666666667 0.5935185185185186 0.3416666666666667 0.587037037037037 0.3458333333333333 0.5851851851851851
1 0 0.21666666666666667 0.0046875 0.21666666666666667 0.009375 0.2222222222222222 0.021354166666666667 0.24444444444444444 0.028125 0.2518518518518518 0.0296875 0.2574074074074074 0.029166666666666667 0.2601851851851852 0.025520833333333333 0.2611111111111111 0.022395833333333334 0.25277777777777777 0.01875 0.25277777777777777 0.017708333333333333 0.25555555555555554 0.021875 0.26851851851851855 0.021875 0.2722222222222222 0.01875 0.2740740740740741 0.013541666666666667 0.2564814814814815 0 0.2324074074074074 0 0.2175925925925926
1 0.21041666666666667 0.9407407407407408 0.22395833333333334 0.950925925925926 0.22135416666666666 0.9601851851851851 0.22864583333333333 0.987037037037037 0.22552083333333334 0.9944444444444445 0.2203125 0.9990740740740741 0.2140625 0.9990740740740741 0.20104166666666667 0.9675925925925926 0.2 0.9601851851851851 0.19427083333333334 0.9537037037037037 0.1953125 0.9481481481481482 0.20625 0.9388888888888889 0.20989583333333334 0.9407407407407408
1 0.03854166666666667 0.13703703703703704 0.04635416666666667 0.14537037037037037 0.0484375 0.16574074074074074 0.052083333333333336 0.175 0.050520833333333334 0.1787037037037037 0.03229166666666667 0.15185185185185185 0.03177083333333333 0.1388888888888889 0.035416666666666666 0.13518518518518519 0.03802083333333333 0.13703703703703704
1 0.9692708333333333 0.5157407407407407 0.9708333333333333 0.5185185185185185 0.96875 0.5351851851851852 0.953125 0.5564814814814815 0.9479166666666666 0.5564814814814815 0.9421875 0.55 0.9479166666666666 0.5305555555555556 0.959375 0.5175925925925926 0.96875 0.5157407407407407
1 0.8088541666666667 0.25277777777777777 0.8109375 0.2564814814814815 0.8109375 0.2638888888888889 0.8067708333333333 0.275 0.8 0.26851851851851855 0.7979166666666667 0.262037037037037 0.8036458333333333 0.2518518518518518 0.8083333333333333 0.25277777777777777
1 0.7098958333333333 0.26851851851851855 0.7135416666666666 0.28703703703703703 0.7067708333333333 0.30462962962962964 0.7026041666666667 0.32407407407407407 0.6994791666666667 0.32222222222222224 0.69375 0.3101851851851852 0.7 0.2962962962962963 0.7026041666666667 0.27870370370370373 0.709375 0.26851851851851855
1 0.18385416666666668 0.9629629629629629 0.20364583333333333 0.9740740740740741 0.20572916666666666 0.987037037037037 0.20104166666666667 0.9962962962962963 0.196875 0.9953703703703703 0.18541666666666667 0.9842592592592593 0.17864583333333334 0.9740740740740741 0.17708333333333334 0.9675925925925926 0.18333333333333332 0.9629629629629629
1 0.17864583333333334 0.7379629629629629 0.18541666666666667 0.7416666666666667 0.19791666666666666 0.7546296296296297 0.19791666666666666 0.7574074074074074 0.18802083333333333 0.7564814814814815 0.18229166666666666 0.7666666666666667 0.171875 0.7462962962962963 0.17291666666666666 0.7407407407407407 0.178125 0.7388888888888889
1 0.1484375 0.013888888888888888 0.15677083333333333 0.03148148148148148 0.15677083333333333 0.04351851851851852 0.159375 0.05555555555555555 0.1578125 0.06111111111111111 0.15572916666666667 0.05740740740740741 0.15572916666666667 0.05092592592592592 0.14947916666666666 0.046296296296296294 0.14427083333333332 0.025 0.14427083333333332 0.01574074074074074 0.14791666666666667 0.013888888888888888
1 0.4109375 0.5648148148148148 0.41770833333333335 0.5685185185185185 0.425 0.5851851851851851 0.42291666666666666 0.5935185185185186 0.42291666666666666 0.6111111111111112 0.41822916666666665 0.6194444444444445 0.41510416666666666 0.612037037037037 0.4109375 0.6092592592592593 0.4125 0.5981481481481481 0.409375 0.5925925925925926 0.4083333333333333 0.5851851851851851 0.4109375 0.5657407407407408
1 0.08125 0.06574074074074074 0.08697916666666666 0.07407407407407407 0.08854166666666667 0.09074074074074075 0.09375 0.10277777777777777 0.08854166666666667 0.10648148148148148 0.0859375 0.09722222222222222 0.07760416666666667 0.0824074074074074 0.07708333333333334 0.06944444444444445 0.08072916666666667 0.06666666666666667
1 0.6036458333333333 0.20555555555555555 0.6072916666666667 0.21574074074074073 0.6072916666666667 0.22407407407407406 0.6057291666666667 0.23425925925925925 0.5984375 0.25092592592592594 0.596875 0.24814814814814815 0.5973958333333333 0.21388888888888888 0.5994791666666667 0.20462962962962963 0.603125 0.20555555555555555
1 0.4786458333333333 0.7842592592592592 0.4791666666666667 0.8046296296296296 0.48541666666666666 0.8175925925925925 0.484375 0.8212962962962963 0.4796875 0.8222222222222222 0.478125 0.8287037037037037 0.4744791666666667 0.8324074074074074 0.46927083333333336 0.8314814814814815 0.46770833333333334 0.7888888888888889 0.475 0.7833333333333333 0.478125 0.7842592592592592
1 0.17447916666666666 0.05740740740740741 0.17552083333333332 0.06481481481481481 0.17083333333333334 0.062037037037037036 0.16875 0.07407407407407407 0.16666666666666666 0.07222222222222222 0.15677083333333333 0.04259259259259259 0.16041666666666668 0.02962962962962963 0.165625 0.032407407407407406 0.17395833333333333 0.05740740740740741
1 0.26458333333333334 0.8898148148148148 0.27239583333333334 0.8842592592592593 0.2760416666666667 0.8925925925925926 0.2833333333333333 0.8935185185185185 0.2864583333333333 0.9 0.2859375 0.9046296296296297 0.28802083333333334 0.9074074074074074 0.28958333333333336 0.9175925925925926 0.2921875 0.9212962962962963 0.28958333333333336 0.9314814814814815 0.2859375 0.9333333333333333 0.27760416666666665 0.9268518518518518 0.27291666666666664 0.9175925925925926 0.2640625 0.9138888888888889 0.2625 0.9018518518518519 0.26458333333333334 0.8907407407407407