1 0.8239583333333333 0.1388888888888889 0.8276041666666667 0.1398148148148148 0.8286458333333333 0.15555555555555556 0.8192708333333333 0.1824074074074074 0.8130208333333333 0.18425925925925926 0.8182291666666667 0.15462962962962962 0.8239583333333333 0.1398148148148148
1 0.103125 0.13796296296296295 0.10677083333333333 0.14629629629629629 0.10833333333333334 0.16111111111111112 0.11145833333333334 0.1675925925925926 0.109375 0.17592592592592593 0.10208333333333333 0.1685185185185185 0.0953125 0.15092592592592594 0.096875 0.1398148148148148 0.0984375 0.13703703703703704 0.10260416666666666 0.13796296296296295
1 0.7859375 0.13333333333333333 0.7901041666666667 0.13425925925925927 0.7901041666666667 0.15092592592592594 0.7828125 0.17685185185185184 0.7786458333333334 0.175 0.7817708333333333 0.14722222222222223 0.7859375 0.13425925925925927
1 0.3177083333333333 0.9194444444444444 0.321875 0.924074074074074 0.3265625 0.9490740740740741 0.3260416666666667 0.9546296296296296 0.32135416666666666 0.9601851851851851 0.31927083333333334 0.9601851851851851 0.31666666666666665 0.95 0.3020833333333333 0.9287037037037037 0.30416666666666664 0.9212962962962963 0.3109375 0.9148148148148149 0.3140625 0.9138888888888889 0.3171875 0.9194444444444444
1 0.5697916666666667 0.18333333333333332 0.5723958333333333 0.19537037037037036 0.5723958333333333 0.2064814814814815 0.5671875 0.21944444444444444 0.5625 0.21666666666666667 0.5604166666666667 0.19722222222222222 0.5671875 0.1824074074074074 0.5692708333333333 0.18333333333333332
1 0.66875 0.25 0.6723958333333333 0.26481481481481484 0.6645833333333333 0.3 0.6567708333333333 0.2916666666666667 0.6661458333333333 0.25092592592592594 0.6682291666666667 0.25
1 0.8453125 0.11851851851851852 0.8484375 0.11944444444444445 0.8484375 0.13148148148148148 0.8421875 0.15092592592592594 0.8416666666666667 0.16203703703703703 0.8380208333333333 0.16296296296296298 0.8338541666666667 0.1574074074074074 0.8385416666666666 0.13333333333333333 0.8453125 0.11944444444444445
1 0.13333333333333333 0.05 0.13697916666666668 0.05277777777777778 0.14479166666666668 0.07777777777777778 0.14375 0.08425925925925926 0.13854166666666667 0.08518518518518518 0.13020833333333334 0.06111111111111111 0.1296875 0.05462962962962963 0.1328125 0.05092592592592592
1 0.17864583333333334 0.018518518518518517 0.1828125 0.025925925925925925 0.18385416666666668 0.04814814814814815 0.17864583333333334 0.05740740740740741 0.178125 0.04814814814814815 0.17395833333333333 0.03611111111111111 0.17395833333333333 0.025925925925925925 0.178125 0.019444444444444445
1 0.8953125 0.5388888888888889 0.8921875 0.549074074074074 0.8901041666666667 0.5666666666666667 0.8848958333333333 0.5703703703703704 0.8796875 0.5796296296296296 0.8791666666666667 0.5851851851851851 0.8723958333333334 0.5824074074074074 0.8630208333333333 0.5898148148148148 0.8604166666666667 0.5879629629629629 0.8619791666666666 0.5842592592592593 0.875 0.5694444444444444 0.8760416666666667 0.5537037037037037 0.8796875 0.5444444444444444 0.8869791666666667 0.5425925925925926 0.890625 0.537962962962963 0.8947916666666667 0.5388888888888889
1 0.2703125 0.7185185185185186 0.2791666666666667 0.7222222222222222 0.2875 0.7361111111111112 0.2864583333333333 0.7490740740740741 0.2890625 0.7592592592592593 0.28802083333333334 0.762962962962963 0.2828125 0.7666666666666667 0.27239583333333334 0.7453703703703703 0.26979166666666665 0.7324074074074074 0.26614583333333336 0.725925925925926 0.26666666666666666 0.7203703703703703 0.26979166666666665 0.7185185185185186
1 0.15885416666666666 0.06666666666666667 0.16354166666666667 0.0712962962962963 0.16458333333333333 0.09166666666666666 0.159375 0.09166666666666666 0.15625 0.08518518518518518 0.1546875 0.06666666666666667 0.15833333333333333 0.06666666666666667
1 0.07083333333333333 0.13425925925925927 0.07708333333333334 0.14444444444444443 0.07864583333333333 0.15925925925925927 0.0828125 0.1712962962962963 0.08177083333333333 0.17592592592592593 0.078125 0.17314814814814813 0.06666666666666667 0.15185185185185185 0.06354166666666666 0.14166666666666666 0.06510416666666667 0.12962962962962962 0.06770833333333333 0.1287037037037037 0.0703125 0.13425925925925927
1 0.0609375 0.18518518518518517 0.0703125 0.1962962962962963 0.06979166666666667 0.20555555555555555 0.07760416666666667 0.22685185185185186 0.075 0.23148148148148148 0.05625 0.20185185185185187 0.05572916666666667 0.1925925925925926 0.06041666666666667 0.18518518518518517
1 0.28958333333333336 0.7611111111111111 0.29270833333333335 0.7685185185185185 0.30052083333333335 0.7685185185185185 0.3020833333333333 0.7722222222222223 0.29791666666666666 0.7768518518518519 0.2984375 0.7851851851851852 0.309375 0.7962962962962963 0.3067708333333333 0.8018518518518518 0.30364583333333334 0.8027777777777778 0.29635416666666664 0.7981481481481482 0.28958333333333336 0.8083333333333333 0.2864583333333333 0.8083333333333333 0.2828125 0.8 0.28489583333333335 0.7870370370370371 0.284375 0.7648148148148148 0.2890625 0.7611111111111111
1 0.115625 0.12962962962962962 0.11666666666666667 0.16111111111111112 0.11302083333333333 0.16666666666666666 0.1109375 0.1648148148148148 0.10989583333333333 0.15092592592592594 0.10625 0.1425925925925926 0.10625 0.1287037037037037 0.109375 0.12314814814814815 0.11510416666666666 0.12962962962962962
1 0.403125 0.5018518518518519 0.4088541666666667 0.5120370370370371 0.40989583333333335 0.5287037037037037 0.40572916666666664 0.5342592592592592 0.4041666666666667 0.549074074074074 0.4010416666666667 0.5518518518518518 0.39479166666666665 0.5231481481481481 0.39375 0.5074074074074074 0.39479166666666665 0.49907407407407406 0.396875 0.4962962962962963 0.40260416666666665 0.5018518518518519
1 0.9640625 0.7842592592592592 0.9671875 0.7870370370370371 0.9760416666666667 0.7861111111111111 0.9786458333333333 0.7898148148148149 0.9796875 0.7962962962962963 0.9770833333333333 0.8083333333333333 0.9630208333333333 0.8240740740740741 0.9552083333333333 0.8194444444444444 0.9395833333333333 0.8361111111111111 0.9369791666666667 0.8351851851851851 0.9369791666666667 0.8324074074074074 0.940625 0.8203703703703704 0.9484375 0.8083333333333333 0.9572916666666667 0.7861111111111111 0.9635416666666666 0.7842592592592592
1 0.1125 0.08148148148148149 0.11614583333333334 0.08055555555555556 0.11875 0.08518518518518518 0.12552083333333333 0.10648148148148148 0.12552083333333333 0.11944444444444445 0.12239583333333333 0.12129629629629629 0.12135416666666667 0.11481481481481481 0.11197916666666667 0.09537037037037037 0.1125 0.0824074074074074
1 0.18697916666666667 0.06805555555555555 0.011458333333333333 0.03611111111111111
1 0.046875 0.12685185185185185 0.057291666666666664 0.1361111111111111 0.06458333333333334 0.16296296296296298 0.0640625 0.17037037037037037 0.06041666666666667 0.1685185185185185 0.05 0.14814814814814814 0.044270833333333336 0.12962962962962962 0.04635416666666667 0.12685185185185185
1 0.6208333333333333 0.8212962962962963 0.6265625 0.8324074074074074 0.6276041666666666 0.8481481481481481 0.6203125 0.8601851851851852 0.6161458333333333 0.8537037037037037 0.60625 0.8583333333333333 0.603125 0.8564814814814815 0.6109375 0.8425925925925926 0.6130208333333333 0.8240740740740741 0.6151041666666667 0.8203703703703704 0.6203125 0.8212962962962963
1 0.125 0.8972222222222223 0.1296875 0.9027777777777778 0.13489583333333333 0.8981481481481481 0.14010416666666667 0.9009259259259259 0.15104166666666666 0.925 0.15885416666666666 0.9361111111111111 0.15885416666666666 0.9453703703703704 0.15052083333333333 0.9453703703703704 0.14739583333333334 0.9546296296296296 0.13020833333333334 0.9398148148148148 0.11979166666666667 0.9268518518518518 0.12135416666666667 0.9111111111111111 0.11822916666666666 0.9092592592592592 0.11666666666666667 0.9037037037037037 0.11979166666666667 0.8972222222222223 0.12447916666666667 0.8972222222222223
1 0.09739583333333333 0.08703703703703704 0.10729166666666666 0.10925925925925926 0.109375 0.12314814814814815 0.10520833333333333 0.12314814814814815 0.0921875 0.10092592592592593 0.09270833333333334 0.08981481481481482 0.09479166666666666 0.08611111111111111 0.096875 0.08703703703703704
1 0.04791666666666667 0.18611111111111112 0.05416666666666667 0.19444444444444445 0.058333333333333334 0.21296296296296297 0.06302083333333333 0.22314814814814815 0.0640625 0.22685185185185186 0.06041666666666667 0.23055555555555557 0.052083333333333336 0.22314814814814815 0.04479166666666667 0.20833333333333334 0.042708333333333334 0.19537037037037036 0.04479166666666667 0.18796296296296297 0.04739583333333333 0.18611111111111112
1 0.8385416666666666 0.4685185185185185 0.84375 0.47314814814814815 0.8453125 0.4861111111111111 0.8286458333333333 0.5185185185185185 0.8244791666666667 0.5120370370370371 0.8203125 0.5120370370370371 0.8197916666666667 0.5083333333333333 0.8239583333333333 0.487962962962963 0.8317708333333333 0.4722222222222222 0.8380208333333333 0.4685185185185185
1 0.625 0.010185185185185186 0.6265625 0.022222222222222223 0.6229166666666667 0.03796296296296296 0.6197916666666666 0.03796296296296296 0.61875 0.017592592592592594 0.6223958333333334 0.009259259259259259 0.6244791666666667 0.010185185185185186
1 0.5994791666666667 0.03333333333333333 0.603125 0.03333333333333333 0.60625 0.04259259259259259 0.6026041666666667 0.06296296296296296 0.5989583333333334 0.06111111111111111 0.5973958333333333 0.044444444444444446 0.5994791666666667 0.03425925925925926
1 0.22760416666666666 0.825 0.23177083333333334 0.8277777777777777 0.24010416666666667 0.8416666666666667 0.240625 0.850925925925926 0.24479166666666666 0.862037037037037 0.24479166666666666 0.8685185185185185 0.24166666666666667 0.875 0.23697916666666666 0.8740740740740741 0.2234375 0.8555555555555555 0.2203125 0.8555555555555555 0.21822916666666667 0.8518518518518519 0.21875 0.8453703703703703 0.215625 0.8379629629629629 0.215625 0.8287037037037037 0.21927083333333333 0.825 0.22708333333333333 0.825
1 0.70625 0.2898148148148148 0.7088541666666667 0.2935185185185185 0.7114583333333333 0.3111111111111111 0.7046875 0.32592592592592595 0.7046875 0.3453703703703704 0.6994791666666667 0.35 0.6979166666666666 0.3435185185185185 0.6921875 0.337037037037037 0.6973958333333333 0.33055555555555555 0.7 0.3 0.7057291666666666 0.29074074074074074
1 0.28958333333333336 0.9203703703703704 0.3015625 0.9314814814814815 0.30416666666666664 0.937962962962963 0.30416666666666664 0.950925925925926 0.30625 0.9592592592592593 0.3 0.9703703703703703 0.29739583333333336 0.9694444444444444 0.29375 0.9564814814814815 0.284375 0.9453703703703704 0.28489583333333335 0.9351851851851852 0.2796875 0.925 0.28229166666666666 0.9194444444444444 0.2890625 0.9203703703703704
1 0.9494791666666667 0.7601851851851852 0.953125 0.7657407407407407 0.9510416666666667 0.7833333333333333 0.934375 0.799074074074074 0.9302083333333333 0.7981481481481482 0.925 0.7916666666666666 0.9229166666666667 0.7870370370370371 0.9234375 0.7814814814814814 0.9390625 0.7620370370370371 0.9489583333333333 0.7601851851851852
1 0.5979166666666667 0 0.6046875 0 0.6015625 0.02962962962962963 0.5989583333333334 0.03518518518518519 0.5963541666666666 0.03425925925925926 0.5979166666666667 0.000925925925925926
1 0.203125 0.03796296296296296 0.21302083333333333 0.06759259259259259 0.21302083333333333 0.0712962962962963 0.2109375 0.07222222222222222 0.20572916666666666 0.07222222222222222 0.19947916666666668 0.05277777777777778 0.19947916666666668 0.03981481481481482 0.20260416666666667 0.03796296296296296
1 0.11979166666666667 0.1287037037037037 0.12291666666666666 0.13148148148148148 0.12552083333333333 0.14814814814814814 0.13020833333333334 0.15648148148148147 0.1265625 0.1712962962962963 0.12291666666666666 0.1685185185185185 0.11822916666666666 0.1527777777777778 0.1125 0.14166666666666666 0.11510416666666666 0.13240740740740742 0.11927083333333334 0.1287037037037037
1 0.9994791666666667 0.8324074074074074 0.9994791666666667 0.8527777777777777 0.9947916666666666 0.8592592592592593 0.9848958333333333 0.8666666666666667 0.9770833333333333 0.8685185185185185 0.9604166666666667 0.8851851851851852 0.9572916666666667 0.8833333333333333 0.9583333333333334 0.8768518518518519 0.9692708333333333 0.8601851851851852 0.9802083333333333 0.8342592592592593 0.9880208333333333 0.837037037037037 0.9989583333333333 0.8324074074074074
1 0.5916666666666667 0.25 0.5953125 0.2518518518518518 0.5994791666666667 0.2675925925925926 0.59375 0.28425925925925927 0.5916666666666667 0.29814814814814816 0.5880208333333333 0.3 0.5864583333333333 0.2657407407407407 0.5916666666666667 0.25092592592592594
1 0.8708333333333333 0.5324074074074074 0.8838541666666667 0.5212962962962963 0.8869791666666667 0.5222222222222223 0.8880208333333334 0.5268518518518519 0.8875 0.5388888888888889 0.8786458333333333 0.5472222222222223 0.8755208333333333 0.562962962962963 0.8729166666666667 0.5666666666666667 0.8671875 0.5638888888888889 0.8708333333333333 0.5333333333333333
1 0.35572916666666665 0.05092592592592592 0.3625 0.06388888888888888 0.3625 0.09166666666666666 0.35885416666666664 0.09444444444444444 0.3567708333333333 0.07962962962962963 0.353125 0.07037037037037037 0.35520833333333335 0.05185185185185185
1 0.9635416666666666 0.5574074074074075 0.9651041666666667 0.5601851851851852 0.9635416666666666 0.5796296296296296 0.9541666666666667 0.5990740740740741 0.95 0.6018518518518519 0.9390625 0.5944444444444444 0.9364583333333333 0.5861111111111111 0.9489583333333333 0.562037037037037 0.9630208333333333 0.5574074074074075
1 0.08125 0.17407407407407408 0.09166666666666666 0.18981481481481483 0.096875 0.21296296296296297 0.0953125 0.21851851851851853 0.0921875 0.21944444444444444 0.08958333333333333 0.20833333333333334 0.08072916666666667 0.1925925925925926 0.08125 0.175
1 0.1859375 0.023148148148148147 0.190625 0.02962962962962963 0.19322916666666667 0.05 0.18229166666666666 0.053703703703703705 0.184375 0.044444444444444446 0.1828125 0.027777777777777776 0.18541666666666667 0.023148148148148147
1 0.340625 0.8962962962962963 0.3458333333333333 0.9009259259259259 0.3489583333333333 0.9101851851851852 0.34739583333333335 0.9185185185185185 0.3494791666666667 0.9231481481481482 0.35208333333333336 0.9444444444444444 0.34739583333333335 0.9490740740740741 0.34479166666666666 0.9490740740740741 0.3421875 0.9388888888888889 0.334375 0.9361111111111111 0.3265625 0.9157407407407407 0.328125 0.9064814814814814 0.34010416666666665 0.8962962962962963
1 0.49322916666666666 0.8083333333333333 0.503125 0.8240740740740741 0.5026041666666666 0.8351851851851851 0.4979166666666667 0.8407407407407408 0.5 0.850925925925926 0.4979166666666667 0.8592592592592593 0.49375 0.8592592592592593 0.48385416666666664 0.8490740740740741 0.4859375 0.8388888888888889 0.484375 0.8324074074074074 0.4859375 0.825 0.48489583333333336 0.8101851851851852 0.4901041666666667 0.8064814814814815 0.49270833333333336 0.8083333333333333
1 0.5651041666666666 0.21666666666666667 0.5671875 0.21851851851851853 0.5677083333333334 0.2324074074074074 0.5645833333333333 0.2574074074074074 0.5614583333333333 0.2611111111111111 0.5588541666666667 0.25833333333333336 0.5578125 0.2518518518518518 0.5583333333333333 0.23148148148148148 0.5604166666666667 0.2212962962962963 0.5645833333333333 0.21666666666666667
1 0.7046875 0.8768518518518519 0.7098958333333333 0.8824074074074074 0.7114583333333333 0.8944444444444445 0.7010416666666667 0.9148148148148149 0.7057291666666666 0.9185185185185185 0.7041666666666667 0.9259259259259259 0.7005208333333334 0.925 0.6994791666666667 0.9148148148148149 0.6973958333333333 0.9175925925925926 0.6921875 0.9166666666666666 0.6822916666666666 0.9111111111111111 0.68125 0.9074074074074074 0.6828125 0.9027777777777778 0.6901041666666666 0.9 0.6994791666666667 0.8768518518518519 0.7041666666666667 0.8768518518518519
1 0.7286458333333333 0.37777777777777777 0.73125 0.37962962962962965 0.7322916666666667 0.3851851851851852 0.7307291666666667 0.40185185185185185 0.7208333333333333 0.4287037037037037 0.7166666666666667 0.42592592592592593 0.7166666666666667 0.41944444444444445 0.7234375 0.387037037037037 0.728125 0.37777777777777777
1 0.5822916666666667 0.15 0.5848958333333333 0.14907407407407408 0.5895833333333333 0.16111111111111112 0.5848958333333333 0.1935185185185185 0.5817708333333333 0.19444444444444445 0.5796875 0.16111111111111112 0.5822916666666667 0.15092592592592594
1 0.16458333333333333 0.09074074074074075 0.17239583333333333 0.1175925925925926 0.17135416666666667 0.1287037037037037 0.16822916666666668 0.1287037037037037 0.15885416666666666 0.10092592592592593 0.15989583333333332 0.08981481481481482 0.1640625 0.09074074074074075
1 0.2515625 0 0.25677083333333334 0 0.25885416666666666 0.016666666666666666 0.25833333333333336 0.022222222222222223 0.2552083333333333 0.020370370370370372 0.2515625 0.011111111111111112 0.2515625 0.000925925925925926
1 0.2515625 0.9472222222222222 0.2552083333333333 0.9490740740740741 0.26510416666666664 0.9638888888888889 0.26614583333333336 0.9490740740740741 0.2677083333333333 0.9453703703703704 0.2703125 0.9453703703703704 0.27395833333333336 0.9490740740740741 0.27760416666666665 0.9592592592592593 0.2838541666666667 0.9629629629629629 0.284375 0.9666666666666667 0.28177083333333336 0.9731481481481481 0.2838541666666667 0.9833333333333333 0.28020833333333334 0.9879629629629629 0.27760416666666665 0.9879629629629629 0.27239583333333334 0.9796296296296296 0.2682291666666667 0.9796296296296296 0.26510416666666664 0.9722222222222222 0.25885416666666666 0.9861111111111112 0.25104166666666666 0.9861111111111112 0.24739583333333334 0.9814814814814815 0.23854166666666668 0.9555555555555556 0.24427083333333333 0.9472222222222222 0.25104166666666666 0.9472222222222222