0 0.4083333333333333 0.5731481481481482 0.44583333333333336 0.5879629629629629 0.46041666666666664 0.5972222222222222 0.4859375 0.6203703703703703 0.48854166666666665 0.6314814814814815 0.4890625 0.649074074074074 0.484375 0.6722222222222223 0.4786458333333333 0.6805555555555556 0.47291666666666665 0.6805555555555556 0.4666666666666667 0.6861111111111111 0.4625 0.6851851851851852 0.4515625 0.6722222222222223 0.42291666666666666 0.6583333333333333 0.4109375 0.6546296296296297 0.4041666666666667 0.6601851851851852 0.39479166666666665 0.6416666666666667 0.38958333333333334 0.6370370370370371 0.3875 0.6148148148148148 0.39114583333333336 0.5990740740740741 0.4 0.5768518518518518 0.4078125 0.5731481481481482
0 0.5453125 0.21574074074074073 0.5484375 0.21944444444444444 0.5515625 0.23796296296296296 0.5494791666666666 0.2777777777777778 0.5453125 0.2861111111111111 0.5255208333333333 0.2833333333333333 0.5223958333333333 0.2759259259259259 0.5260416666666666 0.2351851851851852 0.53125 0.22777777777777777 0.5348958333333333 0.21574074074074073 0.5447916666666667 0.21574074074074073
0 0.8567708333333334 0.7027777777777777 0.8697916666666666 0.7083333333333334 0.9026041666666667 0.7314814814814815 0.9109375 0.7314814814814815 0.9140625 0.7388888888888889 0.9322916666666666 0.7481481481481481 0.9520833333333333 0.7666666666666667 0.9994791666666667 0.7962962962962963 0.9994791666666667 0.8277777777777777 0.9848958333333333 0.8314814814814815 0.9911458333333333 0.8324074074074074 0.99375 0.8361111111111111 0.996875 0.850925925925926 0.9994791666666667 0.8527777777777777 0.9994791666666667 0.8824074074074074 0.9942708333333333 0.8870370370370371 0.9994791666666667 0.8962962962962963 0.9994791666666667 0.9203703703703704 0.9932291666666667 0.9287037037037037 0.9994791666666667 0.9398148148148148 0.9994791666666667 0.9935185185185185 0.9942708333333333 0.9953703703703703 0.9895833333333334 0.9944444444444445 0.9385416666666667 0.9527777777777777 0.9239583333333333 0.950925925925926 0.9119791666666667 0.9444444444444444 0.9041666666666667 0.9351851851851852 0.9 0.924074074074074 0.8588541666666667 0.8907407407407407 0.8458333333333333 0.875 0.8416666666666667 0.8731481481481481 0.8364583333333333 0.8555555555555555 0.8390625 0.8481481481481481 0.8291666666666667 0.8277777777777777 0.8234375 0.8240740740740741 0.8255208333333334 0.8138888888888889 0.8260416666666667 0.7814814814814814 0.8302083333333333 0.762962962962963 0.8380208333333333 0.7416666666666667 0.8494791666666667 0.7212962962962963 0.8515625 0.7064814814814815 0.85625 0.7027777777777777
0 0.46770833333333334 0.24166666666666667 0.48385416666666664 0.24074074074074073 0.4875 0.25092592592592594 0.4901041666666667 0.2712962962962963 0.4895833333333333 0.2972222222222222 0.4875 0.3074074074074074 0.46510416666666665 0.3074074074074074 0.4630208333333333 0.30277777777777776 0.46197916666666666 0.27037037037037037 0.46770833333333334 0.24259259259259258
0 0.36770833333333336 0.6333333333333333 0.39479166666666665 0.6435185185185185 0.4046875 0.6648148148148149 0.4046875 0.6833333333333333 0.41041666666666665 0.6990740740740741 0.4078125 0.7074074074074074 0.3625 0.7074074074074074 0.359375 0.712037037037037 0.3515625 0.7101851851851851 0.3458333333333333 0.6935185185185185 0.3453125 0.6601851851851852 0.35208333333333336 0.6361111111111111 0.35520833333333335 0.6333333333333333 0.3671875 0.6333333333333333
0 0.2453125 0.7296296296296296 0.2604166666666667 0.7398148148148148 0.28177083333333336 0.7314814814814815 0.2942708333333333 0.7342592592592593 0.3 0.7537037037037037 0.30364583333333334 0.7851851851851852 0.303125 0.7962962962962963 0.2984375 0.8111111111111111 0.29375 0.8175925925925925 0.28541666666666665 0.8203703703703704 0.275 0.8157407407407408 0.2552083333333333 0.8314814814814815 0.22708333333333333 0.8435185185185186 0.22135416666666666 0.8564814814814815 0.21302083333333333 0.8611111111111112 0.19947916666666668 0.8564814814814815 0.18958333333333333 0.8574074074074074 0.1828125 0.8435185185185186 0.175 0.8351851851851851 0.17447916666666666 0.8111111111111111 0.18020833333333333 0.8 0.18177083333333333 0.7648148148148148 0.18802083333333333 0.7564814814814815 0.24479166666666666 0.7296296296296296
0 0.5067708333333333 0.16574074074074074 0.5140625 0.17407407407407408 0.5145833333333333 0.18703703703703703 0.5125 0.2 0.5078125 0.20185185185185187 0.4979166666666667 0.1962962962962963 0.484375 0.20925925925925926 0.48020833333333335 0.2074074074074074 0.48020833333333335 0.1962962962962963 0.4895833333333333 0.17592592592592593 0.4973958333333333 0.16666666666666666 0.50625 0.16574074074074074
0 0.6651041666666667 0.7212962962962963 0.7963541666666667 0.7842592592592592 0.8005208333333333 0.7925925925925926 0.8020833333333334 0.8175925925925925 0.8067708333333333 0.8231481481481482 0.8098958333333334 0.8212962962962963 0.8151041666666666 0.8083333333333333 0.8208333333333333 0.812037037037037 0.8359375 0.8416666666666667 0.8432291666666667 0.9138888888888889 0.8416666666666667 0.9259259259259259 0.8421875 0.9462962962962963 0.8354166666666667 0.9685185185185186 0.8307291666666666 0.9740740740740741 0.8145833333333333 0.9685185185185186 0.8 0.9722222222222222 0.7916666666666666 0.9703703703703703 0.7848958333333333 0.9648148148148148 0.7802083333333333 0.9564814814814815 0.765625 0.9527777777777777 0.7421875 0.9361111111111111 0.7354166666666667 0.9351851851851852 0.709375 0.9148148148148149 0.6979166666666666 0.9185185185185185 0.6880208333333333 0.9157407407407407 0.6770833333333334 0.9027777777777778 0.675 0.8898148148148148 0.6651041666666667 0.8814814814814815 0.646875 0.875 0.6447916666666667 0.8694444444444445 0.6453125 0.8555555555555555 0.6494791666666667 0.8277777777777777 0.6505208333333333 0.8037037037037037 0.6557291666666667 0.7759259259259259 0.6604166666666667 0.7222222222222222 0.6645833333333333 0.7212962962962963
0 0.7604166666666666 0.4074074074074074 0.7682291666666666 0.41759259259259257 0.7708333333333334 0.4388888888888889 0.7635416666666667 0.4398148148148148 0.7515625 0.43333333333333335 0.7473958333333334 0.4351851851851852 0.7729166666666667 0.45740740740740743 0.7760416666666666 0.46296296296296297 0.7796875 0.5055555555555555 0.7765625 0.512962962962963 0.7708333333333334 0.5175925925925926 0.7515625 0.5138888888888888 0.7432291666666667 0.5064814814814815 0.7411458333333333 0.5009259259259259 0.740625 0.475 0.7359375 0.44074074074074077 0.7375 0.43333333333333335 0.7447916666666666 0.43148148148148147 0.7411458333333333 0.42962962962962964 0.7390625 0.4166666666666667 0.7442708333333333 0.4074074074074074 0.7598958333333333 0.4074074074074074
0 0.60625 0.3814814814814815 0.6140625 0.387037037037037 0.625 0.4083333333333333 0.6260416666666667 0.4324074074074074 0.6197916666666666 0.4583333333333333 0.6161458333333333 0.4564814814814815 0.6036458333333333 0.43703703703703706 0.59375 0.4287037037037037 0.5890625 0.4185185185185185 0.5947916666666667 0.38796296296296295 0.6057291666666667 0.3814814814814815
0 0.5510416666666667 0.5268518518518519 0.5671875 0.5472222222222223 0.5895833333333333 0.587037037037037 0.590625 0.5962962962962963 0.6020833333333333 0.6222222222222222 0.6036458333333333 0.6305555555555555 0.6020833333333333 0.6518518518518519 0.5927083333333333 0.6648148148148149 0.58125 0.6703703703703704 0.5640625 0.6583333333333333 0.5557291666666667 0.6333333333333333 0.5369791666666667 0.5962962962962963 0.528125 0.5861111111111111 0.5244791666666667 0.5601851851851852 0.5244791666666667 0.55 0.5270833333333333 0.5398148148148149 0.5375 0.5277777777777778 0.5458333333333333 0.525 0.5505208333333333 0.5268518518518519
0 0.6463541666666667 0.5370370370370371 0.6619791666666667 0.55 0.6838541666666667 0.5740740740740741 0.7135416666666666 0.6231481481481481 0.7151041666666667 0.6305555555555555 0.7135416666666666 0.6509259259259259 0.703125 0.6712962962962963 0.6953125 0.675 0.6817708333333333 0.6731481481481482 0.675 0.6685185185185185 0.6666666666666666 0.6518518518518519 0.6385416666666667 0.6203703703703703 0.6260416666666667 0.6129629629629629 0.6197916666666666 0.6018518518518519 0.6192708333333333 0.5916666666666667 0.6161458333333333 0.5805555555555556 0.6197916666666666 0.5583333333333333 0.6302083333333334 0.5425925925925926 0.6395833333333333 0.5361111111111111 0.6458333333333334 0.5370370370370371
0 0.5223958333333333 0.21388888888888888 0.5208333333333334 0.2064814814814815 0.5223958333333333 0.19537037037037036 0.534375 0.16944444444444445 0.5395833333333333 0.16574074074074074 0.5489583333333333 0.16666666666666666 0.5520833333333334 0.1712962962962963 0.5541666666666667 0.18611111111111112 0.5505208333333333 0.20277777777777778 0.5442708333333334 0.21388888888888888 0.5338541666666666 0.2101851851851852 0.5265625 0.21481481481481482 0.5229166666666667 0.21388888888888888
0 0.36302083333333335 0.3 0.384375 0.30925925925925923 0.3890625 0.3194444444444444 0.3927083333333333 0.3509259259259259 0.3932291666666667 0.37592592592592594 0.39479166666666665 0.37962962962962965 0.39479166666666665 0.41759259259259257 0.38645833333333335 0.4388888888888889 0.378125 0.44351851851851853 0.3729166666666667 0.4740740740740741 0.3619791666666667 0.4861111111111111 0.3171875 0.5740740740740741 0.30052083333333335 0.5990740740740741 0.2869791666666667 0.6074074074074074 0.2859375 0.6138888888888889 0.26510416666666664 0.6064814814814815 0.2546875 0.5981481481481481 0.24791666666666667 0.5879629629629629 0.24739583333333334 0.5675925925925925 0.24270833333333333 0.55 0.24166666666666667 0.5361111111111111 0.23645833333333333 0.5287037037037037 0.23333333333333334 0.5157407407407407 0.23020833333333332 0.48148148148148145 0.23125 0.4638888888888889 0.23854166666666668 0.44351851851851853 0.24791666666666667 0.42777777777777776 0.32395833333333335 0.32314814814814813 0.3463541666666667 0.3 0.3625 0.3
1 0.5005208333333333 0.46296296296296297 0.5046875 0.47962962962962963 0.5015625 0.5083333333333333 0.4979166666666667 0.5064814814814815 0.4947916666666667 0.48333333333333334 0.49583333333333335 0.4666666666666667 0.4979166666666667 0.462037037037037 0.5 0.46296296296296297
1 0.5322916666666667 0.4527777777777778 0.5364583333333334 0.4675925925925926 0.5380208333333333 0.49074074074074076 0.5359375 0.4981481481481482 0.5296875 0.5027777777777778 0.5276041666666667 0.5009259259259259 0.5296875 0.49444444444444446 0.5276041666666667 0.4898148148148148 0.5270833333333333 0.4648148148148148 0.5291666666666667 0.4546296296296296 0.5317708333333333 0.4537037037037037
1 0.06041666666666667 0.33425925925925926 0.065625 0.3416666666666667 0.06354166666666666 0.35462962962962963 0.0640625 0.3731481481481482 0.053125 0.3592592592592593 0.050520833333333334 0.34814814814814815 0.052083333333333336 0.3351851851851852 0.059895833333333336 0.33425925925925926
1 0.578125 0.25 0.5817708333333333 0.25092592592592594 0.5833333333333334 0.2601851851851852 0.58125 0.28703703703703703 0.578125 0.29074074074074074 0.575 0.2657407407407407 0.578125 0.25092592592592594
1 0.6104166666666667 0.21203703703703702 0.6140625 0.2222222222222222 0.6140625 0.23333333333333334 0.6114583333333333 0.2361111111111111 0.6072916666666667 0.23425925925925925 0.6072916666666667 0.21296296296296297 0.6098958333333333 0.21203703703703702
1 0.17864583333333334 0.2796296296296296 0.17447916666666666 0.2611111111111111 0.17604166666666668 0.25092592592592594 0.17864583333333334 0.25092592592592594 0.1828125 0.2611111111111111 0.18333333333333332 0.2777777777777778 0.17916666666666667 0.2796296296296296
1 0.5953125 0.2564814814814815 0.5994791666666667 0.2675925925925926 0.596875 0.29259259259259257 0.5927083333333333 0.29259259259259257 0.5916666666666667 0.27870370370370373 0.5947916666666667 0.2574074074074074
1 0.365625 0.9481481481481482 0.375 0.9564814814814815 0.37604166666666666 0.9675925925925926 0.375 0.9796296296296296 0.37135416666666665 0.9916666666666667 0.3640625 0.9962962962962963 0.3614583333333333 0.9944444444444445 0.3578125 0.9805555555555555 0.3572916666666667 0.9666666666666667 0.359375 0.9490740740740741 0.3651041666666667 0.9481481481481482
1 0.06822916666666666 0.3388888888888889 0.07447916666666667 0.35 0.07604166666666666 0.35555555555555557 0.07552083333333333 0.36666666666666664 0.07864583333333333 0.37592592592592594 0.07447916666666667 0.38796296296296295 0.07083333333333333 0.3712962962962963 0.06822916666666666 0.3675925925925926 0.06354166666666666 0.36944444444444446 0.06458333333333334 0.34074074074074073 0.06770833333333333 0.3388888888888889
1 0.08229166666666667 0.35185185185185186 0.08958333333333333 0.36018518518518516 0.0984375 0.3814814814814815 0.0984375 0.387037037037037 0.0921875 0.3851851851851852 0.09166666666666666 0.3907407407407407 0.0890625 0.3925925925925926 0.08020833333333334 0.35555555555555557 0.08177083333333333 0.35185185185185186
1 0.15052083333333333 0.30833333333333335 0.15364583333333334 0.30833333333333335 0.15885416666666666 0.31574074074074077 0.159375 0.3296296296296296 0.16197916666666667 0.3398148148148148 0.16197916666666667 0.3453703703703704 0.16041666666666668 0.34629629629629627 0.1546875 0.33611111111111114 0.15 0.3212962962962963 0.15052083333333333 0.30925925925925923
1 0.041666666666666664 0.31851851851851853 0.046875 0.32685185185185184 0.050520833333333334 0.35185185185185186 0.043229166666666666 0.3453703703703704 0.034375 0.3277777777777778 0.036458333333333336 0.32037037037037036 0.04114583333333333 0.31851851851851853
1 0.9442708333333333 0.6824074074074075 0.946875 0.6851851851851852 0.946875 0.7074074074074074 0.9432291666666667 0.7148148148148148 0.9427083333333334 0.7268518518518519 0.9359375 0.7277777777777777 0.9322916666666666 0.7416666666666667 0.9291666666666667 0.7379629629629629 0.9286458333333333 0.7240740740740741 0.9213541666666667 0.7305555555555555 0.9177083333333333 0.7305555555555555 0.9161458333333333 0.7268518518518519 0.9255208333333333 0.712037037037037 0.9255208333333333 0.7027777777777777 0.9307291666666667 0.6916666666666667 0.94375 0.6824074074074075
1 0.28020833333333334 0.8333333333333334 0.29010416666666666 0.8444444444444444 0.2916666666666667 0.8574074074074074 0.29739583333333336 0.8759259259259259 0.296875 0.8796296296296297 0.2942708333333333 0.8796296296296297 0.28854166666666664 0.8703703703703703 0.2859375 0.8796296296296297 0.2833333333333333 0.8805555555555555 0.2765625 0.8555555555555555 0.27760416666666665 0.8453703703703703 0.2755208333333333 0.8351851851851851 0.2796875 0.8333333333333334
1 0.5171875 0.46111111111111114 0.5229166666666667 0.47685185185185186 0.5192708333333333 0.5 0.5171875 0.5027777777777778 0.5130208333333334 0.5009259259259259 0.5104166666666666 0.48518518518518516 0.5130208333333334 0.4648148148148148 0.5145833333333333 0.4601851851851852 0.5166666666666667 0.46111111111111114
1 0.24010416666666667 0.8935185185185185 0.24583333333333332 0.8953703703703704 0.2526041666666667 0.9074074074074074 0.2515625 0.9166666666666666 0.25364583333333335 0.925 0.2625 0.9416666666666667 0.25833333333333336 0.9444444444444444 0.25052083333333336 0.9351851851851852 0.2421875 0.9462962962962963 0.240625 0.9462962962962963 0.24166666666666667 0.9342592592592592 0.2375 0.9212962962962963 0.23697916666666666 0.9064814814814814 0.23489583333333333 0.899074074074074 0.2359375 0.8944444444444445 0.23958333333333334 0.8935185185185185
1 0.13385416666666666 0.25555555555555554 0.14322916666666666 0.2824074074074074 0.14322916666666666 0.2861111111111111 0.13802083333333334 0.287962962962963 0.1359375 0.28703703703703703 0.128125 0.26481481481481484 0.12864583333333332 0.25925925925925924 0.13333333333333333 0.25555555555555554
1 0.3645833333333333 0.5564814814814815 0.3692708333333333 0.5583333333333333 0.375 0.5712962962962963 0.3729166666666667 0.5981481481481481 0.3671875 0.6111111111111112 0.36354166666666665 0.6111111111111112 0.3651041666666667 0.5851851851851851 0.3625 0.562962962962963 0.3645833333333333 0.5574074074074075
1 0.1265625 0.2972222222222222 0.1328125 0.30833333333333335 0.13697916666666668 0.32407407407407407 0.13697916666666668 0.3314814814814815 0.13125 0.33796296296296297 0.128125 0.337037037037037 0.12760416666666666 0.32314814814814813 0.12291666666666666 0.3074074074074074 0.12395833333333334 0.3 0.12604166666666666 0.29814814814814816
1 0.2630208333333333 0.8527777777777777 0.26927083333333335 0.8564814814814815 0.271875 0.862037037037037 0.2760416666666667 0.8888888888888888 0.2755208333333333 0.9009259259259259 0.27239583333333334 0.9064814814814814 0.265625 0.8935185185185185 0.25885416666666666 0.8935185185185185 0.25833333333333336 0.8759259259259259 0.2598958333333333 0.8657407407407407 0.25729166666666664 0.8555555555555555 0.2625 0.8527777777777777
1 0.571875 0.3138888888888889 0.010416666666666666 0.027777777777777776
1 0.09635416666666667 0.3314814814814815 0.10729166666666666 0.362962962962963 0.10625 0.36574074074074076 0.10208333333333333 0.3638888888888889 0.0984375 0.37037037037037035 0.09635416666666667 0.36944444444444446 0.09479166666666666 0.3537037037037037 0.09166666666666666 0.3435185185185185 0.0921875 0.33425925925925926 0.09583333333333334 0.3314814814814815
1 0.16510416666666666 0.3416666666666667 0.15989583333333332 0.31296296296296294 0.16145833333333334 0.3037037037037037 0.16458333333333333 0.30462962962962964 0.16822916666666668 0.31296296296296294 0.17135416666666667 0.33240740740740743 0.1703125 0.34074074074074073 0.165625 0.3416666666666667
1 0.6135416666666667 0.2601851851851852 0.6161458333333333 0.26481481481481484 0.6166666666666667 0.2796296296296296 0.6151041666666667 0.29444444444444445 0.6130208333333333 0.2972222222222222 0.609375 0.29444444444444445 0.6083333333333333 0.27870370370370373 0.6088541666666667 0.2675925925925926 0.6130208333333333 0.2601851851851852
1 0.6161458333333333 0.34074074074074073 0.6192708333333333 0.3472222222222222 0.6192708333333333 0.35648148148148145 0.6130208333333333 0.3851851851851852 0.6098958333333333 0.38055555555555554 0.609375 0.36203703703703705 0.6072916666666667 0.35555555555555557 0.6114583333333333 0.3416666666666667 0.615625 0.34074074074074073
1 0.05677083333333333 0.362962962962963 0.06145833333333333 0.36944444444444446 0.0640625 0.3824074074074074 0.06302083333333333 0.3972222222222222 0.06979166666666667 0.4111111111111111 0.06614583333333333 0.4148148148148148 0.06041666666666667 0.4046296296296296 0.057291666666666664 0.4222222222222222 0.053125 0.4212962962962963 0.0546875 0.40925925925925927 0.051041666666666666 0.37777777777777777 0.05260416666666667 0.3648148148148148 0.05625 0.362962962962963
1 0.39140625 0.2912037037037037 0.009895833333333333 0.03981481481481482
1 0.7109375 0.4898148148148148 0.715625 0.5148148148148148 0.7067708333333333 0.5324074074074074 0.7020833333333333 0.5148148148148148 0.7072916666666667 0.49074074074074076 0.7104166666666667 0.4898148148148148
1 0.5536458333333333 0.4666666666666667 0.5473958333333333 0.4527777777777778 0.5494791666666666 0.4361111111111111 0.5536458333333333 0.4351851851851852 0.5572916666666666 0.4462962962962963 0.5572916666666666 0.46111111111111114 0.5541666666666667 0.46574074074074073
1 0.4203125 0.725 0.42604166666666665 0.7379629629629629 0.4276041666666667 0.7472222222222222 0.42135416666666664 0.7787037037037037 0.4192708333333333 0.7768518518518519 0.4140625 0.7407407407407407 0.41510416666666666 0.7314814814814815 0.4197916666666667 0.725
1 0.5463541666666667 0.4083333333333333 0.5505208333333333 0.42314814814814816 0.546875 0.4444444444444444 0.5432291666666667 0.44907407407407407 0.5411458333333333 0.41759259259259257 0.5432291666666667 0.40925925925925927 0.5458333333333333 0.4083333333333333
1 0.54375 0.5046296296296297 0.5458333333333333 0.4925925925925926 0.5453125 0.46944444444444444 0.546875 0.45740740740740743 0.5505208333333333 0.45740740740740743 0.5541666666666667 0.4675925925925926 0.5541666666666667 0.47314814814814815 0.5526041666666667 0.4981481481481482 0.5463541666666667 0.5055555555555555 0.5442708333333334 0.5046296296296297
1 0.5880208333333333 0.25 0.5911458333333334 0.2601851851851852 0.5890625 0.28055555555555556 0.5848958333333333 0.2851851851851852 0.5828125 0.27314814814814814 0.5833333333333334 0.25833333333333336 0.5875 0.25092592592592594
1 0.5916666666666667 0.3712962962962963 0.5895833333333333 0.3490740740740741 0.590625 0.3398148148148148 0.5947916666666667 0.3296296296296296 0.5989583333333334 0.3398148148148148 0.5994791666666667 0.34814814814814815 0.5958333333333333 0.3574074074074074 0.596875 0.36944444444444446 0.5921875 0.3712962962962963
1 0.5921875 0.20092592592592592 0.59375 0.2175925925925926 0.5890625 0.24166666666666667 0.5875 0.2388888888888889 0.5859375 0.21574074074074073 0.5916666666666667 0.20092592592592592
1 0.16145833333333334 0.9814814814814815 0.17395833333333333 0.9861111111111112 0.178125 0.9935185185185185 0.17864583333333334 0.9990740740740741 0.1625 0.9990740740740741 0.15677083333333333 0.9898148148148148 0.15729166666666666 0.9851851851851852 0.1609375 0.9824074074074074
1 0.6020833333333333 0.2962962962962963 0.6 0.29259259259259257 0.6 0.2722222222222222 0.6026041666666667 0.25925925925925924 0.6057291666666667 0.2574074074074074 0.6083333333333333 0.26851851851851855 0.6046875 0.2916666666666667 0.6026041666666667 0.2953703703703704
1 0.5890625 0.29444444444444445 0.5927083333333333 0.3037037037037037 0.5921875 0.3175925925925926 0.5895833333333333 0.3287037037037037 0.5859375 0.32685185185185184 0.584375 0.31851851851851853 0.584375 0.30648148148148147 0.5885416666666666 0.29444444444444445
1 0.4265625 0.924074074074074 0.42864583333333334 0.9351851851851852 0.42916666666666664 0.9592592592592593 0.4322916666666667 0.9657407407407408 0.4322916666666667 0.9777777777777777 0.43020833333333336 0.9805555555555555 0.42291666666666666 0.9787037037037037 0.42135416666666664 0.9601851851851851 0.41822916666666665 0.950925925925926 0.4171875 0.924074074074074 0.42604166666666665 0.924074074074074