0 0.15260416666666668 0.14907407407407408 0.15885416666666666 0.1527777777777778 0.16927083333333334 0.175 0.14583333333333334 0.20462962962962963 0.1421875 0.21203703703703702 0.1421875 0.22314814814814815 0.140625 0.22592592592592592 0.13697916666666668 0.22407407407407406 0.128125 0.2111111111111111 0.12135416666666667 0.18796296296296297 0.12135416666666667 0.18055555555555555 0.12604166666666666 0.16944444444444445 0.13645833333333332 0.15833333333333333 0.1453125 0.15 0.15208333333333332 0.14907407407407408
0 0.578125 0.07407407407407407 0.5848958333333333 0.07685185185185185 0.5932291666666667 0.09444444444444444 0.6015625 0.1537037037037037 0.5989583333333334 0.17314814814814813 0.5822916666666667 0.17685185185185184 0.5739583333333333 0.175 0.5708333333333333 0.17037037037037037 0.5697916666666667 0.15462962962962962 0.5619791666666667 0.12407407407407407 0.5635416666666667 0.09722222222222222 0.5677083333333334 0.08148148148148149 0.5708333333333333 0.07592592592592592 0.5776041666666667 0.07407407407407407
0 0.9067708333333333 0.4703703703703704 0.9083333333333333 0.4787037037037037 0.9072916666666667 0.4824074074074074 0.9036458333333334 0.48333333333333334 0.9078125 0.4842592592592593 0.9109375 0.4888888888888889 0.9130208333333333 0.4981481481481482 0.9130208333333333 0.5231481481481481 0.9114583333333334 0.5296296296296297 0.9083333333333333 0.5324074074074074 0.903125 0.5314814814814814 0.8973958333333333 0.5212962962962963 0.8932291666666666 0.524074074074074 0.8885416666666667 0.5157407407407407 0.8734375 0.5009259259259259 0.8708333333333333 0.4935185185185185 0.8729166666666667 0.4777777777777778 0.8765625 0.4722222222222222 0.8833333333333333 0.47314814814814815 0.8942708333333333 0.4861111111111111 0.9041666666666667 0.46944444444444444 0.90625 0.4703703703703704
0 0.421875 0.85 0.4234375 0.8592592592592593 0.42135416666666664 0.875 0.4046875 0.9101851851851852 0.4005208333333333 0.9277777777777778 0.39427083333333335 0.9361111111111111 0.39010416666666664 0.9490740740740741 0.38697916666666665 0.950925925925926 0.38385416666666666 0.9425925925925925 0.38385416666666666 0.9277777777777778 0.38697916666666665 0.9055555555555556 0.3984375 0.8861111111111111 0.4083333333333333 0.8555555555555555 0.41354166666666664 0.85 0.42135416666666664 0.85
0 0.665625 0.07314814814814814 0.6734375 0.08333333333333333 0.6770833333333334 0.1 0.6760416666666667 0.1111111111111111 0.6723958333333333 0.11666666666666667 0.65625 0.10648148148148148 0.6458333333333334 0.09074074074074075 0.65 0.0787037037037037 0.6651041666666667 0.07314814814814814
0 0.06614583333333333 0.20833333333333334 0.08541666666666667 0.2222222222222222 0.0953125 0.2351851851851852 0.096875 0.24074074074074073 0.0859375 0.2657407407407407 0.07239583333333334 0.2861111111111111 0.06770833333333333 0.28888888888888886 0.05625 0.2861111111111111 0.04739583333333333 0.27870370370370373 0.036458333333333336 0.24444444444444444 0.0375 0.23796296296296296 0.0453125 0.22592592592592592 0.06041666666666667 0.20925925925925926 0.065625 0.20833333333333334
0 0.2796875 0.008333333333333333 0.29270833333333335 0.011111111111111112 0.29635416666666664 0.037037037037037035 0.29322916666666665 0.04259259259259259 0.278125 0.05555555555555555 0.26979166666666665 0.07222222222222222 0.2515625 0.06944444444444445 0.24479166666666666 0.06481481481481481 0.2421875 0.05462962962962963 0.2421875 0.03333333333333333 0.24739583333333334 0.022222222222222223 0.25833333333333336 0.011111111111111112 0.2791666666666667 0.008333333333333333
0 0.4 0.5388888888888889 0.4088541666666667 0.5435185185185185 0.4166666666666667 0.5425925925925926 0.42083333333333334 0.549074074074074 0.44947916666666665 0.5675925925925925 0.47552083333333334 0.5907407407407408 0.4765625 0.6037037037037037 0.4739583333333333 0.6268518518518519 0.4640625 0.6564814814814814 0.45677083333333335 0.662962962962963 0.4421875 0.6620370370370371 0.4328125 0.6481481481481481 0.3958333333333333 0.6231481481481481 0.38645833333333335 0.6222222222222222 0.3765625 0.6101851851851852 0.3703125 0.5898148148148148 0.3703125 0.5777777777777777 0.3729166666666667 0.5657407407407408 0.38333333333333336 0.5425925925925926 0.390625 0.5370370370370371 0.39947916666666666 0.5388888888888889
0 0.8359375 0.5842592592592593 0.890625 0.6268518518518519 0.9286458333333333 0.6787037037037037 0.9354166666666667 0.6990740740740741 0.9354166666666667 0.725925925925926 0.928125 0.7444444444444445 0.9182291666666667 0.7555555555555555 0.9114583333333334 0.7518518518518519 0.8984375 0.7509259259259259 0.89375 0.7462962962962963 0.884375 0.7287037037037037 0.8510416666666667 0.6972222222222222 0.8348958333333333 0.6833333333333333 0.825 0.6842592592592592 0.8166666666666667 0.6768518518518518 0.8140625 0.6648148148148149 0.8067708333333333 0.6546296296296297 0.8046875 0.6444444444444445 0.8041666666666667 0.6370370370370371 0.8072916666666666 0.6166666666666667 0.8125 0.6018518518518519 0.8208333333333333 0.5916666666666667 0.8354166666666667 0.5842592592592593
0 0.21666666666666667 0.020370370370370372 0.2265625 0.049074074074074076 0.22708333333333333 0.06018518518518518 0.21458333333333332 0.08055555555555556 0.20989583333333334 0.0824074074074074 0.19635416666666666 0.07777777777777778 0.18958333333333333 0.046296296296296294 0.1921875 0.03425925925925926 0.19583333333333333 0.028703703703703703 0.21614583333333334 0.020370370370370372
0 0.9427083333333334 0.5296296296296297 0.9552083333333333 0.5333333333333333 0.9697916666666667 0.5481481481481482 0.9833333333333333 0.5527777777777778 0.9916666666666667 0.5657407407407408 0.9932291666666667 0.575 0.9911458333333333 0.5842592592592593 0.9895833333333334 0.6129629629629629 0.9822916666666667 0.6259259259259259 0.9541666666666667 0.6203703703703703 0.9364583333333333 0.6055555555555555 0.9213541666666667 0.6037037037037037 0.9166666666666666 0.5981481481481481 0.9130208333333333 0.5833333333333334 0.9182291666666667 0.5564814814814815 0.93125 0.5361111111111111 0.9421875 0.5296296296296297
0 0.640625 0.8685185185185185 0.6473958333333333 0.8796296296296297 0.653125 0.9212962962962963 0.6494791666666667 0.9629629629629629 0.65 0.975 0.6479166666666667 0.9805555555555555 0.64375 0.9824074074074074 0.6401041666666667 0.9824074074074074 0.6364583333333333 0.975 0.6359375 0.9601851851851851 0.6276041666666666 0.9083333333333333 0.6307291666666667 0.8768518518518519 0.6333333333333333 0.8703703703703703 0.6401041666666667 0.8685185185185185
0 0.22708333333333333 0.7296296296296296 0.23385416666666667 0.7379629629629629 0.24166666666666667 0.7555555555555555 0.24270833333333333 0.787962962962963 0.23333333333333334 0.8138888888888889 0.2203125 0.8268518518518518 0.19322916666666667 0.8361111111111111 0.146875 0.862037037037037 0.13958333333333334 0.8694444444444445 0.11666666666666667 0.8740740740740741 0.1015625 0.8703703703703703 0.09479166666666666 0.8574074074074074 0.09166666666666666 0.8462962962962963 0.09270833333333334 0.8111111111111111 0.0984375 0.7925925925925926 0.12604166666666666 0.7703703703703704 0.1828125 0.7416666666666667 0.1875 0.7305555555555555 0.19739583333333333 0.7379629629629629 0.20572916666666666 0.7324074074074074 0.2265625 0.7296296296296296
0 0.315625 0.35185185185185186 0.32864583333333336 0.3611111111111111 0.3421875 0.36018518518518516 0.35208333333333336 0.36574074074074076 0.3640625 0.3851851851851852 0.390625 0.40185185185185185 0.3932291666666667 0.41388888888888886 0.390625 0.4361111111111111 0.37916666666666665 0.4601851851851852 0.3703125 0.47129629629629627 0.36354166666666665 0.4703703703703704 0.3515625 0.45740740740740743 0.3296875 0.44907407407407407 0.315625 0.44907407407407407 0.309375 0.44351851851851853 0.2994791666666667 0.42777777777777776 0.296875 0.4148148148148148 0.29635416666666664 0.3861111111111111 0.3 0.37777777777777777 0.30625 0.3712962962962963 0.309375 0.3537037037037037 0.3151041666666667 0.35185185185185186
0 0.20729166666666668 0.17037037037037037 0.21614583333333334 0.18518518518518517 0.21666666666666667 0.19722222222222222 0.21458333333333332 0.2074074074074074 0.21197916666666666 0.21203703703703702 0.19947916666666668 0.21851851851851853 0.18854166666666666 0.2324074074074074 0.18229166666666666 0.2518518518518518 0.17604166666666668 0.2574074074074074 0.16875 0.2518518518518518 0.15885416666666666 0.25092592592592594 0.146875 0.24259259259259258 0.14114583333333333 0.22870370370370371 0.14270833333333333 0.2111111111111111 0.15052083333333333 0.19722222222222222 0.16666666666666666 0.17685185185185184 0.18229166666666666 0.17592592592592593 0.1953125 0.1675925925925926 0.20677083333333332 0.17037037037037037
0 0.14270833333333333 0.3138888888888889 0.16458333333333333 0.3287037037037037 0.2203125 0.37962962962962965 0.2390625 0.4 0.24895833333333334 0.4166666666666667 0.2604166666666667 0.4601851851851852 0.2635416666666667 0.48333333333333334 0.24791666666666667 0.5111111111111111 0.22708333333333333 0.5388888888888889 0.22239583333333332 0.537962962962963 0.19947916666666668 0.5101851851851852 0.19166666666666668 0.5092592592592593 0.18541666666666667 0.5037037037037037 0.16822916666666668 0.48055555555555557 0.1421875 0.4537037037037037 0.12083333333333333 0.4222222222222222 0.10885416666666667 0.41203703703703703 0.10208333333333333 0.4166666666666667 0.0984375 0.4148148148148148 0.08697916666666666 0.3768518518518518 0.09166666666666666 0.35833333333333334 0.0984375 0.3472222222222222 0.12604166666666666 0.31666666666666665 0.1421875 0.3138888888888889
0 0.465625 0.046296296296296294 0.48541666666666666 0.05092592592592592 0.48802083333333335 0.05648148148148148 0.4901041666666667 0.075 0.490625 0.08425925925925926 0.4859375 0.10092592592592593 0.4713541666666667 0.11203703703703703 0.4666666666666667 0.11018518518518519 0.46197916666666666 0.1037037037037037 0.4421875 0.10092592592592593 0.43854166666666666 0.09722222222222222 0.4375 0.05648148148148148 0.44947916666666665 0.04537037037037037 0.46510416666666665 0.046296296296296294
0 0.6171875 0 0.6338541666666667 0 0.6385416666666667 0.006481481481481481 0.6380208333333334 0.025 0.6348958333333333 0.041666666666666664 0.6223958333333334 0.06481481481481481 0.6161458333333333 0.05462962962962963 0.6057291666666667 0.05925925925925926 0.6026041666666667 0.053703703703703705 0.6026041666666667 0.04351851851851852 0.6098958333333333 0.009259259259259259 0.6130208333333333 0.002777777777777778 0.6171875 0.000925925925925926
0 0.2203125 0.5685185185185185 0.24479166666666666 0.5768518518518518 0.25052083333333336 0.5879629629629629 0.259375 0.5981481481481481 0.2630208333333333 0.6148148148148148 0.26875 0.6231481481481481 0.26927083333333335 0.6296296296296297 0.24583333333333332 0.6472222222222223 0.23958333333333334 0.6444444444444445 0.22447916666666667 0.6453703703703704 0.2140625 0.6509259259259259 0.20572916666666666 0.649074074074074 0.19895833333333332 0.637962962962963 0.1921875 0.6138888888888889 0.1921875 0.600925925925926 0.20260416666666667 0.5703703703703704 0.21979166666666666 0.5685185185185185
0 0.6020833333333333 0.06666666666666667 0.6088541666666667 0.06851851851851852 0.6192708333333333 0.0824074074074074 0.6197916666666666 0.11296296296296296 0.6125 0.13796296296296295 0.609375 0.14074074074074075 0.5984375 0.1259259259259259 0.5932291666666667 0.10092592592592593 0.5927083333333333 0.08796296296296297 0.5947916666666667 0.075 0.5963541666666666 0.07037037037037037 0.6015625 0.06759259259259259
0 0.69375 0.4351851851851852 0.7447916666666666 0.4888888888888889 0.7744791666666667 0.5398148148148149 0.7760416666666666 0.5453703703703704 0.775 0.5712962962962963 0.7630208333333334 0.5981481481481481 0.7567708333333333 0.6027777777777777 0.7375 0.5953703703703703 0.7270833333333333 0.575 0.7072916666666667 0.5509259259259259 0.6890625 0.5314814814814814 0.6786458333333333 0.5296296296296297 0.671875 0.5175925925925926 0.6713541666666667 0.5111111111111111 0.6640625 0.49444444444444446 0.6645833333333333 0.48333333333333334 0.6854166666666667 0.4388888888888889 0.6885416666666667 0.4351851851851852 0.6932291666666667 0.4351851851851852
0 0.4083333333333333 0.041666666666666664 0.43333333333333335 0.05277777777777778 0.4354166666666667 0.05925925925925926 0.4375 0.08333333333333333 0.4390625 0.12222222222222222 0.42916666666666664 0.14722222222222223 0.4192708333333333 0.1648148148148148 0.41510416666666666 0.17962962962962964 0.4 0.19907407407407407 0.384375 0.2351851851851852 0.3619791666666667 0.2777777777777778 0.35885416666666664 0.29074074074074074 0.3494791666666667 0.30185185185185187 0.33229166666666665 0.3351851851851852 0.32760416666666664 0.3388888888888889 0.3098958333333333 0.3314814814814815 0.290625 0.31666666666666665 0.28541666666666665 0.3055555555555556 0.2765625 0.2611111111111111 0.27239583333333334 0.25925925925925924 0.2708333333333333 0.262037037037037 0.2703125 0.2796296296296296 0.26875 0.2814814814814815 0.265625 0.2611111111111111 0.27760416666666665 0.23425925925925925 0.2875 0.21944444444444444 0.2921875 0.19907407407407407 0.2989583333333333 0.18518518518518517 0.31875 0.1537037037037037 0.33177083333333335 0.14629629629629629 0.3421875 0.13240740740740742 0.384375 0.06851851851851852 0.3958333333333333 0.04537037037037037 0.4078125 0.041666666666666664
0 0.46770833333333334 0.7333333333333333 0.4765625 0.7398148148148148 0.48802083333333335 0.7583333333333333 0.49166666666666664 0.7824074074074074 0.4875 0.7870370370370371 0.46927083333333336 0.7861111111111111 0.4635416666666667 0.7814814814814814 0.453125 0.7861111111111111 0.4421875 0.7712962962962963 0.4401041666666667 0.7555555555555555 0.4427083333333333 0.7462962962962963 0.44947916666666665 0.7435185185185185 0.4578125 0.7342592592592593 0.4671875 0.7333333333333333
0 0.21666666666666667 0.19907407407407407 0.22708333333333333 0.2 0.2390625 0.21296296296296297 0.24166666666666667 0.22037037037037038 0.24114583333333334 0.22685185185185186 0.23229166666666667 0.23981481481481481 0.2234375 0.2490740740740741 0.21614583333333334 0.2490740740740741 0.21145833333333333 0.24074074074074073 0.21197916666666666 0.22962962962962963 0.20989583333333334 0.22592592592592592 0.209375 0.2175925925925926 0.21510416666666668 0.2101851851851852 0.21666666666666667 0.2
0 0.64375 0.0962962962962963 0.6505208333333333 0.09722222222222222 0.6578125 0.10648148148148148 0.6614583333333334 0.13148148148148148 0.6588541666666666 0.14351851851851852 0.6536458333333334 0.14444444444444443 0.6484375 0.13425925925925927 0.6333333333333333 0.12407407407407407 0.6333333333333333 0.10648148148148148 0.64375 0.09722222222222222
0 0.9802083333333333 0.49444444444444446 0.9994791666666667 0.5157407407407407 0.9994791666666667 0.5712962962962963 0.9953125 0.5722222222222222 0.9859375 0.5537037037037037 0.9661458333333334 0.5444444444444444 0.9567708333333333 0.5287037037037037 0.9567708333333333 0.5046296296296297 0.9604166666666667 0.4981481481481482 0.9692708333333333 0.4898148148148148 0.9796875 0.49444444444444446
0 0.7442708333333333 0.7805555555555556 0.7833333333333333 0.8 0.7921875 0.8101851851851852 0.7947916666666667 0.8425925925925926 0.7942708333333334 0.8657407407407407 0.7895833333333333 0.8722222222222222 0.7770833333333333 0.8768518518518519 0.7489583333333333 0.8694444444444445 0.721875 0.8703703703703703 0.7161458333333334 0.8638888888888889 0.7140625 0.8444444444444444 0.7145833333333333 0.8148148148148148 0.7166666666666667 0.8 0.73125 0.7814814814814814 0.74375 0.7805555555555556
0 0.5604166666666667 0.43703703703703706 0.5859375 0.45555555555555555 0.6 0.45185185185185184 0.6125 0.4583333333333333 0.6161458333333333 0.4638888888888889 0.6177083333333333 0.475 0.6369791666666667 0.49074074074074076 0.6432291666666666 0.5111111111111111 0.6598958333333333 0.5287037037037037 0.6619791666666667 0.55 0.6541666666666667 0.5879629629629629 0.6510416666666666 0.5953703703703703 0.6385416666666667 0.6018518518518519 0.6307291666666667 0.5981481481481481 0.6260416666666667 0.5916666666666667 0.6223958333333334 0.5796296296296296 0.5989583333333334 0.562037037037037 0.5932291666666667 0.5527777777777778 0.575 0.5407407407407407 0.5713541666666667 0.5407407407407407 0.5661458333333333 0.5481481481481482 0.5598958333333334 0.5472222222222223 0.5526041666666667 0.537962962962963 0.55 0.5259259259259259 0.546875 0.5212962962962963 0.5364583333333334 0.5185185185185185 0.5395833333333333 0.487962962962963 0.553125 0.45740740740740743 0.55625 0.4388888888888889 0.5598958333333334 0.43703703703703706
0 0.3125 0 0.35052083333333334 0 0.35208333333333336 0.011111111111111112 0.3489583333333333 0.025 0.340625 0.028703703703703703 0.33489583333333334 0.03518518518518519 0.32760416666666664 0.032407407407407406 0.32083333333333336 0.04722222222222222 0.31302083333333336 0.046296296296296294 0.30364583333333334 0.040740740740740744 0.3015625 0.030555555555555555 0.3026041666666667 0.019444444444444445 0.3125 0.000925925925925926
0 0.5161458333333333 0.837037037037037 0.5192708333333333 0.8425925925925926 0.525 0.8675925925925926 0.5322916666666667 0.8722222222222222 0.534375 0.8768518518518519 0.5354166666666667 0.9009259259259259 0.5328125 0.9157407407407407 0.5333333333333333 0.9305555555555556 0.5265625 0.9407407407407408 0.5203125 0.937962962962963 0.5182291666666666 0.9194444444444444 0.5119791666666667 0.9064814814814814 0.5046875 0.8740740740740741 0.5052083333333334 0.8416666666666667 0.5088541666666667 0.837037037037037 0.515625 0.837037037037037
0 0.6166666666666667 0.8722222222222222 0.6197916666666666 0.8768518518518519 0.6223958333333334 0.8935185185185185 0.6208333333333333 0.9175925925925926 0.6223958333333334 0.9212962962962963 0.6213541666666667 0.937037037037037 0.6229166666666667 0.9527777777777777 0.6192708333333333 0.9666666666666667 0.6135416666666667 0.9722222222222222 0.6083333333333333 0.9712962962962963 0.6046875 0.9657407407407408 0.5989583333333334 0.9425925925925925 0.5989583333333334 0.9361111111111111 0.6015625 0.9287037037037037 0.6052083333333333 0.8842592592592593 0.609375 0.875 0.6161458333333333 0.8722222222222222
0 0.5333333333333333 0.04351851851851852 0.5395833333333333 0.05555555555555555 0.5463541666666667 0.1 0.5453125 0.11296296296296296 0.5390625 0.11944444444444445 0.5192708333333333 0.1175925925925926 0.5151041666666667 0.10277777777777777 0.5135416666666667 0.08611111111111111 0.5125 0.05648148148148148 0.5140625 0.04814814814814815 0.51875 0.04259259259259259 0.5328125 0.04351851851851852
0 0.7166666666666667 0.002777777777777778 0.7208333333333333 0.004629629629629629 0.7234375 0.010185185185185186 0.7328125 0.046296296296296294 0.7302083333333333 0.06481481481481481 0.7177083333333333 0.07037037037037037 0.70625 0.06666666666666667 0.7015625 0.05277777777777778 0.6953125 0.04259259259259259 0.69375 0.03425925925925926 0.6958333333333333 0.012962962962962963 0.6994791666666667 0.005555555555555556 0.7161458333333334 0.002777777777777778
0 0.7796875 0.20833333333333334 0.7895833333333333 0.21481481481481482 0.7932291666666667 0.2212962962962963 0.7932291666666667 0.2324074074074074 0.7880208333333333 0.24537037037037038 0.7864583333333334 0.2564814814814815 0.7828125 0.2601851851851852 0.7791666666666667 0.25925925925925924 0.7651041666666667 0.24444444444444444 0.7604166666666666 0.24444444444444444 0.7651041666666667 0.25462962962962965 0.7755208333333333 0.26481481481481484 0.7776041666666667 0.275 0.76875 0.30462962962962964 0.765625 0.3101851851851852 0.7583333333333333 0.3148148148148148 0.7494791666666667 0.3138888888888889 0.7395833333333334 0.30648148148148147 0.7328125 0.2972222222222222 0.7307291666666667 0.2824074074074074 0.74375 0.2537037037037037 0.7453125 0.24537037037037038 0.75625 0.23703703703703705 0.7567708333333333 0.22685185185185186 0.7651041666666667 0.2101851851851852 0.7697916666666667 0.20555555555555555 0.7791666666666667 0.20833333333333334
1 0.14739583333333334 0.05185185185185185 0.1515625 0.05277777777777778 0.15416666666666667 0.05740740740740741 0.15677083333333333 0.06388888888888888 0.15729166666666666 0.075 0.1625 0.0824074074074074 0.16145833333333334 0.08611111111111111 0.15729166666666666 0.08333333333333333 0.1578125 0.09166666666666666 0.15416666666666667 0.09444444444444444 0.15260416666666668 0.0824074074074074 0.14739583333333334 0.06574074074074074 0.14739583333333334 0.05277777777777778
1 0.3026041666666667 0.6638888888888889 0.31354166666666666 0.6666666666666666 0.3182291666666667 0.675 0.3203125 0.687962962962963 0.31614583333333335 0.7101851851851851 0.3140625 0.7138888888888889 0.3109375 0.7129629629629629 0.3104166666666667 0.700925925925926 0.3020833333333333 0.6888888888888889 0.3026041666666667 0.6648148148148149
1 0.7375 0.03425925925925926 0.7411458333333333 0.03518518518518519 0.7411458333333333 0.05277777777777778 0.7338541666666667 0.07962962962962963 0.7307291666666667 0.07777777777777778 0.7328125 0.05277777777777778 0.7375 0.03518518518518519
1 0.09895833333333333 0.07777777777777778 0.10729166666666666 0.0824074074074074 0.11770833333333333 0.11018518518518519 0.11614583333333334 0.11666666666666667 0.10729166666666666 0.12129629629629629 0.10572916666666667 0.10833333333333334 0.09895833333333333 0.08425925925925926 0.09947916666666666 0.0787037037037037
1 0.634375 0.05 0.6375 0.05740740740740741 0.6385416666666667 0.07037037037037037 0.6338541666666667 0.08425925925925926 0.6333333333333333 0.10185185185185185 0.6296875 0.09814814814814815 0.6291666666666667 0.062037037037037036 0.6338541666666667 0.05
1 0.8458333333333333 0.10185185185185185 0.846875 0.11481481481481481 0.8348958333333333 0.14444444444444443 0.8317708333333333 0.14722222222222223 0.8322916666666667 0.1361111111111111 0.8375 0.11203703703703703 0.8453125 0.10185185185185185
1 0.7432291666666667 0.11018518518518519 0.74375 0.1259259259259259 0.7421875 0.13518518518518519 0.734375 0.15648148148148147 0.7322916666666667 0.15462962962962962 0.7333333333333333 0.12685185185185185 0.7390625 0.11203703703703703 0.7427083333333333 0.11018518518518519
1 0.8380208333333333 0.22407407407407406 0.8375 0.24722222222222223 0.8317708333333333 0.2675925925925926 0.8286458333333333 0.26944444444444443 0.8182291666666667 0.262037037037037 0.8177083333333334 0.25462962962962965 0.8244791666666667 0.23333333333333334 0.8317708333333333 0.22407407407407406 0.8375 0.22407407407407406
1 0.353125 0.6398148148148148 0.3640625 0.65 0.3645833333333333 0.6694444444444444 0.3625 0.6814814814814815 0.35208333333333336 0.6787037037037037 0.3484375 0.6574074074074074 0.3484375 0.6462962962962963 0.35260416666666666 0.6398148148148148
1 0.14375 0.03981481481481482 0.15 0.05462962962962963 0.15052083333333333 0.07685185185185185 0.14791666666666667 0.08055555555555556 0.1453125 0.07777777777777778 0.13802083333333334 0.05185185185185185 0.1390625 0.040740740740740744 0.14322916666666666 0.03981481481481482
1 0.3828125 0.8138888888888889 0.3953125 0.8416666666666667 0.3854166666666667 0.8462962962962963 0.3765625 0.8583333333333333 0.3734375 0.8555555555555555 0.37552083333333336 0.8453703703703703 0.37447916666666664 0.8194444444444444 0.3770833333333333 0.812962962962963 0.38229166666666664 0.8138888888888889
1 0.675 0.11944444444444445 0.6765625 0.12222222222222222 0.6765625 0.13148148148148148 0.671875 0.1685185185185185 0.6645833333333333 0.1648148148148148 0.6645833333333333 0.16018518518518518 0.6666666666666666 0.15185185185185185 0.6666666666666666 0.13425925925925927 0.6744791666666666 0.12037037037037036
1 0.011979166666666667 0.18333333333333332 0.025 0.19722222222222222 0.027083333333333334 0.20925925925925926 0.0359375 0.21574074074074073 0.034375 0.21944444444444444 0.027083333333333334 0.21666666666666667 0.026041666666666668 0.2324074074074074 0.023958333333333335 0.23425925925925925 0.022395833333333334 0.23425925925925925 0.022395833333333334 0.225 0.01875 0.21296296296296297 0.0125 0.20833333333333334 0.010416666666666666 0.20092592592592592 0.009375 0.18518518518518517 0.011458333333333333 0.18333333333333332
1 0.4739583333333333 0.4101851851851852 0.48125 0.4212962962962963 0.48072916666666665 0.43703703703703706 0.48333333333333334 0.45185185185185184 0.48020833333333335 0.4583333333333333 0.4765625 0.4583333333333333 0.4739583333333333 0.4546296296296296 0.46822916666666664 0.425 0.4713541666666667 0.41203703703703703 0.4734375 0.4101851851851852
1 0.7854166666666667 0.35185185185185186 0.7848958333333333 0.3648148148148148 0.7723958333333333 0.4027777777777778 0.7682291666666666 0.4 0.7666666666666667 0.3861111111111111 0.7807291666666667 0.3527777777777778 0.7848958333333333 0.35185185185185186
1 0.5213541666666667 0.31666666666666665 0.5234375 0.3212962962962963 0.5234375 0.3277777777777778 0.5203125 0.33796296296296297 0.5239583333333333 0.35185185185185186 0.5223958333333333 0.35555555555555557 0.5192708333333333 0.35462962962962963 0.515625 0.3416666666666667 0.5130208333333334 0.34444444444444444 0.5119791666666667 0.3509259259259259 0.5083333333333333 0.3490740740740741 0.5140625 0.30925925925925923 0.5192708333333333 0.30462962962962964 0.5208333333333334 0.31666666666666665
1 0.0640625 0.625 0.0828125 0.6648148148148149 0.08489583333333334 0.6712962962962963 0.0828125 0.674074074074074 0.06979166666666667 0.6583333333333333 0.05572916666666667 0.6472222222222223 0.05 0.6361111111111111 0.0484375 0.6305555555555555 0.05 0.625 0.06354166666666666 0.625
1 0.12760416666666666 0.03333333333333333 0.13177083333333334 0.03796296296296296 0.13489583333333333 0.04814814814814815 0.1375 0.075 0.134375 0.08055555555555556 0.13229166666666667 0.07777777777777778 0.1265625 0.05 0.12552083333333333 0.037037037037037035 0.12708333333333333 0.03333333333333333
1 0.034375 0.13425925925925927 0.04479166666666667 0.16111111111111112 0.04635416666666667 0.1712962962962963 0.043229166666666666 0.17407407407407408 0.03229166666666667 0.15462962962962962 0.025520833333333333 0.14907407407407408 0.026041666666666668 0.1361111111111111 0.028645833333333332 0.13148148148148148 0.033854166666666664 0.13425925925925927
1 0.875 0.4148148148148148 0.8765625 0.4166666666666667 0.8770833333333333 0.43425925925925923 0.8614583333333333 0.46574074074074073 0.8552083333333333 0.4638888888888889 0.8520833333333333 0.45185185185185184 0.8609375 0.43333333333333335 0.8635416666666667 0.4222222222222222 0.8744791666666667 0.4148148148148148
1 0.5057291666666667 0.7231481481481481 0.5088541666666667 0.7064814814814815 0.50625 0.6898148148148148 0.5104166666666666 0.6712962962962963 0.5166666666666667 0.6722222222222223 0.521875 0.6861111111111111 0.5223958333333333 0.6953703703703704 0.5203125 0.7027777777777777 0.5140625 0.7074074074074074 0.509375 0.7231481481481481 0.50625 0.7231481481481481
1 0.4942708333333333 0.2675925925925926 0.49947916666666664 0.2796296296296296 0.5 0.29074074074074074 0.4984375 0.2953703703703704 0.49166666666666664 0.29907407407407405 0.4875 0.2953703703703704 0.4864583333333333 0.2833333333333333 0.490625 0.26851851851851855 0.49375 0.2675925925925926
1 0.40729166666666666 0.45740740740740743 0.41458333333333336 0.46574074074074073 0.41822916666666665 0.4740740740740741 0.41458333333333336 0.4888888888888889 0.41354166666666664 0.5083333333333333 0.4109375 0.5185185185185185 0.4078125 0.5185185185185185 0.40729166666666666 0.49074074074074076 0.4010416666666667 0.4842592592592593 0.40208333333333335 0.4583333333333333 0.40677083333333336 0.45740740740740743
1 0.6015625 0 0.609375 0 0.6057291666666667 0.026851851851851852 0.603125 0.02962962962962963 0.6015625 0.025 0.6015625 0.000925925925925926
1 0.3 0.6314814814814815 0.30833333333333335 0.6425925925925926 0.31145833333333334 0.6574074074074074 0.3104166666666667 0.6675925925925926 0.30364583333333334 0.6675925925925926 0.29010416666666666 0.6462962962962963 0.2916666666666667 0.6305555555555555 0.2994791666666667 0.6314814814814815
1 0.4984375 0.2916666666666667 0.5005208333333333 0.2972222222222222 0.5010416666666667 0.3101851851851852 0.49895833333333334 0.3287037037037037 0.4942708333333333 0.3398148148148148 0.49166666666666664 0.33796296296296297 0.49114583333333334 0.30092592592592593 0.4979166666666667 0.2916666666666667
1 0.3223958333333333 0.6611111111111111 0.3307291666666667 0.6555555555555556 0.33489583333333334 0.6564814814814814 0.3380208333333333 0.6648148148148149 0.3390625 0.6777777777777778 0.3380208333333333 0.7101851851851851 0.32395833333333335 0.6796296296296296 0.32083333333333336 0.6685185185185185 0.3223958333333333 0.6620370370370371
1 0.525 0.9518518518518518 0.5296875 0.9851851851851852 0.5265625 0.9944444444444445 0.5223958333333333 0.9962962962962963 0.5151041666666667 0.9916666666666667 0.5151041666666667 0.975925925925926 0.5125 0.9592592592592593 0.5177083333333333 0.9481481481481482 0.5223958333333333 0.9481481481481482 0.5244791666666667 0.9518518518518518
1 0.7078125 0.2537037037037037 0.7114583333333333 0.2796296296296296 0.7052083333333333 0.287962962962963 0.6994791666666667 0.3111111111111111 0.6963541666666667 0.3101851851851852 0.696875 0.2953703703703704 0.6989583333333333 0.28888888888888886 0.6984375 0.27870370370370373 0.7052083333333333 0.25462962962962965 0.7072916666666667 0.2537037037037037
1 0.16197916666666667 0.022222222222222223 0.16927083333333334 0.03611111111111111 0.1703125 0.04537037037037037 0.17552083333333332 0.05925925925925926 0.17552083333333332 0.06388888888888888 0.17395833333333333 0.06388888888888888 0.171875 0.05740740740740741 0.16979166666666667 0.05740740740740741 0.16822916666666668 0.06018518518518518 0.16822916666666668 0.06944444444444445 0.16458333333333333 0.06944444444444445 0.1640625 0.05 0.15833333333333333 0.032407407407407406 0.159375 0.023148148148148147 0.16145833333333334 0.022222222222222223
1 0.6307291666666667 0.262037037037037 0.6333333333333333 0.2740740740740741 0.6333333333333333 0.2851851851851852 0.6229166666666667 0.31851851851851853 0.6208333333333333 0.31666666666666665 0.6229166666666667 0.30648148148148147 0.621875 0.2814814814814815 0.6265625 0.26296296296296295 0.6302083333333334 0.262037037037037
1 0.4354166666666667 0.6731481481481482 0.4390625 0.6787037037037037 0.45 0.6787037037037037 0.45260416666666664 0.6851851851851852 0.4479166666666667 0.6981481481481482 0.446875 0.7074074074074074 0.4421875 0.7083333333333334 0.43072916666666666 0.7194444444444444 0.428125 0.7175925925925926 0.42864583333333334 0.6944444444444444 0.42604166666666665 0.6851851851851852 0.42916666666666664 0.674074074074074 0.4348958333333333 0.6731481481481482
1 0.49635416666666665 0.6518518518518519 0.5067708333333333 0.6685185185185185 0.5072916666666667 0.6787037037037037 0.49947916666666664 0.6935185185185185 0.4953125 0.7074074074074074 0.49270833333333336 0.7055555555555556 0.490625 0.6777777777777778 0.4875 0.6731481481481482 0.4875 0.6620370370370371 0.49114583333333334 0.6527777777777778 0.49583333333333335 0.6518518518518519
1 0.11145833333333334 0.08425925925925926 0.10208333333333333 0.06111111111111111 0.10104166666666667 0.04259259259259259 0.103125 0.040740740740740744 0.10572916666666667 0.040740740740740744 0.11354166666666667 0.058333333333333334 0.11822916666666666 0.08055555555555556 0.11770833333333333 0.08425925925925926 0.11197916666666667 0.08425925925925926
1 0.5265625 0.7935185185185185 0.5296875 0.7962962962962963 0.5328125 0.8101851851851852 0.5291666666666667 0.8203703703703704 0.5364583333333334 0.8305555555555556 0.5364583333333334 0.8351851851851851 0.5114583333333333 0.825 0.5119791666666667 0.8212962962962963 0.5171875 0.8175925925925925 0.51875 0.7962962962962963 0.5260416666666666 0.7935185185185185
1 0.6171875 0.05092592592592592 0.6197916666666666 0.05740740740740741 0.6203125 0.06944444444444445 0.6161458333333333 0.0787037037037037 0.6104166666666667 0.06851851851851852 0.6104166666666667 0.05925925925925926 0.6130208333333333 0.05092592592592592 0.6166666666666667 0.05092592592592592
1 0.3177083333333333 0.6953703703703704 0.3223958333333333 0.6907407407407408 0.32864583333333336 0.6916666666666667 0.3307291666666667 0.7037037037037037 0.3390625 0.7101851851851851 0.3385416666666667 0.7166666666666667 0.3333333333333333 0.7203703703703703 0.3296875 0.7277777777777777 0.328125 0.7425925925925926 0.32447916666666665 0.7490740740740741 0.3223958333333333 0.7453703703703703 0.3229166666666667 0.7342592592592593 0.3177083333333333 0.7148148148148148 0.31354166666666666 0.7101851851851851 0.3177083333333333 0.6962962962962963
1 0.7893229166666667 0.11851851851851852 0.015104166666666667 0.046296296296296294