0 0.5609375 0.18055555555555555 0.5645833333333333 0.1824074074074074 0.5671875 0.18796296296296297 0.5677083333333334 0.21296296296296297 0.5609375 0.262037037037037 0.5578125 0.26944444444444443 0.5432291666666667 0.2675925925925926 0.5395833333333333 0.25833333333333336 0.5390625 0.24166666666666667 0.5421875 0.23055555555555557 0.5427083333333333 0.2074074074074074 0.546875 0.18611111111111112 0.5567708333333333 0.1787037037037037 0.5604166666666667 0.18055555555555555
0 0.7067708333333333 0.7194444444444444 0.7270833333333333 0.7305555555555555 0.753125 0.75 0.7791666666666667 0.7759259259259259 0.7838541666666666 0.7870370370370371 0.8041666666666667 0.812037037037037 0.8098958333333334 0.8314814814814815 0.8104166666666667 0.8453703703703703 0.8036458333333333 0.8759259259259259 0.8 0.8833333333333333 0.7958333333333333 0.8851851851851852 0.775 0.8805555555555555 0.76875 0.8740740740740741 0.7619791666666667 0.8611111111111112 0.728125 0.825 0.7145833333333333 0.812037037037037 0.70625 0.812962962962963 0.6989583333333333 0.8037037037037037 0.6973958333333333 0.7953703703703704 0.6854166666666667 0.7759259259259259 0.6848958333333334 0.7620370370370371 0.6953125 0.7305555555555555 0.7026041666666667 0.7203703703703703 0.70625 0.7194444444444444
0 0.34270833333333334 0.23796296296296296 0.3484375 0.24722222222222223 0.3489583333333333 0.25555555555555554 0.3463541666666667 0.2675925925925926 0.33177083333333335 0.2759259259259259 0.32447916666666665 0.28888888888888886 0.30416666666666664 0.28425925925925927 0.3 0.2722222222222222 0.303125 0.25555555555555554 0.3140625 0.23981481481481481 0.3223958333333333 0.23703703703703705 0.3421875 0.23796296296296296
0 0.28072916666666664 0.1925925925925926 0.3015625 0.2101851851851852 0.3067708333333333 0.23703703703703705 0.30625 0.24259259259259258 0.30104166666666665 0.2564814814814815 0.28958333333333336 0.262037037037037 0.275 0.2759259259259259 0.26927083333333335 0.2916666666666667 0.25885416666666666 0.2953703703703704 0.24583333333333332 0.2935185185185185 0.23385416666666667 0.2851851851851852 0.22708333333333333 0.2564814814814815 0.22447916666666667 0.22962962962962963 0.2265625 0.225 0.253125 0.20462962962962963 0.2630208333333333 0.1935185185185185 0.26927083333333335 0.19074074074074074 0.28020833333333334 0.1925925925925926
0 0.5953125 0.005555555555555556 0.6135416666666667 0.014814814814814815 0.6119791666666666 0.024074074074074074 0.6125 0.06111111111111111 0.5947916666666667 0.058333333333333334 0.5828125 0.04259259259259259 0.5802083333333333 0.03148148148148148 0.5822916666666667 0.008333333333333333 0.5848958333333333 0.005555555555555556 0.5947916666666667 0.005555555555555556
0 0.540625 0.6296296296296297 0.56875 0.6398148148148148 0.5953125 0.6546296296296297 0.6213541666666667 0.6824074074074075 0.6255208333333333 0.6990740740740741 0.6234375 0.7268518518518519 0.615625 0.7444444444444445 0.6057291666666667 0.7518518518518519 0.6015625 0.7518518518518519 0.59375 0.7416666666666667 0.5833333333333334 0.7342592592592593 0.5510416666666667 0.7175925925925926 0.5442708333333334 0.7166666666666667 0.5364583333333334 0.7203703703703703 0.5197916666666667 0.6990740740740741 0.5182291666666666 0.6851851851851852 0.5239583333333333 0.6583333333333333 0.5255208333333333 0.6416666666666667 0.5328125 0.6314814814814815 0.5401041666666667 0.6296296296296297
0 0.6260416666666667 0.7712962962962963 0.6729166666666667 0.7916666666666666 0.6776041666666667 0.7972222222222223 0.68125 0.812037037037037 0.7057291666666666 0.8240740740740741 0.7114583333333333 0.8314814814814815 0.7135416666666666 0.8379629629629629 0.715625 0.8722222222222222 0.7151041666666667 0.9018518518518519 0.7098958333333333 0.9138888888888889 0.7 0.9194444444444444 0.6927083333333334 0.9185185185185185 0.6828125 0.9046296296296297 0.675 0.9009259259259259 0.6578125 0.8972222222222223 0.63125 0.8851851851851852 0.6192708333333333 0.8861111111111111 0.5984375 0.862037037037037 0.5994791666666667 0.8407407407407408 0.5953125 0.8333333333333334 0.5953125 0.8287037037037037 0.5989583333333334 0.8064814814814815 0.6052083333333333 0.7962962962962963 0.6078125 0.7824074074074074 0.6135416666666667 0.7703703703703704 0.6197916666666666 0.7685185185185185 0.6255208333333333 0.7712962962962963
0 0.5630208333333333 0.08055555555555556 0.5677083333333334 0.0824074074074074 0.5697916666666667 0.09259259259259259 0.56875 0.10555555555555556 0.5604166666666667 0.13703703703703704 0.5536458333333333 0.15 0.5338541666666666 0.17592592592592593 0.5197916666666667 0.17407407407407408 0.5078125 0.1685185185185185 0.5072916666666667 0.1574074074074074 0.5114583333333333 0.12037037037037036 0.5453125 0.08333333333333333 0.5625 0.08055555555555556
1 0.1640625 0.7648148148148148 0.17135416666666667 0.7694444444444445 0.175 0.7759259259259259 0.18020833333333333 0.8037037037037037 0.18020833333333333 0.8101851851851852 0.17708333333333334 0.8166666666666667 0.16822916666666668 0.812037037037037 0.1609375 0.7925925925925926 0.1578125 0.7666666666666667 0.1609375 0.762962962962963 0.16354166666666667 0.7648148148148148
1 0.56875 0.39814814814814814 0.5729166666666666 0.4074074074074074 0.5734375 0.41759259259259257 0.5708333333333333 0.4361111111111111 0.5645833333333333 0.44722222222222224 0.5630208333333333 0.44537037037037036 0.5630208333333333 0.4111111111111111 0.5666666666666667 0.39814814814814814 0.5682291666666667 0.39814814814814814
1 0.19947916666666668 0.27037037037037037 0.1953125 0.262037037037037 0.19635416666666666 0.24351851851851852 0.19947916666666668 0.23981481481481481 0.20364583333333333 0.25 0.2046875 0.26296296296296295 0.203125 0.26944444444444443 0.2 0.26944444444444443
1 0.715625 0.4981481481481482 0.71875 0.5259259259259259 0.7130208333333333 0.5333333333333333 0.70625 0.5564814814814815 0.703125 0.5564814814814815 0.7020833333333333 0.5527777777777778 0.7067708333333333 0.5120370370370371 0.7125 0.4981481481481482 0.7151041666666667 0.4981481481481482
1 0.8895833333333333 0.8314814814814815 0.890625 0.8379629629629629 0.8880208333333334 0.8416666666666667 0.8890625 0.8537037037037037 0.8869791666666667 0.8675925925925926 0.8765625 0.8824074074074074 0.8739583333333333 0.8796296296296297 0.875 0.8657407407407407 0.8734375 0.8629629629629629 0.859375 0.8777777777777778 0.85625 0.8768518518518519 0.8598958333333333 0.8657407407407407 0.8614583333333333 0.8518518518518519 0.8723958333333334 0.8361111111111111 0.8848958333333333 0.8305555555555556 0.8890625 0.8314814814814815
1 0.85625 0.5861111111111111 0.8588541666666667 0.6 0.8546875 0.6203703703703703 0.8536458333333333 0.6407407407407407 0.8494791666666667 0.637962962962963 0.8489583333333334 0.6268518518518519 0.846875 0.6222222222222222 0.8442708333333333 0.6222222222222222 0.8380208333333333 0.6305555555555555 0.8338541666666667 0.6259259259259259 0.8395833333333333 0.6212962962962963 0.846875 0.6092592592592593 0.8520833333333333 0.5888888888888889 0.8557291666666667 0.5861111111111111
1 0.6125 0.262037037037037 0.6166666666666667 0.2777777777777778 0.615625 0.29444444444444445 0.6125 0.3 0.6098958333333333 0.2962962962962963 0.6083333333333333 0.27870370370370373 0.6125 0.26296296296296295
1 0 0.4398148148148148 0.008333333333333333 0.44074074074074077 0.013541666666666667 0.45185185185185184 0.0140625 0.46111111111111114 0.0203125 0.4722222222222222 0.01875 0.4787037037037037 0.013020833333333334 0.48148148148148145 0.0020833333333333333 0.4527777777777778 0 0.45185185185185184 0 0.44074074074074077
1 0.11927083333333334 0.8157407407407408 0.1296875 0.8194444444444444 0.1375 0.8462962962962963 0.14739583333333334 0.8611111111111112 0.146875 0.8648148148148148 0.14010416666666667 0.862037037037037 0.13020833333333334 0.8444444444444444 0.11666666666666667 0.8435185185185186 0.11614583333333334 0.8287037037037037 0.11354166666666667 0.8175925925925925 0.11875 0.8157407407407408
1 0.15104166666666666 0.25462962962962965 0.15416666666666667 0.25555555555555554 0.15989583333333332 0.2759259259259259 0.1578125 0.28703703703703703 0.15416666666666667 0.28703703703703703 0.15 0.2722222222222222 0.15104166666666666 0.25555555555555554
1 0.27239583333333334 0.7703703703703704 0.2765625 0.7703703703703704 0.28489583333333335 0.7796296296296297 0.2942708333333333 0.8277777777777777 0.29322916666666665 0.8351851851851851 0.2859375 0.8212962962962963 0.2796875 0.8212962962962963 0.2765625 0.8166666666666667 0.2713541666666667 0.7935185185185185 0.27239583333333334 0.7712962962962963
1 0.11666666666666667 0.4148148148148148 0.016666666666666666 0.044444444444444446
1 0.011979166666666667 0.41944444444444445 0.019270833333333334 0.42777777777777776 0.021354166666666667 0.4462962962962963 0.023958333333333335 0.45185185185185184 0.0234375 0.45740740740740743 0.018229166666666668 0.4546296296296296 0.009375 0.4398148148148148 0.008333333333333333 0.4203703703703704 0.011458333333333333 0.41944444444444445
1 0.09166666666666666 0.3277777777777778 0.09479166666666666 0.3333333333333333 0.1 0.35555555555555557 0.0953125 0.36666666666666664 0.0921875 0.36574074074074076 0.090625 0.3490740740740741 0.0875 0.3388888888888889 0.08802083333333334 0.3287037037037037 0.09114583333333333 0.3277777777777778
1 0.9947916666666666 0.737037037037037 0.9994791666666667 0.7379629629629629 0.9994791666666667 0.7759259259259259 0.996875 0.7787037037037037 0.99375 0.7907407407407407 0.990625 0.7925925925925926 0.9807291666666667 0.7722222222222223 0.9895833333333334 0.7425925925925926 0.9942708333333333 0.7379629629629629
1 0.35572916666666665 0.8444444444444444 0.35885416666666664 0.8472222222222222 0.36822916666666666 0.8694444444444445 0.3729166666666667 0.8694444444444445 0.37083333333333335 0.8805555555555555 0.36354166666666665 0.8898148148148148 0.3609375 0.9101851851851852 0.35520833333333335 0.9148148148148149 0.35625 0.9037037037037037 0.3546875 0.8740740740740741 0.3515625 0.8592592592592593 0.35260416666666666 0.8481481481481481 0.35520833333333335 0.8453703703703703
1 0.16822916666666668 0.2712962962962963 0.17291666666666666 0.2796296296296296 0.17552083333333332 0.2916666666666667 0.175 0.29907407407407405 0.171875 0.3037037037037037 0.16822916666666668 0.3037037037037037 0.16510416666666666 0.2833333333333333 0.16458333333333333 0.2722222222222222 0.16770833333333332 0.2712962962962963
1 0.3796875 0.7388888888888889 0.38697916666666665 0.7518518518518519 0.39010416666666664 0.7685185185185185 0.3854166666666667 0.7814814814814814 0.3859375 0.7907407407407407 0.38333333333333336 0.7962962962962963 0.3729166666666667 0.7574074074074074 0.37395833333333334 0.7416666666666667 0.37916666666666665 0.7388888888888889
1 0.484375 0.4861111111111111 0.49114583333333334 0.5009259259259259 0.4890625 0.5083333333333333 0.48854166666666665 0.5222222222222223 0.484375 0.5314814814814814 0.47760416666666666 0.5046296296296297 0.4786458333333333 0.49444444444444446 0.48385416666666664 0.4861111111111111
1 0.7442708333333333 0.48703703703703705 0.7447916666666666 0.5157407407407407 0.7354166666666667 0.5231481481481481 0.7338541666666667 0.5231481481481481 0.7338541666666667 0.5166666666666667 0.7359375 0.5 0.7411458333333333 0.48703703703703705 0.74375 0.48703703703703705
1 0.5958333333333333 0.225 0.5994791666666667 0.24074074074074073 0.5953125 0.25925925925925924 0.5927083333333333 0.2601851851851852 0.5911458333333334 0.25833333333333336 0.5911458333333334 0.23703703703703705 0.5953125 0.225
1 0.10052083333333334 0.32685185185185184 0.10520833333333333 0.33611111111111114 0.109375 0.35462962962962963 0.10885416666666667 0.362962962962963 0.10625 0.3648148148148148 0.10052083333333334 0.3537037037037037 0.09583333333333334 0.337037037037037 0.09739583333333333 0.3287037037037037 0.1 0.32685185185185184
1 0.18229166666666666 0.7453703703703703 0.19375 0.7592592592592593 0.19427083333333334 0.7768518518518519 0.20208333333333334 0.7898148148148149 0.2015625 0.7935185185185185 0.1890625 0.7888888888888889 0.18177083333333333 0.775 0.178125 0.7518518518518519 0.17864583333333334 0.7472222222222222 0.18177083333333333 0.7453703703703703
1 0.5567708333333333 0.38333333333333336 0.5609375 0.39166666666666666 0.5625 0.4009259259259259 0.5572916666666666 0.43703703703703706 0.5541666666666667 0.4361111111111111 0.5557291666666667 0.4101851851851852 0.5515625 0.3972222222222222 0.5541666666666667 0.3851851851851852 0.55625 0.38425925925925924
1 0.5947916666666667 0.3731481481481482 0.5921875 0.37222222222222223 0.5875 0.36018518518518516 0.5901041666666667 0.3435185185185185 0.5916666666666667 0.3398148148148148 0.5953125 0.3388888888888889 0.5973958333333333 0.34814814814814815 0.5973958333333333 0.36018518518518516 0.5947916666666667 0.37222222222222223
1 0.2828125 0.975925925925926 0.284375 0.9944444444444445 0.28020833333333334 0.9990740740740741 0.26145833333333335 0.9990740740740741 0.2609375 0.9814814814814815 0.26614583333333336 0.9740740740740741 0.27708333333333335 0.9722222222222222 0.28229166666666666 0.975925925925926
1 0.07083333333333333 0.32222222222222224 0.07552083333333333 0.3277777777777778 0.07916666666666666 0.3416666666666667 0.08645833333333333 0.35462962962962963 0.078125 0.36203703703703705 0.075 0.3592592592592593 0.07239583333333334 0.34444444444444444 0.0671875 0.3351851851851852 0.0671875 0.32685185185185184 0.0703125 0.32314814814814813
1 0.6065104166666667 0.26064814814814813 0.013020833333333334 0.06759259259259259
1 0.14739583333333334 0.287962962962963 0.15104166666666666 0.29074074074074074 0.15520833333333334 0.30833333333333335 0.16041666666666668 0.3194444444444444 0.15677083333333333 0.3212962962962963 0.15416666666666667 0.31574074074074077 0.15260416666666668 0.32685185185185184 0.15 0.3296296296296296 0.14947916666666666 0.3148148148148148 0.14583333333333334 0.3 0.146875 0.28888888888888886
1 0.33229166666666665 0.825925925925926 0.3380208333333333 0.8305555555555556 0.3416666666666667 0.8379629629629629 0.3421875 0.8574074074074074 0.33645833333333336 0.8861111111111111 0.33177083333333335 0.8916666666666667 0.3296875 0.8898148148148148 0.33229166666666665 0.8759259259259259 0.33177083333333335 0.8657407407407407 0.328125 0.8583333333333333 0.32447916666666665 0.8564814814814815 0.32395833333333335 0.8490740740740741 0.32447916666666665 0.8351851851851851 0.3265625 0.8277777777777777 0.33177083333333335 0.825925925925926
1 0.12239583333333333 0.3851851851851852 0.1265625 0.3907407407407407 0.12708333333333333 0.4083333333333333 0.13125 0.4212962962962963 0.13020833333333334 0.42592592592592593 0.11458333333333333 0.39444444444444443 0.1171875 0.3851851851851852 0.121875 0.3851851851851852
1 0.08802083333333334 0.8981481481481481 0.09166666666666666 0.9018518518518519 0.09895833333333333 0.8981481481481481 0.1046875 0.899074074074074 0.10729166666666666 0.9166666666666666 0.11927083333333334 0.9407407407407408 0.1171875 0.9462962962962963 0.10833333333333334 0.9435185185185185 0.10208333333333333 0.9518518518518518 0.09791666666666667 0.9518518518518518 0.09166666666666666 0.9324074074074075 0.0828125 0.9212962962962963 0.08229166666666667 0.9018518518518519 0.0875 0.8981481481481481
1 0.052083333333333336 0.3138888888888889 0.050520833333333334 0.32407407407407407 0.05260416666666667 0.33425925925925926 0.0484375 0.3416666666666667 0.04479166666666667 0.34074074074074073 0.04114583333333333 0.32037037037037036 0.043229166666666666 0.31666666666666665 0.0515625 0.3138888888888889
1 0.5927083333333333 0.28425925925925927 0.5963541666666666 0.2898148148148148 0.5947916666666667 0.31574074074074077 0.5927083333333333 0.3212962962962963 0.5895833333333333 0.3175925925925926 0.5885416666666666 0.30462962962962964 0.5901041666666667 0.2861111111111111 0.5921875 0.28425925925925927
1 0.5692708333333333 0.5259259259259259 0.571875 0.525 0.5765625 0.5370370370370371 0.5708333333333333 0.5851851851851851 0.5682291666666667 0.5851851851851851 0.5625 0.5398148148148149 0.5692708333333333 0.5268518518518519
1 0.5005208333333333 0.21712962962962962 0.00625 0.032407407407407406
1 0.7947916666666667 0.5814814814814815 0.796875 0.5944444444444444 0.7963541666666667 0.6083333333333333 0.7864583333333334 0.6361111111111111 0.7838541666666666 0.6351851851851852 0.78125 0.6287037037037037 0.7760416666666666 0.6296296296296297 0.7760416666666666 0.6259259259259259 0.7796875 0.6074074074074074 0.7895833333333333 0.5898148148148148 0.790625 0.5833333333333334 0.7942708333333334 0.5814814814814815
1 0.6765625 0.7324074074074074 0.6817708333333333 0.7481481481481481 0.6817708333333333 0.7555555555555555 0.6666666666666666 0.7870370370370371 0.6635416666666667 0.7870370370370371 0.6598958333333333 0.7814814814814814 0.6578125 0.7759259259259259 0.6578125 0.7666666666666667 0.6645833333333333 0.7462962962962963 0.6734375 0.7324074074074074 0.6760416666666667 0.7324074074074074
1 0.259375 0.8277777777777777 0.26458333333333334 0.8314814814814815 0.26875 0.8444444444444444 0.2703125 0.8740740740740741 0.2677083333333333 0.8796296296296297 0.26510416666666664 0.8796296296296297 0.25625 0.8601851851851852 0.2515625 0.8583333333333333 0.2484375 0.8490740740740741 0.25 0.8277777777777777 0.25885416666666666 0.8277777777777777
1 0.49583333333333335 0.5009259259259259 0.5005208333333333 0.5120370370370371 0.5010416666666667 0.5194444444444445 0.4984375 0.5314814814814814 0.4979166666666667 0.5472222222222223 0.4953125 0.5509259259259259 0.49375 0.55 0.4901041666666667 0.5296296296296297 0.49114583333333334 0.5046296296296297 0.49322916666666666 0.5 0.4953125 0.5009259259259259
1 0.3765625 0.7842592592592592 0.3828125 0.7962962962962963 0.3848958333333333 0.8175925925925925 0.3770833333333333 0.8481481481481481 0.375 0.8462962962962963 0.3765625 0.825 0.37447916666666664 0.812962962962963 0.36875 0.8074074074074075 0.365625 0.8175925925925925 0.36614583333333334 0.8055555555555556 0.37083333333333335 0.7870370370370371 0.37604166666666666 0.7842592592592592
1 0.5104166666666666 0.512962962962963 0.5166666666666667 0.5259259259259259 0.5171875 0.5361111111111111 0.5140625 0.5444444444444444 0.5119791666666667 0.562962962962963 0.5088541666666667 0.5685185185185185 0.50625 0.5675925925925925 0.5072916666666667 0.5462962962962963 0.5057291666666667 0.5277777777777778 0.5072916666666667 0.5148148148148148 0.5098958333333333 0.512962962962963
1 0.584375 0.2935185185185185 0.5833333333333334 0.28425925925925927 0.5848958333333333 0.26666666666666666 0.5880208333333333 0.262037037037037 0.590625 0.2638888888888889 0.5916666666666667 0.28425925925925927 0.5880208333333333 0.29814814814814816 0.5848958333333333 0.2935185185185185
1 0.13020833333333334 0.8444444444444444 0.14375 0.8712962962962963 0.14583333333333334 0.8870370370370371 0.14375 0.8972222222222223 0.140625 0.899074074074074 0.12291666666666666 0.8805555555555555 0.11822916666666666 0.8694444444444445 0.11927083333333334 0.8518518518518519 0.1171875 0.8453703703703703 0.1296875 0.8444444444444444
1 0.2375 0.9407407407407408 0.24427083333333333 0.9398148148148148 0.2552083333333333 0.9546296296296296 0.26197916666666665 0.9564814814814815 0.2630208333333333 0.9611111111111111 0.2625 0.9648148148148148 0.2578125 0.9629629629629629 0.25625 0.9657407407407408 0.2515625 0.9888888888888889 0.24791666666666667 0.9944444444444445 0.24583333333333332 0.9833333333333333 0.24427083333333333 0.9805555555555555 0.24114583333333334 0.9851851851851852 0.2390625 0.9842592592592593 0.23854166666666668 0.9768518518518519 0.23489583333333333 0.9703703703703703 0.2375 0.9592592592592593 0.2375 0.9416666666666667