0 0.415625 0.8888888888888888 0.4192708333333333 0.8953703703703704 0.4171875 0.9138888888888889 0.40520833333333334 0.9388888888888889 0.4036458333333333 0.9481481481481482 0.4 0.9527777777777777 0.396875 0.9657407407407408 0.3885416666666667 0.9796296296296296 0.38385416666666666 0.9925925925925926 0.3796875 0.9925925925925926 0.378125 0.9851851851851852 0.38229166666666664 0.9472222222222222 0.38958333333333334 0.9361111111111111 0.4036458333333333 0.8972222222222223 0.409375 0.8907407407407407 0.41510416666666666 0.8888888888888888
0 0.41822916666666665 0.18611111111111112 0.421875 0.17962962962962964 0.4244791666666667 0.17962962962962964 0.4296875 0.18703703703703703 0.43072916666666666 0.19814814814814816 0.43072916666666666 0.20925925925925926 0.42864583333333334 0.21574074074074073 0.41458333333333336 0.2388888888888889 0.4119791666666667 0.21203703703703702 0.41458333333333336 0.1962962962962963 0.41822916666666665 0.18703703703703703
0 0.0171875 0.325 0.026041666666666668 0.32685185185185184 0.0296875 0.3314814814814815 0.0375 0.33425925925925926 0.040625 0.3398148148148148 0.04114583333333333 0.34814814814814815 0.025520833333333333 0.36944444444444446 0.015104166666666667 0.3787037037037037 0.009375 0.37777777777777777 0 0.3675925925925926 0 0.36018518518518516 0.005208333333333333 0.35555555555555557 0.0036458333333333334 0.35185185185185186 0.005208333333333333 0.3490740740740741 0.0036458333333333334 0.3398148148148148 0.0046875 0.3314814814814815 0.008854166666666666 0.33055555555555555 0.011979166666666667 0.325 0.016666666666666666 0.325
0 0.9463541666666667 0.575925925925926 0.9994791666666667 0.612037037037037 0.9994791666666667 0.8138888888888889 0.9921875 0.8111111111111111 0.9807291666666667 0.8 0.9739583333333334 0.7888888888888889 0.9213541666666667 0.7444444444444445 0.9 0.7222222222222222 0.8953125 0.7129629629629629 0.8979166666666667 0.6759259259259259 0.8953125 0.6648148148148149 0.8979166666666667 0.6592592592592592 0.8994791666666667 0.6333333333333333 0.9359375 0.5796296296296296 0.9458333333333333 0.575925925925926
0 0.5963541666666666 0.15185185185185185 0.5994791666666667 0.15555555555555556 0.6 0.16944444444444445 0.5989583333333334 0.175 0.5953125 0.17777777777777778 0.5875 0.17314814814814813 0.5744791666666667 0.1712962962962963 0.5708333333333333 0.16666666666666666 0.5703125 0.1574074074074074 0.58125 0.14166666666666666 0.584375 0.1574074074074074 0.5880208333333333 0.15833333333333333 0.5916666666666667 0.15092592592592594 0.5958333333333333 0.15185185185185185
0 0.18385416666666668 0.14444444444444443 0.19427083333333334 0.15833333333333333 0.2 0.17592592592592593 0.19947916666666668 0.1814814814814815 0.184375 0.20462962962962963 0.175 0.20092592592592592 0.16770833333333332 0.1925925925925926 0.15729166666666666 0.18703703703703703 0.15364583333333334 0.17592592592592593 0.15416666666666667 0.1675925925925926 0.1640625 0.1537037037037037 0.171875 0.14629629629629629 0.18333333333333332 0.14444444444444443
0 0.5125 0.8759259259259259 0.5151041666666667 0.8796296296296297 0.5203125 0.899074074074074 0.521875 0.9185185185185185 0.525 0.9194444444444444 0.5291666666666667 0.9138888888888889 0.5322916666666667 0.9222222222222223 0.5328125 0.9351851851851852 0.5296875 0.9564814814814815 0.5296875 0.9731481481481481 0.5223958333333333 0.9861111111111112 0.5177083333333333 0.9814814814814815 0.5151041666666667 0.9601851851851851 0.5088541666666667 0.9481481481481482 0.5015625 0.9157407407407407 0.5010416666666667 0.8833333333333333 0.5052083333333334 0.8759259259259259 0.5119791666666667 0.8759259259259259
0 0.3015625 0.11018518518518519 0.3046875 0.12314814814814815 0.30416666666666664 0.13333333333333333 0.3020833333333333 0.13703703703703704 0.27447916666666666 0.1675925925925926 0.26927083333333335 0.1787037037037037 0.2515625 0.18333333333333332 0.24635416666666668 0.1824074074074074 0.2375 0.175 0.23385416666666667 0.16296296296296298 0.24791666666666667 0.12962962962962962 0.2598958333333333 0.11574074074074074 0.2791666666666667 0.10740740740740741 0.2921875 0.10555555555555556 0.30104166666666665 0.11018518518518519
0 0.21979166666666666 0 0.3020833333333333 0 0.30364583333333334 0.018518518518518517 0.3026041666666667 0.028703703703703703 0.29322916666666665 0.03981481481481482 0.2890625 0.05092592592592592 0.28020833333333334 0.053703703703703705 0.24635416666666668 0.08796296296296297 0.23854166666666668 0.10555555555555556 0.23020833333333332 0.10740740740740741 0.20677083333333332 0.12777777777777777 0.19739583333333333 0.12962962962962962 0.17916666666666667 0.12129629629629629 0.17447916666666666 0.11574074074074074 0.16666666666666666 0.0962962962962963 0.165625 0.08518518518518518 0.16041666666666668 0.06666666666666667 0.16041666666666668 0.05648148148148148 0.1703125 0.044444444444444446 0.21979166666666666 0.000925925925925926
0 0.6153645833333333 0.07453703703703704 0.034895833333333334 0.06388888888888888
0 0.7947916666666667 0.2074074074074074 0.8041666666666667 0.21388888888888888 0.8083333333333333 0.2222222222222222 0.8072916666666666 0.2388888888888889 0.8005208333333333 0.2564814814814815 0.778125 0.2722222222222222 0.7619791666666667 0.2675925925925926 0.7661458333333333 0.275 0.765625 0.27870370370370373 0.7635416666666667 0.2824074074074074 0.7557291666666667 0.2851851851851852 0.7401041666666667 0.2759259259259259 0.7385416666666667 0.2712962962962963 0.7427083333333333 0.2657407407407407 0.7369791666666666 0.25833333333333336 0.7369791666666666 0.2518518518518518 0.771875 0.21203703703703702 0.7796875 0.20833333333333334 0.7942708333333334 0.2074074074074074
0 0.15989583333333332 0.19074074074074074 0.16927083333333334 0.1935185185185185 0.17864583333333334 0.20277777777777778 0.17760416666666667 0.21666666666666667 0.17916666666666667 0.23148148148148148 0.15885416666666666 0.2675925925925926 0.14739583333333334 0.2638888888888889 0.14010416666666667 0.25555555555555554 0.1328125 0.23333333333333334 0.13177083333333334 0.22314814814814815 0.13333333333333333 0.21574074074074073 0.14322916666666666 0.20185185185185187 0.159375 0.19074074074074074
0 0.9744791666666667 0.525 0.9994791666666667 0.5518518518518518 0.9994791666666667 0.6083333333333333 0.9661458333333334 0.5898148148148148 0.9552083333333333 0.5777777777777777 0.9510416666666667 0.5546296296296296 0.9526041666666667 0.5361111111111111 0.965625 0.5222222222222223 0.9739583333333334 0.525
0 0.6453125 0.43148148148148147 0.6776041666666667 0.46944444444444444 0.7072916666666667 0.5268518518518519 0.7083333333333334 0.5509259259259259 0.703125 0.5638888888888889 0.6921875 0.575 0.6848958333333334 0.5768518518518518 0.6755208333333333 0.5740740740740741 0.6651041666666667 0.5638888888888889 0.6479166666666667 0.5296296296296297 0.634375 0.512962962962963 0.6203125 0.5046296296296297 0.615625 0.49444444444444446 0.6135416666666667 0.4722222222222222 0.6192708333333333 0.44814814814814813 0.6333333333333333 0.43148148148148147 0.6447916666666667 0.43148148148148147
0 0.728125 0.13240740740740742 0.7348958333333333 0.1388888888888889 0.7375 0.14814814814814814 0.740625 0.17962962962962964 0.7395833333333334 0.2064814814814815 0.7385416666666667 0.2101851851851852 0.7307291666666667 0.21666666666666667 0.7098958333333333 0.2111111111111111 0.7067708333333333 0.18425925925925926 0.70625 0.1675925925925926 0.709375 0.14074074074074075 0.7161458333333334 0.13240740740740742 0.7276041666666667 0.13240740740740742
0 0.7140625 0.058333333333333334 0.7223958333333333 0.06666666666666667 0.7276041666666667 0.0824074074074074 0.7307291666666667 0.10462962962962963 0.7348958333333333 0.1175925925925926 0.7359375 0.13240740740740742 0.734375 0.13703703703703704 0.7286458333333333 0.13055555555555556 0.7182291666666667 0.13055555555555556 0.70625 0.1425925925925926 0.7020833333333333 0.1398148148148148 0.6927083333333334 0.1111111111111111 0.6927083333333334 0.0824074074074074 0.6942708333333333 0.07314814814814814 0.6994791666666667 0.06296296296296296 0.7052083333333333 0.058333333333333334 0.7135416666666666 0.058333333333333334
0 0.7276041666666667 0.9435185185185185 0.7364583333333333 0.9546296296296296 0.7354166666666667 0.9879629629629629 0.7333333333333333 0.9990740740740741 0.7114583333333333 0.9990740740740741 0.7114583333333333 0.9731481481481481 0.7130208333333333 0.9638888888888889 0.7203125 0.9435185185185185 0.7270833333333333 0.9435185185185185
1 0.051041666666666666 0.19722222222222222 0.05260416666666667 0.19907407407407407 0.052083333333333336 0.21296296296296297 0.0578125 0.22870370370370371 0.05572916666666667 0.23425925925925925 0.052083333333333336 0.23425925925925925 0.0484375 0.22037037037037038 0.0390625 0.2074074074074074 0.043229166666666666 0.18981481481481483 0.04739583333333333 0.19074074074074074 0.050520833333333334 0.19722222222222222
1 0.044270833333333336 0.1648148148148148 0.050520833333333334 0.1712962962962963 0.0546875 0.19074074074074074 0.058333333333333334 0.19722222222222222 0.058333333333333334 0.20092592592592592 0.05572916666666667 0.2037037037037037 0.052083333333333336 0.20277777777777778 0.04739583333333333 0.1925925925925926 0.043229166666666666 0.19166666666666668 0.03802083333333333 0.18055555555555555 0.0375 0.17407407407407408 0.03958333333333333 0.16574074074074074 0.04375 0.1648148148148148
1 0.3072916666666667 0.9203703703703704 0.31614583333333335 0.9287037037037037 0.32135416666666666 0.9462962962962963 0.3223958333333333 0.9592592592592593 0.3177083333333333 0.9648148148148148 0.3140625 0.9648148148148148 0.31145833333333334 0.9546296296296296 0.3 0.9416666666666667 0.2984375 0.937037037037037 0.2989583333333333 0.9296296296296296 0.3067708333333333 0.9212962962962963
1 0.6265625 0.09444444444444444 0.6307291666666667 0.1037037037037037 0.63125 0.11296296296296296 0.6255208333333333 0.13796296296296295 0.6223958333333334 0.1388888888888889 0.621875 0.1111111111111111 0.6223958333333334 0.10185185185185185 0.6260416666666667 0.09537037037037037
1 0.1546875 0.08703703703703704 0.1578125 0.08518518518518518 0.16197916666666667 0.09166666666666666 0.16770833333333332 0.1175925925925926 0.1671875 0.12407407407407407 0.1640625 0.1259259259259259 0.16197916666666667 0.12314814814814815 0.15364583333333334 0.09814814814814815 0.1546875 0.08796296296296297
1 0 0.24722222222222223 0.008854166666666666 0.2537037037037037 0.0140625 0.2675925925925926 0.023958333333333335 0.2796296296296296 0.021354166666666667 0.28425925925925927 0.016666666666666666 0.27685185185185185 0.0125 0.2759259259259259 0.0109375 0.27870370370370373 0.011458333333333333 0.29259259259259257 0.008333333333333333 0.2935185185185185 0.00625 0.275 0 0.2657407407407407 0 0.24814814814814815
1 0.03177083333333333 0.21851851851851853 0.03697916666666667 0.22314814814814815 0.04010416666666667 0.23981481481481481 0.046875 0.25092592592592594 0.046875 0.25462962962962965 0.040625 0.25925925925925924 0.033854166666666664 0.24814814814814815 0.0328125 0.24074074074074073 0.029166666666666667 0.23425925925925925 0.022395833333333334 0.23148148148148148 0.025520833333333333 0.21296296296296297 0.03125 0.21851851851851853
1 0.3338541666666667 0.7037037037037037 0.34375 0.7083333333333334 0.3458333333333333 0.712037037037037 0.34427083333333336 0.7277777777777777 0.3453125 0.7490740740740741 0.3421875 0.7518518518518519 0.3380208333333333 0.7416666666666667 0.33177083333333335 0.7398148148148148 0.328125 0.7277777777777777 0.32760416666666664 0.7092592592592593 0.3302083333333333 0.7037037037037037 0.3333333333333333 0.7037037037037037
1 0.8208333333333333 0.3648148148148148 0.828125 0.37222222222222223 0.8286458333333333 0.3925925925925926 0.8171875 0.41203703703703703 0.8083333333333333 0.4074074074074074 0.8166666666666667 0.3925925925925926 0.8177083333333334 0.36574074074074076 0.8203125 0.36574074074074076
1 0.5953125 0.05 0.5994791666666667 0.06111111111111111 0.5963541666666666 0.08981481481481482 0.5916666666666667 0.09259259259259259 0.5895833333333333 0.08796296296296297 0.5901041666666667 0.06388888888888888 0.5947916666666667 0.05092592592592592
1 0.11770833333333333 0.9111111111111111 0.11927083333333334 0.9157407407407407 0.1296875 0.9148148148148149 0.14010416666666667 0.925 0.13958333333333334 0.9342592592592592 0.14114583333333333 0.9398148148148148 0.1484375 0.9527777777777777 0.14739583333333334 0.9638888888888889 0.1453125 0.9657407407407408 0.14114583333333333 0.9648148148148148 0.13385416666666666 0.9555555555555556 0.1265625 0.9583333333333334 0.12291666666666666 0.9564814814814815 0.10989583333333333 0.9407407407407408 0.11041666666666666 0.9111111111111111 0.1125 0.9083333333333333 0.11614583333333334 0.9083333333333333 0.1171875 0.9111111111111111
1 0.08958333333333333 0.08981481481481482 0.0921875 0.09074074074074075 0.09739583333333333 0.10092592592592593 0.10572916666666667 0.1259259259259259 0.10364583333333334 0.12962962962962962 0.09947916666666666 0.12962962962962962 0.09479166666666666 0.11666666666666667 0.08645833333333333 0.1037037037037037 0.0859375 0.0962962962962963 0.0890625 0.08981481481481482
1 0.8447916666666667 0.4666666666666667 0.8479166666666667 0.47685185185185186 0.846875 0.487962962962963 0.8354166666666667 0.5055555555555555 0.8317708333333333 0.5157407407407407 0.828125 0.5157407407407407 0.8286458333333333 0.5083333333333333 0.8229166666666666 0.5037037037037037 0.8317708333333333 0.47962962962962963 0.8416666666666667 0.4666666666666667 0.8442708333333333 0.4666666666666667
1 0.8244791666666667 0.31851851851851853 0.8328125 0.3333333333333333 0.8317708333333333 0.34814814814814815 0.8291666666666667 0.35185185185185186 0.8192708333333333 0.3453703703703704 0.8177083333333334 0.34074074074074073 0.8203125 0.33055555555555555 0.8192708333333333 0.3212962962962963 0.8208333333333333 0.3175925925925926 0.8239583333333333 0.31851851851851853
1 0.34375 0.899074074074074 0.35 0.9064814814814814 0.34791666666666665 0.9212962962962963 0.35208333333333336 0.9333333333333333 0.35833333333333334 0.9388888888888889 0.35625 0.9453703703703704 0.34427083333333336 0.9425925925925925 0.33541666666666664 0.9287037037037037 0.3307291666666667 0.9287037037037037 0.32864583333333336 0.925 0.32864583333333336 0.9185185185185185 0.3333333333333333 0.9120370370370371 0.33489583333333334 0.9018518518518519 0.3380208333333333 0.8981481481481481 0.34322916666666664 0.899074074074074
1 0.6098958333333333 0.737037037037037 0.017708333333333333 0.04814814814814815
1 0.11458333333333333 0.11944444444444445 0.11822916666666666 0.11018518518518519 0.12291666666666666 0.1111111111111111 0.12760416666666666 0.1287037037037037 0.13489583333333333 0.14166666666666666 0.13385416666666666 0.14722222222222223 0.12916666666666668 0.1425925925925926 0.12916666666666668 0.15 0.12708333333333333 0.15462962962962962 0.11979166666666667 0.15185185185185185 0.11927083333333334 0.13703703703703704 0.11510416666666666 0.12037037037037036
1 0.3645833333333333 0.5833333333333334 0.36875 0.5916666666666667 0.3703125 0.6046296296296296 0.375 0.6092592592592593 0.37552083333333336 0.6138888888888889 0.36770833333333336 0.6231481481481481 0.36614583333333334 0.6342592592592593 0.36302083333333335 0.6370370370370371 0.36041666666666666 0.6333333333333333 0.35625 0.5898148148148148 0.359375 0.5833333333333334 0.3640625 0.5833333333333334
1 0.04479166666666667 0.13148148148148148 0.052083333333333336 0.1425925925925926 0.059375 0.17037037037037037 0.0578125 0.175 0.043229166666666666 0.15185185185185185 0.03802083333333333 0.1361111111111111 0.0390625 0.13055555555555556 0.044270833333333336 0.13148148148148148
1 0.071875 0.4287037037037037 0.0828125 0.4351851851851852 0.08958333333333333 0.4583333333333333 0.10208333333333333 0.48703703703703705 0.10104166666666667 0.4888888888888889 0.08802083333333334 0.48518518518518516 0.08385416666666666 0.47314814814814815 0.07760416666666667 0.4648148148148148 0.07447916666666667 0.4583333333333333 0.071875 0.44074074074074077 0.06927083333333334 0.4351851851851852 0.06927083333333334 0.4305555555555556 0.07135416666666666 0.4287037037037037
1 0.6109375 0 0.6192708333333333 0 0.6161458333333333 0.012962962962962963 0.615625 0.025925925925925925 0.6125 0.028703703703703703 0.6114583333333333 0.014814814814814815 0.6088541666666667 0.009259259259259259 0.6057291666666667 0.02962962962962963 0.6020833333333333 0.02962962962962963 0.603125 0.008333333333333333 0.6109375 0.000925925925925926
1 0.296875 0.6564814814814814 0.3104166666666667 0.674074074074074 0.31197916666666664 0.687962962962963 0.3109375 0.700925925925926 0.3145833333333333 0.7166666666666667 0.3104166666666667 0.7185185185185186 0.30572916666666666 0.7055555555555556 0.29322916666666665 0.687962962962963 0.29322916666666665 0.6731481481481482 0.29635416666666664 0.6574074074074074
1 0.6921875 0.29814814814814816 0.6973958333333333 0.3212962962962963 0.690625 0.3314814814814815 0.6885416666666667 0.3490740740740741 0.6833333333333333 0.3509259259259259 0.68125 0.3453703703703704 0.6848958333333334 0.33425925925925926 0.684375 0.3212962962962963 0.6869791666666667 0.3037037037037037 0.6916666666666667 0.29907407407407405
1 0.2833333333333333 0.9268518518518518 0.29635416666666664 0.9351851851851852 0.3026041666666667 0.9472222222222222 0.3015625 0.9601851851851851 0.30416666666666664 0.9675925925925926 0.30052083333333335 0.975925925925926 0.29739583333333336 0.9777777777777777 0.29322916666666665 0.9685185185185186 0.2859375 0.9685185185185186 0.28177083333333336 0.9416666666666667 0.27760416666666665 0.9351851851851852 0.2791666666666667 0.9277777777777778 0.2828125 0.9268518518518518
1 0.6020833333333333 0.03518518518518519 0.60625 0.046296296296296294 0.6026041666666667 0.06759259259259259 0.5989583333333334 0.06851851851851852 0.596875 0.053703703703703705 0.5973958333333333 0.04537037037037037 0.6015625 0.03611111111111111
1 0.09166666666666666 0.1361111111111111 0.10104166666666667 0.14907407407407408 0.09947916666666666 0.1574074074074074 0.10364583333333334 0.1648148148148148 0.09947916666666666 0.1685185185185185 0.0984375 0.17592592592592593 0.0953125 0.175 0.09375 0.16203703703703703 0.08645833333333333 0.14722222222222223 0.0875 0.1361111111111111 0.09114583333333333 0.1361111111111111
1 0.8140625 0.15555555555555556 0.8171875 0.15555555555555556 0.8177083333333334 0.17685185185185184 0.8088541666666667 0.1925925925925926 0.8072916666666666 0.20277777777777778 0.803125 0.20092592592592592 0.803125 0.19166666666666668 0.8072916666666666 0.17037037037037037 0.8140625 0.15648148148148147
1 0.6489583333333333 0.8435185185185186 0.6505208333333333 0.85 0.6552083333333333 0.8555555555555555 0.6557291666666667 0.8638888888888889 0.6541666666666667 0.8694444444444445 0.6473958333333333 0.8722222222222222 0.6442708333333333 0.8842592592592593 0.6416666666666667 0.8861111111111111 0.6369791666666667 0.8833333333333333 0.6333333333333333 0.8731481481481481 0.6333333333333333 0.8592592592592593 0.6442708333333333 0.8425925925925926 0.6484375 0.8435185185185186
1 0.5395833333333333 0.2462962962962963 0.5442708333333334 0.2601851851851852 0.5442708333333334 0.2722222222222222 0.540625 0.27870370370370373 0.5395833333333333 0.2935185185185185 0.5369791666666667 0.29814814814814816 0.5307291666666667 0.2657407407407407 0.5359375 0.24722222222222223 0.5390625 0.2462962962962963
1 0.1296875 0.05185185185185185 0.13333333333333333 0.05555555555555555 0.14010416666666667 0.08518518518518518 0.13854166666666667 0.08796296296296297 0.13177083333333334 0.08518518518518518 0.128125 0.06851851851851852 0.12395833333333334 0.06018518518518518 0.125 0.053703703703703705 0.12916666666666668 0.05277777777777778
1 0.5953125 0.08981481481481482 0.5989583333333334 0.09907407407407408 0.5989583333333334 0.10740740740740741 0.5942708333333333 0.1259259259259259 0.5916666666666667 0.1287037037037037 0.5890625 0.1 0.5901041666666667 0.09351851851851851 0.5947916666666667 0.08981481481481482
1 0.6338541666666667 0.7407407407407407 0.6354166666666666 0.7472222222222222 0.6328125 0.7546296296296297 0.6333333333333333 0.7685185185185185 0.6317708333333333 0.775 0.6265625 0.787962962962963 0.6229166666666667 0.7888888888888889 0.6223958333333334 0.7824074074074074 0.6192708333333333 0.7805555555555556 0.6135416666666667 0.7944444444444444 0.6114583333333333 0.7935185185185185 0.6114583333333333 0.7888888888888889 0.6177083333333333 0.7703703703703704 0.6203125 0.75 0.6333333333333333 0.7407407407407407
1 0.8416666666666667 0.14722222222222223 0.8453125 0.14722222222222223 0.8453125 0.15833333333333333 0.8416666666666667 0.1675925925925926 0.8416666666666667 0.17407407407407408 0.834375 0.17037037037037037 0.8416666666666667 0.14814814814814814
1 0.7479166666666667 0.3888888888888889 0.7510416666666667 0.39351851851851855 0.7510416666666667 0.41759259259259257 0.7494791666666667 0.4212962962962963 0.7390625 0.43703703703703706 0.7333333333333333 0.4398148148148148 0.734375 0.42685185185185187 0.7432291666666667 0.3962962962962963 0.7473958333333334 0.38981481481481484
1 0.1484375 0.9157407407407407 0.16041666666666668 0.9259259259259259 0.175 0.9212962962962963 0.17447916666666666 0.9277777777777778 0.16927083333333334 0.9361111111111111 0.16927083333333334 0.9425925925925925 0.16197916666666667 0.9703703703703703 0.159375 0.9740740740740741 0.15572916666666667 0.9731481481481481 0.15208333333333332 0.9574074074074074 0.140625 0.9361111111111111 0.14114583333333333 0.9185185185185185 0.14375 0.9148148148148149 0.14791666666666667 0.9157407407407407
1 0.6682291666666667 0.2574074074074074 0.6723958333333333 0.275 0.6682291666666667 0.2833333333333333 0.6635416666666667 0.30462962962962964 0.6578125 0.3055555555555556 0.6572916666666667 0.30092592592592593 0.6609375 0.28055555555555556 0.6609375 0.2675925925925926 0.6677083333333333 0.25833333333333336
1 0.8588541666666667 0.20925925925925926 0.8609375 0.21296296296296297 0.8598958333333333 0.22870370370370371 0.8489583333333334 0.25555555555555554 0.846875 0.25462962962962965 0.8489583333333334 0.2324074074074074 0.8583333333333333 0.2101851851851852
1 0.0671875 0.19444444444444445 0.07916666666666666 0.2222222222222222 0.08489583333333334 0.22962962962962963 0.08489583333333334 0.23333333333333334 0.08177083333333333 0.23425925925925925 0.07708333333333334 0.23055555555555557 0.07135416666666666 0.24074074074074073 0.07083333333333333 0.22407407407407406 0.06354166666666666 0.21296296296296297 0.06145833333333333 0.20462962962962963 0.0625 0.19722222222222222 0.06666666666666667 0.19444444444444445
1 0.25 0.9518518518518518 0.2557291666666667 0.9564814814814815 0.25833333333333336 0.9629629629629629 0.26145833333333335 0.9601851851851851 0.2630208333333333 0.9527777777777777 0.2682291666666667 0.9527777777777777 0.2755208333333333 0.9685185185185186 0.2791666666666667 0.9694444444444444 0.2796875 0.9740740740740741 0.27395833333333336 0.9805555555555555 0.2791666666666667 0.9851851851851852 0.2796875 0.9907407407407407 0.2755208333333333 0.9944444444444445 0.26614583333333336 0.9833333333333333 0.25833333333333336 0.9824074074074074 0.2546875 0.9888888888888889 0.24427083333333333 0.9888888888888889 0.2375 0.975 0.23020833333333332 0.9703703703703703 0.2296875 0.9666666666666667 0.23697916666666666 0.95 0.24427083333333333 0.9481481481481482 0.24947916666666667 0.9518518518518518