0 0.821875 0.3287037037037037 0.8286458333333333 0.33425925925925926 0.83125 0.3416666666666667 0.8333333333333334 0.3537037037037037 0.8322916666666667 0.36018518518518516 0.8109375 0.3509259259259259 0.8052083333333333 0.35185185185185186 0.8203125 0.3685185185185185 0.8328125 0.37592592592592594 0.8380208333333333 0.3851851851851852 0.840625 0.42962962962962964 0.8359375 0.4388888888888889 0.8296875 0.44351851851851853 0.8104166666666667 0.44074074074074077 0.8 0.42962962962962964 0.7979166666666667 0.38796296296296295 0.7947916666666667 0.37037037037037035 0.7963541666666667 0.3527777777777778 0.8041666666666667 0.3490740740740741 0.8 0.34444444444444444 0.8 0.33425925925925926 0.8072916666666666 0.32685185185185184 0.8213541666666667 0.3287037037037037
0 0.22395833333333334 0.35 0.23125 0.3527777777777778 0.2375 0.36018518518518516 0.24010416666666667 0.36944444444444446 0.23802083333333332 0.38333333333333336 0.234375 0.3888888888888889 0.2265625 0.39166666666666666 0.20885416666666667 0.41574074074074074 0.20052083333333334 0.4324074074074074 0.1875 0.4351851851851852 0.18177083333333333 0.4351851851851852 0.175 0.4305555555555556 0.17083333333333334 0.42314814814814816 0.1671875 0.40555555555555556 0.1734375 0.3962962962962963 0.17864583333333334 0.37962962962962965 0.1921875 0.36203703703703705 0.21770833333333334 0.35 0.2234375 0.35
0 0.29322916666666665 0.19814814814814816 0.29791666666666666 0.2037037037037037 0.3 0.21388888888888888 0.29739583333333336 0.23055555555555557 0.27760416666666665 0.24537037037037038 0.265625 0.26666666666666666 0.2552083333333333 0.2675925925925926 0.24739583333333334 0.2657407407407407 0.2375 0.25833333333333336 0.23541666666666666 0.2490740740740741 0.2359375 0.22407407407407406 0.2375 0.22037037037037038 0.259375 0.20185185185185187 0.27239583333333334 0.20277777777777778 0.2791666666666667 0.19722222222222222 0.29270833333333335 0.19814814814814816
0 0.6010416666666667 0.13703703703703704 0.6041666666666666 0.14074074074074075 0.6057291666666667 0.1537037037037037 0.6010416666666667 0.19074074074074074 0.596875 0.1962962962962963 0.578125 0.1935185185185185 0.5755208333333334 0.18796296296296297 0.578125 0.17037037037037037 0.5776041666666667 0.16111111111111112 0.5802083333333333 0.1574074074074074 0.584375 0.1398148148148148 0.5895833333333333 0.13518518518518519 0.6005208333333333 0.13703703703703704
1 0.46875 0.487962962962963 0.47239583333333335 0.487962962962963 0.4734375 0.4962962962962963 0.47760416666666666 0.5046296296296297 0.47760416666666666 0.512962962962963 0.4739583333333333 0.5222222222222223 0.47604166666666664 0.5425925925925926 0.4703125 0.5453703703703704 0.46822916666666664 0.5388888888888889 0.46822916666666664 0.5222222222222223 0.4630208333333333 0.5074074074074074 0.4635416666666667 0.5 0.46875 0.4888888888888889
1 0.13020833333333334 0.2916666666666667 0.13697916666666668 0.29907407407407405 0.13854166666666667 0.31203703703703706 0.14427083333333332 0.3175925925925926 0.14375 0.32037037037037036 0.1390625 0.32222222222222224 0.13958333333333334 0.3314814814814815 0.13697916666666668 0.3351851851851852 0.13541666666666666 0.3333333333333333 0.13333333333333333 0.32222222222222224 0.12708333333333333 0.30648148148148147 0.1265625 0.29814814814814816 0.1296875 0.29259259259259257
1 0.39739583333333334 0.18518518518518517 0.4005208333333333 0.18611111111111112 0.4041666666666667 0.20185185185185187 0.403125 0.22314814814814815 0.40208333333333335 0.22685185185185186 0.4 0.22685185185185186 0.39479166666666665 0.19722222222222222 0.39739583333333334 0.18611111111111112
1 0.66640625 0.14675925925925926 0.008854166666666666 0.041666666666666664
1 0.19270833333333334 0.17407407407407408 0.20104166666666667 0.19907407407407407 0.19635416666666666 0.20555555555555555 0.19375 0.2037037037037037 0.1875 0.1824074074074074 0.1875 0.17777777777777778 0.1921875 0.17407407407407408
1 0.48072916666666665 0.4287037037037037 0.4921875 0.45 0.49166666666666664 0.45555555555555555 0.4859375 0.46111111111111114 0.48125 0.4842592592592593 0.4786458333333333 0.4842592592592593 0.48020833333333335 0.46296296296296297 0.4765625 0.44537037037037036 0.47708333333333336 0.4361111111111111 0.48020833333333335 0.42962962962962964
1 0.20625 0.17407407407407408 0.20989583333333334 0.17314814814814813 0.21614583333333334 0.1824074074074074 0.215625 0.1925925925925926 0.21979166666666666 0.20185185185185187 0.21458333333333332 0.2074074074074074 0.21197916666666666 0.20555555555555555 0.20625 0.18425925925925926 0.20625 0.175
1 0.33541666666666664 0.9546296296296296 0.3416666666666667 0.9638888888888889 0.3411458333333333 0.9824074074074074 0.3515625 0.9861111111111112 0.35 0.9907407407407407 0.3390625 0.9990740740740741 0.33177083333333335 0.9962962962962963 0.3302083333333333 0.9898148148148148 0.31979166666666664 0.9731481481481481 0.32135416666666666 0.9629629629629629 0.33489583333333334 0.9546296296296296
1 0.23125 0.16666666666666666 0.23489583333333333 0.17407407407407408 0.2359375 0.19907407407407407 0.234375 0.2 0.22864583333333333 0.18796296296296297 0.22604166666666667 0.175 0.2265625 0.1675925925925926 0.23072916666666668 0.16666666666666666
1 0.15416666666666667 0.26296296296296295 0.15833333333333333 0.27037037037037037 0.16510416666666666 0.29444444444444445 0.15729166666666666 0.3 0.15729166666666666 0.29444444444444445 0.15104166666666666 0.2759259259259259 0.1515625 0.2657407407407407 0.15364583333333334 0.2638888888888889
1 0.008854166666666666 0.4222222222222222 0.018229166666666668 0.43796296296296294 0.028645833333333332 0.44907407407407407 0.028645833333333332 0.4527777777777778 0.024479166666666666 0.4537037037037037 0.01875 0.44814814814814813 0.015104166666666667 0.462037037037037 0.011979166666666667 0.46111111111111114 0.009895833333333333 0.44814814814814813 0.0026041666666666665 0.43148148148148147 0 0.42962962962962964 0 0.42314814814814816 0.008333333333333333 0.4222222222222222
1 0.13333333333333333 0.22592592592592592 0.140625 0.23796296296296296 0.14427083333333332 0.262037037037037 0.140625 0.2638888888888889 0.13489583333333333 0.2490740740740741 0.12916666666666668 0.24444444444444444 0.12708333333333333 0.23333333333333334 0.1328125 0.22685185185185186
1 0.8947916666666667 0.4537037037037037 0.8984375 0.4583333333333333 0.8989583333333333 0.4666666666666667 0.884375 0.5046296296296297 0.8802083333333334 0.5 0.8807291666666667 0.48518518518518516 0.8895833333333333 0.4583333333333333 0.8942708333333333 0.4537037037037037
1 0.49166666666666664 0.4935185185185185 0.496875 0.512962962962963 0.49114583333333334 0.5527777777777778 0.4875 0.5509259259259259 0.48802083333333335 0.5351851851851852 0.48385416666666664 0.5175925925925926 0.48385416666666664 0.5101851851851852 0.4875 0.49537037037037035 0.49114583333333334 0.4935185185185185
1 0.30520833333333336 0.12129629629629629 0.3078125 0.12962962962962962 0.3072916666666667 0.14074074074074075 0.3098958333333333 0.14722222222222223 0.3067708333333333 0.15462962962962962 0.30364583333333334 0.15462962962962962 0.30364583333333334 0.1425925925925926 0.30052083333333335 0.13240740740740742 0.30104166666666665 0.12222222222222222 0.3046875 0.12129629629629629
1 0.24114583333333334 0.17685185185185184 0.24479166666666666 0.18981481481481483 0.24583333333333332 0.2064814814814815 0.24427083333333333 0.20925925925925926 0.2375 0.19907407407407407 0.23541666666666666 0.18981481481481483 0.23645833333333333 0.17592592592592593 0.240625 0.17685185185185184
1 0.2526041666666667 0.17592592592592593 0.25833333333333336 0.18888888888888888 0.25833333333333336 0.19907407407407407 0.2526041666666667 0.20462962962962963 0.25052083333333336 0.2037037037037037 0.2484375 0.18796296296296297 0.2484375 0.17962962962962964 0.2520833333333333 0.17592592592592593
1 0.4078125 0.17592592592592593 0.4114583333333333 0.17685185185185184 0.415625 0.18703703703703703 0.4140625 0.21666666666666667 0.4114583333333333 0.21944444444444444 0.40625 0.1935185185185185 0.4078125 0.17685185185185184
1 0.3026041666666667 0.75 0.309375 0.7564814814814815 0.3151041666666667 0.7703703703703704 0.32135416666666666 0.7731481481481481 0.32083333333333336 0.7805555555555556 0.3098958333333333 0.7898148148148149 0.3067708333333333 0.8009259259259259 0.30364583333333334 0.8009259259259259 0.3015625 0.7907407407407407 0.2984375 0.7861111111111111 0.2989583333333333 0.7768518518518519 0.29375 0.7555555555555555 0.2942708333333333 0.75 0.3020833333333333 0.75
1 0.35520833333333335 0.07962962962962963 0.36041666666666666 0.08148148148148149 0.3609375 0.09537037037037037 0.36354166666666665 0.10555555555555556 0.3625 0.11018518518518519 0.3572916666666667 0.10833333333333334 0.3541666666666667 0.08888888888888889 0.35520833333333335 0.08055555555555556
1 0.2671875 0.812037037037037 0.27239583333333334 0.8277777777777777 0.2796875 0.8305555555555556 0.2796875 0.8351851851851851 0.26614583333333336 0.8398148148148148 0.26510416666666664 0.8601851851851852 0.2625 0.8657407407407407 0.2609375 0.8638888888888889 0.2604166666666667 0.8527777777777777 0.2578125 0.8481481481481481 0.2578125 0.8277777777777777 0.25052083333333336 0.8138888888888889 0.25364583333333335 0.8083333333333333 0.26666666666666666 0.812037037037037
1 0.6848958333333334 0.28888888888888886 0.6848958333333334 0.2564814814814815 0.6890625 0.24537037037037038 0.6942708333333333 0.24814814814814815 0.6953125 0.2574074074074074 0.6890625 0.275 0.6890625 0.287962962962963 0.6854166666666667 0.28888888888888886
1 0.15104166666666666 0.2222222222222222 0.15520833333333334 0.23055555555555557 0.15625 0.24351851851851852 0.16041666666666668 0.25462962962962965 0.15729166666666666 0.25462962962962965 0.15416666666666667 0.2611111111111111 0.15104166666666666 0.2601851851851852 0.15 0.24537037037037038 0.14583333333333334 0.23055555555555557 0.146875 0.22314814814814815 0.15052083333333333 0.2222222222222222
1 0.19427083333333334 0.25833333333333336 0.19791666666666666 0.26666666666666666 0.19375 0.26851851851851855 0.1921875 0.2759259259259259 0.18854166666666666 0.275 0.18802083333333333 0.2675925925925926 0.1828125 0.2518518518518518 0.1828125 0.24074074074074073 0.18489583333333334 0.23796296296296296 0.19375 0.25833333333333336
1 0.58125 0.3888888888888889 0.5869791666666667 0.40555555555555556 0.5869791666666667 0.41388888888888886 0.5854166666666667 0.42592592592592593 0.5802083333333333 0.4361111111111111 0.5776041666666667 0.43796296296296294 0.5765625 0.4351851851851852 0.575 0.4074074074074074 0.5786458333333333 0.3907407407407407 0.5807291666666666 0.38981481481481484
1 0.284375 0.12962962962962962 0.28958333333333336 0.12777777777777777 0.29270833333333335 0.15648148148148147 0.2921875 0.16111111111111112 0.2875 0.16203703703703703 0.2875 0.15462962962962962 0.2833333333333333 0.1398148148148148 0.284375 0.13055555555555556
1 0.17552083333333332 0.24814814814814815 0.18020833333333333 0.25925925925925924 0.18333333333333332 0.27685185185185185 0.18541666666666667 0.27870370370370373 0.18072916666666666 0.27870370370370373 0.17604166666666668 0.28703703703703703 0.17083333333333334 0.2601851851851852 0.17083333333333334 0.2490740740740741 0.175 0.24814814814814815
1 0.08541666666666667 0.3416666666666667 0.0953125 0.3509259259259259 0.10104166666666667 0.3638888888888889 0.10729166666666666 0.3712962962962963 0.10572916666666667 0.3768518518518518 0.09895833333333333 0.36944444444444446 0.096875 0.37222222222222223 0.0984375 0.3888888888888889 0.0953125 0.387037037037037 0.09010416666666667 0.3675925925925926 0.084375 0.36018518518518516 0.08229166666666667 0.35185185185185186 0.08489583333333334 0.3416666666666667
1 0.8385416666666666 0.1638888888888889 0.840625 0.1675925925925926 0.840625 0.1824074074074074 0.8348958333333333 0.20833333333333334 0.8307291666666666 0.2037037037037037 0.8307291666666666 0.18796296296296297 0.8380208333333333 0.1648148148148148
1 0.5453125 0.3888888888888889 0.5489583333333333 0.3990740740740741 0.5494791666666666 0.4074074074074074 0.5463541666666667 0.4324074074074074 0.5432291666666667 0.4361111111111111 0.5380208333333333 0.4074074074074074 0.5416666666666666 0.38981481481481484 0.5447916666666667 0.3888888888888889
1 0.5395833333333333 0.5 0.5427083333333333 0.5148148148148148 0.5375 0.5268518518518519 0.5359375 0.5416666666666666 0.5328125 0.5462962962962963 0.5328125 0.5296296296296297 0.5270833333333333 0.5064814814814815 0.5328125 0.4898148148148148 0.5390625 0.5
1 0.40677083333333336 0.3648148148148148 0.4109375 0.38796296296296295 0.4114583333333333 0.4046296296296296 0.41354166666666664 0.4101851851851852 0.4125 0.412962962962963 0.409375 0.4111111111111111 0.40989583333333335 0.4074074074074074 0.4078125 0.40370370370370373 0.4046875 0.4064814814814815 0.4010416666666667 0.4046296296296296 0.403125 0.3972222222222222 0.4010416666666667 0.3861111111111111 0.40208333333333335 0.36574074074074076 0.40625 0.3648148148148148
1 0.36875 0.9287037037037037 0.3776041666666667 0.9398148148148148 0.38177083333333334 0.9638888888888889 0.3807291666666667 0.9694444444444444 0.37604166666666666 0.9675925925925926 0.37083333333333335 0.9796296296296296 0.36302083333333335 0.9657407407407408 0.3567708333333333 0.937037037037037 0.3567708333333333 0.9324074074074075 0.35885416666666664 0.9296296296296296 0.36822916666666666 0.9287037037037037
1 0.4322916666666667 0.8416666666666667 0.43802083333333336 0.8527777777777777 0.4427083333333333 0.8555555555555555 0.4427083333333333 0.8657407407407407 0.4479166666666667 0.8703703703703703 0.44895833333333335 0.8759259259259259 0.44583333333333336 0.8805555555555555 0.43385416666666665 0.8768518518518519 0.4317708333333333 0.8805555555555555 0.43072916666666666 0.8953703703703704 0.4270833333333333 0.9009259259259259 0.4244791666666667 0.8981481481481481 0.4270833333333333 0.875 0.4244791666666667 0.8481481481481481 0.42552083333333335 0.8416666666666667 0.4317708333333333 0.8416666666666667
1 0.1625 0.21296296296296297 0.16614583333333333 0.22037037037037038 0.165625 0.23981481481481481 0.1609375 0.2361111111111111 0.1578125 0.2222222222222222 0.15885416666666666 0.21388888888888888 0.16197916666666667 0.21296296296296297
1 0.6442708333333333 0.13425925925925927 0.6479166666666667 0.14722222222222223 0.64375 0.17314814814814813 0.640625 0.17314814814814813 0.6385416666666667 0.15462962962962962 0.6390625 0.1425925925925926 0.64375 0.13425925925925927
1 0.453125 0.9333333333333333 0.4666666666666667 0.9490740740740741 0.46770833333333334 0.9564814814814815 0.46458333333333335 0.9657407407407408 0.4666666666666667 0.9768518518518519 0.4635416666666667 0.9814814814814815 0.45364583333333336 0.9731481481481481 0.44479166666666664 0.9731481481481481 0.4473958333333333 0.9648148148148148 0.4453125 0.9490740740740741 0.4473958333333333 0.9453703703703704 0.4473958333333333 0.937037037037037 0.44895833333333335 0.9333333333333333 0.45260416666666664 0.9333333333333333
1 0.6578125 0.387037037037037 0.6614583333333334 0.4046296296296296 0.6572916666666667 0.42592592592592593 0.6526041666666667 0.4388888888888889 0.6505208333333333 0.4398148148148148 0.6515625 0.4 0.6572916666666667 0.38796296296296295
1 0.23854166666666668 0.9583333333333334 0.24479166666666666 0.975 0.24947916666666667 0.9805555555555555 0.25 0.9851851851851852 0.23802083333333332 0.9990740740740741 0.22239583333333332 0.9990740740740741 0.21875 0.9666666666666667 0.2265625 0.9583333333333334 0.23802083333333332 0.9583333333333334
1 0.6505208333333333 0.25833333333333336 0.6484375 0.23148148148148148 0.6515625 0.2175925925925926 0.6536458333333334 0.21574074074074073 0.6578125 0.22407407407407406 0.659375 0.2351851851851852 0.6583333333333333 0.24814814814814815 0.6541666666666667 0.25833333333333336 0.6510416666666666 0.25833333333333336
1 0.07552083333333333 0.34814814814814815 0.08229166666666667 0.35555555555555557 0.08385416666666666 0.36944444444444446 0.08854166666666667 0.38055555555555554 0.08802083333333334 0.3888888888888889 0.08489583333333334 0.38981481481481484 0.084375 0.38425925925925924 0.07604166666666666 0.37222222222222223 0.07083333333333333 0.35648148148148145 0.07083333333333333 0.3490740740740741 0.075 0.34814814814814815
1 0.3770833333333333 0.05555555555555555 0.38125 0.06296296296296296 0.38125 0.08148148148148149 0.3796875 0.08518518518518518 0.375 0.08333333333333333 0.3729166666666667 0.0712962962962963 0.3729166666666667 0.06388888888888888 0.3765625 0.05555555555555555
1 0.27291666666666664 0.9472222222222222 0.284375 0.9564814814814815 0.284375 0.9601851851851851 0.2796875 0.9666666666666667 0.28072916666666664 0.9768518518518519 0.2765625 0.9879629629629629 0.26197916666666665 0.9657407407407408 0.25729166666666664 0.9527777777777777 0.2578125 0.9435185185185185 0.2635416666666667 0.937037037037037 0.2677083333333333 0.937962962962963 0.27239583333333334 0.9472222222222222
1 0.7895833333333333 0.23333333333333334 0.7911458333333333 0.25277777777777777 0.7901041666666667 0.262037037037037 0.7869791666666667 0.26944444444444443 0.7828125 0.2759259259259259 0.7807291666666667 0.275 0.7802083333333333 0.27037037037037037 0.7833333333333333 0.2462962962962963 0.7890625 0.23425925925925925