0 0.23489583333333333 0 0.28177083333333336 0 0.2875 0.002777777777777778 0.3234375 0 0.3020833333333333 0.023148148148148147 0.290625 0.03981481481481482 0.2703125 0.05462962962962963 0.2515625 0.053703703703703705 0.240625 0.04722222222222222 0.23333333333333334 0.006481481481481481 0.23489583333333333 0.000925925925925926
0 0.7802083333333333 0.5527777777777778 0.7838541666666666 0.5555555555555556 0.7885416666666667 0.5666666666666667 0.7947916666666667 0.5722222222222222 0.7979166666666667 0.5712962962962963 0.7989583333333333 0.5648148148148148 0.8036458333333333 0.5601851851851852 0.8088541666666667 0.5768518518518518 0.8088541666666667 0.5833333333333334 0.80625 0.6055555555555555 0.8010416666666667 0.6101851851851852 0.796875 0.6064814814814815 0.7947916666666667 0.6 0.7729166666666667 0.5777777777777777 0.7723958333333333 0.5601851851851852 0.7755208333333333 0.5518518518518518 0.7796875 0.5527777777777778
0 0.0890625 0.1787037037037037 0.0984375 0.18333333333333332 0.109375 0.19814814814814816 0.10885416666666667 0.20833333333333334 0.09166666666666666 0.22962962962962963 0.0859375 0.22777777777777777 0.0796875 0.21666666666666667 0.08072916666666667 0.20833333333333334 0.0890625 0.19907407407407407 0.08541666666666667 0.18796296296296297 0.08177083333333333 0.19907407407407407 0.08072916666666667 0.18518518518518517 0.08854166666666667 0.1787037037037037
0 0.9833333333333333 0.6861111111111111 0.9994791666666667 0.6953703703703704 0.9994791666666667 0.7712962962962963 0.9953125 0.7722222222222223 0.9729166666666667 0.7648148148148148 0.9567708333333333 0.7657407407407407 0.9489583333333333 0.7509259259259259 0.9458333333333333 0.7342592592592593 0.9463541666666667 0.7037037037037037 0.9734375 0.6851851851851852 0.9828125 0.6861111111111111
0 0.41510416666666666 0.8888888888888888 0.41875 0.8907407407407407 0.4203125 0.8972222222222223 0.41822916666666665 0.912962962962963 0.40572916666666664 0.9481481481481482 0.39947916666666666 0.9583333333333334 0.39739583333333334 0.9685185185185186 0.39166666666666666 0.975925925925926 0.38697916666666665 0.9916666666666667 0.38333333333333336 0.9953703703703703 0.3796875 0.9907407407407407 0.37916666666666665 0.9824074074074074 0.3828125 0.9490740740740741 0.3927083333333333 0.9342592592592592 0.4036458333333333 0.8981481481481481 0.41458333333333336 0.8888888888888888
0 0.6125 0.9074074074074074 0.6177083333333333 0.912962962962963 0.6213541666666667 0.9287037037037037 0.6208333333333333 0.9398148148148148 0.6171875 0.9518518518518518 0.621875 0.9805555555555555 0.6203125 0.9990740740740741 0.6015625 0.9990740740740741 0.5989583333333334 0.9851851851851852 0.6020833333333333 0.9287037037037037 0.6052083333333333 0.9157407407407407 0.6119791666666666 0.9083333333333333
0 0.1515625 0.8398148148148148 0.15833333333333333 0.8444444444444444 0.16302083333333334 0.8555555555555555 0.16302083333333334 0.862037037037037 0.15833333333333333 0.8740740740740741 0.15729166666666666 0.8861111111111111 0.15 0.9018518518518519 0.12708333333333333 0.9351851851851852 0.11354166666666667 0.9453703703703704 0.10885416666666667 0.9435185185185185 0.1046875 0.9120370370370371 0.10833333333333334 0.9009259259259259 0.10989583333333333 0.8870370370370371 0.11666666666666667 0.8722222222222222 0.1234375 0.8666666666666667 0.12291666666666666 0.8731481481481481 0.1265625 0.8935185185185185 0.12395833333333334 0.8972222222222223 0.12552083333333333 0.9018518518518519 0.12864583333333332 0.9009259259259259 0.134375 0.8898148148148148 0.13958333333333334 0.887962962962963 0.140625 0.8842592592592593 0.14114583333333333 0.8898148148148148 0.14479166666666668 0.8916666666666667 0.14635416666666667 0.8861111111111111 0.14479166666666668 0.8796296296296297 0.15208333333333332 0.8574074074074074 0.14427083333333332 0.8481481481481481 0.14270833333333333 0.8416666666666667 0.15104166666666666 0.8398148148148148
0 0.21875 0.08055555555555556 0.234375 0.0962962962962963 0.24479166666666666 0.09814814814814815 0.25364583333333335 0.1037037037037037 0.25833333333333336 0.12129629629629629 0.25833333333333336 0.12685185185185185 0.2552083333333333 0.13333333333333333 0.24010416666666667 0.14074074074074075 0.23072916666666668 0.14907407407407408 0.22447916666666667 0.1685185185185185 0.2203125 0.17314814814814813 0.2140625 0.16944444444444445 0.20260416666666667 0.17314814814814813 0.1875 0.1638888888888889 0.17239583333333333 0.11851851851851852 0.17135416666666667 0.10833333333333334 0.17395833333333333 0.10185185185185185 0.20260416666666667 0.07777777777777778 0.21197916666666666 0.07685185185185185 0.21822916666666667 0.08055555555555556
0 0.16666666666666666 0.18518518518518517 0.184375 0.19166666666666668 0.19427083333333334 0.19907407407407407 0.20625 0.21296296296296297 0.21354166666666666 0.22870370370370371 0.21354166666666666 0.2388888888888889 0.20989583333333334 0.25462962962962965 0.20677083333333332 0.25925925925925924 0.1953125 0.2574074074074074 0.19114583333333332 0.2601851851851852 0.18229166666666666 0.275 0.18229166666666666 0.2898148148148148 0.17864583333333334 0.2962962962962963 0.16041666666666668 0.2935185185185185 0.14791666666666667 0.27870370370370373 0.14010416666666667 0.26481481481481484 0.13177083333333334 0.23703703703703705 0.12604166666666666 0.22685185185185186 0.12604166666666666 0.2222222222222222 0.1296875 0.21666666666666667 0.15364583333333334 0.19074074074074074 0.16041666666666668 0.18518518518518517 0.16614583333333333 0.18518518518518517
0 0.303125 0.5444444444444444 0.3109375 0.5555555555555556 0.31927083333333334 0.5842592592592593 0.3182291666666667 0.6055555555555555 0.3151041666666667 0.6157407407407407 0.30364583333333334 0.6296296296296297 0.28541666666666665 0.6333333333333333 0.25104166666666666 0.6611111111111111 0.24479166666666666 0.6694444444444444 0.24114583333333334 0.6805555555555556 0.2328125 0.687037037037037 0.225 0.687037037037037 0.21770833333333334 0.6814814814814815 0.20729166666666668 0.6787037037037037 0.20208333333333334 0.675 0.19947916666666668 0.6694444444444444 0.19166666666666668 0.6342592592592593 0.1921875 0.6212962962962963 0.19739583333333333 0.6055555555555555 0.22239583333333332 0.5805555555555556 0.25625 0.5583333333333333 0.26145833333333335 0.5518518518518518 0.2703125 0.5537037037037037 0.28854166666666664 0.5425925925925926 0.3026041666666667 0.5444444444444444
0 0.7635416666666667 0.19814814814814816 0.7692708333333333 0.20462962962962963 0.76875 0.21666666666666667 0.7515625 0.225 0.7411458333333333 0.2361111111111111 0.7375 0.23425925925925925 0.7375 0.22407407407407406 0.7447916666666666 0.2074074074074074 0.7515625 0.19907407407407407 0.7630208333333334 0.19814814814814816
0 0.23333333333333334 0.4981481481481482 0.240625 0.5027777777777778 0.2526041666666667 0.49907407407407406 0.25729166666666664 0.5046296296296297 0.2546875 0.5277777777777778 0.24375 0.5435185185185185 0.24114583333333334 0.5509259259259259 0.23385416666666667 0.5546296296296296 0.23020833333333332 0.562037037037037 0.2265625 0.5638888888888889 0.22239583333333332 0.5537037037037037 0.22239583333333332 0.5324074074074074 0.22395833333333334 0.524074074074074 0.2296875 0.5148148148148148 0.23072916666666668 0.5018518518518519 0.23333333333333334 0.49907407407407406
0 0.6578125 0.11481481481481481 0.6645833333333333 0.12314814814814815 0.6682291666666667 0.1388888888888889 0.6645833333333333 0.1537037037037037 0.6609375 0.1537037037037037 0.6578125 0.14814814814814814 0.64375 0.14444444444444443 0.6401041666666667 0.13796296296296295 0.6395833333333333 0.1287037037037037 0.6432291666666666 0.12129629629629629 0.6572916666666667 0.11481481481481481
0 0.7703125 0.2175925925925926 0.7869791666666667 0.23425925925925925 0.7864583333333334 0.2518518518518518 0.7791666666666667 0.2722222222222222 0.76875 0.2712962962962963 0.76875 0.2777777777777778 0.7640625 0.2824074074074074 0.7572916666666667 0.28055555555555556 0.7442708333333333 0.27037037037037037 0.7432291666666667 0.2722222222222222 0.7520833333333333 0.2861111111111111 0.7520833333333333 0.2935185185185185 0.7447916666666666 0.3101851851851852 0.7416666666666667 0.3111111111111111 0.7307291666666667 0.3074074074074074 0.7171875 0.2935185185185185 0.7171875 0.2722222222222222 0.75 0.22685185185185186 0.7697916666666667 0.2175925925925926
0 0.5338541666666666 0 0.5822916666666667 0 0.5838541666666667 0.012037037037037037 0.5786458333333333 0.040740740740740744 0.5692708333333333 0.06574074074074074 0.5640625 0.09074074074074075 0.5572916666666666 0.10555555555555556 0.5458333333333333 0.10555555555555556 0.525 0.09907407407407408 0.521875 0.09259259259259259 0.5213541666666667 0.04351851851851852 0.5338541666666666 0.000925925925925926
0 0.9619791666666667 0.5185185185185185 0.9671875 0.5296296296296297 0.9744791666666667 0.5314814814814814 0.9994791666666667 0.5574074074074075 0.9994791666666667 0.6018518518518519 0.9807291666666667 0.5935185185185186 0.9677083333333333 0.5981481481481481 0.9598958333333333 0.5916666666666667 0.9583333333333334 0.5805555555555556 0.9526041666666667 0.5712962962962963 0.9494791666666667 0.5361111111111111 0.9536458333333333 0.5222222222222223 0.9567708333333333 0.5185185185185185 0.9614583333333333 0.5185185185185185
0 0.37395833333333334 0.004629629629629629 0.3770833333333333 0.011111111111111112 0.37864583333333335 0.05648148148148148 0.37083333333333335 0.06759259259259259 0.36614583333333334 0.07037037037037037 0.359375 0.06759259259259259 0.35520833333333335 0.07037037037037037 0.3494791666666667 0.06296296296296296 0.34375 0.022222222222222223 0.3489583333333333 0.005555555555555556 0.3614583333333333 0.002777777777777778 0.3734375 0.004629629629629629
0 0.5125 0.875 0.5151041666666667 0.8768518518518519 0.51875 0.8870370370370371 0.5239583333333333 0.9148148148148149 0.5260416666666666 0.9166666666666666 0.5286458333333334 0.912962962962963 0.5307291666666667 0.9138888888888889 0.5328125 0.924074074074074 0.5307291666666667 0.9703703703703703 0.5223958333333333 0.9851851851851852 0.5177083333333333 0.9787037037037037 0.515625 0.9592592592592593 0.5083333333333333 0.9435185185185185 0.5015625 0.9083333333333333 0.5010416666666667 0.8870370370370371 0.5026041666666666 0.8787037037037037 0.5119791666666667 0.875
0 0.6786458333333333 0.6425925925925926 0.684375 0.65 0.7098958333333333 0.6518518518518519 0.7229166666666667 0.674074074074074 0.71875 0.7064814814814815 0.7140625 0.7101851851851851 0.7057291666666666 0.7101851851851851 0.6984375 0.7 0.6875 0.6925925925925925 0.6822916666666666 0.6796296296296296 0.6744791666666666 0.6796296296296296 0.6703125 0.6759259259259259 0.66875 0.6648148148148149 0.6770833333333334 0.6509259259259259 0.6786458333333333 0.6435185185185185
0 0.6161458333333333 0.03981481481481482 0.6286458333333333 0.04814814814814815 0.6291666666666667 0.06388888888888888 0.6239583333333333 0.08611111111111111 0.6166666666666667 0.1 0.6125 0.10277777777777777 0.5958333333333333 0.09814814814814815 0.5932291666666667 0.09074074074074075 0.5958333333333333 0.07407407407407407 0.6057291666666667 0.04814814814814815 0.6098958333333333 0.041666666666666664 0.615625 0.03981481481481482
0 0.7260416666666667 0.1287037037037037 0.734375 0.1388888888888889 0.7380208333333333 0.1814814814814815 0.7375 0.2 0.73125 0.21296296296296297 0.7088541666666667 0.2101851851851852 0.70625 0.20555555555555555 0.7052083333333333 0.1962962962962963 0.7041666666666667 0.16203703703703703 0.70625 0.1398148148148148 0.709375 0.13148148148148148 0.7135416666666666 0.1287037037037037 0.7255208333333333 0.1287037037037037
0 0.6385416666666667 0.9046296296296297 0.6453125 0.9148148148148149 0.6505208333333333 0.9537037037037037 0.6541666666666667 0.9583333333333334 0.6515625 0.9657407407407408 0.6510416666666666 0.9898148148148148 0.6484375 0.9990740740740741 0.6348958333333333 0.9990740740740741 0.6270833333333333 0.9444444444444444 0.6265625 0.9342592592592592 0.6291666666666667 0.912962962962963 0.6328125 0.9055555555555556 0.6380208333333334 0.9046296296296297
0 0.709375 0.05277777777777778 0.7213541666666666 0.0712962962962963 0.7296875 0.11388888888888889 0.7255208333333333 0.12685185185185185 0.7130208333333333 0.12777777777777777 0.7036458333333333 0.14074074074074075 0.6979166666666666 0.13425925925925927 0.6921875 0.11388888888888889 0.6890625 0.1 0.6890625 0.08796296296296297 0.6958333333333333 0.058333333333333334 0.7020833333333333 0.05277777777777778 0.7088541666666667 0.05277777777777778
0 0.8057291666666667 0.34629629629629627 0.8088541666666667 0.3527777777777778 0.8083333333333333 0.362962962962963 0.8015625 0.3731481481481482 0.7973958333333333 0.387037037037037 0.7869791666666667 0.4009259259259259 0.7838541666666666 0.3972222222222222 0.7833333333333333 0.38055555555555554 0.7916666666666666 0.3527777777777778 0.8 0.3435185185185185 0.8052083333333333 0.34629629629629627
1 0.07447916666666667 0.14814814814814814 0.078125 0.15 0.08489583333333334 0.16944444444444445 0.08541666666666667 0.17962962962962964 0.08177083333333333 0.18425925925925926 0.078125 0.18333333333333332 0.06927083333333334 0.16111111111111112 0.06927083333333334 0.14814814814814814 0.07395833333333333 0.14814814814814814
1 0.35 0.8953703703703704 0.35520833333333335 0.8981481481481481 0.359375 0.9046296296296297 0.359375 0.9185185185185185 0.3625 0.937962962962963 0.3625 0.9416666666666667 0.359375 0.9462962962962963 0.35572916666666665 0.9462962962962963 0.3536458333333333 0.9361111111111111 0.34739583333333335 0.9333333333333333 0.3380208333333333 0.9212962962962963 0.34479166666666666 0.899074074074074 0.3494791666666667 0.8953703703703704
1 0.5572916666666666 0.34814814814814815 0.559375 0.35 0.5614583333333333 0.3611111111111111 0.5604166666666667 0.3861111111111111 0.5536458333333333 0.39351851851851855 0.553125 0.4009259259259259 0.5473958333333333 0.4009259259259259 0.553125 0.37592592592592594 0.5505208333333333 0.3712962962962963 0.5463541666666667 0.37222222222222223 0.5505208333333333 0.35833333333333334 0.5567708333333333 0.3490740740740741
1 0.5270833333333333 0.2898148148148148 0.5307291666666667 0.3 0.5302083333333333 0.3314814814814815 0.528125 0.3351851851851852 0.5255208333333333 0.3287037037037037 0.521875 0.34444444444444444 0.5192708333333333 0.34444444444444444 0.5197916666666667 0.30462962962962964 0.5229166666666667 0.2935185185185185 0.5265625 0.2898148148148148
1 0.8489583333333334 0.12685185185185185 0.8505208333333333 0.12962962962962962 0.8489583333333334 0.14444444444444443 0.8421875 0.16574074074074074 0.8385416666666666 0.1712962962962963 0.8348958333333333 0.1712962962962963 0.8348958333333333 0.16666666666666666 0.8447916666666667 0.1287037037037037 0.8484375 0.12685185185185185
1 0.46822916666666664 0.35555555555555557 0.475 0.37037037037037035 0.47760416666666666 0.4 0.471875 0.40370370370370373 0.4703125 0.3990740740740741 0.46770833333333334 0.412962962962963 0.4640625 0.41574074074074074 0.46510416666666665 0.35833333333333334 0.46770833333333334 0.35555555555555557
1 0.16302083333333334 0.0787037037037037 0.16666666666666666 0.08425925925925926 0.17135416666666667 0.10833333333333334 0.17135416666666667 0.11666666666666667 0.16822916666666668 0.11851851851851852 0.16510416666666666 0.11574074074074074 0.15989583333333332 0.09074074074074075 0.159375 0.08055555555555556 0.16041666666666668 0.07777777777777778 0.1625 0.0787037037037037
1 0 0.26296296296296295 0.01875 0.2861111111111111 0.015625 0.28888888888888886 0.008333333333333333 0.2861111111111111 0.0067708333333333336 0.28888888888888886 0.0078125 0.2972222222222222 0.005208333333333333 0.3 0.0020833333333333333 0.287962962962963 0 0.28703703703703703 0 0.2638888888888889
1 0.0640625 0.23333333333333334 0.0640625 0.23796296296296296 0.06041666666666667 0.23981481481481481 0.0578125 0.23148148148148148 0.050520833333333334 0.22870370370370371 0.049479166666666664 0.22037037037037038 0.04114583333333333 0.2064814814814815 0.0421875 0.2 0.04635416666666667 0.19444444444444445 0.050520833333333334 0.19722222222222222 0.057291666666666664 0.20925925925925926 0.06354166666666666 0.23333333333333334
1 0.18541666666666667 0.03148148148148148 0.18958333333333333 0.04259259259259259 0.19166666666666668 0.06388888888888888 0.18854166666666666 0.06481481481481481 0.18072916666666666 0.04814814814814815 0.18072916666666666 0.03611111111111111 0.18489583333333334 0.032407407407407406
1 0.2984375 0.7444444444444445 0.30364583333333334 0.7425925925925926 0.3067708333333333 0.7472222222222222 0.3109375 0.7462962962962963 0.3145833333333333 0.75 0.3177083333333333 0.7731481481481481 0.3302083333333333 0.8027777777777778 0.3296875 0.8074074074074075 0.3265625 0.8083333333333333 0.3177083333333333 0.7925925925925926 0.3125 0.7925925925925926 0.3078125 0.7833333333333333 0.30104166666666665 0.7824074074074074 0.2994791666666667 0.7703703703703704 0.30052083333333335 0.7583333333333333 0.2984375 0.7453703703703703
1 0.35885416666666664 0.07037037037037037 0.36354166666666665 0.07962962962962963 0.365625 0.09537037037037037 0.3640625 0.10555555555555556 0.36041666666666666 0.10740740740740741 0.3546875 0.08888888888888889 0.35520833333333335 0.07407407407407407 0.35833333333333334 0.0712962962962963
1 0.0109375 0.40370370370370373 0.019270833333333334 0.40370370370370373 0.021354166666666667 0.4074074074074074 0.0234375 0.41944444444444445 0.030208333333333334 0.43425925925925923 0.0296875 0.44166666666666665 0.008333333333333333 0.42407407407407405 0.00625 0.4074074074074074 0.0067708333333333336 0.4046296296296296 0.010416666666666666 0.40370370370370373
1 0.7338541666666667 0.887962962962963 0.7369791666666666 0.8898148148148148 0.7390625 0.8972222222222223 0.7375 0.9203703703703704 0.734375 0.925 0.7260416666666667 0.925 0.7203125 0.9305555555555556 0.7161458333333334 0.9287037037037037 0.7125 0.9222222222222223 0.7192708333333333 0.9194444444444444 0.7213541666666666 0.9046296296296297 0.7296875 0.8898148148148148 0.7333333333333333 0.8888888888888888
1 0.13333333333333333 0.08148148148148149 0.1390625 0.09259259259259259 0.14114583333333333 0.10277777777777777 0.14739583333333334 0.11203703703703703 0.146875 0.11481481481481481 0.14270833333333333 0.11574074074074074 0.140625 0.12314814814814815 0.13697916666666668 0.12222222222222222 0.1359375 0.11203703703703703 0.13020833333333334 0.09537037037037037 0.12916666666666668 0.08703703703703704 0.13020833333333334 0.0824074074074074 0.1328125 0.08148148148148149
1 0.05 0.14444444444444443 0.0546875 0.14722222222222223 0.059895833333333336 0.1574074074074074 0.06510416666666667 0.17777777777777778 0.06458333333333334 0.18333333333333332 0.059895833333333336 0.18055555555555555 0.04791666666666667 0.16296296296296298 0.046875 0.14722222222222223 0.049479166666666664 0.14537037037037037
1 0.8572916666666667 0.5092592592592593 0.859375 0.5111111111111111 0.8604166666666667 0.5212962962962963 0.859375 0.5361111111111111 0.8473958333333333 0.5592592592592592 0.8447916666666667 0.5685185185185185 0.8421875 0.5675925925925925 0.8411458333333334 0.5611111111111111 0.8369791666666667 0.5564814814814815 0.840625 0.5287037037037037 0.8479166666666667 0.5148148148148148 0.8567708333333334 0.5092592592592593
1 0.2760416666666667 0.9342592592592592 0.2828125 0.937037037037037 0.29322916666666665 0.9546296296296296 0.2921875 0.9666666666666667 0.29375 0.975925925925926 0.2890625 0.9796296296296296 0.28177083333333336 0.9694444444444444 0.2760416666666667 0.9787037037037037 0.27447916666666666 0.9777777777777777 0.275 0.9703703703703703 0.26927083333333335 0.9629629629629629 0.26875 0.9564814814814815 0.2708333333333333 0.9537037037037037 0.27239583333333334 0.937962962962963 0.2755208333333333 0.9351851851851852
1 0.8302083333333333 0.36944444444444446 0.834375 0.37592592592592594 0.8348958333333333 0.38333333333333336 0.825 0.4046296296296296 0.8213541666666667 0.4009259259259259 0.8208333333333333 0.38981481481481484 0.8260416666666667 0.37037037037037035 0.8296875 0.36944444444444446
1 0.4859375 0.8768518518518519 0.48854166666666665 0.8842592592592593 0.49270833333333336 0.8870370370370371 0.49114583333333334 0.9148148148148149 0.4817708333333333 0.9268518518518518 0.4786458333333333 0.924074074074074 0.4786458333333333 0.9175925925925926 0.4713541666666667 0.8935185185185185 0.48125 0.8768518518518519 0.48541666666666666 0.8768518518518519
1 0.027604166666666666 0.425 0.03229166666666667 0.42407407407407405 0.0453125 0.43425925925925923 0.058854166666666666 0.47685185185185186 0.05677083333333333 0.4787037037037037 0.05364583333333333 0.4759259259259259 0.042708333333333334 0.4601851851851852 0.0359375 0.4546296296296296 0.030208333333333334 0.44166666666666665 0.027604166666666666 0.42592592592592593
1 0.11875 0.11481481481481481 0.13020833333333334 0.14166666666666666 0.1296875 0.14537037037037037 0.12760416666666666 0.14166666666666666 0.12447916666666667 0.14166666666666666 0.12291666666666666 0.1527777777777778 0.12083333333333333 0.15092592592592594 0.11197916666666667 0.12222222222222222 0.1125 0.1111111111111111 0.11614583333333334 0.1111111111111111 0.11822916666666666 0.11481481481481481
1 0.1265625 0.44814814814814813 0.13020833333333334 0.44722222222222224 0.14010416666666667 0.4583333333333333 0.14375 0.4648148148148148 0.1453125 0.4759259259259259 0.15260416666666668 0.47685185185185186 0.1515625 0.48055555555555557 0.14375 0.48703703703703705 0.14427083333333332 0.49537037037037035 0.14166666666666666 0.49444444444444446 0.1296875 0.4675925925925926 0.1265625 0.44907407407407407
1 0.05364583333333333 0.17962962962962964 0.059375 0.1814814814814815 0.0640625 0.18703703703703703 0.06614583333333333 0.2037037037037037 0.071875 0.21296296296296297 0.07083333333333333 0.225 0.0671875 0.22777777777777777 0.06614583333333333 0.21666666666666667 0.0640625 0.21296296296296297 0.06041666666666667 0.21203703703703702 0.0578125 0.21574074074074073 0.05572916666666667 0.21388888888888888 0.050520833333333334 0.18981481481481483 0.053125 0.18055555555555555
1 0.10677083333333333 0.3861111111111111 0.115625 0.39351851851851855 0.1203125 0.4083333333333333 0.128125 0.4212962962962963 0.12760416666666666 0.4287037037037037 0.125 0.42962962962962964 0.1203125 0.41944444444444445 0.11822916666666666 0.4203703703703704 0.11875 0.42592592592592593 0.12291666666666666 0.43148148148148147 0.1203125 0.43796296296296294 0.11458333333333333 0.42962962962962964 0.10416666666666667 0.4 0.10260416666666666 0.3888888888888889 0.10625 0.3861111111111111
1 0.27395833333333336 0.7935185185185185 0.29270833333333335 0.8175925925925925 0.28802083333333334 0.825 0.28072916666666664 0.8277777777777777 0.2734375 0.8481481481481481 0.2708333333333333 0.8481481481481481 0.2734375 0.837037037037037 0.2734375 0.8268518518518518 0.2682291666666667 0.8148148148148148 0.26614583333333336 0.8009259259259259 0.2682291666666667 0.7944444444444444 0.2734375 0.7935185185185185
1 0.6984375 0.31203703703703706 0.7015625 0.3314814814814815 0.7010416666666667 0.34074074074074073 0.6947916666666667 0.34629629629629627 0.690625 0.3675925925925926 0.6869791666666667 0.37037037037037035 0.684375 0.36574074074074076 0.6890625 0.3453703703703704 0.6890625 0.3333333333333333 0.6932291666666667 0.3138888888888889 0.6979166666666666 0.31203703703703706
1 0.3260416666666667 0.9111111111111111 0.3333333333333333 0.9212962962962963 0.33697916666666666 0.9416666666666667 0.33697916666666666 0.9490740740740741 0.3328125 0.9564814814814815 0.32864583333333336 0.9555555555555556 0.32760416666666664 0.9481481481481482 0.3203125 0.9398148148148148 0.31354166666666666 0.9231481481481482 0.31302083333333336 0.9175925925925926 0.321875 0.9101851851851852 0.3255208333333333 0.9111111111111111
1 0.25833333333333336 0.9342592592592592 0.27239583333333334 0.9740740740740741 0.26927083333333335 0.9777777777777777 0.26510416666666664 0.975 0.26197916666666665 0.9611111111111111 0.25885416666666666 0.9703703703703703 0.2546875 0.9712962962962963 0.2484375 0.9601851851851851 0.2484375 0.9425925925925925 0.25364583333333335 0.9351851851851852 0.2578125 0.9351851851851852
1 0.03229166666666667 0.13703703703703704 0.04583333333333333 0.14074074074074075 0.0484375 0.14722222222222223 0.04791666666666667 0.15555555555555556 0.052083333333333336 0.17037037037037037 0.05 0.17685185185185184 0.046875 0.175 0.0375 0.1574074074074074 0.03229166666666667 0.13796296296296295
1 0.45625 0.8388888888888889 0.45625 0.8703703703703703 0.453125 0.8833333333333333 0.44947916666666665 0.8851851851851852 0.44583333333333336 0.8722222222222222 0.4432291666666667 0.8481481481481481 0.44583333333333336 0.8407407407407408 0.4557291666666667 0.8388888888888889
1 0.846875 0.20277777777777778 0.846875 0.21944444444444444 0.8385416666666666 0.23796296296296296 0.8348958333333333 0.25277777777777777 0.8328125 0.23981481481481481 0.8359375 0.22037037037037038 0.8432291666666667 0.20277777777777778 0.8463541666666666 0.20277777777777778
1 0.6744791666666666 0.8870370370370371 0.6854166666666667 0.8759259259259259 0.6927083333333334 0.8759259259259259 0.6953125 0.8861111111111111 0.7 0.8898148148148148 0.7026041666666667 0.8981481481481481 0.6994791666666667 0.9185185185185185 0.6963541666666667 0.9212962962962963 0.6916666666666667 0.9212962962962963 0.6828125 0.9101851851851852 0.6776041666666667 0.912962962962963 0.6729166666666667 0.9203703703703704 0.6651041666666667 0.9203703703703704 0.6635416666666667 0.9175925925925926 0.6645833333333333 0.9120370370370371 0.6682291666666667 0.9120370370370371 0.6807291666666667 0.8944444444444445 0.6796875 0.887962962962963 0.675 0.8870370370370371
1 0.4671875 0.8564814814814815 0.47239583333333335 0.8740740740740741 0.4703125 0.8953703703703704 0.46770833333333334 0.8981481481481481 0.45989583333333334 0.8981481481481481 0.4578125 0.8953703703703704 0.4578125 0.8694444444444445 0.4630208333333333 0.8583333333333333 0.4666666666666667 0.8564814814814815
1 0.60625 0 0.6135416666666667 0 0.6114583333333333 0.020370370370370372 0.6088541666666667 0.025 0.6067708333333334 0.023148148148148147 0.60625 0.000925925925925926
1 0.42604166666666665 0.425 0.4322916666666667 0.44166666666666665 0.4328125 0.4546296296296296 0.43802083333333336 0.4703703703703704 0.4354166666666667 0.4759259259259259 0.4322916666666667 0.4759259259259259 0.4328125 0.4666666666666667 0.42864583333333334 0.4601851851851852 0.421875 0.4824074074074074 0.4171875 0.48055555555555557 0.42135416666666664 0.4722222222222222 0.4234375 0.462037037037037 0.4234375 0.4564814814814815 0.4192708333333333 0.4444444444444444 0.421875 0.42685185185185187 0.42552083333333335 0.425
1 0.19583333333333333 0.013888888888888888 0.20104166666666667 0.022222222222222223 0.20520833333333333 0.04259259259259259 0.203125 0.05092592592592592 0.19947916666666668 0.053703703703703705 0.19375 0.037037037037037035 0.19322916666666667 0.017592592592592594 0.1953125 0.014814814814814815
1 0.5640625 0.17777777777777778 0.5619791666666667 0.1527777777777778 0.565625 0.13333333333333333 0.571875 0.14444444444444443 0.5734375 0.1574074074074074 0.5677083333333334 0.16296296296296298 0.5671875 0.17592592592592593 0.5645833333333333 0.17777777777777778
1 0.5947916666666667 0.03981481481481482 0.5979166666666667 0.05 0.5979166666666667 0.058333333333333334 0.5921875 0.08333333333333333 0.5895833333333333 0.08148148148148149 0.5880208333333333 0.05185185185185185 0.5916666666666667 0.040740740740740744 0.5942708333333333 0.03981481481481482
1 0.45989583333333334 0.8972222222222223 0.46510416666666665 0.9009259259259259 0.46875 0.9268518518518518 0.46770833333333334 0.9324074074074075 0.4588541666666667 0.9425925925925925 0.45260416666666664 0.925 0.45260416666666664 0.9157407407407407 0.459375 0.8981481481481481
1 0.018229166666666668 0.22037037037037038 0.022916666666666665 0.21851851851851853 0.030208333333333334 0.23055555555555557 0.03125 0.24074074074074073 0.036458333333333336 0.2537037037037037 0.036458333333333336 0.25833333333333336 0.0328125 0.2611111111111111 0.026041666666666668 0.2518518518518518 0.018229166666666668 0.23425925925925925 0.018229166666666668 0.2212962962962963
1 0.6296875 0.06018518518518518 0.63125 0.025925925925925925 0.6333333333333333 0.021296296296296296 0.6369791666666667 0.021296296296296296 0.6390625 0.025925925925925925 0.6395833333333333 0.03611111111111111 0.634375 0.049074074074074076 0.6333333333333333 0.06111111111111111 0.6302083333333334 0.06111111111111111
1 0.2984375 0.6824074074074075 0.3046875 0.6962962962962963 0.31666666666666665 0.7138888888888889 0.3151041666666667 0.7166666666666667 0.3015625 0.7148148148148148 0.29375 0.7277777777777777 0.290625 0.7268518518518519 0.29322916666666665 0.7046296296296296 0.28802083333333334 0.6842592592592592 0.29270833333333335 0.6796296296296296 0.29791666666666666 0.6824074074074075
1 0.30416666666666664 0.9111111111111111 0.31145833333333334 0.9185185185185185 0.31666666666666665 0.937037037037037 0.3177083333333333 0.9564814814814815 0.31145833333333334 0.9648148148148148 0.30885416666666665 0.9638888888888889 0.30885416666666665 0.9564814814814815 0.30416666666666664 0.9462962962962963 0.3 0.9407407407407408 0.29322916666666665 0.937962962962963 0.29270833333333335 0.9175925925925926 0.30364583333333334 0.9111111111111111
1 0.75625 0.40370370370370373 0.7619791666666667 0.3962962962962963 0.7703125 0.36944444444444446 0.7739583333333333 0.36944444444444446 0.7755208333333333 0.3768518518518518 0.775 0.387037037037037 0.7692708333333333 0.4046296296296296 0.76875 0.42314814814814816 0.7640625 0.4212962962962963 0.7625 0.40925925925925927 0.7583333333333333 0.4101851851851852 0.75625 0.4083333333333333 0.75625 0.4046296296296296
1 0.21666666666666667 0.008333333333333333 0.2234375 0.024074074074074074 0.22708333333333333 0.05092592592592592 0.2234375 0.05462962962962963 0.2203125 0.05277777777777778 0.21822916666666667 0.03333333333333333 0.2125 0.014814814814814815 0.21614583333333334 0.009259259259259259