0 0.5567708333333333 0.16111111111111112 0.5598958333333334 0.16944444444444445 0.5598958333333334 0.19166666666666668 0.5583333333333333 0.20185185185185187 0.5505208333333333 0.21574074074074073 0.5348958333333333 0.21296296296296297 0.5322916666666667 0.2074074074074074 0.5317708333333333 0.19814814814814816 0.5427083333333333 0.1638888888888889 0.5479166666666667 0.16018518518518518 0.55625 0.16111111111111112
0 0.5052083333333334 0.16944444444444445 0.5098958333333333 0.1712962962962963 0.5130208333333334 0.17685185185185184 0.5140625 0.1962962962962963 0.5119791666666667 0.2074074074074074 0.5083333333333333 0.2074074074074074 0.49895833333333334 0.21851851851851853 0.48333333333333334 0.21666666666666667 0.48125 0.2101851851851852 0.48125 0.20092592592592592 0.49114583333333334 0.17777777777777778 0.4973958333333333 0.1712962962962963 0.5046875 0.16944444444444445
0 0.6598958333333333 0.5425925925925926 0.6776041666666667 0.5583333333333333 0.6838541666666667 0.5601851851851852 0.6890625 0.5685185185185185 0.6979166666666666 0.5740740740740741 0.7083333333333334 0.5861111111111111 0.721875 0.5944444444444444 0.7692708333333333 0.6370370370370371 0.7760416666666666 0.6462962962962963 0.8541666666666666 0.712037037037037 0.8880208333333334 0.7444444444444445 0.8895833333333333 0.762962962962963 0.8854166666666666 0.8018518518518518 0.8848958333333333 0.8324074074074074 0.878125 0.8611111111111112 0.8697916666666666 0.8851851851851852 0.8625 0.8981481481481481 0.8557291666666667 0.9009259259259259 0.8473958333333333 0.8981481481481481 0.8369791666666667 0.8851851851851852 0.8260416666666667 0.8833333333333333 0.815625 0.8759259259259259 0.8067708333333333 0.8601851851851852 0.76875 0.8222222222222222 0.7494791666666667 0.7972222222222223 0.7244791666666667 0.7722222222222223 0.7208333333333333 0.7638888888888888 0.7125 0.7574074074074074 0.709375 0.7481481481481481 0.703125 0.7453703703703703 0.6994791666666667 0.7509259259259259 0.6921875 0.7518518518518519 0.6859375 0.7472222222222222 0.678125 0.7333333333333333 0.6776041666666667 0.725925925925926 0.675 0.7203703703703703 0.6677083333333333 0.7166666666666667 0.6401041666666667 0.6824074074074075 0.6239583333333333 0.6666666666666666 0.6234375 0.6537037037037037 0.6333333333333333 0.5916666666666667 0.6401041666666667 0.5731481481481482 0.6489583333333333 0.5583333333333333 0.6526041666666667 0.5462962962962963 0.65625 0.5416666666666666 0.659375 0.5425925925925926
0 0.07239583333333334 0.7944444444444444 0.07760416666666667 0.8027777777777778 0.07760416666666667 0.8064814814814815 0.05625 0.8435185185185186 0.05677083333333333 0.8564814814814815 0.04895833333333333 0.875 0.0453125 0.8944444444444445 0.04583333333333333 0.9111111111111111 0.04010416666666667 0.925 0.034375 0.9287037037037037 0.025520833333333333 0.925 0.021354166666666667 0.9111111111111111 0.007291666666666667 0.8898148148148148 0.004166666666666667 0.8787037037037037 0.004166666666666667 0.8694444444444445 0.016145833333333335 0.8453703703703703 0.05520833333333333 0.7962962962962963 0.0640625 0.7907407407407407 0.06875 0.7907407407407407 0.071875 0.7944444444444444
0 0.0953125 0.3101851851851852 0.10052083333333334 0.3138888888888889 0.10572916666666667 0.33055555555555555 0.1015625 0.3351851851851852 0.10364583333333334 0.3638888888888889 0.1015625 0.3675925925925926 0.08854166666666667 0.3731481481481482 0.08489583333333334 0.3731481481481482 0.08125 0.3685185185185185 0.07395833333333333 0.3453703703703704 0.07135416666666666 0.32592592592592595 0.07760416666666667 0.31666666666666665 0.09479166666666666 0.3101851851851852
0 0.978125 0.6694444444444444 0.9994791666666667 0.6787037037037037 0.9994791666666667 0.7462962962962963 0.9916666666666667 0.7537037037037037 0.9833333333333333 0.7527777777777778 0.9703125 0.7583333333333333 0.9625 0.7546296296296297 0.95 0.7268518518518519 0.9447916666666667 0.7074074074074074 0.9447916666666667 0.687037037037037 0.9489583333333333 0.6777777777777778 0.95625 0.6712962962962963 0.9630208333333333 0.6685185185185185 0.9776041666666667 0.6694444444444444
0 0.27239583333333334 0.6268518518518519 0.28854166666666664 0.6370370370370371 0.2989583333333333 0.6592592592592592 0.30052083333333335 0.6703703703703704 0.29739583333333336 0.6842592592592592 0.29010416666666666 0.6898148148148148 0.28072916666666664 0.7037037037037037 0.2760416666666667 0.712037037037037 0.27239583333333334 0.725 0.26145833333333335 0.7277777777777777 0.25364583333333335 0.7388888888888889 0.2484375 0.737037037037037 0.246875 0.7185185185185186 0.240625 0.7027777777777777 0.24166666666666667 0.6759259259259259 0.25416666666666665 0.6481481481481481 0.271875 0.6277777777777778
0 0.496875 0.30185185185185187 0.5026041666666666 0.3111111111111111 0.503125 0.33425925925925926 0.4979166666666667 0.37592592592592594 0.49375 0.38055555555555554 0.47708333333333336 0.38055555555555554 0.471875 0.37777777777777777 0.46979166666666666 0.3731481481481482 0.46979166666666666 0.35833333333333334 0.47239583333333335 0.33425925925925926 0.48020833333333335 0.3055555555555556 0.48541666666666666 0.3 0.49635416666666665 0.30185185185185187
0 0.13125 0.7324074074074074 0.146875 0.7425925925925926 0.15885416666666666 0.7546296296296297 0.15989583333333332 0.7666666666666667 0.175 0.812962962962963 0.17447916666666666 0.8212962962962963 0.16875 0.837037037037037 0.16979166666666667 0.8564814814814815 0.16302083333333334 0.8722222222222222 0.153125 0.8759259259259259 0.14895833333333333 0.8814814814814815 0.13125 0.9231481481481482 0.12135416666666667 0.9361111111111111 0.11666666666666667 0.9490740740740741 0.11510416666666666 0.962037037037037 0.10885416666666667 0.975 0.10260416666666666 0.9814814814814815 0.09635416666666667 0.9833333333333333 0.08072916666666667 0.9990740740740741 0.0703125 0.9990740740740741 0.059895833333333336 0.9925925925925926 0.049479166666666664 0.9768518518518519 0.043229166666666666 0.9611111111111111 0.042708333333333334 0.9277777777777778 0.04739583333333333 0.9111111111111111 0.04635416666666667 0.8953703703703704 0.0484375 0.8814814814814815 0.0578125 0.8555555555555555 0.05677083333333333 0.8444444444444444 0.058333333333333334 0.8398148148148148 0.1125 0.7527777777777778 0.12604166666666666 0.7333333333333333 0.13072916666666667 0.7324074074074074
0 0.2864583333333333 0.21203703703703702 0.29635416666666664 0.21666666666666667 0.28541666666666665 0.22777777777777777 0.28020833333333334 0.23703703703703705 0.28020833333333334 0.25833333333333336 0.27395833333333336 0.262037037037037 0.25833333333333336 0.25555555555555554 0.25625 0.2462962962962963 0.25677083333333334 0.23333333333333334 0.25885416666666666 0.22685185185185186 0.26614583333333336 0.21851851851851853 0.275 0.21296296296296297 0.2859375 0.21203703703703702
0 0.4421875 0.38981481481481484 0.4505208333333333 0.3962962962962963 0.453125 0.40370370370370373 0.4546875 0.4185185185185185 0.45364583333333336 0.44166666666666665 0.4479166666666667 0.4527777777777778 0.4390625 0.44537037037037036 0.41302083333333334 0.4425925925925926 0.4088541666666667 0.43703703703703706 0.4109375 0.4148148148148148 0.41770833333333335 0.39351851851851855 0.44166666666666665 0.38981481481481484
0 0.2484375 0.5407407407407407 0.26875 0.5425925925925926 0.2786458333333333 0.55 0.2828125 0.5601851851851852 0.284375 0.5768518518518518 0.284375 0.5842592592592593 0.28072916666666664 0.5962962962962963 0.2682291666666667 0.6111111111111112 0.2557291666666667 0.6046296296296296 0.24114583333333334 0.6018518518518519 0.2375 0.612037037037037 0.215625 0.6203703703703703 0.20677083333333332 0.6324074074074074 0.20260416666666667 0.6324074074074074 0.19635416666666666 0.6268518518518519 0.1890625 0.6268518518518519 0.18541666666666667 0.6212962962962963 0.18177083333333333 0.6083333333333333 0.18072916666666666 0.5944444444444444 0.18333333333333332 0.5703703703703704 0.18645833333333334 0.5601851851851852 0.21875 0.5444444444444444 0.24791666666666667 0.5407407407407407
0 0.5416666666666666 0.11851851851851852 0.5505208333333333 0.12129629629629629 0.5505208333333333 0.14166666666666666 0.5432291666666667 0.15185185185185185 0.5317708333333333 0.14907407407407408 0.5270833333333333 0.1527777777777778 0.5229166666666667 0.15092592592592594 0.5239583333333333 0.14074074074074075 0.5328125 0.12222222222222222 0.5411458333333333 0.11851851851851852
0 0.18125 0.3814814814814815 0.18958333333333333 0.38333333333333336 0.19635416666666666 0.39166666666666666 0.19895833333333332 0.4009259259259259 0.19791666666666666 0.41574074074074074 0.18020833333333333 0.4287037037037037 0.16770833333333332 0.44351851851851853 0.16197916666666667 0.4564814814814815 0.1578125 0.4583333333333333 0.14114583333333333 0.4537037037037037 0.13385416666666666 0.44537037037037036 0.1296875 0.4324074074074074 0.13072916666666667 0.412962962962963 0.13645833333333332 0.40370370370370373 0.15416666666666667 0.387037037037037 0.16145833333333334 0.38333333333333336 0.18072916666666666 0.3814814814814815
0 0.09895833333333333 0.40555555555555556 0.109375 0.412962962962963 0.1125 0.42685185185185187 0.1125 0.43425925925925923 0.10989583333333333 0.4425925925925926 0.10572916666666667 0.44814814814814813 0.09427083333333333 0.4546296296296296 0.06614583333333333 0.49074074074074076 0.06145833333333333 0.4935185185185185 0.04635416666666667 0.49166666666666664 0.030208333333333334 0.47962962962962963 0.027083333333333334 0.4703703703703704 0.028645833333333332 0.45 0.05677083333333333 0.41944444444444445 0.07447916666666667 0.4166666666666667 0.08802083333333334 0.40555555555555556 0.0984375 0.40555555555555556
0 0.4552083333333333 0.08055555555555556 0.46197916666666666 0.08518518518518518 0.4630208333333333 0.09259259259259259 0.46041666666666664 0.09907407407407408 0.45 0.10740740740740741 0.4390625 0.10833333333333334 0.4354166666666667 0.1037037037037037 0.4354166666666667 0.09259259259259259 0.44583333333333336 0.0787037037037037 0.4546875 0.08055555555555556
0 0.5322916666666667 0.37407407407407406 0.5401041666666667 0.3861111111111111 0.5546875 0.4203703703703704 0.5640625 0.4527777777777778 0.5640625 0.46574074074074073 0.5604166666666667 0.4759259259259259 0.5442708333333334 0.4824074074074074 0.5328125 0.4777777777777778 0.528125 0.4638888888888889 0.5151041666666667 0.4398148148148148 0.5083333333333333 0.4185185185185185 0.5078125 0.39351851851851855 0.5109375 0.38333333333333336 0.5177083333333333 0.37592592592592594 0.5317708333333333 0.37407407407407406
0 0.5088541666666667 0.6361111111111111 0.6067708333333334 0.6907407407407408 0.6197916666666666 0.6953703703703704 0.6244791666666667 0.7018518518518518 0.6239583333333333 0.7277777777777777 0.6255208333333333 0.7305555555555555 0.6302083333333334 0.7333333333333333 0.6359375 0.7194444444444444 0.6416666666666667 0.7222222222222222 0.6473958333333333 0.7305555555555555 0.6583333333333333 0.7555555555555555 0.6614583333333334 0.7870370370370371 0.6614583333333334 0.8185185185185185 0.6588541666666666 0.8453703703703703 0.6552083333333333 0.8657407407407407 0.6510416666666666 0.8731481481481481 0.6369791666666667 0.8685185185185185 0.6276041666666666 0.8722222222222222 0.6192708333333333 0.8703703703703703 0.6083333333333333 0.8537037037037037 0.5979166666666667 0.8527777777777777 0.5776041666666667 0.8388888888888889 0.5708333333333333 0.8379629629629629 0.5526041666666667 0.8240740740740741 0.5473958333333333 0.8166666666666667 0.5390625 0.8203703703703704 0.5286458333333334 0.8175925925925925 0.521875 0.8083333333333333 0.5166666666666667 0.7925925925925926 0.5026041666666666 0.7833333333333333 0.4890625 0.7787037037037037 0.4875 0.7759259259259259 0.4875 0.7203703703703703 0.484375 0.7074074074074074 0.4953125 0.6620370370370371 0.5036458333333333 0.637962962962963 0.5083333333333333 0.6361111111111111
0 0.41510416666666666 0.21481481481481482 0.43854166666666666 0.2212962962962963 0.4427083333333333 0.22870370370370371 0.44479166666666664 0.2953703703703704 0.4432291666666667 0.29907407407407405 0.4354166666666667 0.3037037037037037 0.43697916666666664 0.3074074074074074 0.4432291666666667 0.3101851851851852 0.4427083333333333 0.32037037037037036 0.4348958333333333 0.3425925925925926 0.4234375 0.3537037037037037 0.42135416666666664 0.3768518518518518 0.4088541666666667 0.39351851851851855 0.403125 0.40555555555555556 0.4015625 0.41574074074074074 0.3932291666666667 0.4212962962962963 0.38385416666666666 0.44166666666666665 0.3729166666666667 0.4583333333333333 0.35208333333333336 0.4537037037037037 0.334375 0.44166666666666665 0.3260416666666667 0.3675925925925926 0.32708333333333334 0.3277777777777778 0.334375 0.3074074074074074 0.3828125 0.23981481481481481 0.4041666666666667 0.21666666666666667 0.41458333333333336 0.21481481481481482
0 0.759375 0.4083333333333333 0.7661458333333333 0.41759259259259257 0.7713541666666667 0.4444444444444444 0.7640625 0.4462962962962963 0.7567708333333333 0.4398148148148148 0.7541666666666667 0.4425925925925926 0.76875 0.45555555555555555 0.7729166666666667 0.46296296296296297 0.7765625 0.48518518518518516 0.7776041666666667 0.5064814814814815 0.7723958333333333 0.5157407407407407 0.76875 0.5175925925925926 0.7515625 0.5148148148148148 0.7395833333333334 0.5055555555555555 0.7338541666666667 0.44907407407407407 0.7348958333333333 0.4351851851851852 0.7484375 0.4351851851851852 0.7375 0.425 0.7364583333333333 0.41759259259259257 0.7395833333333334 0.4101851851851852 0.7479166666666667 0.4064814814814815 0.7588541666666667 0.4083333333333333
1 0.33489583333333334 0.975925925925926 0.3458333333333333 0.9805555555555555 0.3484375 0.9861111111111112 0.3484375 0.9990740740740741 0.33177083333333335 0.9990740740740741 0.32760416666666664 0.9824074074074074 0.32916666666666666 0.9787037037037037 0.334375 0.9768518518518519
1 0.5953125 0.4083333333333333 0.5984375 0.42407407407407405 0.5984375 0.4361111111111111 0.596875 0.45092592592592595 0.59375 0.4546296296296296 0.5885416666666666 0.4546296296296296 0.5869791666666667 0.44814814814814813 0.5916666666666667 0.40925925925925927 0.5947916666666667 0.4083333333333333
1 0.421875 0.8629629629629629 0.43020833333333336 0.8694444444444445 0.4328125 0.8870370370370371 0.4322916666666667 0.8972222222222223 0.42604166666666665 0.9101851851851852 0.42864583333333334 0.925 0.42552083333333335 0.9296296296296296 0.42135416666666664 0.9296296296296296 0.4166666666666667 0.8888888888888888 0.42291666666666666 0.8740740740740741 0.421875 0.8638888888888889
1 0.12083333333333333 0.28703703703703703 0.12552083333333333 0.2953703703703704 0.12864583333333332 0.31574074074074077 0.12708333333333333 0.3194444444444444 0.12291666666666666 0.3194444444444444 0.11510416666666666 0.3 0.115625 0.29074074074074074 0.1203125 0.28703703703703703
1 0.5916666666666667 0.2851851851851852 0.59375 0.2916666666666667 0.5916666666666667 0.31851851851851853 0.5885416666666666 0.3175925925925926 0.5854166666666667 0.29907407407407405 0.5864583333333333 0.28703703703703703 0.5911458333333334 0.2851851851851852
1 0.06041666666666667 0.3472222222222222 0.06822916666666666 0.375 0.0609375 0.37962962962962965 0.05 0.3537037037037037 0.0484375 0.34444444444444444 0.04895833333333333 0.3388888888888889 0.05364583333333333 0.3351851851851852 0.059895833333333336 0.3472222222222222
1 0.115625 0.3388888888888889 0.11822916666666666 0.3425925925925926 0.12083333333333333 0.35648148148148145 0.12864583333333332 0.36574074074074076 0.12864583333333332 0.36944444444444446 0.11927083333333334 0.3675925925925926 0.115625 0.3712962962962963 0.11145833333333334 0.3537037037037037 0.11145833333333334 0.3398148148148148 0.11510416666666666 0.3398148148148148
1 0.8130208333333333 0.6361111111111111 0.025 0.05
1 0.16666666666666666 0.25833333333333336 0.17604166666666668 0.2814814814814815 0.17604166666666668 0.2861111111111111 0.17239583333333333 0.2898148148148148 0.16770833333333332 0.28425925925925927 0.16510416666666666 0.2851851851851852 0.16145833333333334 0.2722222222222222 0.1640625 0.25925925925925924 0.16614583333333333 0.25833333333333336
1 0.8916666666666667 0.6787037037037037 0.8932291666666666 0.6814814814814815 0.8921875 0.6925925925925925 0.8953125 0.6990740740740741 0.8854166666666666 0.7064814814814815 0.8734375 0.7277777777777777 0.86875 0.7240740740740741 0.8682291666666667 0.7138888888888889 0.8739583333333333 0.7083333333333334 0.8755208333333333 0.6916666666666667 0.884375 0.6787037037037037 0.8911458333333333 0.6787037037037037
1 0.36666666666666664 0.8657407407407407 0.3729166666666667 0.8740740740740741 0.37552083333333336 0.8824074074074074 0.3776041666666667 0.9083333333333333 0.3734375 0.912962962962963 0.3645833333333333 0.9009259259259259 0.3619791666666667 0.8925925925925926 0.3625 0.8685185185185185 0.36614583333333334 0.8657407407407407
1 0.5682291666666667 0.3972222222222222 0.5713541666666667 0.4046296296296296 0.571875 0.4166666666666667 0.5708333333333333 0.43148148148148147 0.5671875 0.4388888888888889 0.5619791666666667 0.4361111111111111 0.5604166666666667 0.4185185185185185 0.5630208333333333 0.4046296296296296 0.5677083333333334 0.3972222222222222
1 0.11614583333333334 0.37037037037037035 0.11770833333333333 0.37962962962962965 0.11614583333333334 0.3814814814814815 0.11145833333333334 0.37592592592592594 0.10572916666666667 0.38333333333333336 0.10104166666666667 0.3416666666666667 0.10104166666666667 0.33425925925925926 0.10416666666666667 0.33055555555555555 0.109375 0.33796296296296297 0.11302083333333333 0.3638888888888889 0.115625 0.37037037037037035
1 0.35885416666666664 0.8870370370370371 0.3625 0.9 0.36302083333333335 0.9194444444444444 0.3692708333333333 0.9296296296296296 0.3692708333333333 0.9351851851851852 0.36666666666666664 0.937037037037037 0.359375 0.9277777777777778 0.35208333333333336 0.9231481481481482 0.35 0.9175925925925926 0.35104166666666664 0.8833333333333333 0.35572916666666665 0.8814814814814815 0.35833333333333334 0.8870370370370371
1 0.5828125 0.24722222222222223 0.5848958333333333 0.23796296296296296 0.5885416666666666 0.23425925925925925 0.5916666666666667 0.2462962962962963 0.5890625 0.26851851851851855 0.584375 0.2712962962962963 0.5833333333333334 0.24814814814814815
1 0.140625 0.28425925925925927 0.1484375 0.32037037037037036 0.1421875 0.32407407407407407 0.1375 0.30925925925925923 0.1359375 0.29259259259259257 0.14010416666666667 0.2851851851851852
1 0.5932291666666667 0.20277777777777778 0.5947916666666667 0.20925925925925926 0.5916666666666667 0.22962962962962963 0.5880208333333333 0.22870370370370371 0.5875 0.2101851851851852 0.5895833333333333 0.20277777777777778 0.5927083333333333 0.20277777777777778
1 0.16614583333333333 0.275 0.171875 0.28888888888888886 0.17291666666666666 0.30833333333333335 0.17135416666666667 0.3111111111111111 0.1640625 0.3 0.16197916666666667 0.2916666666666667 0.16302083333333334 0.2777777777777778 0.165625 0.275
1 0.5015625 0.5092592592592593 0.5046875 0.5111111111111111 0.5083333333333333 0.5212962962962963 0.50625 0.5416666666666666 0.5015625 0.5592592592592592 0.49947916666666664 0.5574074074074075 0.49895833333333334 0.5194444444444445 0.4953125 0.5120370370370371 0.5010416666666667 0.5092592592592593
1 0.14791666666666667 0.2861111111111111 0.15416666666666667 0.2916666666666667 0.159375 0.3148148148148148 0.15833333333333333 0.32037037037037036 0.15104166666666666 0.325 0.14583333333333334 0.2953703703703704 0.14739583333333334 0.2861111111111111
1 0.9916666666666667 0.7675925925925926 0.016666666666666666 0.044444444444444446
1 0.5916666666666667 0.3194444444444444 0.5953125 0.3212962962962963 0.5979166666666667 0.3287037037037037 0.59375 0.35462962962962963 0.5916666666666667 0.36203703703703705 0.5901041666666667 0.36203703703703705 0.5890625 0.33425925925925926 0.5916666666666667 0.32037037037037036
1 0.5953125 0.26296296296296295 0.5984375 0.26666666666666666 0.6005208333333333 0.275 0.5984375 0.30462962962962964 0.59375 0.30462962962962964 0.59375 0.28888888888888886 0.590625 0.2814814814814815 0.5911458333333334 0.2740740740740741 0.5953125 0.2638888888888889
1 0.6125 0.4111111111111111 0.6151041666666667 0.42962962962962964 0.609375 0.45740740740740743 0.6067708333333334 0.4564814814814815 0.6078125 0.44537037037037036 0.6057291666666667 0.43333333333333335 0.609375 0.412962962962963 0.6119791666666666 0.4111111111111111
1 0.5661458333333333 0.3712962962962963 0.5697916666666667 0.3814814814814815 0.5697916666666667 0.38796296296296295 0.5604166666666667 0.4111111111111111 0.5598958333333334 0.3972222222222222 0.5625 0.37407407407407406 0.565625 0.3712962962962963
1 0.7098958333333333 0.49444444444444446 0.7130208333333333 0.5101851851851852 0.7130208333333333 0.525 0.7078125 0.5314814814814814 0.7041666666666667 0.5481481481481482 0.6973958333333333 0.5462962962962963 0.6994791666666667 0.5398148148148149 0.6994791666666667 0.5222222222222223 0.703125 0.5064814814814815 0.70625 0.5018518518518519 0.7067708333333333 0.4962962962962963 0.709375 0.49444444444444446
1 0.6270833333333333 0.39351851851851855 0.6302083333333334 0.39166666666666666 0.6338541666666667 0.40370370370370373 0.6328125 0.4185185185185185 0.6265625 0.4398148148148148 0.6229166666666667 0.44351851851851853 0.6244791666666667 0.4324074074074074 0.6229166666666667 0.4101851851851852 0.6270833333333333 0.39444444444444443
1 0.4427083333333333 0.9092592592592592 0.4473958333333333 0.9287037037037037 0.4453125 0.9611111111111111 0.44375 0.9638888888888889 0.4390625 0.9638888888888889 0.4348958333333333 0.9351851851851852 0.4359375 0.9138888888888889 0.4421875 0.9092592592592592
1 0.6026041666666667 0.20925925925925926 0.60625 0.20833333333333334 0.6078125 0.21203703703703702 0.6057291666666667 0.23703703703703705 0.6005208333333333 0.23796296296296296 0.5979166666666667 0.24444444444444444 0.6026041666666667 0.2101851851851852
1 0.45989583333333334 0.36203703703703705 0.4671875 0.37777777777777777 0.4671875 0.38425925925925924 0.4635416666666667 0.3962962962962963 0.4630208333333333 0.40925925925925927 0.459375 0.4111111111111111 0.4588541666666667 0.3925925925925926 0.4557291666666667 0.3787037037037037 0.459375 0.362962962962963
1 0.7723958333333333 0.5388888888888889 0.76875 0.5712962962962963 0.76875 0.5898148148148148 0.765625 0.587037037037037 0.7651041666666667 0.575 0.7630208333333334 0.5703703703703704 0.7552083333333334 0.5796296296296296 0.7541666666666667 0.575925925925926 0.759375 0.5638888888888889 0.759375 0.5555555555555556 0.7640625 0.5425925925925926 0.7677083333333333 0.537962962962963 0.771875 0.5388888888888889