1 0.26197916666666665 0.9388888888888889 0.26458333333333334 0.9481481481481482 0.26875 0.9472222222222222 0.2708333333333333 0.9583333333333334 0.27708333333333335 0.9648148148148148 0.27760416666666665 0.9824074074074074 0.2760416666666667 0.987037037037037 0.27291666666666664 0.9879629629629629 0.265625 0.975925925925926 0.25833333333333336 0.9796296296296296 0.2520833333333333 0.9648148148148148 0.2515625 0.9583333333333334 0.2546875 0.9407407407407408 0.26145833333333335 0.9388888888888889
1 0.8208333333333333 0.11203703703703703 0.8234375 0.11296296296296296 0.8239583333333333 0.12407407407407407 0.8177083333333334 0.1537037037037037 0.8140625 0.1537037037037037 0.8098958333333334 0.14814814814814814 0.8104166666666667 0.1361111111111111 0.8208333333333333 0.11296296296296296
1 0.1125 0.12129629629629629 0.115625 0.12129629629629629 0.12083333333333333 0.12962962962962962 0.12760416666666666 0.15462962962962962 0.12604166666666666 0.1648148148148148 0.11927083333333334 0.1527777777777778 0.1125 0.13518518518518519 0.1125 0.12222222222222222
1 0.34322916666666664 0.8925925925925926 0.3484375 0.9009259259259259 0.3494791666666667 0.9259259259259259 0.35208333333333336 0.9342592592592592 0.35 0.9407407407407408 0.3458333333333333 0.9444444444444444 0.34375 0.9435185185185185 0.34427083333333336 0.9388888888888889 0.340625 0.9314814814814815 0.3328125 0.9277777777777778 0.3265625 0.9074074074074074 0.3265625 0.9009259259259259 0.32864583333333336 0.8972222222222223 0.33697916666666666 0.8907407407407407 0.34270833333333334 0.8925925925925926
1 0.6125 0.1486111111111111 0.009375 0.04722222222222222
1 0.04739583333333333 0.12129629629629629 0.05572916666666667 0.13055555555555556 0.059375 0.14722222222222223 0.0640625 0.15833333333333333 0.0640625 0.1638888888888889 0.06041666666666667 0.1638888888888889 0.042708333333333334 0.1259259259259259 0.043229166666666666 0.12129629629629629 0.046875 0.12129629629629629
1 0.81875 0.3925925925925926 0.81875 0.4185185185185185 0.8083333333333333 0.4351851851851852 0.8072916666666666 0.44537037037037036 0.8 0.43703703703703706 0.8 0.425 0.8140625 0.39537037037037037 0.8182291666666667 0.3925925925925926
1 0.17604166666666668 0.026851851851851852 0.18229166666666666 0.037037037037037035 0.18229166666666666 0.05277777777777778 0.17864583333333334 0.05277777777777778 0.175 0.041666666666666664 0.17395833333333333 0.02962962962962963 0.17552083333333332 0.026851851851851852
1 0.04010416666666667 0.2037037037037037 0.04479166666666667 0.2101851851851852 0.0484375 0.22685185185185186 0.05260416666666667 0.23425925925925925 0.04635416666666667 0.24814814814814815 0.043229166666666666 0.2462962962962963 0.041666666666666664 0.2361111111111111 0.03125 0.20925925925925926 0.0328125 0.19814814814814816 0.036458333333333336 0.19814814814814816 0.03958333333333333 0.2037037037037037
1 0.14375 0.07314814814814814 0.1546875 0.09907407407407408 0.15572916666666667 0.10648148148148148 0.15416666666666667 0.10925925925925926 0.14791666666666667 0.10555555555555556 0.1390625 0.08703703703703704 0.13958333333333334 0.07407407407407407 0.14322916666666666 0.07314814814814814
1 0.17864583333333334 0.3055555555555556 0.18645833333333334 0.32037037037037036 0.18958333333333333 0.33611111111111114 0.19427083333333334 0.34814814814814815 0.1921875 0.3527777777777778 0.18854166666666666 0.35185185185185186 0.18020833333333333 0.3416666666666667 0.175 0.31203703703703706 0.175 0.30648148148148147 0.178125 0.3055555555555556
1 0.5848958333333333 0.13055555555555556 0.5880208333333333 0.13518518518518519 0.5890625 0.14629629629629629 0.5848958333333333 0.16574074074074074 0.5807291666666666 0.1712962962962963 0.5796875 0.16296296296296298 0.5802083333333333 0.1361111111111111 0.584375 0.13148148148148148
1 0 0.5907407407407408 0.005729166666666666 0.5888888888888889 0.011979166666666667 0.5925925925925926 0.016145833333333335 0.6046296296296296 0.027083333333333334 0.6194444444444445 0.026041666666666668 0.6222222222222222 0.021875 0.6222222222222222 0.016145833333333335 0.6166666666666667 0.0125 0.6175925925925926 0.011979166666666667 0.6222222222222222 0.019270833333333334 0.6296296296296297 0.017708333333333333 0.6351851851851852 0.015625 0.6361111111111111 0.0067708333333333336 0.6287037037037037 0.0026041666666666665 0.6231481481481481 0.0020833333333333333 0.6148148148148148 0 0.6138888888888889 0 0.5916666666666667
1 0.3645833333333333 0.5175925925925926 0.3697916666666667 0.5222222222222223 0.3729166666666667 0.5296296296296297 0.375 0.5453703703703704 0.37395833333333334 0.5509259259259259 0.35572916666666665 0.5444444444444444 0.35572916666666665 0.5342592592592592 0.35885416666666664 0.5222222222222223 0.36041666666666666 0.5185185185185185 0.3640625 0.5175925925925926
1 0.08958333333333333 0.11203703703703703 0.09947916666666666 0.12962962962962962 0.09739583333333333 0.13703703703703704 0.1046875 0.14722222222222223 0.0984375 0.14814814814814814 0.0984375 0.15833333333333333 0.09635416666666667 0.15925925925925927 0.09427083333333333 0.1574074074074074 0.09270833333333334 0.14351851851851852 0.084375 0.12685185185185185 0.0859375 0.11388888888888889 0.0890625 0.11203703703703703
1 0.896875 0.5277777777777778 0.9109375 0.5101851851851852 0.9151041666666667 0.5138888888888888 0.9135416666666667 0.5324074074074074 0.9109375 0.537962962962963 0.9015625 0.5462962962962963 0.8979166666666667 0.5666666666666667 0.89375 0.5574074074074075 0.8890625 0.5574074074074075 0.896875 0.5287037037037037
1 0.3177083333333333 0.9138888888888889 0.32083333333333336 0.9166666666666666 0.3260416666666667 0.9407407407407408 0.325 0.9481481481481482 0.32135416666666666 0.9527777777777777 0.3171875 0.9527777777777777 0.31666666666666665 0.9453703703703704 0.3020833333333333 0.925 0.3026041666666667 0.9175925925925926 0.3104166666666667 0.9101851851851852 0.3171875 0.9138888888888889
1 0.11822916666666666 0.06388888888888888 0.12291666666666666 0.06388888888888888 0.12760416666666666 0.0712962962962963 0.1296875 0.08888888888888889 0.13333333333333333 0.09814814814814815 0.12916666666666668 0.10185185185185185 0.13072916666666667 0.10833333333333334 0.1296875 0.11018518518518519 0.12552083333333333 0.10833333333333334 0.1171875 0.07777777777777778 0.11822916666666666 0.06481481481481481
1 0.5057291666666667 0.7925925925925926 0.515625 0.8101851851851852 0.515625 0.8314814814814815 0.5067708333333333 0.8342592592592593 0.5010416666666667 0.8287037037037037 0.49947916666666664 0.8203703703703704 0.49895833333333334 0.799074074074074 0.5052083333333334 0.7925925925925926
1 0.28802083333333334 0.9138888888888889 0.29791666666666666 0.9231481481481482 0.3020833333333333 0.9305555555555556 0.3046875 0.9527777777777777 0.30052083333333335 0.9629629629629629 0.29739583333333336 0.9629629629629629 0.2942708333333333 0.95 0.2833333333333333 0.9388888888888889 0.2833333333333333 0.9287037037037037 0.2791666666666667 0.9212962962962963 0.2796875 0.9166666666666666 0.28229166666666666 0.912962962962963 0.2875 0.9138888888888889
1 0.17916666666666667 0.05648148148148148 0.18177083333333333 0.05 0.18541666666666667 0.05185185185185185 0.19010416666666666 0.07037037037037037 0.19427083333333334 0.07777777777777778 0.19427083333333334 0.08148148148148149 0.1859375 0.08981481481481482 0.18489583333333334 0.07407407407407407 0.1796875 0.05740740740740741
1 0.21302083333333333 0.018518518518518517 0.21614583333333334 0.018518518518518517 0.2203125 0.027777777777777776 0.22239583333333332 0.04351851851851852 0.22552083333333334 0.05 0.22395833333333334 0.05555555555555555 0.2203125 0.05925925925925926 0.21822916666666667 0.05740740740740741 0.21302083333333333 0.03611111111111111 0.21302083333333333 0.019444444444444445
1 0.5770833333333333 0.10648148148148148 0.5791666666666667 0.11574074074074074 0.5755208333333334 0.14629629629629629 0.5713541666666667 0.15092592592592594 0.5692708333333333 0.10925925925925926 0.5729166666666666 0.10185185185185185 0.5765625 0.10648148148148148
1 0.057291666666666664 0.17777777777777778 0.06041666666666667 0.17592592592592593 0.06666666666666667 0.18425925925925926 0.07604166666666666 0.2064814814814815 0.07239583333333334 0.2212962962962963 0.06927083333333334 0.22314814814814815 0.06822916666666666 0.20925925925925926 0.06145833333333333 0.20277777777777778 0.0578125 0.19444444444444445 0.057291666666666664 0.1787037037037037
1 0.36354166666666665 0.5462962962962963 0.371875 0.549074074074074 0.3802083333333333 0.5601851851851852 0.37552083333333336 0.5675925925925925 0.3729166666666667 0.5925925925925926 0.3703125 0.5990740740740741 0.36875 0.5990740740740741 0.36666666666666664 0.5740740740740741 0.3625 0.5666666666666667 0.359375 0.5740740740740741 0.35833333333333334 0.5722222222222222 0.35885416666666664 0.5555555555555556 0.36302083333333335 0.5462962962962963
1 0.16458333333333333 0.046296296296296294 0.17291666666666666 0.05648148148148148 0.17864583333333334 0.07685185185185185 0.17864583333333334 0.07962962962962963 0.175 0.07962962962962963 0.171875 0.08703703703703704 0.16979166666666667 0.08518518518518518 0.16458333333333333 0.062037037037037036 0.16458333333333333 0.04722222222222222
1 0.37604166666666666 0.7546296296296297 0.3729166666666667 0.7537037037037037 0.37083333333333335 0.7481481481481481 0.3703125 0.7305555555555555 0.3640625 0.7240740740740741 0.3640625 0.7055555555555556 0.3729166666666667 0.6981481481481482 0.3770833333333333 0.6990740740740741 0.3796875 0.7046296296296296 0.37916666666666665 0.7268518518518519 0.38333333333333336 0.7379629629629629 0.3776041666666667 0.7453703703703703 0.3765625 0.7537037037037037
1 0.14010416666666667 0.09074074074074075 0.15208333333333332 0.10925925925925926 0.15208333333333332 0.11296296296296296 0.15729166666666666 0.12314814814814815 0.15416666666666667 0.12407407407407407 0.1515625 0.11944444444444445 0.146875 0.1175925925925926 0.14583333333333334 0.12037037037037036 0.14739583333333334 0.13055555555555556 0.14375 0.13240740740740742 0.14166666666666666 0.11574074074074074 0.13697916666666668 0.09907407407407408 0.13958333333333334 0.09166666666666666
1 0.7755208333333333 0.8638888888888889 0.7791666666666667 0.8666666666666667 0.7802083333333333 0.8731481481481481 0.7802083333333333 0.8833333333333333 0.7744791666666667 0.899074074074074 0.7755208333333333 0.9074074074074074 0.7697916666666667 0.9092592592592592 0.7645833333333333 0.8981481481481481 0.7546875 0.9009259259259259 0.7479166666666667 0.9083333333333333 0.7421875 0.9055555555555556 0.7432291666666667 0.9009259259259259 0.7598958333333333 0.8888888888888888 0.7645833333333333 0.875 0.7645833333333333 0.8657407407407407 0.775 0.8648148148148148
1 0.5614583333333333 0.10740740740740741 0.5635416666666667 0.10925925925925926 0.5640625 0.11481481481481481 0.5625 0.13333333333333333 0.5578125 0.15185185185185185 0.5552083333333333 0.14907407407407408 0.5541666666666667 0.125 0.5567708333333333 0.10833333333333334 0.5609375 0.10740740740740741
1 0.04895833333333333 0.17777777777777778 0.057291666666666664 0.1925925925925926 0.0578125 0.2101851851851852 0.0609375 0.2175925925925926 0.059375 0.22314814814814815 0.057291666666666664 0.22314814814814815 0.04114583333333333 0.1962962962962963 0.043229166666666666 0.18055555555555555 0.0484375 0.17777777777777778
1 0.5921875 0.014814814814814815 0.5953125 0.012962962962962963 0.596875 0.017592592592592594 0.5942708333333333 0.05 0.5916666666666667 0.05740740740740741 0.5885416666666666 0.058333333333333334 0.5875 0.027777777777777776 0.5921875 0.01574074074074074
1 0.1578125 0.075 0.1609375 0.075 0.165625 0.08518518518518518 0.17291666666666666 0.11481481481481481 0.171875 0.12222222222222222 0.16822916666666668 0.12222222222222222 0.16614583333333333 0.11851851851851852 0.15833333333333333 0.09444444444444444 0.1578125 0.07592592592592592
1 0.6333333333333333 0.09074074074074075 0.6354166666666666 0.09537037037037037 0.6354166666666666 0.1111111111111111 0.6302083333333334 0.12685185185185185 0.6296875 0.1361111111111111 0.6265625 0.13703703703703704 0.6255208333333333 0.10555555555555556 0.6265625 0.09907407407407408 0.6328125 0.09166666666666666
1 0.36614583333333334 0.8666666666666667 0.3729166666666667 0.8731481481481481 0.3765625 0.8861111111111111 0.3734375 0.8935185185185185 0.375 0.9194444444444444 0.3671875 0.925 0.365625 0.9148148148148149 0.3578125 0.9120370370370371 0.35572916666666665 0.8833333333333333 0.3614583333333333 0.8694444444444445 0.365625 0.8675925925925926
1 0.64375 0.024074074074074074 0.6473958333333333 0.026851851851851852 0.6489583333333333 0.03518518518518519 0.6442708333333333 0.05555555555555555 0.64375 0.06574074074074074 0.640625 0.06759259259259259 0.6390625 0.03888888888888889 0.64375 0.025
1 0.5604166666666667 0.08425925925925926 0.5640625 0.08425925925925926 0.5661458333333333 0.09166666666666666 0.5645833333333333 0.10925925925925926 0.5598958333333334 0.10833333333333334 0.5578125 0.10277777777777777 0.5578125 0.09444444444444444 0.5604166666666667 0.08518518518518518
1 0.005729166666666666 0.24351851851851852 0.011979166666666667 0.25277777777777777 0.019270833333333334 0.27037037037037037 0.023958333333333335 0.2851851851851852 0.022395833333333334 0.29074074074074074 0.01875 0.29074074074074074 0.014583333333333334 0.2861111111111111 0.007291666666666667 0.26944444444444443 0 0.262037037037037 0 0.24722222222222223 0.005208333333333333 0.24351851851851852
1 0.24270833333333333 0.9462962962962963 0.25833333333333336 0.9777777777777777 0.25729166666666664 0.9842592592592593 0.2520833333333333 0.9888888888888889 0.2484375 0.9879629629629629 0.24166666666666667 0.975925925925926 0.23802083333333332 0.9861111111111112 0.23177083333333334 0.9768518518518519 0.22916666666666666 0.9555555555555556 0.23802083333333332 0.9453703703703704 0.2421875 0.9462962962962963
1 0.09635416666666667 0.07962962962962963 0.10208333333333333 0.08981481481481482 0.109375 0.11481481481481481 0.10729166666666666 0.11944444444444445 0.103125 0.11851851851851852 0.10208333333333333 0.11296296296296296 0.09166666666666666 0.09444444444444444 0.09114583333333333 0.08333333333333333 0.09583333333333334 0.07962962962962963
1 0.5729166666666666 0.2953703703703704 0.5755208333333334 0.3138888888888889 0.5723958333333333 0.3333333333333333 0.5677083333333334 0.3388888888888889 0.565625 0.3351851851851852 0.5635416666666667 0.3111111111111111 0.5671875 0.3 0.5703125 0.29444444444444445 0.5723958333333333 0.2953703703703704
1 0.7953125 0.31851851851851853 0.796875 0.3212962962962963 0.7916666666666666 0.3333333333333333 0.7916666666666666 0.34074074074074073 0.7864583333333334 0.36203703703703705 0.7833333333333333 0.3592592592592593 0.7828125 0.3472222222222222 0.7807291666666667 0.3527777777777778 0.7776041666666667 0.35185185185185186 0.7770833333333333 0.3472222222222222 0.7848958333333333 0.33240740740740743 0.7869791666666667 0.32037037037037036 0.7901041666666667 0.31666666666666665 0.7947916666666667 0.31851851851851853
1 0.2390625 0 0.24635416666666668 0 0.24739583333333334 0.008333333333333333 0.246875 0.013888888888888888 0.24114583333333334 0.022222222222222223 0.2390625 0.019444444444444445 0.2390625 0.000925925925925926
1 0.6614583333333334 0.10092592592592593 0.6645833333333333 0.1037037037037037 0.6671875 0.11296296296296296 0.6645833333333333 0.14351851851851852 0.6625 0.14722222222222223 0.6588541666666666 0.14722222222222223 0.6567708333333333 0.1398148148148148 0.6567708333333333 0.11666666666666667 0.6609375 0.10185185185185185
1 0.6505208333333333 0.23703703703703705 0.653125 0.2574074074074074 0.6484375 0.26851851851851855 0.6473958333333333 0.2824074074074074 0.6447916666666667 0.287962962962963 0.6416666666666667 0.28703703703703703 0.6421875 0.25555555555555554 0.646875 0.23796296296296296 0.65 0.23703703703703705
1 0.4703125 0.7148148148148148 0.47708333333333336 0.7268518518518519 0.48072916666666665 0.7435185185185185 0.47708333333333336 0.7527777777777778 0.4666666666666667 0.7657407407407407 0.4630208333333333 0.7509259259259259 0.4609375 0.7296296296296296 0.4635416666666667 0.7194444444444444 0.46979166666666666 0.7148148148148148
1 0.2625 0 0.27239583333333334 0 0.2708333333333333 0.022222222222222223 0.26875 0.025925925925925925 0.26614583333333336 0.022222222222222223 0.26614583333333336 0.014814814814814815 0.2625 0.000925925925925926
1 0.8296875 0.45092592592592595 0.83125 0.4537037037037037 0.8302083333333333 0.4675925925925926 0.821875 0.49074074074074076 0.8229166666666666 0.4981481481481482 0.8208333333333333 0.5018518518518519 0.8140625 0.5037037037037037 0.8114583333333333 0.5037037037037037 0.8098958333333334 0.5 0.8171875 0.4703703703703704 0.8265625 0.45092592592592595 0.8291666666666667 0.45092592592592595
1 0.6802083333333333 0.36574074074074076 0.6828125 0.37592592592592594 0.6802083333333333 0.40370370370370373 0.678125 0.40925925925925927 0.6723958333333333 0.412962962962963 0.6682291666666667 0.42314814814814816 0.6661458333333333 0.41759259259259257 0.6677083333333333 0.4009259259259259 0.6739583333333333 0.37592592592592594 0.6796875 0.36574074074074076
1 0.5708333333333333 0.23148148148148148 0.5744791666666667 0.24351851851851852 0.5744791666666667 0.25092592592592594 0.5671875 0.2796296296296296 0.5640625 0.24351851851851852 0.5671875 0.23333333333333334 0.5703125 0.23148148148148148
1 0.19947916666666668 0.03148148148148148 0.20364583333333333 0.04259259259259259 0.20364583333333333 0.05462962962962963 0.20833333333333334 0.06388888888888888 0.20625 0.06759259259259259 0.20260416666666667 0.06759259259259259 0.19947916666666668 0.06296296296296296 0.19375 0.04259259259259259 0.19375 0.03425925925925926 0.19583333333333333 0.030555555555555555 0.19895833333333332 0.03148148148148148
1 0.4354166666666667 0.8157407407407408 0.4421875 0.825 0.4432291666666667 0.8398148148148148 0.44583333333333336 0.8444444444444444 0.440625 0.8527777777777777 0.44166666666666665 0.862037037037037 0.4317708333333333 0.862037037037037 0.43072916666666666 0.8592592592592593 0.43072916666666666 0.8296296296296296 0.4276041666666667 0.8175925925925925 0.43020833333333336 0.8138888888888889 0.4348958333333333 0.8157407407407408
1 0.4973958333333333 0.7657407407407407 0.5041666666666667 0.7907407407407407 0.4973958333333333 0.8018518518518518 0.48854166666666665 0.8055555555555556 0.48489583333333336 0.8037037037037037 0.484375 0.8 0.4895833333333333 0.7925925925925926 0.49166666666666664 0.7694444444444445 0.496875 0.7657407407407407
1 0.5708333333333333 0.3351851851851852 0.5729166666666666 0.33796296296296297 0.5770833333333333 0.36203703703703705 0.5682291666666667 0.3861111111111111 0.5661458333333333 0.3851851851851852 0.5677083333333334 0.3685185185185185 0.5651041666666666 0.34814814814814815 0.5677083333333334 0.33796296296296297 0.5703125 0.33611111111111114
1 0.5932291666666667 0.1111111111111111 0.5953125 0.11296296296296296 0.5973958333333333 0.1259259259259259 0.5953125 0.14629629629629629 0.5921875 0.1537037037037037 0.5890625 0.14722222222222223 0.5885416666666666 0.12222222222222222 0.5927083333333333 0.1111111111111111
1 0.49166666666666664 0.8157407407407408 0.5020833333333333 0.8314814814814815 0.503125 0.837037037037037 0.49895833333333334 0.850925925925926 0.5010416666666667 0.8592592592592593 0.49895833333333334 0.8648148148148148 0.4947916666666667 0.8648148148148148 0.4895833333333333 0.8555555555555555 0.4791666666666667 0.85 0.4791666666666667 0.8453703703703703 0.4864583333333333 0.8314814814814815 0.4859375 0.8175925925925925 0.49114583333333334 0.8157407407407408
1 0.7932291666666667 0.14629629629629629 0.7947916666666667 0.15092592592592594 0.7932291666666667 0.16666666666666666 0.7864583333333334 0.18611111111111112 0.7833333333333333 0.18981481481481483 0.7807291666666667 0.18518518518518517 0.784375 0.1574074074074074 0.7885416666666667 0.14629629629629629 0.7927083333333333 0.14629629629629629
1 0.6994791666666667 0.31574074074074077 0.6994791666666667 0.3037037037037037 0.6953125 0.28703703703703703 0.6958333333333333 0.27037037037037037 0.6989583333333333 0.2574074074074074 0.7026041666666667 0.25925925925925924 0.7067708333333333 0.2759259259259259 0.70625 0.2833333333333333 0.7036458333333333 0.28888888888888886 0.703125 0.3148148148148148 0.7 0.31574074074074077
1 0.83125 0.12962962962962962 0.83125 0.1388888888888889 0.8244791666666667 0.16296296296296298 0.8203125 0.16203703703703703 0.8203125 0.1537037037037037 0.8265625 0.13240740740740742 0.8307291666666666 0.12962962962962962
1 0.896875 0.5027777777777778 0.8979166666666667 0.5092592592592593 0.8953125 0.5212962962962963 0.8802083333333334 0.5462962962962963 0.8770833333333333 0.5462962962962963 0.875 0.5425925925925926 0.8765625 0.5268518518518519 0.8864583333333333 0.5083333333333333 0.8963541666666667 0.5027777777777778