0 0.5192708333333333 0.15462962962962962 0.5223958333333333 0.15833333333333333 0.5239583333333333 0.16574074074074074 0.5213541666666667 0.18425925925925926 0.51875 0.18703703703703703 0.5114583333333333 0.17962962962962964 0.4953125 0.1962962962962963 0.49114583333333334 0.1935185185185185 0.49114583333333334 0.18333333333333332 0.5010416666666667 0.16111111111111112 0.5104166666666666 0.1537037037037037 0.51875 0.15462962962962962
0 0.23854166666666668 0.6194444444444445 0.2484375 0.6305555555555555 0.2520833333333333 0.6398148148148148 0.253125 0.6509259259259259 0.26145833333333335 0.6638888888888889 0.26145833333333335 0.6675925925925926 0.23958333333333334 0.6888888888888889 0.2203125 0.6944444444444444 0.21041666666666667 0.7064814814814815 0.203125 0.7055555555555556 0.1953125 0.6925925925925925 0.190625 0.6620370370370371 0.19270833333333334 0.6407407407407407 0.19583333333333333 0.6333333333333333 0.20364583333333333 0.6268518518518519 0.22760416666666666 0.6194444444444445 0.23802083333333332 0.6194444444444445
0 0.4265625 0.08981481481481482 0.4328125 0.09444444444444444 0.4359375 0.10185185185185185 0.43333333333333335 0.10925925925925926 0.42135416666666664 0.12129629629629629 0.41458333333333336 0.10925925925925926 0.4109375 0.11666666666666667 0.4078125 0.11296296296296296 0.40625 0.1037037037037037 0.4114583333333333 0.09444444444444444 0.42604166666666665 0.08981481481481482
0 0.30572916666666666 0.20277777777777778 0.3104166666666667 0.20462962962962963 0.3125 0.20925925925925926 0.31197916666666664 0.225 0.3078125 0.23055555555555557 0.29739583333333336 0.2361111111111111 0.28958333333333336 0.24722222222222223 0.27447916666666666 0.24444444444444444 0.26875 0.23703703703703705 0.2677083333333333 0.22592592592592592 0.271875 0.21296296296296297 0.284375 0.20185185185185187 0.30520833333333336 0.20277777777777778
0 0.446875 0.3907407407407407 0.453125 0.3990740740740741 0.4546875 0.4212962962962963 0.453125 0.44537037037037036 0.4505208333333333 0.45092592592592595 0.446875 0.4527777777777778 0.4390625 0.4444444444444444 0.41302083333333334 0.4425925925925926 0.40989583333333335 0.4351851851851852 0.4119791666666667 0.412962962962963 0.415625 0.4083333333333333 0.41822916666666665 0.39444444444444443 0.43385416666666665 0.38981481481481484 0.44635416666666666 0.3907407407407407
0 0.049479166666666664 0.7509259259259259 0.05260416666666667 0.7537037037037037 0.06770833333333333 0.7527777777777778 0.0703125 0.7611111111111111 0.06979166666666667 0.7685185185185185 0.06770833333333333 0.774074074074074 0.05677083333333333 0.7851851851851852 0.04010416666666667 0.8212962962962963 0.034375 0.825925925925926 0.022395833333333334 0.8240740740740741 0.0171875 0.8138888888888889 0.022916666666666665 0.8009259259259259 0.033854166666666664 0.7907407407407407 0.03802083333333333 0.7759259259259259 0.033854166666666664 0.7722222222222223 0.0328125 0.7675925925925926 0.028645833333333332 0.7722222222222223 0.0234375 0.7657407407407407 0.020833333333333332 0.7675925925925926 0.01875 0.775 0.01875 0.7648148148148148 0.030208333333333334 0.7675925925925926 0.043229166666666666 0.7527777777777778 0.04895833333333333 0.7509259259259259
0 0.5067708333333333 0.425 0.5119791666666667 0.42962962962962964 0.51875 0.4462962962962963 0.5213541666666667 0.45925925925925926 0.5296875 0.4824074074074074 0.5364583333333334 0.5166666666666667 0.5364583333333334 0.524074074074074 0.5328125 0.5361111111111111 0.51875 0.5425925925925926 0.5083333333333333 0.5416666666666666 0.5005208333333333 0.5324074074074074 0.4859375 0.47129629629629627 0.484375 0.44166666666666665 0.4864583333333333 0.43148148148148147 0.49583333333333335 0.42407407407407405 0.50625 0.425
0 0.17239583333333333 0.7916666666666666 0.18020833333333333 0.8 0.190625 0.8425925925925926 0.190625 0.8518518518518519 0.1875 0.8657407407407407 0.18229166666666666 0.8768518518518519 0.17447916666666666 0.8824074074074074 0.16145833333333334 0.8833333333333333 0.14166666666666666 0.9074074074074074 0.10729166666666666 0.9361111111111111 0.10260416666666666 0.9481481481481482 0.0953125 0.9574074074074074 0.08489583333333334 0.962037037037037 0.07395833333333333 0.9601851851851851 0.06354166666666666 0.9675925925925926 0.057291666666666664 0.9648148148148148 0.050520833333333334 0.9537037037037037 0.04375 0.9490740740740741 0.04010416666666667 0.9351851851851852 0.03958333333333333 0.9203703703703704 0.04479166666666667 0.9101851851851852 0.042708333333333334 0.8759259259259259 0.0453125 0.8638888888888889 0.11302083333333333 0.8092592592592592 0.1234375 0.8074074074074075 0.13645833333333332 0.8111111111111111 0.16354166666666667 0.7916666666666666 0.171875 0.7916666666666666
0 0.3416666666666667 0.5527777777777778 0.37395833333333334 0.5666666666666667 0.39375 0.5805555555555556 0.4 0.5888888888888889 0.40260416666666665 0.6157407407407407 0.3984375 0.6342592592592593 0.39010416666666664 0.6453703703703704 0.38125 0.649074074074074 0.375 0.6481481481481481 0.3651041666666667 0.637962962962963 0.33125 0.6259259259259259 0.3203125 0.6296296296296297 0.30625 0.6129629629629629 0.30364583333333334 0.6018518518518519 0.30364583333333334 0.5907407407407408 0.3072916666666667 0.5712962962962963 0.31354166666666666 0.5555555555555556 0.3203125 0.55 0.3411458333333333 0.5527777777777778
0 0.48489583333333336 0.20277777777777778 0.49114583333333334 0.2064814814814815 0.49583333333333335 0.22037037037037038 0.4947916666666667 0.24074074074074073 0.48854166666666665 0.2490740740740741 0.4875 0.25925925925925924 0.48489583333333336 0.26296296296296295 0.4671875 0.262037037037037 0.4635416666666667 0.2601851851851852 0.46197916666666666 0.25462962962962965 0.46510416666666665 0.22685185185185186 0.4739583333333333 0.20925925925925926 0.484375 0.20277777777777778
0 0.33697916666666666 0.6620370370370371 0.3567708333333333 0.6638888888888889 0.36666666666666664 0.6703703703703704 0.3770833333333333 0.7231481481481481 0.37395833333333334 0.7305555555555555 0.36875 0.7287037037037037 0.35625 0.7351851851851852 0.3359375 0.7351851851851852 0.32447916666666665 0.7398148148148148 0.3182291666666667 0.7388888888888889 0.31354166666666666 0.7314814814814815 0.3098958333333333 0.7148148148148148 0.31145833333333334 0.6898148148148148 0.3177083333333333 0.6648148148148149 0.3234375 0.6601851851851852 0.33645833333333336 0.6620370370370371
0 0.5958333333333333 0.475 0.6265625 0.5185185185185185 0.6473958333333333 0.5648148148148148 0.6484375 0.5787037037037037 0.646875 0.5879629629629629 0.6411458333333333 0.5990740740740741 0.6317708333333333 0.6064814814814815 0.621875 0.6064814814814815 0.6088541666666667 0.5990740740740741 0.6 0.5787037037037037 0.5791666666666667 0.5472222222222223 0.571875 0.5416666666666666 0.5671875 0.5296296296296297 0.5651041666666666 0.5092592592592593 0.5692708333333333 0.487962962962963 0.5854166666666667 0.4740740740740741 0.5953125 0.475
0 0.6125 0.6925925925925925 0.7375 0.7611111111111111 0.7421875 0.7685185185185185 0.7401041666666667 0.7796296296296297 0.7447916666666666 0.8018518518518518 0.7515625 0.8027777777777778 0.75625 0.7898148148148149 0.7614583333333333 0.7916666666666666 0.7661458333333333 0.7981481481481482 0.7760416666666666 0.8231481481481482 0.778125 0.8425925925925926 0.7796875 0.8861111111111111 0.7786458333333334 0.912962962962963 0.7729166666666667 0.9472222222222222 0.7692708333333333 0.9518518518518518 0.7640625 0.9518518518518518 0.7520833333333333 0.9444444444444444 0.7333333333333333 0.9462962962962963 0.7265625 0.9416666666666667 0.7197916666666667 0.9305555555555556 0.7098958333333333 0.9268518518518518 0.6869791666666667 0.9101851851851852 0.6817708333333333 0.9092592592592592 0.6739583333333333 0.9009259259259259 0.6598958333333333 0.8944444444444445 0.6552083333333333 0.8842592592592593 0.6505208333333333 0.8833333333333333 0.6416666666666667 0.8888888888888888 0.6333333333333333 0.8851851851851852 0.6255208333333333 0.8759259259259259 0.6203125 0.8564814814814815 0.59375 0.8416666666666667 0.5916666666666667 0.8305555555555556 0.5979166666666667 0.787962962962963 0.5953125 0.7675925925925926 0.6057291666666667 0.7074074074074074 0.6088541666666667 0.6944444444444444 0.6119791666666666 0.6935185185185185
0 0.46041666666666664 0.08611111111111111 0.465625 0.09444444444444444 0.4635416666666667 0.10648148148148148 0.4546875 0.11203703703703703 0.4427083333333333 0.11388888888888889 0.43854166666666666 0.10185185185185185 0.4432291666666667 0.08796296296296297 0.44895833333333335 0.08425925925925926 0.45989583333333334 0.08611111111111111
0 0.08489583333333334 0.3 0.09322916666666667 0.31296296296296294 0.09375 0.32407407407407407 0.08645833333333333 0.3398148148148148 0.07604166666666666 0.34444444444444444 0.06875 0.3416666666666667 0.06458333333333334 0.33240740740740743 0.053125 0.3212962962962963 0.051041666666666666 0.31296296296296294 0.058854166666666666 0.30277777777777776 0.07395833333333333 0.2935185185185185 0.08177083333333333 0.2953703703703704 0.084375 0.3
0 0.5572916666666666 0.1527777777777778 0.5609375 0.15833333333333333 0.5609375 0.17222222222222222 0.5588541666666667 0.18055555555555555 0.5536458333333333 0.18981481481481483 0.5432291666666667 0.18888888888888888 0.5338541666666666 0.19722222222222222 0.5296875 0.1935185185185185 0.5286458333333334 0.18518518518518517 0.5359375 0.16574074074074074 0.5458333333333333 0.1527777777777778 0.5567708333333333 0.1527777777777778
0 0.39427083333333335 0.25925925925925924 0.4114583333333333 0.26666666666666666 0.41510416666666666 0.2740740740740741 0.4197916666666667 0.3648148148148148 0.40989583333333335 0.3861111111111111 0.403125 0.4166666666666667 0.3932291666666667 0.42592592592592593 0.3890625 0.43333333333333335 0.37916666666666665 0.4388888888888889 0.3723958333333333 0.4564814814814815 0.3729166666666667 0.4638888888888889 0.3703125 0.4722222222222222 0.3614583333333333 0.4861111111111111 0.35260416666666666 0.5092592592592593 0.33229166666666665 0.537962962962963 0.3109375 0.5324074074074074 0.3 0.5259259259259259 0.2916666666666667 0.5166666666666667 0.284375 0.4648148148148148 0.28125 0.45555555555555555 0.278125 0.4148148148148148 0.2791666666666667 0.39537037037037037 0.29270833333333335 0.36666666666666664 0.3625 0.27037037037037037 0.3765625 0.2574074074074074 0.39375 0.25925925925925924
0 0.7588541666666667 0.4074074074074074 0.7661458333333333 0.41574074074074074 0.7703125 0.44166666666666665 0.7640625 0.44351851851851853 0.7520833333333333 0.43425925925925923 0.746875 0.4351851851851852 0.7703125 0.4564814814814815 0.775 0.4638888888888889 0.7786458333333334 0.5055555555555555 0.7734375 0.5157407407407407 0.7697916666666667 0.5175925925925926 0.7515625 0.5148148148148148 0.740625 0.5046296296296297 0.7401041666666667 0.48518518518518516 0.7348958333333333 0.4444444444444444 0.7369791666666666 0.43425925925925923 0.7447916666666666 0.43148148148148147 0.7385416666666667 0.425 0.7375 0.41574074074074074 0.7442708333333333 0.4074074074074074 0.7583333333333333 0.4074074074074074
1 0.5291666666666667 0.41759259259259257 0.5348958333333333 0.4324074074074074 0.5338541666666666 0.4527777777777778 0.5260416666666666 0.462037037037037 0.525 0.45925925925925926 0.525 0.43148148148148147 0.5265625 0.41944444444444445 0.5286458333333334 0.4185185185185185
1 0.5395833333333333 0.46944444444444444 0.5375 0.45092592592592595 0.5380208333333333 0.43148148148148147 0.5432291666666667 0.4212962962962963 0.5484375 0.43703703703703706 0.5479166666666667 0.44814814814814813 0.5442708333333334 0.4638888888888889 0.5395833333333333 0.4703703703703704
1 0.6052083333333333 0.2361111111111111 0.6072916666666667 0.24814814814814815 0.6052083333333333 0.262037037037037 0.6026041666666667 0.26666666666666666 0.6 0.26296296296296295 0.6 0.24444444444444444 0.6015625 0.23703703703703705 0.6046875 0.2361111111111111
1 0.1 0.30648148148148147 0.10625 0.31574074074074077 0.10625 0.3277777777777778 0.11041666666666666 0.33796296296296297 0.10885416666666667 0.3388888888888889 0.10208333333333333 0.3388888888888889 0.09739583333333333 0.33055555555555555 0.0953125 0.3138888888888889 0.09947916666666666 0.30648148148148147
1 0.584375 0.26851851851851855 0.5817708333333333 0.2657407407407407 0.5817708333333333 0.23796296296296296 0.5838541666666667 0.22685185185185186 0.5859375 0.22777777777777777 0.5885416666666666 0.24074074074074073 0.5848958333333333 0.2675925925925926
1 0.6125 0.2601851851851852 0.615625 0.26481481481481484 0.6161458333333333 0.2759259259259259 0.6140625 0.2962962962962963 0.6088541666666667 0.2962962962962963 0.6067708333333334 0.2777777777777778 0.6072916666666667 0.27037037037037037 0.6119791666666666 0.2611111111111111
1 0.24375 0.18888888888888888 0.24583333333333332 0.19444444444444445 0.246875 0.20925925925925926 0.24114583333333334 0.21666666666666667 0.2390625 0.21203703703703702 0.23697916666666666 0.19166666666666668 0.23958333333333334 0.18518518518518517 0.24322916666666666 0.18888888888888888
1 0.9625 0.6990740740740741 0.953125 0.725 0.94375 0.7351851851851852 0.9390625 0.7462962962962963 0.9348958333333334 0.7453703703703703 0.9317708333333333 0.7407407407407407 0.9307291666666667 0.7342592592592593 0.9380208333333333 0.7240740740740741 0.9416666666666667 0.7111111111111111 0.95625 0.6972222222222222 0.9619791666666667 0.6990740740740741
1 0.42604166666666665 0.9703703703703703 0.4328125 0.9805555555555555 0.43333333333333335 0.9990740740740741 0.41458333333333336 0.9990740740740741 0.4140625 0.9740740740740741 0.4203125 0.9694444444444444 0.42552083333333335 0.9703703703703703
1 0.057291666666666664 0.35555555555555557 0.016666666666666666 0.046296296296296294
1 0.11875 0.3175925925925926 0.1265625 0.3287037037037037 0.13020833333333334 0.34629629629629627 0.1296875 0.35648148148148145 0.1265625 0.35648148148148145 0.1234375 0.3490740740740741 0.11927083333333334 0.3527777777777778 0.11770833333333333 0.3509259259259259 0.11354166666666667 0.32222222222222224 0.115625 0.3138888888888889 0.11822916666666666 0.3175925925925926
1 0.42552083333333335 0.4740740740740741 0.42864583333333334 0.475 0.4322916666666667 0.4842592592592593 0.4359375 0.5027777777777778 0.4395833333333333 0.5083333333333333 0.4390625 0.5148148148148148 0.4322916666666667 0.5157407407407407 0.4296875 0.5287037037037037 0.42552083333333335 0.5287037037037037 0.425 0.475
1 0.7057291666666666 0.5208333333333334 0.015625 0.05648148148148148
1 0.58125 0.2740740740740741 0.5848958333333333 0.27314814814814814 0.5880208333333333 0.2851851851851852 0.5854166666666667 0.30648148148148147 0.5817708333333333 0.30648148148148147 0.578125 0.287962962962963 0.58125 0.275
1 0.013020833333333334 0.41759259259259257 0.022395833333333334 0.42777777777777776 0.025520833333333333 0.44907407407407407 0.0359375 0.4527777777777778 0.028645833333333332 0.4537037037037037 0.028645833333333332 0.46296296296296297 0.0265625 0.4648148148148148 0.016145833333333335 0.44814814814814813 0.014583333333333334 0.4351851851851852 0.010416666666666666 0.42314814814814816 0.010416666666666666 0.4185185185185185 0.0125 0.41759259259259257
1 0.17864583333333334 0.2824074074074074 0.18541666666666667 0.2898148148148148 0.18802083333333333 0.2962962962962963 0.1875 0.3037037037037037 0.19270833333333334 0.3101851851851852 0.1921875 0.3138888888888889 0.1859375 0.31296296296296294 0.18541666666666667 0.3194444444444444 0.18125 0.3175925925925926 0.17760416666666667 0.29074074074074074 0.17864583333333334 0.2833333333333333
1 0.1609375 0.26666666666666666 0.1671875 0.28425925925925927 0.16770833333333332 0.30277777777777776 0.16510416666666666 0.3074074074074074 0.16145833333333334 0.30648148148148147 0.16041666666666668 0.2916666666666667 0.15677083333333333 0.2777777777777778 0.15729166666666666 0.2675925925925926 0.16041666666666668 0.26666666666666666
1 0.8973958333333333 0.6111111111111112 0.890625 0.6481481481481481 0.8807291666666667 0.6564814814814814 0.8786458333333333 0.6564814814814814 0.8776041666666666 0.6527777777777778 0.8859375 0.6277777777777778 0.8880208333333334 0.6138888888888889 0.8916666666666667 0.6101851851851852 0.896875 0.6111111111111112
1 0.30833333333333335 0.8324074074074074 0.3171875 0.8425925925925926 0.3203125 0.8518518518518519 0.31979166666666664 0.8712962962962963 0.321875 0.8768518518518519 0.32083333333333336 0.8851851851851852 0.31666666666666665 0.8842592592592593 0.3078125 0.8722222222222222 0.30572916666666666 0.8555555555555555 0.30572916666666666 0.8361111111111111 0.3078125 0.8324074074074074
1 0.575 0.35185185185185186 0.578125 0.35555555555555557 0.5786458333333333 0.36666666666666664 0.5739583333333333 0.3888888888888889 0.5713541666666667 0.3907407407407407 0.5697916666666667 0.362962962962963 0.5713541666666667 0.3537037037037037 0.5744791666666667 0.35185185185185186
1 0.0359375 0.3861111111111111 0.040625 0.3851851851851852 0.046875 0.39444444444444443 0.0515625 0.4111111111111111 0.05 0.4166666666666667 0.04375 0.41759259259259257 0.03802083333333333 0.4009259259259259 0.0359375 0.387037037037037
1 0.175 0.32222222222222224 0.16927083333333334 0.30092592592592593 0.16875 0.287962962962963 0.171875 0.2851851851851852 0.17604166666666668 0.29259259259259257 0.17916666666666667 0.3138888888888889 0.17552083333333332 0.3212962962962963
1 0.26197916666666665 0.7824074074074074 0.26875 0.7851851851851852 0.2760416666666667 0.8018518518518518 0.2760416666666667 0.812037037037037 0.27291666666666664 0.8240740740740741 0.2765625 0.8388888888888889 0.2755208333333333 0.8481481481481481 0.27291666666666664 0.850925925925926 0.2708333333333333 0.8481481481481481 0.2708333333333333 0.8407407407407408 0.26614583333333336 0.825925925925926 0.2640625 0.8064814814814815 0.25833333333333336 0.7981481481481482 0.25833333333333336 0.7861111111111111 0.26145833333333335 0.7833333333333333
1 0.6020833333333333 0.30648148148148147 0.6057291666666667 0.31574074074074077 0.6057291666666667 0.325 0.603125 0.33425925925925926 0.6026041666666667 0.3472222222222222 0.6 0.3537037037037037 0.5989583333333334 0.36944444444444446 0.5963541666666666 0.36944444444444446 0.5953125 0.3648148148148148 0.5942708333333333 0.3416666666666667 0.5953125 0.3212962962962963 0.5989583333333334 0.30925925925925923 0.6015625 0.3074074074074074
1 0.3307291666666667 0.8527777777777777 0.3385416666666667 0.862037037037037 0.3385416666666667 0.8731481481481481 0.3463541666666667 0.8888888888888888 0.3458333333333333 0.8935185185185185 0.3380208333333333 0.8898148148148148 0.33229166666666665 0.899074074074074 0.33125 0.9083333333333333 0.32864583333333336 0.9074074074074074 0.33125 0.8935185185185185 0.3234375 0.8703703703703703 0.3223958333333333 0.8583333333333333 0.32447916666666665 0.8527777777777777 0.3302083333333333 0.8527777777777777
1 0.9359375 0.6990740740740741 0.9385416666666667 0.7064814814814815 0.9338541666666667 0.7175925925925926 0.9317708333333333 0.7305555555555555 0.9223958333333333 0.7444444444444445 0.915625 0.7407407407407407 0.9130208333333333 0.7342592592592593 0.9161458333333333 0.7305555555555555 0.921875 0.7092592592592593 0.9354166666666667 0.6990740740740741
1 0.2546875 0.19814814814814816 0.25885416666666666 0.2101851851851852 0.259375 0.22314814814814815 0.25625 0.22870370370370371 0.25364583333333335 0.22777777777777777 0.25 0.20925925925925926 0.25052083333333336 0.2 0.25416666666666665 0.19814814814814816
1 0.0953125 0.3333333333333333 0.103125 0.34074074074074073 0.103125 0.35648148148148145 0.10885416666666667 0.3675925925925926 0.10885416666666667 0.37222222222222223 0.10520833333333333 0.37222222222222223 0.10208333333333333 0.362962962962963 0.10052083333333334 0.36666666666666664 0.10104166666666667 0.3768518518518518 0.09895833333333333 0.3787037037037037 0.096875 0.3768518518518518 0.0953125 0.35555555555555557 0.090625 0.33796296296296297 0.0921875 0.3333333333333333 0.09479166666666666 0.3333333333333333
1 0.55703125 0.4527777777777778 0.0109375 0.05185185185185185
1 0.8046875 0.3787037037037037 0.8072916666666666 0.38333333333333336 0.8072916666666666 0.3925925925925926 0.8005208333333333 0.41944444444444445 0.7973958333333333 0.4148148148148148 0.7973958333333333 0.40370370370370373 0.8 0.38055555555555554 0.8041666666666667 0.3787037037037037
1 0.5708333333333333 0.42592592592592593 0.575 0.43796296296296294 0.575 0.44722222222222224 0.5697916666666667 0.47314814814814815 0.5666666666666667 0.47314814814814815 0.565625 0.43796296296296294 0.5703125 0.42685185185185187
1 0.5328125 0.9481481481481482 0.5364583333333334 0.9564814814814815 0.5375 0.9768518518518519 0.5473958333333333 0.9907407407407407 0.5447916666666667 0.9990740740740741 0.5302083333333333 0.9916666666666667 0.5265625 0.9990740740740741 0.5182291666666666 0.9990740740740741 0.5182291666666666 0.9944444444444445 0.525 0.9777777777777777 0.5265625 0.9537037037037037 0.5286458333333334 0.9490740740740741 0.5322916666666667 0.9481481481481482
1 0.578125 0.4166666666666667 0.58125 0.41574074074074074 0.5859375 0.42685185185185187 0.5848958333333333 0.4583333333333333 0.5770833333333333 0.4638888888888889 0.5760416666666667 0.43425925925925923 0.578125 0.41759259259259257
1 0.44947916666666665 0.6240740740740741 0.45260416666666664 0.6268518518518519 0.4578125 0.6398148148148148 0.45729166666666665 0.6648148148148149 0.44583333333333336 0.6768518518518518 0.44583333333333336 0.6342592592592593 0.44895833333333335 0.625
1 0.13333333333333333 0.2564814814814815 0.14166666666666666 0.2814814814814815 0.14166666666666666 0.2861111111111111 0.1375 0.2898148148148148 0.134375 0.287962962962963 0.1265625 0.26481481481481484 0.12916666666666668 0.2574074074074074 0.1328125 0.2564814814814815
1 0.59375 0.2490740740740741 0.010416666666666666 0.044444444444444446
1 0.5979166666666667 0.29814814814814816 0.5953125 0.27314814814814814 0.5984375 0.2638888888888889 0.6020833333333333 0.2638888888888889 0.6041666666666666 0.2722222222222222 0.6005208333333333 0.2953703703703704 0.5984375 0.29814814814814816
1 0.33489583333333334 0.1648148148148148 0.3328125 0.16203703703703703 0.3307291666666667 0.15 0.3307291666666667 0.13703703703703704 0.33489583333333334 0.1361111111111111 0.33645833333333336 0.1398148148148148 0.3375 0.16203703703703703 0.33541666666666664 0.1638888888888889
1 0.296875 0.8425925925925926 0.3067708333333333 0.862037037037037 0.30625 0.8740740740740741 0.30885416666666665 0.8870370370370371 0.3067708333333333 0.8925925925925926 0.30364583333333334 0.887962962962963 0.30052083333333335 0.8888888888888888 0.296875 0.9 0.2953125 0.8981481481481481 0.29322916666666665 0.8592592592592593 0.2911458333333333 0.850925925925926 0.29270833333333335 0.8425925925925926 0.29635416666666664 0.8425925925925926