0 0.22447916666666667 0 0.2911458333333333 0 0.2755208333333333 0.019444444444444445 0.26927083333333335 0.03981481481481482 0.2578125 0.04259259259259259 0.24427083333333333 0.05462962962962963 0.22760416666666666 0.053703703703703705 0.221875 0.05 0.2171875 0.03888888888888889 0.2140625 0.017592592592592594 0.21875 0.012962962962962963 0.22447916666666667 0.000925925925925926
0 0.7536458333333333 0.6101851851851852 0.78125 0.6157407407407407 0.8098958333333334 0.6277777777777778 0.8171875 0.6268518518518519 0.8296875 0.6416666666666667 0.8463541666666666 0.6537037037037037 0.85625 0.6824074074074075 0.8567708333333334 0.7101851851851851 0.8552083333333333 0.7185185185185186 0.8484375 0.7296296296296296 0.8354166666666667 0.7333333333333333 0.8239583333333333 0.7305555555555555 0.8145833333333333 0.7212962962962963 0.8015625 0.7148148148148148 0.7666666666666667 0.7018518518518518 0.7546875 0.7027777777777777 0.7364583333333333 0.6851851851851852 0.7317708333333334 0.6722222222222223 0.7307291666666667 0.6592592592592592 0.7307291666666667 0.6416666666666667 0.7333333333333333 0.6268518518518519 0.7411458333333333 0.6111111111111112 0.753125 0.6101851851851852
0 0.9494791666666667 0.5898148148148148 0.9817708333333334 0.600925925925926 0.9994791666666667 0.6111111111111112 0.9994791666666667 0.7027777777777777 0.9677083333333333 0.6833333333333333 0.9536458333333333 0.6824074074074075 0.9442708333333333 0.674074074074074 0.9354166666666667 0.6509259259259259 0.9333333333333333 0.6268518518518519 0.9348958333333334 0.6101851851851852 0.9375 0.6018518518518519 0.9453125 0.5916666666666667 0.9489583333333333 0.5907407407407408
0 0.265625 0.6814814814814815 0.2791666666666667 0.6925925925925925 0.2833333333333333 0.7 0.28958333333333336 0.7203703703703703 0.2911458333333333 0.7453703703703703 0.2869791666666667 0.7555555555555555 0.2838541666666667 0.7712962962962963 0.2760416666666667 0.7796296296296297 0.26614583333333336 0.7814814814814814 0.246875 0.8 0.21979166666666666 0.8324074074074074 0.21354166666666666 0.8490740740740741 0.20625 0.8592592592592593 0.18541666666666667 0.8657407407407407 0.17916666666666667 0.8657407407407407 0.175 0.862037037037037 0.16145833333333334 0.8379629629629629 0.15729166666666666 0.8027777777777778 0.16041666666666668 0.7833333333333333 0.17760416666666667 0.7601851851851852 0.2234375 0.7092592592592593 0.23958333333333334 0.700925925925926 0.25833333333333336 0.6824074074074075 0.26510416666666664 0.6814814814814815
0 0.5333333333333333 0.046296296296296294 0.5364583333333334 0.05 0.5401041666666667 0.06388888888888888 0.5401041666666667 0.11851851851851852 0.5359375 0.12407407407407407 0.5171875 0.12314814814814815 0.5119791666666667 0.11574074074074074 0.5130208333333334 0.09166666666666666 0.5109375 0.08425925925925926 0.515625 0.05185185185185185 0.5213541666666667 0.04537037037037037 0.5328125 0.046296296296296294
0 0.7317708333333334 0.07037037037037037 0.7447916666666666 0.07592592592592592 0.7484375 0.08888888888888889 0.7526041666666666 0.1388888888888889 0.7489583333333333 0.1537037037037037 0.7463541666666667 0.15648148148148147 0.7255208333333333 0.15462962962962962 0.7197916666666667 0.14351851851851852 0.7192708333333333 0.12962962962962962 0.7161458333333334 0.11574074074074074 0.7171875 0.09074074074074075 0.7213541666666666 0.07407407407407407 0.73125 0.07037037037037037
0 0.9817708333333334 0.48333333333333334 0.9875 0.48703703703703705 0.9947916666666666 0.49722222222222223 0.9994791666666667 0.4981481481481482 0.9994791666666667 0.5583333333333333 0.9890625 0.5657407407407408 0.9802083333333333 0.5657407407407408 0.9734375 0.5601851851851852 0.9619791666666667 0.5231481481481481 0.9640625 0.4962962962962963 0.9755208333333333 0.48333333333333334 0.98125 0.48333333333333334
0 0.5921875 0.5861111111111111 0.6135416666666667 0.587037037037037 0.6197916666666666 0.5842592592592593 0.6286458333333333 0.5935185185185186 0.6489583333333333 0.5981481481481481 0.6598958333333333 0.6129629629629629 0.6635416666666667 0.6444444444444445 0.6614583333333334 0.6694444444444444 0.6546875 0.6805555555555556 0.6453125 0.6898148148148148 0.6359375 0.6888888888888889 0.6223958333333334 0.6787037037037037 0.6057291666666667 0.6759259259259259 0.5828125 0.675 0.5739583333333333 0.6814814814814815 0.5640625 0.6833333333333333 0.55625 0.6777777777777778 0.5484375 0.6611111111111111 0.5453125 0.6407407407407407 0.5458333333333333 0.6166666666666667 0.55 0.5953703703703703 0.5614583333333333 0.587037037037037 0.5916666666666667 0.5861111111111111
0 0.5916666666666667 0.03981481481481482 0.5963541666666666 0.04351851851851852 0.6067708333333334 0.06111111111111111 0.6125 0.08425925925925926 0.6197916666666666 0.10092592592592593 0.6197916666666666 0.1111111111111111 0.6171875 0.11944444444444445 0.60625 0.12685185185185185 0.5953125 0.12685185185185185 0.5916666666666667 0.12407407407407407 0.5791666666666667 0.09537037037037037 0.5708333333333333 0.08425925925925926 0.5703125 0.06759259259259259 0.5734375 0.05185185185185185 0.5791666666666667 0.041666666666666664 0.5911458333333334 0.03981481481481482
0 0.75 0.225 0.7734375 0.25 0.7802083333333333 0.2638888888888889 0.7802083333333333 0.30277777777777776 0.7755208333333333 0.3148148148148148 0.7708333333333334 0.31851851851851853 0.7510416666666667 0.3138888888888889 0.74375 0.30833333333333335 0.7411458333333333 0.30277777777777776 0.74375 0.2657407407407407 0.7427083333333333 0.24444444444444444 0.7458333333333333 0.22685185185185186 0.7494791666666667 0.225
1 0.8234375 0.14537037037037037 0.013541666666666667 0.05
1 0.5395833333333333 0.23425925925925925 0.5427083333333333 0.2361111111111111 0.5458333333333333 0.24814814814814815 0.5411458333333333 0.2824074074074074 0.5390625 0.2898148148148148 0.5359375 0.2898148148148148 0.5380208333333333 0.2722222222222222 0.5338541666666666 0.25277777777777777 0.5348958333333333 0.24537037037037038 0.5395833333333333 0.2351851851851852
1 0.06875 0.1398148148148148 0.08697916666666666 0.1712962962962963 0.0828125 0.17685185185185184 0.08333333333333333 0.18981481481481483 0.08177083333333333 0.1925925925925926 0.078125 0.18703703703703703 0.07447916666666667 0.18796296296296297 0.06822916666666666 0.1685185185185185 0.06614583333333333 0.1537037037037037 0.06614583333333333 0.14074074074074075 0.06822916666666666 0.1398148148148148
1 0.18541666666666667 0.8898148148148148 0.19583333333333333 0.8953703703703704 0.20104166666666667 0.9092592592592592 0.20989583333333334 0.9138888888888889 0.20625 0.925 0.19791666666666666 0.9287037037037037 0.1921875 0.9287037037037037 0.18854166666666666 0.9194444444444444 0.17291666666666666 0.9037037037037037 0.17291666666666666 0.8972222222222223 0.175 0.8935185185185185 0.18489583333333334 0.8898148148148148
1 0.7239583333333334 0.07037037037037037 0.7270833333333333 0.046296296296296294 0.7328125 0.030555555555555555 0.7348958333333333 0.032407407407407406 0.7348958333333333 0.04351851851851852 0.7317708333333334 0.06759259259259259 0.7244791666666667 0.07037037037037037
1 0.5708333333333333 0.14537037037037037 0.5760416666666667 0.1537037037037037 0.5760416666666667 0.16666666666666666 0.5713541666666667 0.18888888888888888 0.5671875 0.19814814814814816 0.5645833333333333 0.1962962962962963 0.5661458333333333 0.18518518518518517 0.565625 0.16018518518518518 0.5708333333333333 0.14629629629629629
1 0.5614583333333333 0.13148148148148148 0.565625 0.14722222222222223 0.5609375 0.18055555555555555 0.5572916666666666 0.18055555555555555 0.5578125 0.1712962962962963 0.5552083333333333 0.1527777777777778 0.5552083333333333 0.1425925925925926 0.5609375 0.13148148148148148
1 0.5260416666666666 0.14351851851851852 0.5286458333333334 0.14444444444444443 0.5338541666666666 0.15555555555555556 0.5317708333333333 0.1824074074074074 0.525 0.19537037037037036 0.5255208333333333 0.17685185185185184 0.5208333333333334 0.1638888888888889 0.5260416666666666 0.14444444444444443
1 0.13229166666666667 0.04722222222222222 0.13541666666666666 0.05185185185185185 0.14427083333333332 0.07962962962962963 0.14010416666666667 0.08425925925925926 0.14010416666666667 0.08981481481481482 0.134375 0.08518518518518518 0.128125 0.07037037037037037 0.1265625 0.053703703703703705 0.128125 0.04814814814814815 0.13177083333333334 0.04722222222222222
1 0.6270833333333333 0.04537037037037037 0.6286458333333333 0.05185185185185185 0.6244791666666667 0.09166666666666666 0.6229166666666667 0.09351851851851851 0.6197916666666666 0.09351851851851851 0.61875 0.08518518518518518 0.6197916666666666 0.05185185185185185 0.6223958333333334 0.04537037037037037 0.6265625 0.04537037037037037
1 0 0.21666666666666667 0.005208333333333333 0.22407407407407406 0.009375 0.23796296296296296 0.016666666666666666 0.2462962962962963 0.011458333333333333 0.25925925925925924 0.008854166666666666 0.2574074074074074 0.005729166666666666 0.24722222222222223 0 0.23981481481481481 0 0.2175925925925926
1 0.1484375 0.017592592592592594 0.1578125 0.032407407407407406 0.159375 0.04722222222222222 0.1578125 0.05648148148148148 0.15104166666666666 0.03981481481481482 0.14635416666666667 0.03796296296296296 0.14635416666666667 0.020370370370370372 0.14791666666666667 0.017592592592592594
1 0.3875 0.649074074074074 0.3921875 0.6564814814814814 0.39895833333333336 0.6611111111111111 0.4 0.6675925925925926 0.3984375 0.675 0.3927083333333333 0.6851851851851852 0.38697916666666665 0.7074074074074074 0.38385416666666666 0.7074074074074074 0.3854166666666667 0.6935185185185185 0.38177083333333334 0.662962962962963 0.38229166666666664 0.6509259259259259 0.38697916666666665 0.649074074074074
1 0.546875 0.040740740740740744 0.55 0.040740740740740744 0.5541666666666667 0.05092592592592592 0.5536458333333333 0.06111111111111111 0.546875 0.08888888888888889 0.54375 0.06111111111111111 0.546875 0.041666666666666664
1 0.11145833333333334 0.05185185185185185 0.11927083333333334 0.06666666666666667 0.12135416666666667 0.08333333333333333 0.11979166666666667 0.08981481481481482 0.10572916666666667 0.05925925925925926 0.10572916666666667 0.05277777777777778 0.1109375 0.05185185185185185
1 0 0.2574074074074074 0.011979166666666667 0.275 0.008333333333333333 0.2851851851851852 0.0046875 0.28425925925925927 0 0.2777777777777778 0 0.25833333333333336
1 0.13125 0.049074074074074076 0.13697916666666668 0.06388888888888888 0.14114583333333333 0.09537037037037037 0.14010416666666667 0.1 0.13385416666666666 0.10462962962962963 0.12552083333333333 0.07314814814814814 0.12604166666666666 0.05648148148148148 0.12864583333333332 0.049074074074074076 0.13072916666666667 0.049074074074074076
1 0.0375 0.13796296296296295 0.041666666666666664 0.1425925925925926 0.04739583333333333 0.1574074074074074 0.049479166666666664 0.1675925925925926 0.049479166666666664 0.175 0.04791666666666667 0.17685185185185184 0.0453125 0.17592592592592593 0.040625 0.1648148148148148 0.0296875 0.15092592592592594 0.0296875 0.14444444444444443 0.0328125 0.1388888888888889 0.03697916666666667 0.13796296296296295
1 0.8703125 0.4388888888888889 0.8723958333333334 0.4425925925925926 0.8723958333333334 0.45925925925925926 0.859375 0.4824074074074074 0.85625 0.47962962962962963 0.85625 0.47314814814814815 0.8536458333333333 0.4666666666666667 0.8552083333333333 0.4564814814814815 0.859375 0.4462962962962963 0.8697916666666666 0.4388888888888889
1 0.2916666666666667 0.8861111111111111 0.29635416666666664 0.899074074074074 0.30364583333333334 0.9074074074074074 0.3015625 0.9148148148148149 0.30520833333333336 0.9259259259259259 0.30052083333333335 0.9314814814814815 0.29322916666666665 0.9212962962962963 0.290625 0.9212962962962963 0.2859375 0.9287037037037037 0.2859375 0.9212962962962963 0.28072916666666664 0.9138888888888889 0.28125 0.8916666666666667 0.2911458333333333 0.8861111111111111
1 0.7973958333333333 0.08796296296296297 0.8 0.09074074074074075 0.8005208333333333 0.09907407407407408 0.7901041666666667 0.13240740740740742 0.7854166666666667 0.13148148148148148 0.7859375 0.11944444444444445 0.7901041666666667 0.09814814814814815 0.7932291666666667 0.08981481481481482 0.796875 0.08796296296296297
1 0.38333333333333336 0.09074074074074075 0.3880208333333333 0.10185185185185185 0.38958333333333334 0.1287037037037037 0.38333333333333336 0.1287037037037037 0.38125 0.12314814814814815 0.3796875 0.10092592592592593 0.3807291666666667 0.09166666666666666 0.3828125 0.09166666666666666
1 0.271875 0.8861111111111111 0.27395833333333336 0.8953703703703704 0.28020833333333334 0.9 0.2828125 0.9074074074074074 0.28229166666666666 0.9111111111111111 0.28854166666666664 0.9185185185185185 0.28958333333333336 0.925 0.2859375 0.9324074074074075 0.27291666666666664 0.9212962962962963 0.26875 0.924074074074074 0.265625 0.9212962962962963 0.2625 0.8898148148148148 0.26666666666666666 0.8842592592592593 0.2713541666666667 0.8861111111111111
1 0.5484375 0.15185185185185185 0.0125 0.053703703703703705
1 0.11041666666666666 0.07314814814814814 0.11458333333333333 0.07777777777777778 0.12083333333333333 0.10555555555555556 0.1203125 0.11388888888888889 0.11614583333333334 0.11574074074074074 0.109375 0.11574074074074074 0.10833333333333334 0.09907407407407408 0.10260416666666666 0.08148148148148149 0.10364583333333334 0.075 0.10989583333333333 0.07314814814814814
1 0.7619791666666667 0.08796296296296297 0.7645833333333333 0.09166666666666666 0.7635416666666667 0.10185185185185185 0.7546875 0.13425925925925927 0.7515625 0.13240740740740742 0.7520833333333333 0.11944444444444445 0.7578125 0.09074074074074075 0.7614583333333333 0.08796296296296297
1 0.58125 0.024074074074074074 0.5838541666666667 0.026851851851851852 0.5854166666666667 0.03888888888888889 0.58125 0.041666666666666664 0.5786458333333333 0.03981481481481482 0.5807291666666666 0.025
1 0.7348958333333333 0.8222222222222222 0.7364583333333333 0.8388888888888889 0.7317708333333334 0.8611111111111112 0.7213541666666666 0.8638888888888889 0.7130208333333333 0.8555555555555555 0.7130208333333333 0.850925925925926 0.7182291666666667 0.8462962962962963 0.7234375 0.8231481481481482 0.734375 0.8222222222222222
1 0.4739583333333333 0.26296296296296295 0.4744791666666667 0.21944444444444444 0.47708333333333336 0.20925925925925926 0.48072916666666665 0.20925925925925926 0.48541666666666666 0.2222222222222222 0.48489583333333336 0.2564814814814815 0.48385416666666664 0.25833333333333336 0.48072916666666665 0.2518518518518518 0.47708333333333336 0.26296296296296295 0.4744791666666667 0.26296296296296295
1 0.8119791666666667 0.13333333333333333 0.8161458333333333 0.1388888888888889 0.8171875 0.14722222222222223 0.8104166666666667 0.1824074074074074 0.8072916666666666 0.17222222222222222 0.8052083333333333 0.1814814814814815 0.8015625 0.1814814814814815 0.8015625 0.17777777777777778 0.8067708333333333 0.15833333333333333 0.8072916666666666 0.1398148148148148 0.8114583333333333 0.13333333333333333
1 0.32447916666666665 0.687962962962963 0.33489583333333334 0.6935185185185185 0.340625 0.7055555555555556 0.33645833333333336 0.7222222222222222 0.3380208333333333 0.7287037037037037 0.33697916666666666 0.7379629629629629 0.3333333333333333 0.7398148148148148 0.32760416666666664 0.7185185185185186 0.3234375 0.7166666666666667 0.31927083333333334 0.7194444444444444 0.32083333333333336 0.6916666666666667 0.32395833333333335 0.6888888888888889
1 0.6854166666666667 0.2898148148148148 0.6880208333333333 0.2861111111111111 0.6890625 0.262037037037037 0.6947916666666667 0.24259259259259258 0.6994791666666667 0.24259259259259258 0.7015625 0.2601851851851852 0.7010416666666667 0.26851851851851855 0.6947916666666667 0.2759259259259259 0.6932291666666667 0.2935185185185185 0.6880208333333333 0.2953703703703704 0.6854166666666667 0.29074074074074074
1 0.8942708333333333 0.47314814814814815 0.8994791666666667 0.47685185185185186 0.896875 0.4842592592592593 0.8984375 0.4888888888888889 0.8973958333333333 0.4981481481481482 0.8838541666666667 0.5148148148148148 0.8765625 0.5185185185185185 0.8734375 0.5157407407407407 0.8765625 0.5046296296296297 0.8869791666666667 0.48518518518518516 0.8880208333333334 0.4787037037037037 0.89375 0.47314814814814815
1 0.15208333333333332 0.028703703703703703 0.1546875 0.02962962962962963 0.1578125 0.044444444444444446 0.16145833333333334 0.075 0.16145833333333334 0.07777777777777778 0.1578125 0.075 0.15625 0.08148148148148149 0.15364583333333334 0.08333333333333333 0.14739583333333334 0.06018518518518518 0.14635416666666667 0.041666666666666664 0.14739583333333334 0.03611111111111111 0.15208333333333332 0.02962962962962963
1 0.3171875 0.8472222222222222 0.32708333333333334 0.8657407407407407 0.3307291666666667 0.8833333333333333 0.3260416666666667 0.8870370370370371 0.3229166666666667 0.8972222222222223 0.32083333333333336 0.8981481481481481 0.30625 0.8694444444444445 0.3067708333333333 0.8555555555555555 0.31354166666666666 0.8481481481481481 0.31666666666666665 0.8481481481481481
1 0.059895833333333336 0.16111111111111112 0.06458333333333334 0.1675925925925926 0.06666666666666667 0.18333333333333332 0.07135416666666666 0.1962962962962963 0.06927083333333334 0.20277777777777778 0.0640625 0.20462962962962963 0.0625 0.1962962962962963 0.051041666666666666 0.1675925925925926 0.051041666666666666 0.16111111111111112 0.05260416666666667 0.15925925925925927 0.059375 0.16111111111111112
1 0.0296875 0.18425925925925926 0.03854166666666667 0.1925925925925926 0.044270833333333336 0.2101851851851852 0.05 0.21666666666666667 0.04635416666666667 0.22870370370370371 0.03125 0.2037037037037037 0.027604166666666666 0.19074074074074074 0.027604166666666666 0.18518518518518517 0.029166666666666667 0.18425925925925926
1 0.55 0.25092592592592594 0.5552083333333333 0.2351851851851852 0.5583333333333333 0.23333333333333334 0.5630208333333333 0.2518518518518518 0.5572916666666666 0.287962962962963 0.553125 0.28703703703703703 0.553125 0.26666666666666666 0.5505208333333333 0.2518518518518518
1 0.1875 0.9657407407407408 0.20052083333333334 0.9777777777777777 0.20208333333333334 0.9879629629629629 0.2 0.9953703703703703 0.19739583333333333 0.9972222222222222 0.190625 0.9944444444444445 0.17395833333333333 0.975 0.17291666666666666 0.9694444444444444 0.175 0.9657407407407408 0.18697916666666667 0.9657407407407408
1 0.48854166666666665 0.2722222222222222 0.4901041666666667 0.25277777777777777 0.4864583333333333 0.2351851851851852 0.4901041666666667 0.21666666666666667 0.49322916666666666 0.2175925925925926 0.4979166666666667 0.2324074074074074 0.4979166666666667 0.24537037037037038 0.49583333333333335 0.2611111111111111 0.4890625 0.2722222222222222
1 0.8380208333333333 0.18333333333333332 0.0125 0.03148148148148148
1 0.44114583333333335 0.7166666666666667 0.44583333333333336 0.7194444444444444 0.44947916666666665 0.7305555555555555 0.44947916666666665 0.7527777777777778 0.45260416666666664 0.7648148148148148 0.4484375 0.7648148148148148 0.4427083333333333 0.7527777777777778 0.4348958333333333 0.7509259259259259 0.4348958333333333 0.7166666666666667 0.440625 0.7166666666666667
1 0.61875 0.05185185185185185 0.6197916666666666 0.0712962962962963 0.6192708333333333 0.09166666666666666 0.6177083333333333 0.09259259259259259 0.6130208333333333 0.08518518518518518 0.6114583333333333 0.06666666666666667 0.6140625 0.053703703703703705 0.6182291666666667 0.05185185185185185
1 0.5255208333333333 0.9407407407407408 0.528125 0.9555555555555556 0.5265625 0.9638888888888889 0.515625 0.975925925925926 0.5119791666666667 0.9851851851851852 0.5083333333333333 0.9851851851851852 0.50625 0.9814814814814815 0.5036458333333333 0.9537037037037037 0.5104166666666666 0.9398148148148148 0.525 0.9407407407407408
1 0.578125 0.1259259259259259 0.5807291666666666 0.13703703703703704 0.5776041666666667 0.15555555555555556 0.5734375 0.15462962962962962 0.5697916666666667 0.14722222222222223 0.5708333333333333 0.13333333333333333 0.5744791666666667 0.125 0.5776041666666667 0.1259259259259259
1 0.8041666666666667 0.34814814814814815 0.80625 0.35833333333333334 0.8052083333333333 0.37222222222222223 0.7963541666666667 0.3990740740740741 0.7932291666666667 0.4027777777777778 0.7869791666666667 0.3972222222222222 0.7932291666666667 0.3574074074074074 0.7947916666666667 0.3537037037037037 0.8036458333333333 0.34814814814814815
1 0.5932291666666667 0 0.6015625 0 0.5973958333333333 0.028703703703703703 0.5953125 0.03148148148148148 0.5932291666666667 0.028703703703703703 0.5932291666666667 0.000925925925925926
1 0.203125 0.9444444444444444 0.22135416666666666 0.9675925925925926 0.2265625 0.9842592592592593 0.225 0.9925925925925926 0.22135416666666666 0.9990740740740741 0.209375 0.9990740740740741 0.19739583333333333 0.9703703703703703 0.196875 0.9601851851851851 0.19114583333333332 0.9555555555555556 0.19166666666666668 0.9490740740740741 0.20260416666666667 0.9444444444444444
1 0.25885416666666666 0.9138888888888889 0.2640625 0.9175925925925926 0.26666666666666666 0.924074074074074 0.2671875 0.9435185185185185 0.26197916666666665 0.9527777777777777 0.25 0.9462962962962963 0.2421875 0.9222222222222223 0.2421875 0.9185185185185185 0.24791666666666667 0.9111111111111111 0.25833333333333336 0.9138888888888889