1 0.7994791666666666 0.20277777777777778 0.8072916666666666 0.1685185185185185 0.8135416666666667 0.1574074074074074 0.815625 0.15833333333333333 0.8171875 0.1675925925925926 0.815625 0.1787037037037037 0.8072916666666666 0.19537037037037036 0.8067708333333333 0.20277777777777778 0.8 0.20277777777777778
1 0.30833333333333335 0.9212962962962963 0.3177083333333333 0.9314814814814815 0.32135416666666666 0.9472222222222222 0.3223958333333333 0.9592592592592593 0.31614583333333335 0.9657407407407408 0.3140625 0.9657407407407408 0.31302083333333336 0.9574074074074074 0.2984375 0.9351851851851852 0.3 0.9268518518518518 0.3078125 0.9212962962962963
1 0.6296875 0.11481481481481481 0.6307291666666667 0.13425925925925927 0.6270833333333333 0.1425925925925926 0.6255208333333333 0.1537037037037037 0.6234375 0.15555555555555556 0.621875 0.1537037037037037 0.621875 0.12685185185185185 0.6265625 0.11296296296296296 0.6291666666666667 0.11481481481481481
1 0.029166666666666667 0.21666666666666667 0.036458333333333336 0.22407407407407406 0.041666666666666664 0.24351851851851852 0.04739583333333333 0.2537037037037037 0.046875 0.2574074074074074 0.043229166666666666 0.25925925925925924 0.029166666666666667 0.2361111111111111 0.027083333333333334 0.22685185185185186 0.028645833333333332 0.2175925925925926
1 0.8520833333333333 0.13333333333333333 0.8536458333333333 0.13703703703703704 0.8510416666666667 0.15092592592592594 0.8416666666666667 0.17685185185185184 0.8385416666666666 0.17685185185185184 0.8369791666666667 0.1712962962962963 0.8489583333333334 0.13518518518518519 0.8515625 0.13333333333333333
1 0.5473958333333333 0.21944444444444444 0.5515625 0.22777777777777777 0.553125 0.23796296296296296 0.5484375 0.2518518518518518 0.5463541666666667 0.26944444444444443 0.54375 0.26851851851851855 0.5427083333333333 0.2518518518518518 0.5390625 0.24166666666666667 0.5432291666666667 0.22037037037037038 0.546875 0.21944444444444444
1 0.011979166666666667 0.25277777777777777 0.022916666666666665 0.2796296296296296 0.0328125 0.29259259259259257 0.029166666666666667 0.29814814814814816 0.0234375 0.287962962962963 0.020833333333333332 0.287962962962963 0.017708333333333333 0.29814814814814816 0.01875 0.3074074074074074 0.014583333333333334 0.3055555555555556 0.014583333333333334 0.28888888888888886 0.009895833333333333 0.2796296296296296 0.008333333333333333 0.2712962962962963 0.008333333333333333 0.25462962962962965 0.011458333333333333 0.25277777777777777
1 0.8067708333333333 0.4064814814814815 0.8104166666666667 0.36944444444444446 0.8145833333333333 0.3638888888888889 0.8192708333333333 0.3638888888888889 0.8234375 0.36944444444444446 0.8244791666666667 0.37592592592592594 0.8171875 0.40925925925925927 0.8140625 0.4074074074074074 0.8140625 0.39537037037037037 0.8072916666666666 0.40555555555555556
1 0.040625 0.12962962962962962 0.046875 0.13333333333333333 0.052083333333333336 0.14351851851851852 0.058854166666666666 0.1685185185185185 0.0578125 0.175 0.043229166666666666 0.15185185185185185 0.03697916666666667 0.13333333333333333 0.04010416666666667 0.12962962962962962
1 0.8453125 0.4666666666666667 0.8473958333333333 0.475 0.846875 0.4898148148148148 0.8453125 0.4925925925925926 0.83125 0.48148148148148145 0.8411458333333334 0.4666666666666667 0.8447916666666667 0.4666666666666667
1 0.2869791666666667 0.9268518518518518 0.29791666666666666 0.9351851851851852 0.30104166666666665 0.9425925925925925 0.30104166666666665 0.9592592592592593 0.30364583333333334 0.9648148148148148 0.30364583333333334 0.9703703703703703 0.29739583333333336 0.9777777777777777 0.2953125 0.9768518518518519 0.2947916666666667 0.9712962962962963 0.2911458333333333 0.9648148148148148 0.28541666666666665 0.9611111111111111 0.28229166666666666 0.9527777777777777 0.28177083333333336 0.9407407407407408 0.27760416666666665 0.9324074074074075 0.27708333333333335 0.9277777777777778 0.2791666666666667 0.924074074074074 0.2864583333333333 0.9268518518518518
1 0.8151041666666666 0.3527777777777778 0.8192708333333333 0.36203703703703705 0.825 0.3675925925925926 0.8244791666666667 0.37407407407407406 0.8203125 0.36666666666666664 0.8151041666666666 0.3648148148148148 0.8083333333333333 0.3731481481481482 0.8036458333333333 0.37037037037037035 0.8109375 0.35462962962962963 0.8145833333333333 0.3527777777777778
1 0.3182291666666667 0.675 0.3265625 0.6851851851851852 0.3296875 0.6935185185185185 0.3302083333333333 0.7046296296296296 0.32708333333333334 0.7129629629629629 0.33125 0.7296296296296296 0.3265625 0.7277777777777777 0.3125 0.7055555555555556 0.31302083333333336 0.6777777777777778 0.3140625 0.675 0.3177083333333333 0.675
1 0.58125 0.7518518518518519 0.58125 0.7620370370370371 0.5848958333333333 0.7787037037037037 0.5744791666666667 0.7972222222222223 0.5682291666666667 0.8009259259259259 0.5661458333333333 0.799074074074074 0.56875 0.7870370370370371 0.5692708333333333 0.7685185185185185 0.5729166666666666 0.7583333333333333 0.5807291666666666 0.7518518518518519
1 0.12708333333333333 0.9046296296296297 0.13072916666666667 0.9101851851851852 0.140625 0.9101851851851852 0.14375 0.9148148148148149 0.15052083333333333 0.9388888888888889 0.15885416666666666 0.9518518518518518 0.16458333333333333 0.9555555555555556 0.1640625 0.9601851851851851 0.15833333333333333 0.9648148148148148 0.14791666666666667 0.9546296296296296 0.1390625 0.9527777777777777 0.12395833333333334 0.9416666666666667 0.12239583333333333 0.9361111111111111 0.12395833333333334 0.924074074074074 0.12083333333333333 0.9111111111111111 0.12291666666666666 0.9055555555555556 0.1265625 0.9046296296296297
1 0.5885416666666666 0.11203703703703703 0.5875 0.08425925925925926 0.5885416666666666 0.07777777777777778 0.5916666666666667 0.07314814814814814 0.5958333333333333 0.07407407407407407 0.596875 0.08796296296296297 0.5921875 0.10277777777777777 0.5916666666666667 0.11203703703703703 0.5890625 0.11203703703703703
1 0.39166666666666666 0.5277777777777778 0.39479166666666665 0.5324074074074074 0.396875 0.55 0.4010416666666667 0.5564814814814815 0.4010416666666667 0.5601851851851852 0.39427083333333335 0.5601851851851852 0.38697916666666665 0.5833333333333334 0.3848958333333333 0.5314814814814814 0.38697916666666665 0.5277777777777778 0.39114583333333336 0.5277777777777778
1 0.359375 0.6574074074074074 0.3703125 0.6657407407407407 0.36770833333333336 0.687037037037037 0.3697916666666667 0.6972222222222222 0.3692708333333333 0.7046296296296296 0.36614583333333334 0.7046296296296296 0.36302083333333335 0.6953703703703704 0.35572916666666665 0.6944444444444444 0.3536458333333333 0.6638888888888889 0.35520833333333335 0.6583333333333333 0.35885416666666664 0.6574074074074074
1 0.7005208333333334 0.8629629629629629 0.703125 0.8638888888888889 0.7083333333333334 0.8740740740740741 0.709375 0.8870370370370371 0.70625 0.8916666666666667 0.6994791666666667 0.8944444444444445 0.6927083333333334 0.9064814814814814 0.6890625 0.9018518518518519 0.6864583333333333 0.8796296296296297 0.7 0.8629629629629629
1 0.0421875 0.1962962962962963 0.04635416666666667 0.1925925925925926 0.050520833333333334 0.1935185185185185 0.0515625 0.20925925925925926 0.05677083333333333 0.22777777777777777 0.05572916666666667 0.23425925925925925 0.050520833333333334 0.23425925925925925 0.049479166666666664 0.225 0.040625 0.2064814814814815 0.0421875 0.19722222222222222
1 0.05520833333333333 0.18981481481481483 0.06041666666666667 0.19722222222222222 0.06197916666666667 0.2111111111111111 0.06875 0.225 0.06822916666666666 0.22962962962962963 0.051041666666666666 0.20833333333333334 0.0484375 0.19444444444444445 0.0515625 0.18888888888888888 0.0546875 0.18981481481481483
1 0.1859375 0.8388888888888889 0.19895833333333332 0.8537037037037037 0.2109375 0.8481481481481481 0.20833333333333334 0.8583333333333333 0.20885416666666667 0.8666666666666667 0.20625 0.875 0.20208333333333334 0.8796296296296297 0.20260416666666667 0.8833333333333333 0.19895833333333332 0.8944444444444445 0.19583333333333333 0.8944444444444445 0.1890625 0.8712962962962963 0.18177083333333333 0.8564814814814815 0.17447916666666666 0.8555555555555555 0.17552083333333332 0.8462962962962963 0.18541666666666667 0.8388888888888889
1 0.6973958333333333 0.2953703703703704 0.6994791666666667 0.30648148148148147 0.6994791666666667 0.325 0.69375 0.3314814814814815 0.6885416666666667 0.3509259259259259 0.6817708333333333 0.34814814814814815 0.6848958333333334 0.3425925925925926 0.6869791666666667 0.325 0.69375 0.2972222222222222 0.696875 0.2953703703703704
1 0.078125 0.44074074074074077 0.08229166666666667 0.44074074074074077 0.08489583333333334 0.44537037037037036 0.09270833333333334 0.44907407407407407 0.09947916666666666 0.4722222222222222 0.11197916666666667 0.4935185185185185 0.10989583333333333 0.4962962962962963 0.10416666666666667 0.4935185185185185 0.1046875 0.49722222222222223 0.10260416666666666 0.5 0.09739583333333333 0.4981481481481482 0.09375 0.48518518518518516 0.0875 0.4777777777777778 0.08125 0.46296296296296297 0.08125 0.4527777777777778 0.078125 0.44814814814814813 0.078125 0.44166666666666665
1 0.8442708333333333 0.14722222222222223 0.8453125 0.1574074074074074 0.8395833333333333 0.175 0.8354166666666667 0.17222222222222222 0.834375 0.1675925925925926 0.8401041666666667 0.15092592592592594 0.84375 0.14722222222222223
1 0.25729166666666664 0 0.265625 0 0.26927083333333335 0.014814814814814815 0.26145833333333335 0.021296296296296296 0.25833333333333336 0.014814814814814815 0.25729166666666664 0.000925925925925926
1 0.8557291666666667 0.2101851851851852 0.8598958333333333 0.21203703703703702 0.8598958333333333 0.22777777777777777 0.8510416666666667 0.24722222222222223 0.8489583333333334 0.2564814814814815 0.8453125 0.2601851851851852 0.8432291666666667 0.25833333333333336 0.8489583333333334 0.23055555555555557 0.8557291666666667 0.2111111111111111
1 0.1296875 0.05185185185185185 0.13333333333333333 0.05648148148148148 0.13697916666666668 0.07314814814814814 0.13385416666666666 0.08055555555555556 0.13020833333333334 0.08055555555555556 0.12395833333333334 0.06018518518518518 0.12552083333333333 0.05277777777777778 0.12916666666666668 0.05185185185185185
1 0.3546875 0.9027777777777778 0.359375 0.9101851851851852 0.35833333333333334 0.9277777777777778 0.3609375 0.9361111111111111 0.3609375 0.9416666666666667 0.35625 0.9462962962962963 0.346875 0.9351851851851852 0.34010416666666665 0.9324074074074075 0.3375 0.9259259259259259 0.3375 0.9212962962962963 0.34322916666666664 0.9148148148148149 0.3453125 0.9027777777777778 0.3541666666666667 0.9027777777777778
1 0.6010416666666667 0.7787037037037037 0.6010416666666667 0.8101851851851852 0.5916666666666667 0.8268518518518518 0.5890625 0.8166666666666667 0.584375 0.8240740740740741 0.5807291666666666 0.8240740740740741 0.5854166666666667 0.8101851851851852 0.5864583333333333 0.7888888888888889 0.5911458333333334 0.7824074074074074 0.6005208333333333 0.7787037037037037
1 0.5994791666666667 0.03611111111111111 0.603125 0.05277777777777778 0.5984375 0.07592592592592592 0.5953125 0.075 0.59375 0.07037037037037037 0.59375 0.05185185185185185 0.5989583333333334 0.03611111111111111
1 0.7479166666666667 0.4398148148148148 0.7515625 0.43148148148148147 0.7526041666666666 0.41759259259259257 0.7567708333333333 0.4101851851851852 0.7572916666666667 0.40370370370370373 0.7614583333333333 0.39351851851851855 0.7651041666666667 0.39351851851851855 0.7661458333333333 0.3962962962962963 0.765625 0.41574074074074074 0.7619791666666667 0.4222222222222222 0.7578125 0.4388888888888889 0.7484375 0.4398148148148148
1 0.6088541666666667 0.026851851851851852 0.6114583333333333 0.032407407407407406 0.6114583333333333 0.041666666666666664 0.6057291666666667 0.05925925925925926 0.6036458333333333 0.05648148148148148 0.6026041666666667 0.04259259259259259 0.6046875 0.026851851851851852 0.6083333333333333 0.026851851851851852
1 0.6567708333333333 0.3037037037037037 0.6609375 0.2861111111111111 0.6609375 0.26851851851851855 0.6677083333333333 0.25833333333333336 0.6713541666666667 0.25833333333333336 0.6713541666666667 0.275 0.6635416666666667 0.3037037037037037 0.6614583333333334 0.30648148148148147 0.6572916666666667 0.30462962962962964
1 0.6057291666666667 0.002777777777777778 0.609375 0.006481481481481481 0.6078125 0.024074074074074074 0.6046875 0.027777777777777776 0.603125 0.020370370370370372 0.6057291666666667 0.003703703703703704
1 0.246875 0.950925925925926 0.2552083333333333 0.9564814814814815 0.25833333333333336 0.9657407407407408 0.2630208333333333 0.9527777777777777 0.26927083333333335 0.9546296296296296 0.2734375 0.9657407407407408 0.27760416666666665 0.9703703703703703 0.2734375 0.9805555555555555 0.2796875 0.9879629629629629 0.2765625 0.9944444444444445 0.27291666666666664 0.9944444444444445 0.26614583333333336 0.9833333333333333 0.25833333333333336 0.9842592592592593 0.2557291666666667 0.9888888888888889 0.25 0.9898148148148148 0.2421875 0.987037037037037 0.23958333333333334 0.9768518518518519 0.23333333333333334 0.9694444444444444 0.23229166666666667 0.962037037037037 0.23385416666666667 0.9546296296296296 0.23802083333333332 0.9490740740740741 0.24375 0.9481481481481482 0.24635416666666668 0.950925925925926