0 0.8171875 0.3351851851851852 0.8270833333333333 0.34074074074074073 0.83125 0.35462962962962963 0.8302083333333333 0.3648148148148148 0.8182291666666667 0.36574074074074076 0.8375 0.3925925925925926 0.8375 0.40925925925925927 0.840625 0.4203703703703704 0.8411458333333334 0.4324074074074074 0.8359375 0.44537037037037036 0.8302083333333333 0.45092592592592595 0.8104166666666667 0.44814814814814813 0.7979166666666667 0.43425925925925923 0.7979166666666667 0.4101851851851852 0.7942708333333334 0.36944444444444446 0.796875 0.36018518518518516 0.8057291666666667 0.3592592592592593 0.7994791666666666 0.3537037037037037 0.7979166666666667 0.3453703703703704 0.8026041666666667 0.337037037037037 0.8166666666666667 0.3351851851851852
1 0.5416666666666666 0.26481481481481484 0.5463541666666667 0.2759259259259259 0.5432291666666667 0.3138888888888889 0.5385416666666667 0.3101851851851852 0.5359375 0.275 0.5380208333333333 0.2657407407407407 0.5395833333333333 0.26296296296296295 0.5411458333333333 0.26481481481481484
1 0.5901041666666667 0.29444444444444445 0.59375 0.29444444444444445 0.596875 0.30277777777777776 0.5984375 0.32685185185185184 0.5979166666666667 0.33240740740740743 0.5947916666666667 0.33425925925925926 0.59375 0.3314814814814815 0.59375 0.32314814814814813 0.5901041666666667 0.3074074074074074 0.5901041666666667 0.2953703703703704
1 0.1890625 0.22685185185185186 0.1921875 0.22685185185185186 0.1984375 0.2388888888888889 0.20260416666666667 0.25462962962962965 0.19895833333333332 0.25462962962962965 0.19635416666666666 0.262037037037037 0.19270833333333334 0.262037037037037 0.18958333333333333 0.24537037037037038 0.1890625 0.22777777777777777
1 0.634375 0.23333333333333334 0.6328125 0.20555555555555555 0.6432291666666666 0.18981481481481483 0.6447916666666667 0.19907407407407407 0.6411458333333333 0.22314814814814815 0.6369791666666667 0.23425925925925925 0.6348958333333333 0.23333333333333334
1 0.6020833333333333 0.26296296296296295 0.5989583333333334 0.23425925925925925 0.6046875 0.22037037037037038 0.6067708333333334 0.2212962962962963 0.609375 0.22962962962962963 0.6104166666666667 0.24166666666666667 0.6072916666666667 0.25833333333333336 0.6026041666666667 0.26296296296296295
1 0.09270833333333334 0.3055555555555556 0.096875 0.30833333333333335 0.1015625 0.3175925925925926 0.10520833333333333 0.3314814814814815 0.10260416666666666 0.3388888888888889 0.09791666666666667 0.33425925925925926 0.09166666666666666 0.3175925925925926 0.09010416666666667 0.30833333333333335 0.0921875 0.3055555555555556
1 0.6645833333333333 0.23703703703703705 0.6635416666666667 0.2175925925925926 0.6666666666666666 0.2 0.6692708333333334 0.19537037037037036 0.6723958333333333 0.1962962962962963 0.6734375 0.20925925925925926 0.6703125 0.21666666666666667 0.6682291666666667 0.23796296296296296 0.6651041666666667 0.23703703703703705
1 0.19322916666666667 0.21481481481481482 0.18645833333333334 0.1925925925925926 0.1890625 0.18425925925925926 0.19270833333333334 0.18611111111111112 0.20052083333333334 0.2101851851851852 0.1984375 0.21481481481481482 0.19375 0.21481481481481482
1 0.615625 0.24537037037037038 0.6197916666666666 0.2518518518518518 0.6197916666666666 0.2611111111111111 0.6161458333333333 0.27314814814814814 0.6125 0.2712962962962963 0.6083333333333333 0.26296296296296295 0.6104166666666667 0.2490740740740741 0.6151041666666667 0.24537037037037038
1 0.9661458333333334 0.6509259259259259 0.9703125 0.6564814814814814 0.9765625 0.674074074074074 0.9729166666666667 0.6768518518518518 0.9666666666666667 0.6703703703703704 0.9526041666666667 0.700925925925926 0.9489583333333333 0.700925925925926 0.9427083333333334 0.6907407407407408 0.9447916666666667 0.6787037037037037 0.9552083333333333 0.6518518518518519 0.959375 0.6481481481481481 0.965625 0.6509259259259259
1 0.6578125 0.1925925925925926 0.6583333333333333 0.2101851851851852 0.6510416666666666 0.2361111111111111 0.6473958333333333 0.21944444444444444 0.6520833333333333 0.19814814814814816 0.6546875 0.1925925925925926 0.6572916666666667 0.1925925925925926
1 0.35833333333333334 0.8675925925925926 0.3614583333333333 0.875 0.3651041666666667 0.8759259259259259 0.37395833333333334 0.8861111111111111 0.3729166666666667 0.8944444444444445 0.36302083333333335 0.9120370370370371 0.359375 0.9231481481481482 0.35572916666666665 0.9222222222222223 0.3578125 0.9157407407407407 0.3578125 0.9064814814814814 0.35052083333333334 0.8796296296296297 0.3515625 0.8675925925925926 0.3578125 0.8675925925925926
1 0.16458333333333333 0.25555555555555554 0.16822916666666668 0.2601851851851852 0.16979166666666667 0.27037037037037037 0.17447916666666666 0.2824074074074074 0.17083333333333334 0.2833333333333333 0.16822916666666668 0.27870370370370373 0.16770833333333332 0.2898148148148148 0.16458333333333333 0.29074074074074074 0.16041666666666668 0.2611111111111111 0.1609375 0.2574074074074074 0.1640625 0.2564814814814815
1 0.5223958333333333 0.262037037037037 0.5255208333333333 0.28055555555555556 0.5255208333333333 0.3055555555555556 0.51875 0.30648148148148147 0.515625 0.3101851851851852 0.5140625 0.3074074074074074 0.5166666666666667 0.2935185185185185 0.5161458333333333 0.27685185185185185 0.5192708333333333 0.26481481481481484 0.521875 0.262037037037037
1 0.846875 0.4675925925925926 0.85 0.47129629629629627 0.8505208333333333 0.47962962962962963 0.8453125 0.5009259259259259 0.8453125 0.5120370370370371 0.8432291666666667 0.5157407407407407 0.8411458333333334 0.5148148148148148 0.8390625 0.5018518518518519 0.8348958333333333 0.5111111111111111 0.8317708333333333 0.5064814814814815 0.8369791666666667 0.49166666666666664 0.8369791666666667 0.4703703703703704 0.8416666666666667 0.46574074074074073 0.8463541666666666 0.4675925925925926
1 0.5083333333333333 0.041666666666666664 0.5109375 0.05740740740740741 0.5104166666666666 0.07314814814814814 0.5072916666666667 0.075 0.5052083333333334 0.06759259259259259 0.5046875 0.046296296296296294 0.5078125 0.04259259259259259
1 0.6557291666666667 0.12314814814814815 0.6583333333333333 0.1259259259259259 0.6598958333333333 0.1361111111111111 0.6572916666666667 0.1574074074074074 0.6536458333333334 0.15555555555555556 0.6526041666666667 0.13703703703703704 0.65 0.12777777777777777 0.6505208333333333 0.125 0.6552083333333333 0.12314814814814815
1 0.03125 0.40370370370370373 0.043229166666666666 0.41388888888888886 0.05 0.4351851851851852 0.05572916666666667 0.44351851851851853 0.0546875 0.44907407407407407 0.051041666666666666 0.45185185185185184 0.04791666666666667 0.4444444444444444 0.043229166666666666 0.44074074074074077 0.03958333333333333 0.44537037037037036 0.0359375 0.4287037037037037 0.028645833333333332 0.4166666666666667 0.028645833333333332 0.4046296296296296 0.030729166666666665 0.40370370370370373
1 0.28229166666666666 0.14166666666666666 0.2864583333333333 0.1527777777777778 0.2859375 0.175 0.28177083333333336 0.17777777777777778 0.27708333333333335 0.1537037037037037 0.2786458333333333 0.14444444444444443 0.28177083333333336 0.1425925925925926
1 0.16458333333333333 0.2212962962962963 0.16875 0.21944444444444444 0.17552083333333332 0.23703703703703705 0.17552083333333332 0.25462962962962965 0.17239583333333333 0.2537037037037037 0.1640625 0.22870370370370371 0.16458333333333333 0.2222222222222222
1 0.8661458333333333 0.5638888888888889 0.8786458333333333 0.5453703703703704 0.8833333333333333 0.5314814814814814 0.8927083333333333 0.524074074074074 0.896875 0.525 0.8979166666666667 0.5287037037037037 0.8927083333333333 0.5361111111111111 0.8869791666666667 0.5796296296296296 0.8822916666666667 0.5768518518518518 0.8817708333333333 0.562962962962963 0.8802083333333334 0.5601851851851852 0.8692708333333333 0.5712962962962963 0.865625 0.5703703703703704 0.8661458333333333 0.5648148148148148
1 0.5197916666666667 0.524074074074074 0.5255208333333333 0.5333333333333333 0.528125 0.5472222222222223 0.5276041666666667 0.5638888888888889 0.5203125 0.5777777777777777 0.51875 0.5777777777777777 0.51875 0.5648148148148148 0.5125 0.55 0.5140625 0.5361111111111111 0.5192708333333333 0.524074074074074
1 0.6505208333333333 0.30462962962962964 0.6541666666666667 0.3037037037037037 0.6583333333333333 0.31666666666666665 0.6578125 0.3277777777777778 0.6510416666666666 0.3509259259259259 0.6489583333333333 0.35185185185185186 0.6489583333333333 0.33055555555555555 0.6463541666666667 0.3175925925925926 0.6505208333333333 0.3055555555555556
1 0.2640625 0.15833333333333333 0.26875 0.1712962962962963 0.26875 0.18518518518518517 0.259375 0.18333333333333332 0.2578125 0.17962962962962964 0.2578125 0.1638888888888889 0.26145833333333335 0.1574074074074074 0.2635416666666667 0.15833333333333333
1 0.2546875 0.17592592592592593 0.2598958333333333 0.18611111111111112 0.26197916666666665 0.2101851851851852 0.25625 0.2064814814814815 0.2526041666666667 0.19907407407407407 0.25104166666666666 0.1787037037037037 0.25416666666666665 0.17685185185185184
1 0.2671875 0.5324074074074074 0.27239583333333334 0.5425925925925926 0.2734375 0.5611111111111111 0.27760416666666665 0.5731481481481482 0.2828125 0.5805555555555556 0.28177083333333336 0.5861111111111111 0.278125 0.5851851851851851 0.27239583333333334 0.575 0.26875 0.5777777777777777 0.26927083333333335 0.5851851851851851 0.2630208333333333 0.5824074074074074 0.26510416666666664 0.5648148148148148 0.2609375 0.562037037037037 0.25885416666666666 0.5537037037037037 0.2640625 0.5342592592592592 0.26666666666666666 0.5324074074074074
1 0.6302083333333334 0.17407407407407408 0.6328125 0.17592592592592593 0.6348958333333333 0.18425925925925926 0.6348958333333333 0.1925925925925926 0.6307291666666667 0.2111111111111111 0.6265625 0.21296296296296297 0.625 0.1935185185185185 0.625 0.18611111111111112 0.6296875 0.175
1 0.07760416666666667 0.3453703703703704 0.08177083333333333 0.34444444444444444 0.0921875 0.3537037037037037 0.0953125 0.36018518518518516 0.0984375 0.37592592592592594 0.09166666666666666 0.37592592592592594 0.08802083333333334 0.38981481481481484 0.08697916666666666 0.37962962962962965 0.078125 0.34629629629629627
1 0.7411458333333333 0.9842592592592593 0.7458333333333333 0.987037037037037 0.7505208333333333 0.9990740740740741 0.7328125 0.9990740740740741 0.740625 0.9851851851851852
1 0.058333333333333334 0.37962962962962965 0.0640625 0.38425925925925924 0.07083333333333333 0.3990740740740741 0.0734375 0.41203703703703703 0.07083333333333333 0.4185185185185185 0.0671875 0.41759259259259257 0.05520833333333333 0.39444444444444443 0.05416666666666667 0.38333333333333336 0.0578125 0.37962962962962965
1 0.18541666666666667 0.24351851851851852 0.19114583333333332 0.25092592592592594 0.19479166666666667 0.27870370370370373 0.1890625 0.2861111111111111 0.18541666666666667 0.2861111111111111 0.18489583333333334 0.2722222222222222 0.18125 0.25555555555555554 0.18229166666666666 0.24722222222222223 0.18489583333333334 0.24444444444444444
1 0.4427083333333333 0.20277777777777778 0.4479166666666667 0.21944444444444444 0.44479166666666664 0.2351851851851852 0.44427083333333334 0.25092592592592594 0.4427083333333333 0.25277777777777777 0.43802083333333336 0.22407407407407406 0.4390625 0.2037037037037037 0.4421875 0.20277777777777778
1 0.640625 0.11203703703703703 0.64375 0.11481481481481481 0.6458333333333334 0.12314814814814815 0.6421875 0.13425925925925927 0.640625 0.14722222222222223 0.6380208333333334 0.14629629629629629 0.6364583333333333 0.1259259259259259 0.6401041666666667 0.11296296296296296
1 0.28958333333333336 0.14444444444444443 0.2947916666666667 0.15185185185185185 0.29635416666666664 0.175 0.2916666666666667 0.175 0.2875 0.16574074074074074 0.2869791666666667 0.14722222222222223 0.2890625 0.14537037037037037
1 0.3416666666666667 0.09074074074074075 0.3463541666666667 0.11018518518518519 0.3463541666666667 0.11574074074074074 0.3416666666666667 0.12129629629629629 0.3385416666666667 0.12129629629629629 0.33697916666666666 0.10462962962962963 0.3380208333333333 0.09259259259259259 0.3411458333333333 0.09074074074074075
1 0.11614583333333334 0.31203703703703706 0.12708333333333333 0.3175925925925926 0.128125 0.33611111111111114 0.13333333333333333 0.3509259259259259 0.12291666666666666 0.35555555555555557 0.12291666666666666 0.35 0.1171875 0.3314814814814815 0.115625 0.31296296296296294
1 0.11614583333333334 0.36666666666666664 0.1203125 0.37407407407407406 0.11927083333333334 0.37592592592592594 0.11145833333333334 0.36944444444444446 0.109375 0.37407407407407406 0.109375 0.38425925925925924 0.10729166666666666 0.3851851851851852 0.10052083333333334 0.35 0.1015625 0.34444444444444444 0.10520833333333333 0.3425925925925926 0.1125 0.362962962962963 0.115625 0.36666666666666664
1 0.6447916666666667 0.2574074074074074 0.646875 0.2722222222222222 0.6432291666666666 0.29074074074074074 0.6401041666666667 0.2953703703703704 0.6375 0.2935185185185185 0.6385416666666667 0.26944444444444443 0.640625 0.25925925925925924 0.6442708333333333 0.2574074074074074
1 0.7734375 0.2462962962962963 0.775 0.24814814814814815 0.7755208333333333 0.25833333333333336 0.7729166666666667 0.2833333333333333 0.7697916666666667 0.2861111111111111 0.7651041666666667 0.2833333333333333 0.765625 0.25833333333333336 0.76875 0.24814814814814815 0.7729166666666667 0.2462962962962963
1 0.6473958333333333 0.19537037037037036 0.6546875 0.19537037037037036 0.6494791666666667 0.22685185185185186 0.64375 0.22685185185185186 0.6432291666666666 0.22407407407407406 0.6442708333333333 0.2074074074074074 0.6473958333333333 0.1962962962962963
1 0.6234375 0.2824074074074074 0.6270833333333333 0.28703703703703703 0.628125 0.2953703703703704 0.6229166666666667 0.3194444444444444 0.6197916666666666 0.32037037037037036 0.61875 0.2916666666666667 0.6229166666666667 0.2824074074074074
1 0.7473958333333334 0.737037037037037 0.021875 0.5037037037037037
1 0.6510416666666666 0.12222222222222222 0.6526041666666667 0.125 0.6520833333333333 0.14444444444444443 0.6510416666666666 0.15092592592592594 0.6479166666666667 0.1537037037037037 0.6453125 0.15185185185185185 0.6463541666666667 0.13055555555555556 0.6473958333333333 0.12407407407407407 0.6505208333333333 0.12222222222222222
1 0.15572916666666667 0.22037037037037038 0.16145833333333334 0.23333333333333334 0.165625 0.25092592592592594 0.16458333333333333 0.25555555555555554 0.1578125 0.25277777777777777 0.15260416666666668 0.2351851851851852 0.15260416666666668 0.2222222222222222 0.15520833333333334 0.22037037037037038
1 0.6088541666666667 0.2675925925925926 0.6140625 0.27314814814814814 0.6161458333333333 0.2814814814814815 0.6161458333333333 0.28888888888888886 0.6104166666666667 0.3101851851851852 0.6083333333333333 0.3101851851851852 0.6083333333333333 0.3055555555555556 0.6052083333333333 0.3 0.6052083333333333 0.2851851851851852 0.6083333333333333 0.26851851851851855
1 0.6440104166666667 0.16898148148148148 0.0078125 0.03796296296296296
1 0.6630208333333333 0.9490740740740741 0.6682291666666667 0.9472222222222222 0.675 0.962037037037037 0.6755208333333333 0.9768518518518519 0.671875 0.9842592592592593 0.6765625 0.9907407407407407 0.6755208333333333 0.9990740740740741 0.6609375 0.9842592592592593 0.6541666666666667 0.9888888888888889 0.6473958333333333 0.9833333333333333 0.6473958333333333 0.9796296296296296 0.6541666666666667 0.975925925925926 0.6630208333333333 0.95
1 0.6645833333333333 0.35555555555555557 0.6645833333333333 0.3425925925925926 0.6609375 0.31851851851851853 0.6661458333333333 0.29907407407407405 0.6713541666666667 0.2916666666666667 0.675 0.3055555555555556 0.6739583333333333 0.32592592592592595 0.6682291666666667 0.35185185185185186 0.6651041666666667 0.35555555555555557
1 0.165625 0.4638888888888889 0.17395833333333333 0.4703703703703704 0.18177083333333333 0.48703703703703705 0.18177083333333333 0.49444444444444446 0.178125 0.5009259259259259 0.17552083333333332 0.5148148148148148 0.17239583333333333 0.5111111111111111 0.16927083333333334 0.4898148148148148 0.16770833333333332 0.48703703703703705 0.16145833333333334 0.48703703703703705 0.16041666666666668 0.4638888888888889 0.16510416666666666 0.4638888888888889
1 0.6606770833333333 0.21851851851851853 0.009895833333333333 0.03888888888888889
1 0.25677083333333334 0.9666666666666667 0.2625 0.9768518518518519 0.2625 0.987037037037037 0.265625 0.9990740740740741 0.25104166666666666 0.9990740740740741 0.246875 0.9888888888888889 0.23802083333333332 0.9805555555555555 0.23802083333333332 0.9731481481481481 0.24114583333333334 0.9675925925925926 0.25052083333333336 0.9648148148148148 0.25625 0.9666666666666667