0 0.19895833333333332 0.5583333333333333 0.21979166666666666 0.5592592592592592 0.2265625 0.562962962962963 0.23125 0.5740740740740741 0.234375 0.5953703703703703 0.23229166666666667 0.6083333333333333 0.21979166666666666 0.6259259259259259 0.20833333333333334 0.6231481481481481 0.17447916666666666 0.6370370370370371 0.16041666666666668 0.637962962962963 0.15729166666666666 0.6435185185185185 0.15677083333333333 0.6527777777777778 0.15416666666666667 0.6555555555555556 0.1453125 0.6509259259259259 0.13489583333333333 0.6509259259259259 0.13020833333333334 0.6435185185185185 0.12604166666666666 0.6296296296296297 0.1265625 0.6027777777777777 0.12916666666666668 0.5879629629629629 0.13333333333333333 0.5796296296296296 0.14010416666666667 0.5787037037037037 0.153125 0.5694444444444444 0.1796875 0.5601851851851852 0.1984375 0.5583333333333333
0 0.11302083333333333 0.4027777777777778 0.1234375 0.4064814814814815 0.1265625 0.4111111111111111 0.11614583333333334 0.42407407407407405 0.115625 0.42962962962962964 0.11822916666666666 0.44074074074074077 0.1171875 0.4564814814814815 0.09635416666666667 0.4740740740740741 0.08802083333333334 0.4888888888888889 0.07083333333333333 0.4935185185185185 0.06041666666666667 0.49166666666666664 0.04635416666666667 0.47314814814814815 0.04479166666666667 0.4601851851851852 0.04895833333333333 0.4444444444444444 0.05260416666666667 0.43796296296296294 0.07708333333333334 0.41388888888888886 0.08854166666666667 0.4083333333333333 0.10052083333333334 0.40925925925925927 0.109375 0.40185185185185185 0.1125 0.4027777777777778
0 0.5989583333333334 0.4675925925925926 0.6229166666666667 0.49166666666666664 0.64375 0.5175925925925926 0.6791666666666667 0.5546296296296296 0.6953125 0.5768518518518518 0.7104166666666667 0.5907407407407408 0.7296875 0.6148148148148148 0.7796875 0.6685185185185185 0.7807291666666667 0.6805555555555556 0.778125 0.7157407407407408 0.7786458333333334 0.7379629629629629 0.7760416666666666 0.7518518518518519 0.753125 0.8018518518518518 0.7458333333333333 0.8101851851851852 0.7364583333333333 0.8083333333333333 0.7255208333333333 0.7953703703703704 0.71875 0.7935185185185185 0.7104166666666667 0.7861111111111111 0.7010416666666667 0.7675925925925926 0.6546875 0.7055555555555556 0.6270833333333333 0.662962962962963 0.6151041666666667 0.6611111111111111 0.6088541666666667 0.6546296296296297 0.6010416666666667 0.6333333333333333 0.5630208333333333 0.5787037037037037 0.5640625 0.5388888888888889 0.5697916666666667 0.5027777777777778 0.5770833333333333 0.4898148148148148 0.5984375 0.4675925925925926
0 0.5036458333333333 0.2574074074074074 0.509375 0.26296296296296295 0.5109375 0.26851851851851855 0.5088541666666667 0.30092592592592593 0.5052083333333334 0.3175925925925926 0.49114583333333334 0.3277777777777778 0.48541666666666666 0.325 0.48385416666666664 0.3138888888888889 0.48020833333333335 0.30462962962962964 0.48072916666666665 0.2962962962962963 0.48333333333333334 0.2824074074074074 0.490625 0.2611111111111111 0.503125 0.2574074074074074
0 0.3463541666666667 0.775 0.35104166666666664 0.7787037037037037 0.3567708333333333 0.7935185185185185 0.35989583333333336 0.8148148148148148 0.36614583333333334 0.8240740740740741 0.36614583333333334 0.8351851851851851 0.3515625 0.8453703703703703 0.3328125 0.85 0.3255208333333333 0.862037037037037 0.3145833333333333 0.8648148148148148 0.3072916666666667 0.8731481481481481 0.30052083333333335 0.8722222222222222 0.2911458333333333 0.8592592592592593 0.2875 0.8333333333333334 0.28802083333333334 0.8101851851851852 0.2911458333333333 0.7907407407407407 0.296875 0.7833333333333333 0.31145833333333334 0.7777777777777778 0.3458333333333333 0.775
0 0.5572916666666666 0.14537037037037037 0.5625 0.15 0.5630208333333333 0.1574074074074074 0.5588541666666667 0.1925925925925926 0.5546875 0.19814814814814816 0.5395833333333333 0.1925925925925926 0.5385416666666667 0.17962962962962964 0.5458333333333333 0.1574074074074074 0.5505208333333333 0.14907407407407408 0.5567708333333333 0.14537037037037037
0 0.025520833333333333 0.4648148148148148 0.0390625 0.4722222222222222 0.04010416666666667 0.48333333333333334 0.022395833333333334 0.5046296296296297 0.013020833333333334 0.5120370370370371 0.0078125 0.5120370370370371 0.004166666666666667 0.5083333333333333 0 0.5018518518518519 0 0.4981481481481482 0.005729166666666666 0.4888888888888889 0.0036458333333333334 0.4842592592592593 0.004166666666666667 0.4787037037037037 0.010416666666666666 0.4861111111111111 0.014583333333333334 0.48518518518518516 0.014583333333333334 0.4666666666666667 0.025 0.46574074074074073
0 0.13385416666666666 0.5277777777777778 0.13645833333333332 0.5305555555555556 0.146875 0.5287037037037037 0.15520833333333334 0.5333333333333333 0.15677083333333333 0.5388888888888889 0.15572916666666667 0.55 0.14791666666666667 0.5675925925925925 0.1375 0.5768518518518518 0.12916666666666668 0.5768518518518518 0.1265625 0.5740740740740741 0.12291666666666666 0.5601851851851852 0.12083333333333333 0.5407407407407407 0.12135416666666667 0.5361111111111111 0.13333333333333333 0.5277777777777778
0 0.415625 0.12129629629629629 0.4239583333333333 0.12407407407407407 0.4265625 0.13055555555555556 0.425 0.14907407407407408 0.421875 0.15555555555555556 0.40729166666666666 0.15462962962962962 0.40572916666666664 0.12222222222222222 0.41510416666666666 0.12129629629629629
0 0.8661458333333333 0.7657407407407407 0.9010416666666666 0.7851851851851852 0.9427083333333334 0.8203703703703704 0.953125 0.8333333333333334 0.9625 0.85 0.984375 0.8777777777777778 0.9911458333333333 0.8916666666666667 0.9942708333333333 0.9092592592592592 0.9942708333333333 0.9277777777777778 0.9916666666666667 0.9407407407407408 0.9791666666666666 0.95 0.9651041666666667 0.95 0.9567708333333333 0.9462962962962963 0.9489583333333333 0.9388888888888889 0.9427083333333334 0.925 0.9036458333333334 0.8842592592592593 0.8833333333333333 0.8657407407407407 0.8770833333333333 0.8657407407407407 0.865625 0.8574074074074074 0.8515625 0.8277777777777777 0.8515625 0.8101851851851852 0.8557291666666667 0.7833333333333333 0.8625 0.7675925925925926 0.865625 0.7666666666666667
0 0.4473958333333333 0.3907407407407407 0.45260416666666664 0.3972222222222222 0.4546875 0.4101851851851852 0.4546875 0.43796296296296294 0.4479166666666667 0.4527777777777778 0.4401041666666667 0.4462962962962963 0.41354166666666664 0.44351851851851853 0.409375 0.43703703703703706 0.4114583333333333 0.4166666666666667 0.41770833333333335 0.39351851851851855 0.446875 0.3907407407407407
0 0.35625 0.19722222222222222 0.359375 0.19907407407407407 0.3614583333333333 0.2064814814814815 0.3614583333333333 0.22407407407407406 0.3416666666666667 0.24074074074074073 0.33125 0.24074074074074073 0.3229166666666667 0.23425925925925925 0.32083333333333336 0.2222222222222222 0.32447916666666665 0.20925925925925926 0.33177083333333335 0.20092592592592592 0.35572916666666665 0.19722222222222222
0 0.10833333333333334 0.325 0.1140625 0.33055555555555555 0.11875 0.3490740740740741 0.11354166666666667 0.3675925925925926 0.11302083333333333 0.38333333333333336 0.08958333333333333 0.3907407407407407 0.084375 0.3907407407407407 0.078125 0.3824074074074074 0.07864583333333333 0.3435185185185185 0.08541666666666667 0.33240740740740743 0.1078125 0.325
0 0.20833333333333334 0.7490740740740741 0.21510416666666668 0.7611111111111111 0.21770833333333334 0.7611111111111111 0.22395833333333334 0.7527777777777778 0.23125 0.7648148148148148 0.22708333333333333 0.7685185185185185 0.21041666666666667 0.8074074074074075 0.20520833333333333 0.8138888888888889 0.19947916666666668 0.8101851851851852 0.19791666666666666 0.7925925925925926 0.20052083333333334 0.7555555555555555 0.20260416666666667 0.7509259259259259 0.2078125 0.7490740740740741
0 0.5140625 0.32314814814814813 0.5203125 0.33796296296296297 0.5244791666666667 0.35462962962962963 0.5302083333333333 0.3648148148148148 0.5286458333333334 0.3712962962962963 0.5328125 0.3925925925925926 0.53125 0.4111111111111111 0.5265625 0.41574074074074074 0.5197916666666667 0.4166666666666667 0.5072916666666667 0.41574074074074074 0.5026041666666666 0.4101851851851852 0.4942708333333333 0.37962962962962965 0.490625 0.3527777777777778 0.490625 0.33611111111111114 0.496875 0.32314814814814813 0.5041666666666667 0.32037037037037036 0.5135416666666667 0.32314814814814813
0 0.2942708333333333 0.47685185185185186 0.3078125 0.48333333333333334 0.3109375 0.4898148148148148 0.3171875 0.5425925925925926 0.3125 0.5601851851851852 0.31354166666666666 0.5712962962962963 0.3109375 0.5814814814814815 0.3026041666666667 0.5879629629629629 0.29635416666666664 0.5990740740740741 0.29583333333333334 0.6074074074074074 0.28802083333333334 0.6203703703703703 0.2864583333333333 0.6342592592592593 0.2828125 0.6444444444444445 0.25885416666666666 0.6546296296296297 0.25104166666666666 0.6527777777777778 0.24010416666666667 0.6333333333333333 0.2390625 0.600925925925926 0.246875 0.5518518518518518 0.24739583333333334 0.537962962962963 0.2791666666666667 0.48055555555555557 0.284375 0.4759259259259259 0.29375 0.47685185185185186
0 0.15885416666666666 0.7388888888888889 0.17239583333333333 0.7472222222222222 0.18645833333333334 0.7685185185185185 0.19010416666666666 0.7861111111111111 0.18958333333333333 0.7962962962962963 0.1859375 0.8037037037037037 0.17239583333333333 0.8185185185185185 0.15052083333333333 0.8546296296296296 0.13020833333333334 0.875 0.12604166666666666 0.8722222222222222 0.12447916666666667 0.8555555555555555 0.115625 0.8388888888888889 0.1140625 0.8074074074074075 0.11770833333333333 0.7962962962962963 0.140625 0.7546296296296297 0.14895833333333333 0.7425925925925926 0.15833333333333333 0.7388888888888889
0 0.3697916666666667 0.44722222222222224 0.3729166666666667 0.44907407407407407 0.3765625 0.45925925925925926 0.3796875 0.4740740740740741 0.3796875 0.48333333333333334 0.3770833333333333 0.4935185185185185 0.36822916666666666 0.5083333333333333 0.36614583333333334 0.5194444444444445 0.3578125 0.5212962962962963 0.35260416666666666 0.5277777777777778 0.3484375 0.5259259259259259 0.34322916666666664 0.5083333333333333 0.3416666666666667 0.47685185185185186 0.35520833333333335 0.44537037037037036 0.3692708333333333 0.44722222222222224
0 0.7067708333333333 0.8722222222222222 0.7510416666666667 0.8935185185185185 0.8 0.9324074074074075 0.8067708333333333 0.9472222222222222 0.8104166666666667 0.9638888888888889 0.8104166666666667 0.9990740740740741 0.7479166666666667 0.9990740740740741 0.7135416666666666 0.9796296296296296 0.7036458333333333 0.9805555555555555 0.6994791666666667 0.9777777777777777 0.68125 0.950925925925926 0.6802083333333333 0.9407407407407408 0.6817708333333333 0.9111111111111111 0.6854166666666667 0.8861111111111111 0.6921875 0.8694444444444445 0.6979166666666666 0.8685185185185185 0.70625 0.8722222222222222
0 0.15208333333333332 0.4027777777777778 0.16145833333333334 0.41574074074074074 0.16458333333333333 0.42592592592592593 0.16458333333333333 0.4324074074074074 0.16145833333333334 0.44351851851851853 0.15625 0.4527777777777778 0.14166666666666666 0.4703703703703704 0.12239583333333333 0.4666666666666667 0.11927083333333334 0.46111111111111114 0.11822916666666666 0.4444444444444444 0.11979166666666667 0.4398148148148148 0.1265625 0.43425925925925923 0.1390625 0.4101851851851852 0.1453125 0.40370370370370373 0.1515625 0.4027777777777778
0 0.5677083333333334 0.387037037037037 0.5776041666666667 0.4 0.5859375 0.41944444444444445 0.5963541666666666 0.45740740740740743 0.596875 0.4638888888888889 0.5947916666666667 0.4703703703703704 0.5765625 0.4842592592592593 0.5661458333333333 0.48148148148148145 0.5635416666666667 0.47314814814814815 0.5640625 0.45925925925925926 0.5458333333333333 0.43333333333333335 0.5463541666666667 0.40555555555555556 0.5489583333333333 0.3972222222222222 0.5567708333333333 0.3888888888888889 0.5671875 0.387037037037037
0 0.4510416666666667 0.17222222222222222 0.4666666666666667 0.17685185185185184 0.4708333333333333 0.1824074074074074 0.47291666666666665 0.20092592592592592 0.4713541666666667 0.27870370370370373 0.46770833333333334 0.28703703703703703 0.4609375 0.2935185185185185 0.43802083333333336 0.3398148148148148 0.4140625 0.3787037037037037 0.39739583333333334 0.37592592592592594 0.3828125 0.36944444444444446 0.37864583333333335 0.3648148148148148 0.37447916666666664 0.3101851851851852 0.37552083333333336 0.26296296296296295 0.38229166666666664 0.24259259259259258 0.4276041666666667 0.18055555555555555 0.4348958333333333 0.17407407407407408 0.4505208333333333 0.17222222222222222
0 0.984375 0.7435185185185185 0.9994791666666667 0.7509259259259259 0.9994791666666667 0.8407407407407408 0.9942708333333333 0.8388888888888889 0.9776041666666667 0.8185185185185185 0.9630208333333333 0.8175925925925925 0.9588541666666667 0.8138888888888889 0.9552083333333333 0.8055555555555556 0.9541666666666667 0.7888888888888889 0.9630208333333333 0.7620370370370371 0.9739583333333334 0.7537037037037037 0.9802083333333333 0.7444444444444445 0.9838541666666667 0.7435185185185185
0 0.2791666666666667 0.6481481481481481 0.28489583333333335 0.6472222222222223 0.2869791666666667 0.6407407407407407 0.28541666666666665 0.6509259259259259 0.28958333333333336 0.6592592592592592 0.2916666666666667 0.6435185185185185 0.296875 0.6370370370370371 0.30052083333333335 0.6370370370370371 0.30416666666666664 0.6518518518518519 0.303125 0.6675925925925926 0.2791666666666667 0.7101851851851851 0.2760416666666667 0.7074074074074074 0.27447916666666666 0.6962962962962963 0.275 0.6648148148148149 0.2791666666666667 0.649074074074074
0 0.9734375 0.6675925925925926 0.9994791666666667 0.6777777777777778 0.9994791666666667 0.7490740740740741 0.9807291666666667 0.7444444444444445 0.9697916666666667 0.7564814814814815 0.9630208333333333 0.7546296296296297 0.9520833333333333 0.7324074074074074 0.9447916666666667 0.7074074074074074 0.9447916666666667 0.6888888888888889 0.946875 0.6814814814814815 0.9557291666666666 0.6712962962962963 0.9630208333333333 0.6675925925925926 0.9729166666666667 0.6675925925925926
0 0.7927083333333333 0.825925925925926 0.8015625 0.8277777777777777 0.8375 0.8481481481481481 0.8463541666666666 0.8592592592592593 0.8489583333333334 0.8675925925925926 0.85 0.8824074074074074 0.8479166666666667 0.9111111111111111 0.8453125 0.9175925925925926 0.8291666666666667 0.9222222222222223 0.8067708333333333 0.9194444444444444 0.7932291666666667 0.9101851851851852 0.7786458333333334 0.9111111111111111 0.7723958333333333 0.9074074074074074 0.76875 0.9 0.7671875 0.8805555555555555 0.76875 0.850925925925926 0.78125 0.8287037037037037 0.7859375 0.825 0.7921875 0.825925925925926
0 0.17604166666666668 0.637962962962963 0.1859375 0.6425925925925926 0.1875 0.6472222222222223 0.18697916666666667 0.6592592592592592 0.18229166666666666 0.6814814814814815 0.17395833333333333 0.6861111111111111 0.1640625 0.6972222222222222 0.1578125 0.6990740740740741 0.15520833333333334 0.6981481481481482 0.15 0.6851851851851852 0.15 0.6814814814814815 0.15677083333333333 0.6685185185185185 0.15572916666666667 0.6564814814814814 0.15729166666666666 0.6425925925925926 0.1609375 0.637962962962963 0.17552083333333332 0.637962962962963
0 0.3765625 0.5925925925925926 0.4859375 0.625 0.490625 0.6296296296296297 0.49114583333333334 0.6351851851851852 0.5083333333333333 0.6472222222222223 0.5239583333333333 0.6712962962962963 0.5296875 0.6953703703703704 0.5322916666666667 0.7481481481481481 0.5265625 0.7777777777777778 0.5208333333333334 0.7833333333333333 0.5088541666666667 0.7814814814814814 0.503125 0.7870370370370371 0.4953125 0.7870370370370371 0.48385416666666664 0.774074074074074 0.4713541666666667 0.7759259259259259 0.4276041666666667 0.7583333333333333 0.4114583333333333 0.7620370370370371 0.40260416666666665 0.7546296296296297 0.396875 0.7379629629629629 0.36614583333333334 0.7333333333333333 0.3578125 0.6768518518518518 0.3546875 0.6694444444444444 0.3546875 0.6611111111111111 0.3609375 0.6305555555555555 0.36875 0.6046296296296296 0.37604166666666666 0.5935185185185186
0 0.5270833333333333 0.1425925925925926 0.5333333333333333 0.14907407407407408 0.5348958333333333 0.1638888888888889 0.5333333333333333 0.17407407407407408 0.5229166666666667 0.18981481481481483 0.5052083333333334 0.18333333333333332 0.5046875 0.17222222222222222 0.5083333333333333 0.15925925925925927 0.5145833333333333 0.14722222222222223 0.5208333333333334 0.1425925925925926 0.5265625 0.1425925925925926
0 0.7526041666666666 0.4064814814814815 0.7625 0.4101851851851852 0.76875 0.42685185185185187 0.7708333333333334 0.44166666666666665 0.7692708333333333 0.44537037037037036 0.7645833333333333 0.44537037037037036 0.7552083333333334 0.43703703703703706 0.7526041666666666 0.4388888888888889 0.7578125 0.44722222222222224 0.7697916666666667 0.4564814814814815 0.775 0.46944444444444444 0.7776041666666667 0.5055555555555555 0.7703125 0.5166666666666667 0.7489583333333333 0.512962962962963 0.7401041666666667 0.5046296296296297 0.7395833333333334 0.487962962962963 0.7338541666666667 0.44537037037037036 0.7354166666666667 0.43425925925925923 0.74375 0.43148148148148147 0.7375 0.42407407407407405 0.7364583333333333 0.4185185185185185 0.7411458333333333 0.4083333333333333 0.7520833333333333 0.4064814814814815
1 0.5276041666666667 0.49166666666666664 0.5270833333333333 0.46111111111111114 0.5302083333333333 0.44722222222222224 0.5328125 0.44722222222222224 0.5364583333333334 0.4583333333333333 0.5359375 0.4787037037037037 0.5317708333333333 0.4842592592592593 0.5307291666666667 0.49074074074074076 0.528125 0.49166666666666664
1 0.12291666666666666 0.3074074074074074 0.1265625 0.30833333333333335 0.13333333333333333 0.31851851851851853 0.13697916666666668 0.3416666666666667 0.1359375 0.3472222222222222 0.13020833333333334 0.35185185185185186 0.12291666666666666 0.3277777777777778 0.12291666666666666 0.30833333333333335
1 0.19270833333333334 0.2689814814814815 0.011458333333333333 0.03611111111111111
1 0.4109375 0.9037037037037037 0.41458333333333336 0.9027777777777778 0.41822916666666665 0.9064814814814814 0.421875 0.912962962962963 0.425 0.9259259259259259 0.42135416666666664 0.9527777777777777 0.4192708333333333 0.9564814814814815 0.41354166666666664 0.9527777777777777 0.409375 0.9425925925925925 0.4109375 0.9046296296296297
1 0.5953125 0.2898148148148148 0.5989583333333334 0.2916666666666667 0.6020833333333333 0.3037037037037037 0.5958333333333333 0.3287037037037037 0.59375 0.3277777777777778 0.5927083333333333 0.30277777777777776 0.5953125 0.29074074074074074
1 0.5989583333333334 0.18981481481481483 0.6010416666666667 0.19722222222222222 0.6010416666666667 0.2074074074074074 0.5984375 0.22870370370370371 0.5958333333333333 0.22685185185185186 0.59375 0.2064814814814815 0.5963541666666666 0.1925925925925926 0.5984375 0.18981481481481483
1 0.5848958333333333 0.387037037037037 0.5895833333333333 0.4 0.5880208333333333 0.4212962962962963 0.5848958333333333 0.4203703703703704 0.5807291666666666 0.4064814814814815 0.58125 0.3925925925925926 0.584375 0.387037037037037
1 0.7895833333333333 0.649074074074074 0.7890625 0.6435185185185185 0.7958333333333333 0.637962962962963 0.8 0.6194444444444445 0.8067708333333333 0.6092592592592593 0.8104166666666667 0.6111111111111112 0.8072916666666666 0.6259259259259259 0.8067708333333333 0.6388888888888888 0.7979166666666667 0.662962962962963 0.7932291666666667 0.6611111111111111 0.7932291666666667 0.6509259259259259 0.7901041666666667 0.649074074074074
1 0.6104166666666667 0.28055555555555556 0.009375 0.037037037037037035
1 0.044270833333333336 0.33425925925925926 0.049479166666666664 0.3351851851851852 0.057291666666666664 0.34814814814814815 0.058333333333333334 0.3592592592592593 0.06302083333333333 0.3731481481481482 0.06041666666666667 0.37592592592592594 0.053125 0.37037037037037035 0.043229166666666666 0.3453703703703704 0.044270833333333336 0.3351851851851852
1 0.24114583333333334 0.22962962962962963 0.24427083333333333 0.23425925925925925 0.24791666666666667 0.25833333333333336 0.24010416666666667 0.262037037037037 0.2390625 0.2361111111111111 0.240625 0.23055555555555557
1 0.030208333333333334 0.40185185185185185 0.0375 0.412962962962963 0.03854166666666667 0.4222222222222222 0.0453125 0.4351851851851852 0.04479166666666667 0.4388888888888889 0.03958333333333333 0.4398148148148148 0.03697916666666667 0.4444444444444444 0.033854166666666664 0.44166666666666665 0.028125 0.42592592592592593 0.024479166666666666 0.4083333333333333 0.025520833333333333 0.40185185185185185 0.0296875 0.40185185185185185
1 0.3015625 0.16018518518518518 0.008333333333333333 0.02962962962962963
1 0.15416666666666667 0.29444444444444445 0.15885416666666666 0.3 0.15989583333333332 0.30925925925925923 0.16510416666666666 0.31851851851851853 0.16510416666666666 0.32314814814814813 0.15729166666666666 0.3175925925925926 0.15729166666666666 0.3287037037037037 0.15416666666666667 0.33425925925925926 0.15104166666666666 0.30833333333333335 0.15104166666666666 0.29907407407407405 0.15364583333333334 0.2953703703703704
1 0.5953125 0.24166666666666667 0.5989583333333334 0.25092592592592594 0.5953125 0.2824074074074074 0.5921875 0.2814814814814815 0.590625 0.26666666666666666 0.5911458333333334 0.24814814814814815 0.5947916666666667 0.24259259259259258
1 0.6213541666666667 0.3888888888888889 0.6239583333333333 0.4009259259259259 0.6229166666666667 0.4287037037037037 0.6197916666666666 0.42407407407407405 0.6166666666666667 0.42777777777777776 0.6151041666666667 0.42592592592592593 0.6182291666666667 0.38981481481481484 0.6208333333333333 0.3888888888888889
1 0.15572916666666667 0.2740740740740741 0.1578125 0.27685185185185185 0.1625 0.3 0.1609375 0.30648148148148147 0.15208333333333332 0.29259259259259257 0.15208333333333332 0.27870370370370373 0.15520833333333334 0.2740740740740741
1 0.019270833333333334 0.40370370370370373 0.0265625 0.4166666666666667 0.027604166666666666 0.42777777777777776 0.025 0.4305555555555556 0.026041666666666668 0.44537037037037036 0.024479166666666666 0.44722222222222224 0.022395833333333334 0.44722222222222224 0.021875 0.4398148148148148 0.0140625 0.412962962962963 0.014583333333333334 0.4046296296296296 0.01875 0.40370370370370373
1 0.81875 0.4898148148148148 0.8223958333333333 0.4925925925925926 0.8239583333333333 0.4981481481481482 0.8171875 0.5157407407407407 0.8125 0.5138888888888888 0.8109375 0.5074074074074074 0.8135416666666667 0.49074074074074076 0.8182291666666667 0.4898148148148148
1 0.29791666666666666 0.3712962962962963 0.3020833333333333 0.3907407407407407 0.303125 0.4111111111111111 0.3015625 0.41388888888888886 0.29635416666666664 0.4111111111111111 0.29583333333333334 0.4 0.2921875 0.38796296296296295 0.29270833333333335 0.3787037037037037 0.2953125 0.3712962962962963 0.29739583333333336 0.3712962962962963
1 0.4473958333333333 0.9592592592592593 0.453125 0.9629629629629629 0.4552083333333333 0.9805555555555555 0.4630208333333333 0.9925925925925926 0.45989583333333334 0.9990740740740741 0.4375 0.9990740740740741 0.4401041666666667 0.9833333333333333 0.43645833333333334 0.9629629629629629 0.43854166666666666 0.9583333333333334 0.446875 0.9592592592592593
1 0.5895833333333333 0.24444444444444444 0.590625 0.2574074074074074 0.5890625 0.26481481481481484 0.5848958333333333 0.2712962962962963 0.5822916666666667 0.25833333333333336 0.5828125 0.2518518518518518 0.5848958333333333 0.24537037037037038 0.5890625 0.24444444444444444
1 0.23177083333333334 0.2324074074074074 0.23541666666666666 0.23796296296296296 0.2359375 0.25092592592592594 0.23802083333333332 0.2574074074074074 0.23802083333333332 0.262037037037037 0.234375 0.26481481481481484 0.22864583333333333 0.24444444444444444 0.22916666666666666 0.2361111111111111 0.23125 0.2324074074074074
1 0.16666666666666666 0.2574074074074074 0.1703125 0.25462962962962965 0.1734375 0.2574074074074074 0.17708333333333334 0.2851851851851852 0.17604166666666668 0.2898148148148148 0.171875 0.2935185185185185 0.16927083333333334 0.2916666666666667 0.165625 0.26666666666666666 0.16666666666666666 0.25833333333333336
1 0.6520833333333333 0.36018518518518516 0.6552083333333333 0.37592592592592594 0.6505208333333333 0.4064814814814815 0.6473958333333333 0.4064814814814815 0.6458333333333334 0.37592592592592594 0.6494791666666667 0.3611111111111111 0.6515625 0.36018518518518516
1 0.203125 0.9361111111111111 0.20677083333333332 0.9425925925925925 0.20989583333333334 0.9425925925925925 0.2140625 0.9481481481481482 0.21666666666666667 0.9564814814814815 0.215625 0.9675925925925926 0.21875 0.9824074074074074 0.21875 0.9916666666666667 0.21666666666666667 0.9962962962962963 0.21354166666666666 0.9944444444444445 0.20520833333333333 0.9703703703703703 0.2 0.9629629629629629 0.2 0.9555555555555556 0.19635416666666666 0.9435185185185185 0.19947916666666668 0.937037037037037 0.20260416666666667 0.9361111111111111
1 0.75 0.5990740740740741 0.75 0.5907407407407408 0.7651041666666667 0.5527777777777778 0.7671875 0.5537037037037037 0.7677083333333333 0.5583333333333333 0.7630208333333334 0.6064814814814815 0.7598958333333333 0.6046296296296296 0.7583333333333333 0.5898148148148148 0.7546875 0.5916666666666667 0.7505208333333333 0.5990740740740741
1 0.6380208333333334 0.38425925925925924 0.640625 0.3888888888888889 0.6411458333333333 0.3990740740740741 0.6380208333333334 0.41759259259259257 0.634375 0.42407407407407405 0.6317708333333333 0.4185185185185185 0.6317708333333333 0.4064814814814815 0.6354166666666666 0.387037037037037 0.6375 0.38425925925925924
1 0.5953125 0.30092592592592593 0.5989583333333334 0.3101851851851852 0.5984375 0.3138888888888889 0.5953125 0.3111111111111111 0.5953125 0.30185185185185187
1 0.7104166666666667 0.4935185185185185 0.7130208333333333 0.4981481481481482 0.7145833333333333 0.5203703703703704 0.703125 0.549074074074074 0.6973958333333333 0.5462962962962963 0.7 0.537962962962963 0.7026041666666667 0.5148148148148148 0.7098958333333333 0.4935185185185185
1 0.4828125 0.3055555555555556 0.48489583333333336 0.3138888888888889 0.48489583333333336 0.32592592592592595 0.48333333333333334 0.34444444444444444 0.48072916666666665 0.35 0.47708333333333336 0.3148148148148148 0.48020833333333335 0.30462962962962964 0.4822916666666667 0.3055555555555556
1 0.3140625 0.14166666666666666 0.3177083333333333 0.14351851851851852 0.31979166666666664 0.1537037037037037 0.31875 0.1675925925925926 0.3151041666666667 0.1675925925925926 0.3125 0.15092592592592594 0.3140625 0.1425925925925926
1 0.428125 0.8962962962962963 0.4354166666666667 0.9092592592592592 0.4354166666666667 0.9333333333333333 0.4390625 0.9425925925925925 0.43645833333333334 0.9472222222222222 0.425 0.9324074074074075 0.42239583333333336 0.8972222222222223 0.425 0.8944444444444445 0.4276041666666667 0.8962962962962963
1 0.5916666666666667 0.21574074074074073 0.5947916666666667 0.22314814814814815 0.5916666666666667 0.24444444444444444 0.5875 0.24444444444444444 0.5854166666666667 0.22685185185185186 0.5869791666666667 0.21851851851851853 0.5911458333333334 0.21574074074074073
1 0.7119791666666667 0.4685185185185185 0.7104166666666667 0.4925925925925926 0.7036458333333333 0.5074074074074074 0.6994791666666667 0.5101851851851852 0.7010416666666667 0.48333333333333334 0.703125 0.4759259259259259 0.7072916666666667 0.4685185185185185 0.7114583333333333 0.4685185185185185
1 0.22395833333333334 0.9314814814814815 0.23385416666666667 0.950925925925926 0.24635416666666668 0.9490740740740741 0.24895833333333334 0.9527777777777777 0.24114583333333334 0.9546296296296296 0.234375 0.9611111111111111 0.23854166666666668 0.9777777777777777 0.2453125 0.987037037037037 0.24479166666666666 0.9925925925925926 0.24114583333333334 0.9990740740740741 0.234375 0.9925925925925926 0.22604166666666667 0.9944444444444445 0.23125 0.9916666666666667 0.22864583333333333 0.9805555555555555 0.215625 0.9666666666666667 0.215625 0.9546296296296296 0.21041666666666667 0.9453703703703704 0.2109375 0.9416666666666667 0.21614583333333334 0.9324074074074075 0.2234375 0.9314814814814815
1 0.5364583333333334 0.9462962962962963 0.5432291666666667 0.9601851851851851 0.5432291666666667 0.9740740740740741 0.5395833333333333 0.9805555555555555 0.540625 0.9944444444444445 0.5348958333333333 0.9944444444444445 0.5328125 0.9907407407407407 0.5265625 0.9990740740740741 0.5239583333333333 0.9953703703703703 0.528125 0.9814814814814815 0.5265625 0.9601851851851851 0.5302083333333333 0.9472222222222222 0.5359375 0.9462962962962963
1 0.28854166666666664 0.937962962962963 0.2921875 0.9416666666666667 0.3 0.9398148148148148 0.30364583333333334 0.9462962962962963 0.30416666666666664 0.9592592592592593 0.31354166666666666 0.9675925925925926 0.3109375 0.975925925925926 0.3072916666666667 0.9722222222222222 0.3020833333333333 0.9731481481481481 0.29583333333333334 0.9907407407407407 0.290625 0.9953703703703703 0.2890625 0.9944444444444445 0.2911458333333333 0.9851851851851852 0.290625 0.9657407407407408 0.2828125 0.9435185185185185 0.2838541666666667 0.9388888888888889 0.28802083333333334 0.937962962962963