0 0.6942708333333333 0 0.7192708333333333 0 0.728125 0.03148148148148148 0.7244791666666667 0.04722222222222222 0.7213541666666666 0.05092592592592592 0.7015625 0.05 0.7 0.046296296296296294 0.7020833333333333 0.028703703703703703 0.7005208333333334 0.021296296296296296 0.696875 0.024074074074074074 0.6958333333333333 0.030555555555555555 0.6916666666666667 0.02962962962962963 0.6901041666666666 0.025925925925925925 0.6901041666666666 0.006481481481481481 0.6942708333333333 0.000925925925925926
0 0.5109375 0.7324074074074074 0.5369791666666667 0.7333333333333333 0.5453125 0.7407407407407407 0.5489583333333333 0.7527777777777778 0.55 0.7759259259259259 0.553125 0.7925925925925926 0.55 0.799074074074074 0.5328125 0.8111111111111111 0.49947916666666664 0.8138888888888889 0.4890625 0.8203703703703704 0.4822916666666667 0.8175925925925925 0.47604166666666664 0.8064814814814815 0.47708333333333336 0.762962962962963 0.48020833333333335 0.7379629629629629 0.4828125 0.7333333333333333 0.4875 0.7314814814814815 0.5104166666666666 0.7324074074074074
0 0.6161458333333333 0.3398148148148148 0.6302083333333334 0.35833333333333334 0.6442708333333333 0.3907407407407407 0.6552083333333333 0.4351851851851852 0.6546875 0.44537037037037036 0.6479166666666667 0.4601851851851852 0.6333333333333333 0.4685185185185185 0.6234375 0.4666666666666667 0.615625 0.4564814814814815 0.6 0.41203703703703703 0.5895833333333333 0.39444444444444443 0.5869791666666667 0.38425925925925924 0.5864583333333333 0.3712962962962963 0.5895833333333333 0.35462962962962963 0.6078125 0.34074074074074073 0.615625 0.3398148148148148
0 0.5640625 0.16574074074074074 0.575 0.17592592592592593 0.5822916666666667 0.18981481481481483 0.5854166666666667 0.21296296296296297 0.5848958333333333 0.2212962962962963 0.5817708333333333 0.22777777777777777 0.5734375 0.22962962962962963 0.5682291666666667 0.23425925925925925 0.5630208333333333 0.23425925925925925 0.5567708333333333 0.22870370370370371 0.5463541666666667 0.21388888888888888 0.5463541666666667 0.20185185185185187 0.55 0.17777777777777778 0.5541666666666667 0.1712962962962963 0.5635416666666667 0.16574074074074074
0 0.6005208333333333 0.08333333333333333 0.6088541666666667 0.08981481481481482 0.6151041666666667 0.11018518518518519 0.6130208333333333 0.1425925925925926 0.6057291666666667 0.15462962962962962 0.5984375 0.15 0.5869791666666667 0.11018518518518519 0.5885416666666666 0.08796296296296297 0.5916666666666667 0.08425925925925926 0.6 0.08333333333333333
0 0.8182291666666667 0 0.8520833333333333 0 0.8578125 0.004629629629629629 0.8578125 0.009259259259259259 0.8479166666666667 0.026851851851851852 0.8401041666666667 0.030555555555555555 0.8145833333333333 0.021296296296296296 0.8125 0.016666666666666666 0.8130208333333333 0.008333333333333333 0.8182291666666667 0.000925925925925926
0 0.7833333333333333 0.1675925925925926 0.790625 0.17777777777777778 0.7932291666666667 0.18703703703703703 0.8046875 0.25462962962962965 0.8041666666666667 0.262037037037037 0.796875 0.275 0.7838541666666666 0.2657407407407407 0.7614583333333333 0.23796296296296296 0.753125 0.20555555555555555 0.7557291666666667 0.1814814814814815 0.7604166666666666 0.17037037037037037 0.771875 0.16574074074074074 0.7828125 0.1675925925925926
0 0.4046875 0.3175925925925926 0.40625 0.32407407407407407 0.4114583333333333 0.3314814814814815 0.41458333333333336 0.3472222222222222 0.41458333333333336 0.35648148148148145 0.4109375 0.3731481481481482 0.4083333333333333 0.3768518518518518 0.4036458333333333 0.36666666666666664 0.3984375 0.36574074074074076 0.3958333333333333 0.36203703703703705 0.396875 0.33425925925925926 0.3953125 0.325 0.4041666666666667 0.3175925925925926
0 0.6666666666666666 0.17314814814814813 0.6744791666666666 0.19166666666666668 0.6755208333333333 0.2175925925925926 0.6734375 0.22407407407407406 0.6682291666666667 0.22314814814814815 0.6645833333333333 0.21574074074074073 0.6578125 0.2175925925925926 0.6494791666666667 0.19907407407407407 0.6489583333333333 0.19166666666666668 0.6510416666666666 0.1824074074074074 0.6541666666666667 0.1787037037037037 0.6614583333333334 0.18055555555555555 0.6645833333333333 0.1712962962962963 0.6661458333333333 0.17314814814814813
0 0.027083333333333334 0.3712962962962963 0.03697916666666667 0.375 0.0484375 0.387037037037037 0.05364583333333333 0.39814814814814814 0.05260416666666667 0.4101851851851852 0.04739583333333333 0.42314814814814816 0.034895833333333334 0.42777777777777776 0.009375 0.462037037037037 0.0020833333333333333 0.4685185185185185 0 0.4685185185185185 0 0.38425925925925924 0.0265625 0.3712962962962963
0 0.26875 0.4111111111111111 0.278125 0.41759259259259257 0.29010416666666666 0.412962962962963 0.31145833333333334 0.42777777777777776 0.390625 0.4925925925925926 0.42552083333333335 0.5259259259259259 0.4296875 0.5435185185185185 0.4328125 0.587037037037037 0.42916666666666664 0.6064814814814815 0.4041666666666667 0.6675925925925926 0.4010416666666667 0.6712962962962963 0.39739583333333334 0.6703703703703704 0.3880208333333333 0.6583333333333333 0.37916666666666665 0.6527777777777778 0.36302083333333335 0.6351851851851852 0.3489583333333333 0.6370370370370371 0.34322916666666664 0.6324074074074074 0.3302083333333333 0.6138888888888889 0.2786458333333333 0.5666666666666667 0.24583333333333332 0.5296296296296297 0.23072916666666668 0.5074074074074074 0.22708333333333333 0.487962962962963 0.23020833333333332 0.4703703703703704 0.2375 0.4537037037037037 0.25677083333333334 0.4212962962962963 0.2625 0.41388888888888886 0.2682291666666667 0.41203703703703703
0 0.203125 0.38981481481481484 0.21979166666666666 0.4074074074074074 0.22708333333333333 0.4212962962962963 0.2265625 0.4388888888888889 0.22395833333333334 0.44722222222222224 0.21666666666666667 0.4564814814814815 0.20989583333333334 0.4564814814814815 0.20520833333333333 0.4601851851851852 0.19114583333333332 0.47962962962962963 0.18489583333333334 0.48333333333333334 0.17135416666666667 0.5 0.16770833333333332 0.5083333333333333 0.16979166666666667 0.512962962962963 0.16979166666666667 0.5212962962962963 0.16927083333333334 0.5296296296296297 0.16614583333333333 0.5370370370370371 0.15729166666666666 0.5444444444444444 0.14322916666666666 0.5398148148148149 0.1390625 0.5462962962962963 0.1359375 0.5601851851851852 0.13020833333333334 0.5583333333333333 0.11302083333333333 0.5333333333333333 0.0953125 0.49722222222222223 0.09479166666666666 0.4898148148148148 0.10625 0.47314814814814815 0.10572916666666667 0.46296296296296297 0.11302083333333333 0.4638888888888889 0.12291666666666666 0.4546296296296296 0.12760416666666666 0.44537037037037036 0.12916666666666668 0.42777777777777776 0.14010416666666667 0.4111111111111111 0.1515625 0.41388888888888886 0.16822916666666668 0.3962962962962963 0.18229166666666666 0.4009259259259259 0.1921875 0.38981481481481484 0.20260416666666667 0.38981481481481484
0 0.5640625 0.5537037037037037 0.5708333333333333 0.5712962962962963 0.571875 0.5824074074074074 0.578125 0.5944444444444444 0.5770833333333333 0.6055555555555555 0.571875 0.6111111111111112 0.5645833333333333 0.6083333333333333 0.5578125 0.5962962962962963 0.5520833333333334 0.5953703703703703 0.5453125 0.5833333333333334 0.5390625 0.5787037037037037 0.5359375 0.5712962962962963 0.5354166666666667 0.5592592592592592 0.5390625 0.5527777777777778 0.5536458333333333 0.5527777777777778 0.5572916666666666 0.5481481481481482 0.5635416666666667 0.5537037037037037
0 0.825 0.562037037037037 0.8802083333333334 0.6148148148148148 0.8859375 0.6231481481481481 0.8916666666666667 0.6388888888888888 0.9119791666666667 0.6648148148148149 0.91875 0.6842592592592592 0.91875 0.6981481481481482 0.9145833333333333 0.7157407407407408 0.9083333333333333 0.7305555555555555 0.8994791666666667 0.737037037037037 0.8791666666666667 0.7351851851851852 0.8723958333333334 0.7305555555555555 0.8572916666666667 0.7037037037037037 0.8479166666666667 0.6962962962962963 0.8166666666666667 0.6592592592592592 0.80625 0.6537037037037037 0.8052083333333333 0.6268518518518519 0.8026041666666667 0.6175925925925926 0.7958333333333333 0.6101851851851852 0.79375 0.5981481481481481 0.7989583333333333 0.5814814814814815 0.809375 0.5638888888888889 0.8244791666666667 0.562037037037037
0 0.5260416666666666 0 0.5552083333333333 0 0.5557291666666667 0.006481481481481481 0.5552083333333333 0.017592592592592594 0.5484375 0.03518518518518519 0.5458333333333333 0.049074074074074076 0.5432291666666667 0.05462962962962963 0.5395833333333333 0.05648148148148148 0.521875 0.05185185185185185 0.51875 0.04814814814814815 0.51875 0.02962962962962963 0.5260416666666666 0.000925925925925926
0 0.0296875 0.5564814814814815 0.057291666666666664 0.5703703703703704 0.06041666666666667 0.5768518518518518 0.06770833333333333 0.5824074074074074 0.06927083333333334 0.5962962962962963 0.0609375 0.6194444444444445 0.04010416666666667 0.6564814814814814 0.0359375 0.675 0.029166666666666667 0.6805555555555556 0.014583333333333334 0.6805555555555556 0 0.6583333333333333 0 0.5916666666666667 0.021354166666666667 0.5611111111111111 0.029166666666666667 0.5564814814814815
0 0.3109375 0.17777777777777778 0.32083333333333336 0.19722222222222222 0.3203125 0.21666666666666667 0.31354166666666666 0.22314814814814815 0.30052083333333335 0.225 0.29635416666666664 0.21944444444444444 0.29322916666666665 0.2064814814814815 0.29322916666666665 0.19537037037037036 0.29739583333333336 0.18518518518518517 0.2994791666666667 0.19074074074074074 0.2989583333333333 0.20277777777777778 0.3046875 0.2074074074074074 0.30052083333333335 0.19722222222222222 0.30052083333333335 0.18518518518518517 0.303125 0.17962962962962964 0.3104166666666667 0.17777777777777778
0 0.3802083333333333 0.3685185185185185 0.38697916666666665 0.3768518518518518 0.3885416666666667 0.39166666666666666 0.3984375 0.4083333333333333 0.39739583333333334 0.4222222222222222 0.39114583333333336 0.4287037037037037 0.38125 0.4212962962962963 0.36822916666666666 0.3972222222222222 0.3671875 0.38333333333333336 0.3692708333333333 0.375 0.3729166666666667 0.37037037037037035 0.3796875 0.3685185185185185
0 0.08333333333333333 0.16111111111111112 0.090625 0.1675925925925926 0.08958333333333333 0.175 0.07291666666666667 0.20925925925925926 0.07239583333333334 0.2175925925925926 0.06145833333333333 0.23425925925925925 0.057291666666666664 0.23703703703703705 0.040625 0.23148148148148148 0.0328125 0.22314814814814815 0.027083333333333334 0.2064814814814815 0.027083333333333334 0.18981481481481483 0.03229166666666667 0.18055555555555555 0.034895833333333334 0.1675925925925926 0.0390625 0.1638888888888889 0.05416666666666667 0.16203703703703703 0.06510416666666667 0.1648148148148148 0.07239583333333334 0.16018518518518518 0.0828125 0.16111111111111112
0 0.9817708333333334 0.5740740740740741 0.9994791666666667 0.5833333333333334 0.9994791666666667 0.687037037037037 0.9942708333333333 0.6861111111111111 0.9880208333333333 0.6796296296296296 0.9739583333333334 0.6805555555555556 0.9645833333333333 0.675 0.9458333333333333 0.6259259259259259 0.9458333333333333 0.6055555555555555 0.9510416666666667 0.5916666666666667 0.965625 0.5768518518518518 0.98125 0.5740740740740741
0 0.8713541666666667 0.47962962962962963 0.8875 0.49166666666666664 0.9052083333333333 0.5120370370370371 0.903125 0.5509259259259259 0.9005208333333333 0.5657407407407408 0.8973958333333333 0.5694444444444444 0.8765625 0.5666666666666667 0.8552083333333333 0.55 0.8567708333333334 0.5231481481481481 0.8442708333333333 0.5083333333333333 0.8416666666666667 0.5027777777777778 0.8421875 0.49722222222222223 0.8552083333333333 0.47685185185185186 0.8645833333333334 0.4759259259259259 0.8708333333333333 0.47962962962962963
0 0.6104166666666667 0.8638888888888889 0.6130208333333333 0.8666666666666667 0.6161458333333333 0.8805555555555555 0.6166666666666667 0.8944444444444445 0.6125 0.9027777777777778 0.6119791666666666 0.9092592592592592 0.6130208333333333 0.9259259259259259 0.6161458333333333 0.9324074074074075 0.6166666666666667 0.9398148148148148 0.6125 0.9601851851851851 0.609375 0.9638888888888889 0.6020833333333333 0.9638888888888889 0.5973958333333333 0.9564814814814815 0.5927083333333333 0.9314814814814815 0.5979166666666667 0.899074074074074 0.5984375 0.8768518518518519 0.6046875 0.8657407407407407 0.6098958333333333 0.8638888888888889
0 0.6338541666666667 0.8611111111111112 0.6390625 0.8685185185185185 0.6416666666666667 0.8870370370370371 0.6442708333333333 0.8925925925925926 0.6421875 0.9037037037037037 0.6447916666666667 0.9148148148148149 0.6427083333333333 0.9675925925925926 0.6375 0.975 0.6333333333333333 0.9740740740740741 0.6296875 0.9675925925925926 0.6276041666666666 0.937962962962963 0.6223958333333334 0.9064814814814814 0.6192708333333333 0.899074074074074 0.625 0.8666666666666667 0.6286458333333333 0.8611111111111112 0.6333333333333333 0.8611111111111112
0 0.09947916666666666 0.5666666666666667 0.11614583333333334 0.5712962962962963 0.11875 0.575 0.11979166666666667 0.5824074074074074 0.10208333333333333 0.6194444444444445 0.084375 0.6388888888888888 0.07447916666666667 0.6333333333333333 0.07447916666666667 0.6194444444444445 0.08072916666666667 0.6064814814814815 0.0890625 0.6074074074074074 0.09375 0.6027777777777777 0.0953125 0.5972222222222222 0.09947916666666666 0.5972222222222222 0.0984375 0.5907407407407408 0.08697916666666666 0.5824074074074074 0.08541666666666667 0.5777777777777777 0.09270833333333334 0.5666666666666667 0.09895833333333333 0.5666666666666667
0 0.15104166666666666 0.13796296296296295 0.1609375 0.14351851851851852 0.16354166666666667 0.14907407407407408 0.16510416666666666 0.16944444444444445 0.16145833333333334 0.1787037037037037 0.146875 0.18796296296296297 0.12291666666666666 0.21388888888888888 0.11979166666666667 0.22407407407407406 0.11510416666666666 0.23055555555555557 0.0921875 0.23703703703703705 0.07864583333333333 0.225 0.07395833333333333 0.21666666666666667 0.0734375 0.20925925925925926 0.0828125 0.18611111111111112 0.09479166666666666 0.1648148148148148 0.10989583333333333 0.1537037037037037 0.11875 0.15185185185185185 0.13802083333333334 0.1398148148148148 0.15052083333333333 0.13796296296296295
0 0.825 0.8842592592592593 0.834375 0.9009259259259259 0.8348958333333333 0.9185185185185185 0.8317708333333333 0.925 0.8 0.9194444444444444 0.7921875 0.9148148148148149 0.7802083333333333 0.8972222222222223 0.778125 0.8907407407407407 0.7776041666666667 0.8833333333333333 0.7807291666666667 0.8722222222222222 0.7932291666666667 0.8657407407407407 0.8020833333333334 0.8657407407407407 0.8057291666666667 0.8796296296296297 0.8015625 0.8870370370370371 0.8052083333333333 0.8962962962962963 0.8109375 0.8953703703703704 0.8182291666666667 0.8851851851851852 0.8244791666666667 0.8842592592592593
0 0.5255208333333333 0.062037037037037036 0.5333333333333333 0.07037037037037037 0.5364583333333334 0.0962962962962963 0.5338541666666666 0.11666666666666667 0.5260416666666666 0.14537037037037037 0.5255208333333333 0.15462962962962962 0.5234375 0.16203703703703703 0.5208333333333334 0.1638888888888889 0.4984375 0.15925925925925927 0.4953125 0.1537037037037037 0.4953125 0.14351851851851852 0.4979166666666667 0.12222222222222222 0.496875 0.11296296296296296 0.503125 0.10277777777777777 0.5114583333333333 0.06944444444444445 0.5161458333333333 0.062037037037037036 0.525 0.062037037037037036
0 0.8114583333333333 0.48148148148148145 0.8229166666666666 0.4861111111111111 0.8255208333333334 0.49166666666666664 0.8333333333333334 0.4962962962962963 0.85625 0.5231481481481481 0.8557291666666667 0.5407407407407407 0.853125 0.5537037037037037 0.8484375 0.5638888888888889 0.8453125 0.5657407407407408 0.8375 0.5657407407407408 0.821875 0.5583333333333333 0.809375 0.5592592592592592 0.8041666666666667 0.5537037037037037 0.7895833333333333 0.55 0.7859375 0.5444444444444444 0.7848958333333333 0.5324074074074074 0.7869791666666667 0.5194444444444445 0.803125 0.48703703703703705 0.8109375 0.48148148148148145
0 0.6666666666666666 0.07222222222222222 0.6703125 0.08055555555555556 0.6692708333333334 0.08796296296296297 0.6546875 0.10277777777777777 0.646875 0.09259259259259259 0.6458333333333334 0.08333333333333333 0.6489583333333333 0.07407407407407407 0.6640625 0.06944444444444445 0.6661458333333333 0.07222222222222222
0 0.17864583333333334 0.5222222222222223 0.18333333333333332 0.5296296296296297 0.18333333333333332 0.537962962962963 0.1859375 0.5398148148148149 0.1890625 0.5361111111111111 0.19166666666666668 0.5259259259259259 0.18958333333333333 0.5092592592592593 0.19322916666666667 0.5018518518518519 0.19947916666666668 0.49907407407407406 0.20364583333333333 0.5138888888888888 0.20364583333333333 0.5259259259259259 0.2 0.5398148148148149 0.18541666666666667 0.5638888888888889 0.17864583333333334 0.5685185185185185 0.171875 0.5574074074074075 0.17447916666666666 0.5259259259259259 0.178125 0.5222222222222223
0 0.6989583333333333 0.29074074074074074 0.7171875 0.3138888888888889 0.7432291666666667 0.35555555555555557 0.7515625 0.3925925925925926 0.75625 0.43703703703703706 0.7557291666666667 0.4462962962962963 0.7484375 0.46944444444444444 0.7359375 0.48148148148148145 0.7296875 0.48148148148148145 0.7203125 0.4722222222222222 0.7130208333333333 0.4722222222222222 0.7098958333333333 0.4685185185185185 0.70625 0.4601851851851852 0.7041666666666667 0.44166666666666665 0.6833333333333333 0.41203703703703703 0.671875 0.40555555555555556 0.6697916666666667 0.3972222222222222 0.671875 0.38333333333333336 0.6682291666666667 0.37592592592592594 0.6630208333333333 0.3731481481481482 0.6635416666666667 0.36203703703703705 0.6697916666666667 0.33796296296296297 0.6734375 0.3111111111111111 0.6864583333333333 0.2953703703703704 0.6984375 0.29074074074074074
0 0.09583333333333334 0.4462962962962963 0.10260416666666666 0.45185185185185184 0.103125 0.4722222222222222 0.09322916666666667 0.4962962962962963 0.07916666666666666 0.5064814814814815 0.07083333333333333 0.5046296296296297 0.06145833333333333 0.49074074074074076 0.06614583333333333 0.48055555555555557 0.06614583333333333 0.46574074074074073 0.06927083333333334 0.4583333333333333 0.06927083333333334 0.45 0.071875 0.44722222222222224 0.08125 0.4527777777777778 0.08489583333333334 0.44814814814814813 0.0953125 0.4462962962962963
0 0.9354166666666667 0.7490740740740741 0.9520833333333333 0.7564814814814815 0.9854166666666667 0.7824074074074074 0.9921875 0.7907407407407407 0.9947916666666666 0.8101851851851852 0.9947916666666666 0.8305555555555556 0.9911458333333333 0.8453703703703703 0.9833333333333333 0.850925925925926 0.9703125 0.8537037037037037 0.9614583333333333 0.8527777777777777 0.95625 0.8462962962962963 0.9265625 0.8333333333333334 0.9145833333333333 0.8351851851851851 0.9072916666666667 0.8277777777777777 0.903125 0.7888888888888889 0.903125 0.7796296296296297 0.9057291666666667 0.7685185185185185 0.9166666666666666 0.7574074074074074 0.9348958333333334 0.7490740740740741
0 0.4171875 0 0.4328125 0.002777777777777778 0.46510416666666665 0 0.46822916666666664 0.05277777777777778 0.4635416666666667 0.06666666666666667 0.4505208333333333 0.09074074074074075 0.44635416666666666 0.10555555555555556 0.43802083333333336 0.11388888888888889 0.428125 0.13055555555555556 0.42604166666666665 0.1388888888888889 0.39427083333333335 0.20277777777777778 0.3734375 0.23333333333333334 0.36354166666666665 0.2324074074074074 0.3416666666666667 0.2212962962962963 0.334375 0.2101851851851852 0.3302083333333333 0.18703703703703703 0.3296875 0.1712962962962963 0.3234375 0.1537037037037037 0.32916666666666666 0.13333333333333333 0.3385416666666667 0.11851851851851852 0.34479166666666666 0.09722222222222222 0.3515625 0.08518518518518518 0.3651041666666667 0.06574074074074074 0.3776041666666667 0.06111111111111111 0.4010416666666667 0.021296296296296296 0.4171875 0.000925925925925926
0 0.9630208333333333 0.4888888888888889 0.9760416666666667 0.5 0.9932291666666667 0.5222222222222223 0.9994791666666667 0.5268518518518519 0.9994791666666667 0.575925925925926 0.984375 0.5685185185185185 0.9666666666666667 0.5722222222222222 0.959375 0.5638888888888889 0.9578125 0.5527777777777778 0.9520833333333333 0.5407407407407407 0.9489583333333333 0.5222222222222223 0.9489583333333333 0.5111111111111111 0.953125 0.49722222222222223 0.959375 0.4898148148148148 0.9625 0.4898148148148148
0 0.5401041666666667 0.6361111111111111 0.5567708333333333 0.6462962962962963 0.5703125 0.65 0.6057291666666667 0.6777777777777778 0.63125 0.7037037037037037 0.6328125 0.7157407407407408 0.6302083333333334 0.7342592592592593 0.6208333333333333 0.7685185185185185 0.6161458333333333 0.7759259259259259 0.6036458333333333 0.7777777777777778 0.59375 0.7759259259259259 0.5822916666666667 0.7592592592592593 0.5395833333333333 0.7268518518518519 0.5291666666666667 0.7240740740740741 0.5182291666666666 0.7074074074074074 0.515625 0.6861111111111111 0.5223958333333333 0.6555555555555556 0.5296875 0.6416666666666667 0.5395833333333333 0.6361111111111111
0 0.49635416666666665 0.2212962962962963 0.5088541666666667 0.24166666666666667 0.5140625 0.26481481481481484 0.5223958333333333 0.28888888888888886 0.5234375 0.3 0.5296875 0.32314814814814813 0.5302083333333333 0.33425925925925926 0.5260416666666666 0.3490740740740741 0.509375 0.3574074074074074 0.5015625 0.3574074074074074 0.4901041666666667 0.35 0.48541666666666666 0.3138888888888889 0.4822916666666667 0.30277777777777776 0.4739583333333333 0.2861111111111111 0.47552083333333334 0.27870370370370373 0.4713541666666667 0.262037037037037 0.471875 0.24166666666666667 0.4765625 0.22870370370370371 0.490625 0.22037037037037038 0.49583333333333335 0.2212962962962963
0 0.32708333333333334 0 0.3536458333333333 0 0.3541666666666667 0.011111111111111112 0.35260416666666666 0.03333333333333333 0.3494791666666667 0.04259259259259259 0.3458333333333333 0.04722222222222222 0.3302083333333333 0.046296296296296294 0.328125 0.044444444444444446 0.3260416666666667 0.032407407407407406 0.3255208333333333 0.007407407407407408 0.32708333333333334 0.000925925925925926
0 0.5083333333333333 0.8287037037037037 0.5140625 0.8342592592592593 0.5197916666666667 0.862037037037037 0.521875 0.8657407407407407 0.5270833333333333 0.8657407407407407 0.5291666666666667 0.8731481481481481 0.5291666666666667 0.8953703703703704 0.5265625 0.9055555555555556 0.5265625 0.9212962962962963 0.5223958333333333 0.9361111111111111 0.51875 0.9388888888888889 0.5151041666666667 0.9351851851851852 0.5130208333333334 0.9111111111111111 0.5078125 0.9027777777777778 0.5010416666666667 0.8787037037037037 0.4984375 0.8601851851851852 0.49947916666666664 0.8351851851851851 0.5020833333333333 0.8305555555555556 0.5078125 0.8287037037037037
0 0.06510416666666667 0.03425925925925926 0.06927083333333334 0.053703703703703705 0.065625 0.058333333333333334 0.06302083333333333 0.06759259259259259 0.05364583333333333 0.07222222222222222 0.046875 0.07222222222222222 0.043229166666666666 0.06851851851851852 0.0390625 0.06018518518518518 0.04010416666666667 0.049074074074074076 0.05625 0.03611111111111111 0.06458333333333334 0.03425925925925926
0 0.575 0.4027777777777778 0.596875 0.42777777777777776 0.6057291666666667 0.44166666666666665 0.60625 0.4703703703703704 0.6015625 0.48333333333333334 0.6041666666666666 0.49444444444444446 0.6026041666666667 0.5018518518518519 0.6 0.5046296296296297 0.5953125 0.5027777777777778 0.5895833333333333 0.49537037037037035 0.5822916666666667 0.49444444444444446 0.5651041666666666 0.475 0.553125 0.46944444444444444 0.5494791666666666 0.462037037037037 0.5489583333333333 0.4462962962962963 0.5567708333333333 0.41574074074074074 0.5666666666666667 0.4027777777777778 0.5744791666666667 0.4027777777777778
0 0.7192708333333333 0.8962962962962963 0.7286458333333333 0.9064814814814814 0.7276041666666667 0.9407407407407408 0.7223958333333333 0.9564814814814815 0.734375 0.9574074074074074 0.7364583333333333 0.9592592592592593 0.7364583333333333 0.9629629629629629 0.728125 0.987037037037037 0.7109375 0.9990740740740741 0.70625 0.9990740740740741 0.7036458333333333 0.9935185185185185 0.7052083333333333 0.9814814814814815 0.7036458333333333 0.9648148148148148 0.7046875 0.9222222222222223 0.7114583333333333 0.9009259259259259 0.7145833333333333 0.8962962962962963 0.71875 0.8962962962962963
0 0.5796875 0.10648148148148148 0.5864583333333333 0.11203703703703703 0.5963541666666666 0.14629629629629629 0.5994791666666667 0.1638888888888889 0.6 0.18518518518518517 0.5984375 0.19166666666666668 0.5953125 0.1925925925925926 0.5916666666666667 0.18796296296296297 0.584375 0.18981481481481483 0.58125 0.18703703703703703 0.5729166666666666 0.17222222222222222 0.5640625 0.1648148148148148 0.5583333333333333 0.14722222222222223 0.5572916666666666 0.13518518518518519 0.5604166666666667 0.11574074074074074 0.5661458333333333 0.10833333333333334 0.5791666666666667 0.10648148148148148
0 0.7182291666666667 0.4962962962962963 0.7260416666666667 0.5055555555555555 0.725 0.5222222222222223 0.7270833333333333 0.5259259259259259 0.73125 0.5222222222222223 0.7338541666666667 0.5037037037037037 0.7453125 0.5324074074074074 0.7473958333333334 0.5462962962962963 0.7463541666666667 0.5546296296296296 0.7411458333333333 0.5675925925925925 0.7375 0.5694444444444444 0.728125 0.5601851851851852 0.7213541666666666 0.5583333333333333 0.7197916666666667 0.5546296296296296 0.7197916666666667 0.5435185185185185 0.7083333333333334 0.524074074074074 0.7125 0.49722222222222223 0.7177083333333333 0.4962962962962963
0 0.6192708333333333 0.06296296296296296 0.6229166666666667 0.07222222222222222 0.6234375 0.08055555555555556 0.6286458333333333 0.09166666666666666 0.6265625 0.10277777777777777 0.6223958333333334 0.10648148148148148 0.6125 0.1037037037037037 0.6041666666666666 0.08518518518518518 0.6119791666666666 0.06666666666666667 0.61875 0.06296296296296296
0 0.07864583333333333 0.7203703703703703 0.08072916666666667 0.725 0.08854166666666667 0.7277777777777777 0.09322916666666667 0.7407407407407407 0.0921875 0.7444444444444445 0.0953125 0.7481481481481481 0.09114583333333333 0.7564814814814815 0.08802083333333334 0.774074074074074 0.08125 0.7842592592592592 0.07708333333333334 0.7842592592592592 0.07083333333333333 0.7768518518518519 0.0671875 0.762962962962963 0.07083333333333333 0.7305555555555555 0.078125 0.7203703703703703
0 0.76875 0.3416666666666667 0.79375 0.3787037037037037 0.7921875 0.40925925925925927 0.7864583333333334 0.4222222222222222 0.7859375 0.4361111111111111 0.7828125 0.44166666666666665 0.7739583333333333 0.4287037037037037 0.7578125 0.4185185185185185 0.7536458333333333 0.4064814814814815 0.753125 0.39351851851851855 0.746875 0.37222222222222223 0.7463541666666667 0.36018518518518516 0.7510416666666667 0.3509259259259259 0.7583333333333333 0.34444444444444444 0.7682291666666666 0.3416666666666667
0 0.7 0.07962962962962963 0.70625 0.08425925925925926 0.7109375 0.09444444444444444 0.7104166666666667 0.12685185185185185 0.7067708333333333 0.13240740740740742 0.6984375 0.13148148148148148 0.6927083333333334 0.14351851851851852 0.6682291666666667 0.15648148148148147 0.6645833333333333 0.1527777777777778 0.6598958333333333 0.16018518518518518 0.6557291666666667 0.16203703703703703 0.6463541666666667 0.1574074074074074 0.6385416666666667 0.14537037037037037 0.6369791666666667 0.13425925925925927 0.6411458333333333 0.12037037037037036 0.6520833333333333 0.10833333333333334 0.6552083333333333 0.10185185185185185 0.6541666666666667 0.09814814814814815 0.68125 0.08333333333333333 0.6994791666666667 0.07962962962962963
0 0.8380208333333333 0.29074074074074074 0.8401041666666667 0.2953703703703704 0.8385416666666666 0.31851851851851853 0.8302083333333333 0.32407407407407407 0.8317708333333333 0.33796296296296297 0.8244791666666667 0.3527777777777778 0.8203125 0.35 0.8192708333333333 0.34074074074074073 0.8114583333333333 0.3277777777777778 0.8067708333333333 0.3277777777777778 0.8072916666666666 0.3212962962962963 0.8104166666666667 0.31296296296296294 0.8177083333333334 0.3194444444444444 0.8213541666666667 0.3194444444444444 0.8244791666666667 0.3111111111111111 0.8255208333333334 0.2972222222222222 0.8328125 0.28888888888888886 0.8375 0.29074074074074074
0 0.4166666666666667 0.8416666666666667 0.41822916666666665 0.8555555555555555 0.415625 0.8666666666666667 0.4041666666666667 0.887962962962963 0.403125 0.8972222222222223 0.38333333333333336 0.9398148148148148 0.37916666666666665 0.9388888888888889 0.378125 0.9296296296296296 0.38177083333333334 0.8972222222222223 0.3932291666666667 0.8787037037037037 0.39739583333333334 0.8601851851851852 0.4041666666666667 0.8462962962962963 0.40989583333333335 0.8416666666666667 0.4161458333333333 0.8416666666666667
0 0.8036458333333333 0.41203703703703703 0.8140625 0.42777777777777776 0.8182291666666667 0.42962962962962964 0.825 0.42685185185185187 0.8317708333333333 0.43148148148148147 0.8375 0.4398148148148148 0.8296875 0.45740740740740743 0.8265625 0.4759259259259259 0.821875 0.4777777777777778 0.8151041666666666 0.4666666666666667 0.8104166666666667 0.4638888888888889 0.7989583333333333 0.4398148148148148 0.7989583333333333 0.4212962962962963 0.8 0.41574074074074074 0.803125 0.412962962962963
0 0.7635416666666667 0.575 0.7786458333333334 0.5916666666666667 0.7901041666666667 0.6 0.796875 0.6138888888888889 0.8020833333333334 0.6194444444444445 0.8046875 0.6333333333333333 0.803125 0.65 0.7979166666666667 0.6703703703703704 0.7989583333333333 0.6787037037037037 0.7973958333333333 0.6824074074074075 0.7890625 0.6824074074074075 0.7817708333333333 0.675 0.7723958333333333 0.6722222222222223 0.746875 0.6509259259259259 0.7375 0.6462962962962963 0.7317708333333334 0.6361111111111111 0.73125 0.6231481481481481 0.7421875 0.5972222222222222 0.7552083333333334 0.5777777777777777 0.7630208333333334 0.575
1 0.7921875 0.08796296296296297 0.7958333333333333 0.09537037037037037 0.7958333333333333 0.10648148148148148 0.7838541666666666 0.1361111111111111 0.7791666666666667 0.1361111111111111 0.7802083333333333 0.12222222222222222 0.7854166666666667 0.09722222222222222 0.7895833333333333 0.08703703703703704 0.7916666666666666 0.08796296296296297
1 0.4515625 0.6074074074074074 0.45729166666666665 0.6212962962962963 0.4546875 0.6361111111111111 0.45625 0.6546296296296297 0.45364583333333336 0.6601851851851852 0.4479166666666667 0.6416666666666667 0.4421875 0.6351851851851852 0.44114583333333335 0.6287037037037037 0.4427083333333333 0.6111111111111112 0.446875 0.6064814814814815 0.4510416666666667 0.6074074074074074
1 0.7 0.017592592592592594 0.7026041666666667 0.027777777777777776 0.7015625 0.041666666666666664 0.6958333333333333 0.058333333333333334 0.6932291666666667 0.06018518518518518 0.6921875 0.05185185185185185 0.6947916666666667 0.04351851851851852 0.6958333333333333 0.026851851851851852 0.6994791666666667 0.017592592592592594
1 0.6369791666666667 0.022222222222222223 0.6401041666666667 0.023148148148148147 0.6411458333333333 0.028703703703703703 0.6395833333333333 0.05648148148148148 0.6369791666666667 0.06296296296296296 0.6322916666666667 0.06388888888888888 0.6307291666666667 0.046296296296296294 0.6369791666666667 0.023148148148148147
1 0.11770833333333333 0 0.12291666666666666 0.001851851851851852 0.13229166666666667 0.028703703703703703 0.12760416666666666 0.03333333333333333 0.12291666666666666 0.028703703703703703 0.115625 0.008333333333333333 0.11510416666666666 0.004629629629629629 0.11770833333333333 0.000925925925925926
1 0.428125 0.5324074074074074 0.4317708333333333 0.5333333333333333 0.43697916666666664 0.5481481481481482 0.43697916666666664 0.5685185185185185 0.4354166666666667 0.5722222222222222 0.4328125 0.5722222222222222 0.428125 0.5333333333333333
1 0.7036458333333333 0.12962962962962962 0.7052083333333333 0.13703703703703704 0.703125 0.1537037037037037 0.703125 0.175 0.6994791666666667 0.1685185185185185 0.6901041666666666 0.175 0.6953125 0.15648148148148147 0.6942708333333333 0.14351851851851852 0.6958333333333333 0.1361111111111111 0.6994791666666667 0.12962962962962962 0.703125 0.12962962962962962
1 0.45208333333333334 0.475 0.4578125 0.49074074074074076 0.4588541666666667 0.5120370370370371 0.45625 0.5212962962962963 0.453125 0.5157407407407407 0.4510416666666667 0.5175925925925926 0.44947916666666665 0.5314814814814814 0.44635416666666666 0.5361111111111111 0.44427083333333334 0.49074074074074076 0.446875 0.4777777777777778 0.4515625 0.475
1 0.14166666666666666 0.002777777777777778 0.14635416666666667 0.007407407407407408 0.14739583333333334 0.01574074074074074 0.14583333333333334 0.022222222222222223 0.1515625 0.03518518518518519 0.15104166666666666 0.03981481481481482 0.146875 0.03981481481481482 0.14375 0.04537037037037037 0.140625 0.03611111111111111 0.13958333333333334 0.021296296296296296 0.1359375 0.012037037037037037 0.13645833333333332 0.002777777777777778 0.14114583333333333 0.002777777777777778
1 0.4453125 0.7074074074074074 0.45208333333333334 0.7175925925925926 0.4552083333333333 0.7324074074074074 0.45 0.7435185185185185 0.44947916666666665 0.7592592592592593 0.44635416666666666 0.7620370370370371 0.4432291666666667 0.7564814814814815 0.4427083333333333 0.7444444444444445 0.4390625 0.7351851851851852 0.4390625 0.7175925925925926 0.44166666666666665 0.7083333333333334 0.44479166666666664 0.7074074074074074
1 0.027083333333333334 0.11851851851851852 0.036458333333333336 0.14074074074074075 0.03854166666666667 0.15185185185185185 0.0375 0.15833333333333333 0.034375 0.1574074074074074 0.01875 0.1287037037037037 0.021354166666666667 0.11851851851851852 0.0265625 0.11851851851851852
1 0.415625 0.48518518518518516 0.421875 0.49444444444444446 0.425 0.5037037037037037 0.425 0.5212962962962963 0.41458333333333336 0.5138888888888888 0.4088541666666667 0.5046296296296297 0.4088541666666667 0.49907407407407406 0.41510416666666666 0.48518518518518516
1 0.8015625 0.825 0.8098958333333334 0.8277777777777777 0.8104166666666667 0.8361111111111111 0.8057291666666667 0.8398148148148148 0.8020833333333334 0.8490740740740741 0.7875 0.850925925925926 0.7859375 0.8601851851851852 0.7828125 0.8601851851851852 0.7796875 0.8527777777777777 0.7723958333333333 0.8564814814814815 0.7723958333333333 0.8444444444444444 0.78125 0.8379629629629629 0.7885416666666667 0.8268518518518518 0.8010416666666667 0.825
1 0.5744791666666667 0.22870370370370371 0.5786458333333333 0.22962962962962963 0.5828125 0.2388888888888889 0.5822916666666667 0.2518518518518518 0.575 0.2814814814814815 0.5708333333333333 0.2824074074074074 0.5713541666666667 0.2638888888888889 0.5671875 0.2537037037037037 0.5682291666666667 0.24166666666666667 0.5739583333333333 0.22962962962962963
1 0.16276041666666666 0.20416666666666666 0.018229166666666668 0.04722222222222222
1 0.08958333333333333 0.05648148148148148 0.09583333333333334 0.053703703703703705 0.10208333333333333 0.07037037037037037 0.10260416666666666 0.07777777777777778 0.1078125 0.08796296296296297 0.10677083333333333 0.09166666666666666 0.10416666666666667 0.09166666666666666 0.10208333333333333 0.08703703703703704 0.10052083333333334 0.09074074074074075 0.10104166666666667 0.09814814814814815 0.09791666666666667 0.09907407407407408 0.09427083333333333 0.07777777777777778 0.08958333333333333 0.06388888888888888 0.08958333333333333 0.05740740740740741
1 0.0328125 0.07592592592592592 0.04114583333333333 0.08796296296296297 0.049479166666666664 0.11851851851851852 0.04739583333333333 0.12314814814814815 0.04375 0.12037037037037036 0.028125 0.08888888888888889 0.027083333333333334 0.07777777777777778 0.03229166666666667 0.07592592592592592
1 0.8557291666666667 0.4638888888888889 0.8489583333333334 0.45925925925925926 0.8473958333333333 0.44907407407407407 0.8552083333333333 0.43425925925925923 0.8578125 0.4222222222222222 0.8697916666666666 0.41388888888888886 0.8723958333333334 0.4287037037037037 0.85625 0.46296296296296297
1 0.2791666666666667 0.8342592592592593 0.2911458333333333 0.8555555555555555 0.2911458333333333 0.862037037037037 0.29635416666666664 0.8759259259259259 0.29635416666666664 0.8833333333333333 0.29322916666666665 0.8935185185185185 0.28958333333333336 0.8851851851851852 0.28229166666666666 0.8796296296296297 0.2713541666666667 0.8601851851851852 0.26614583333333336 0.8462962962962963 0.26666666666666666 0.8379629629629629 0.2786458333333333 0.8342592592592593
1 0.7375 0.024074074074074074 0.740625 0.025 0.7421875 0.032407407407407406 0.7333333333333333 0.06296296296296296 0.7270833333333333 0.06388888888888888 0.7328125 0.030555555555555555 0.7369791666666666 0.025
1 0.83671875 0.41944444444444445 0.016145833333333335 0.037037037037037035
1 0.4583333333333333 0.6842592592592592 0.4630208333333333 0.6916666666666667 0.46822916666666664 0.7101851851851851 0.4671875 0.7185185185185186 0.4609375 0.7268518518518519 0.453125 0.7129629629629629 0.45364583333333336 0.687962962962963 0.4557291666666667 0.6833333333333333 0.4578125 0.6842592592592592
1 0.2625 0.8657407407407407 0.27760416666666665 0.9092592592592592 0.27239583333333334 0.9212962962962963 0.26875 0.9212962962962963 0.26927083333333335 0.9148148148148149 0.265625 0.9101851851851852 0.26197916666666665 0.9138888888888889 0.2625 0.9074074074074074 0.2604166666666667 0.9046296296296297 0.25416666666666665 0.9083333333333333 0.24791666666666667 0.9 0.24947916666666667 0.8842592592592593 0.26197916666666665 0.8657407407407407
1 0.078125 0.06759259259259259 0.08541666666666667 0.08518518518518518 0.09010416666666667 0.10555555555555556 0.08802083333333334 0.11018518518518519 0.0765625 0.09166666666666666 0.07447916666666667 0.06851851851851852 0.07760416666666667 0.06759259259259259
1 0.1765625 0.6064814814814815 0.1828125 0.6083333333333333 0.19166666666666668 0.6203703703703703 0.1921875 0.6333333333333333 0.19947916666666668 0.6462962962962963 0.19947916666666668 0.65 0.19739583333333333 0.6518518518518519 0.1734375 0.6296296296296297 0.16979166666666667 0.6092592592592593 0.171875 0.6055555555555555 0.17604166666666668 0.6064814814814815
1 0.8166666666666667 0.9453703703703704 0.8197916666666667 0.95 0.8208333333333333 0.9564814814814815 0.8072916666666666 0.9842592592592593 0.7927083333333333 0.9796296296296296 0.7848958333333333 0.9703703703703703 0.7838541666666666 0.9629629629629629 0.7859375 0.9574074074074074 0.7921875 0.9527777777777777 0.7984375 0.9518518518518518 0.8067708333333333 0.9453703703703704 0.8161458333333333 0.9453703703703704
1 0.7104166666666667 0.2490740740740741 0.7151041666666667 0.2638888888888889 0.715625 0.2759259259259259 0.709375 0.28425925925925927 0.7078125 0.3 0.7057291666666666 0.3 0.7015625 0.29259259259259257 0.7005208333333334 0.2861111111111111 0.7046875 0.26666666666666666 0.703125 0.25833333333333336 0.7057291666666666 0.2574074074074074 0.7098958333333333 0.2490740740740741
1 0.40572916666666664 0.950925925925926 0.409375 0.9592592592592593 0.409375 0.9703703703703703 0.4041666666666667 0.9805555555555555 0.4046875 0.9879629629629629 0.403125 0.9898148148148148 0.3984375 0.9888888888888889 0.39427083333333335 0.9824074074074074 0.3848958333333333 0.9768518518518519 0.384375 0.9722222222222222 0.39010416666666664 0.9564814814814815 0.4 0.95 0.40520833333333334 0.950925925925926
1 0.15416666666666667 0.003703703703703704 0.1578125 0.004629629629629629 0.1625 0.012037037037037037 0.16666666666666666 0.02962962962962963 0.17135416666666667 0.03981481481481482 0.17135416666666667 0.046296296296296294 0.1671875 0.04351851851851852 0.16145833333333334 0.05092592592592592 0.1609375 0.03888888888888889 0.15416666666666667 0.004629629629629629
1 0.4427083333333333 0.6712962962962963 0.44635416666666666 0.674074074074074 0.4505208333333333 0.6861111111111111 0.4515625 0.6981481481481482 0.45 0.7046296296296296 0.4427083333333333 0.7074074074074074 0.4322916666666667 0.6962962962962963 0.4348958333333333 0.6814814814814815 0.4421875 0.6722222222222223
1 0.0609375 0.512962962962963 0.07291666666666667 0.5259259259259259 0.0734375 0.5333333333333333 0.08177083333333333 0.55 0.0796875 0.5546296296296296 0.06822916666666666 0.55 0.059895833333333336 0.5324074074074074 0.05 0.5185185185185185 0.0515625 0.5138888888888888 0.06041666666666667 0.512962962962963
1 0.2140625 0.9851851851851852 0.22135416666666666 0.9944444444444445 0.21979166666666666 0.9972222222222222 0.19166666666666668 0.9990740740740741 0.18697916666666667 0.9851851851851852 0.18697916666666667 0.9768518518518519 0.20260416666666667 0.9638888888888889 0.20677083333333332 0.9657407407407408 0.2046875 0.9768518518518519 0.20833333333333334 0.9833333333333333 0.21354166666666666 0.9851851851851852
1 0.5260416666666666 0.3537037037037037 0.5296875 0.3685185185185185 0.53125 0.39166666666666666 0.5296875 0.40370370370370373 0.5244791666666667 0.41203703703703703 0.5208333333333334 0.4111111111111111 0.51875 0.40555555555555556 0.5171875 0.37037037037037035 0.521875 0.3574074074074074 0.5255208333333333 0.3537037037037037
1 0.5885416666666666 0.23703703703703705 0.5901041666666667 0.24074074074074073 0.5901041666666667 0.262037037037037 0.5854166666666667 0.2814814814814815 0.58125 0.28703703703703703 0.578125 0.2861111111111111 0.5802083333333333 0.2796296296296296 0.5802083333333333 0.25833333333333336 0.5833333333333334 0.23703703703703705 0.5880208333333333 0.23703703703703705
1 0.5046875 0.22962962962962963 0.4953125 0.21944444444444444 0.496875 0.2 0.5015625 0.19814814814814816 0.5057291666666667 0.2101851851851852 0.5067708333333333 0.2175925925925926 0.5052083333333334 0.22870370370370371
1 0.8104166666666667 0.25462962962962965 0.8171875 0.22592592592592592 0.828125 0.2111111111111111 0.8322916666666667 0.21203703703703702 0.83125 0.2388888888888889 0.828125 0.24166666666666667 0.8239583333333333 0.2388888888888889 0.8151041666666666 0.25555555555555554 0.8109375 0.25462962962962965
1 0.24114583333333334 0.8962962962962963 0.25729166666666664 0.9212962962962963 0.25729166666666664 0.9324074074074075 0.2546875 0.937037037037037 0.25 0.9361111111111111 0.22916666666666666 0.9101851851851852 0.22864583333333333 0.9027777777777778 0.23125 0.8972222222222223 0.23385416666666667 0.8944444444444445 0.240625 0.8962962962962963
1 0.5364583333333334 0.24351851851851852 0.540625 0.25092592592592594 0.5427083333333333 0.26481481481481484 0.5364583333333334 0.2953703703703704 0.5338541666666666 0.29444444444444445 0.5302083333333333 0.2796296296296296 0.5307291666666667 0.2611111111111111 0.5359375 0.24444444444444444
1 0.06875 0.05555555555555555 0.07552083333333333 0.06759259259259259 0.07604166666666666 0.08148148148148149 0.07916666666666666 0.09444444444444444 0.078125 0.09907407407407408 0.07447916666666667 0.09722222222222222 0.0671875 0.07592592592592592 0.06510416666666667 0.06296296296296296 0.06822916666666666 0.05555555555555555
1 0.48333333333333334 0.4777777777777778 0.48854166666666665 0.49444444444444446 0.4875 0.5231481481481481 0.478125 0.5268518518518519 0.475 0.49074074074074076 0.4796875 0.4777777777777778 0.4828125 0.4777777777777778
1 0.5916666666666667 0.049074074074074076 0.5963541666666666 0.062037037037037036 0.5963541666666666 0.06851851851851852 0.5921875 0.08425925925925926 0.5880208333333333 0.08611111111111111 0.5864583333333333 0.07222222222222222 0.5864583333333333 0.062037037037037036 0.5911458333333334 0.05
1 0.5921875 0.18703703703703703 0.5958333333333333 0.19166666666666668 0.5963541666666666 0.2 0.5927083333333333 0.2222222222222222 0.5880208333333333 0.23425925925925925 0.5848958333333333 0.22777777777777777 0.584375 0.1925925925925926 0.5875 0.18796296296296297 0.5916666666666667 0.18703703703703703
1 0.20989583333333334 0.9212962962962963 0.21666666666666667 0.9287037037037037 0.2171875 0.9398148148148148 0.215625 0.9425925925925925 0.2203125 0.9481481481481482 0.21458333333333332 0.9527777777777777 0.20989583333333334 0.9611111111111111 0.196875 0.9472222222222222 0.19010416666666666 0.9342592592592592 0.1921875 0.924074074074074 0.203125 0.9268518518518518 0.20625 0.9203703703703704 0.209375 0.9212962962962963
1 0.7354166666666667 0.07222222222222222 0.7380208333333333 0.075 0.7385416666666667 0.08518518518518518 0.7276041666666667 0.11851851851851852 0.7255208333333333 0.11574074074074074 0.7255208333333333 0.10925925925925926 0.7286458333333333 0.08518518518518518 0.7322916666666667 0.07407407407407407 0.7348958333333333 0.07222222222222222