1 0.39010416666666664 0.7064814814814815 0.4005208333333333 0.7083333333333334 0.4041666666666667 0.7138888888888889 0.40572916666666664 0.7222222222222222 0.4046875 0.7490740740740741 0.39947916666666666 0.7518518518518519 0.38958333333333334 0.7268518518518519 0.39010416666666664 0.7074074074074074
1 0.16458333333333333 0.23796296296296296 0.16875 0.23796296296296296 0.17083333333333334 0.24166666666666667 0.17864583333333334 0.2657407407407407 0.178125 0.27037037037037037 0.16822916666666668 0.2740740740740741 0.16822916666666668 0.25833333333333336 0.16458333333333333 0.2388888888888889
1 0.83515625 0.18425925925925926 0.016145833333333335 0.03888888888888889
1 0.6161458333333333 0.5018518518518519 0.6208333333333333 0.4925925925925926 0.6234375 0.49166666666666664 0.6270833333333333 0.5074074074074074 0.6229166666666667 0.5324074074074074 0.6177083333333333 0.5472222222222223 0.6151041666666667 0.549074074074074 0.6135416666666667 0.5462962962962963 0.6177083333333333 0.5296296296296297 0.615625 0.5175925925925926 0.6161458333333333 0.5027777777777778
1 0.6661458333333333 0.9490740740740741 0.6708333333333333 0.9481481481481482 0.6786458333333333 0.9583333333333334 0.6822916666666666 0.9638888888888889 0.6833333333333333 0.9731481481481481 0.6776041666666667 0.9925925925925926 0.6682291666666667 0.9879629629629629 0.65625 0.9935185185185185 0.6505208333333333 0.9925925925925926 0.6494791666666667 0.9907407407407407 0.6510416666666666 0.987037037037037 0.6614583333333334 0.975925925925926 0.65625 0.9564814814814815 0.6619791666666667 0.9564814814814815 0.6661458333333333 0.95
1 0.21354166666666666 0.15555555555555556 0.21614583333333334 0.1648148148148148 0.21510416666666668 0.18611111111111112 0.20989583333333334 0.18518518518518517 0.2078125 0.17314814814814813 0.20833333333333334 0.1574074074074074 0.21302083333333333 0.15555555555555556
1 0.7276041666666667 0.3490740740740741 0.7307291666666667 0.3675925925925926 0.7270833333333333 0.38055555555555554 0.7234375 0.4111111111111111 0.7208333333333333 0.4074074074074074 0.7223958333333333 0.39351851851851855 0.7213541666666666 0.38796296296296295 0.7203125 0.3861111111111111 0.7166666666666667 0.39444444444444443 0.7135416666666666 0.39351851851851855 0.7203125 0.362962962962963 0.7270833333333333 0.3490740740740741
1 0.3703125 0.5962962962962963 0.378125 0.6027777777777777 0.38229166666666664 0.612037037037037 0.3854166666666667 0.6351851851851852 0.3807291666666667 0.6425925925925926 0.37083333333333335 0.6259259259259259 0.36666666666666664 0.6018518518518519 0.3697916666666667 0.5962962962962963
1 0.26197916666666665 0.12037037037037036 0.265625 0.12129629629629629 0.2677083333333333 0.12685185185185185 0.26927083333333335 0.15185185185185185 0.26510416666666664 0.15185185185185185 0.2604166666666667 0.1388888888888889 0.26145833333333335 0.12129629629629629
1 0.1265625 0.25092592592592594 0.13385416666666666 0.2601851851851852 0.13541666666666666 0.2722222222222222 0.140625 0.2824074074074074 0.140625 0.2861111111111111 0.13229166666666667 0.2861111111111111 0.125 0.26481481481481484 0.12604166666666666 0.2518518518518518
1 0.24270833333333333 0.8546296296296296 0.26197916666666665 0.8694444444444445 0.2578125 0.8703703703703703 0.2557291666666667 0.8759259259259259 0.25729166666666664 0.899074074074074 0.2546875 0.9064814814814814 0.2515625 0.9055555555555556 0.2453125 0.8935185185185185 0.2375 0.8861111111111111 0.23645833333333333 0.8583333333333333 0.2390625 0.8537037037037037 0.2421875 0.8546296296296296
1 0.1171875 0.2324074074074074 0.12291666666666666 0.23981481481481481 0.1265625 0.26481481481481484 0.12291666666666666 0.26296296296296295 0.115625 0.25092592592592594 0.1140625 0.23333333333333334 0.11666666666666667 0.2324074074074074
1 0.6614583333333334 0.1361111111111111 0.6645833333333333 0.13703703703703704 0.665625 0.14722222222222223 0.6614583333333334 0.1787037037037037 0.6572916666666667 0.17592592592592593 0.6567708333333333 0.15185185185185185 0.6614583333333334 0.13703703703703704
1 0.2635416666666667 0.8703703703703703 0.27760416666666665 0.8861111111111111 0.275 0.9074074074074074 0.27291666666666664 0.9101851851851852 0.26927083333333335 0.9092592592592592 0.2625 0.8972222222222223 0.2578125 0.8981481481481481 0.25364583333333335 0.887962962962963 0.2546875 0.8722222222222222 0.2630208333333333 0.8703703703703703
1 0.3171875 0.11666666666666667 0.31875 0.11944444444444445 0.31927083333333334 0.15 0.31614583333333335 0.15 0.3109375 0.1361111111111111 0.3104166666666667 0.12222222222222222 0.31354166666666666 0.1175925925925926 0.31666666666666665 0.1175925925925926
1 0.2989583333333333 0.11574074074074074 0.3046875 0.11574074074074074 0.3072916666666667 0.1398148148148148 0.30625 0.15 0.3015625 0.14722222222222223 0.296875 0.12962962962962962 0.2989583333333333 0.11666666666666667
1 0.35520833333333335 0.7888888888888889 0.3645833333333333 0.812037037037037 0.3625 0.8166666666666667 0.35833333333333334 0.8166666666666667 0.35625 0.8379629629629629 0.353125 0.8453703703703703 0.35 0.8444444444444444 0.35208333333333336 0.8361111111111111 0.35208333333333336 0.8138888888888889 0.3453125 0.7962962962962963 0.3453125 0.7916666666666666 0.3484375 0.7851851851851852 0.35208333333333336 0.7842592592592592 0.3546875 0.7888888888888889
1 0.390625 0.1259259259259259 0.3932291666666667 0.12685185185185185 0.39739583333333334 0.13703703703703704 0.396875 0.16574074074074074 0.39375 0.1675925925925926 0.3890625 0.13703703703703704 0.390625 0.12685185185185185
1 0.14427083333333332 0.25833333333333336 0.14739583333333334 0.25833333333333336 0.15572916666666667 0.26851851851851855 0.15572916666666667 0.27870370370370373 0.15989583333333332 0.29259259259259257 0.15625 0.2962962962962963 0.15052083333333333 0.28888888888888886 0.14427083333333332 0.25925925925925924
1 0.4109375 0.6046296296296296 0.4197916666666667 0.6268518518518519 0.41822916666666665 0.6481481481481481 0.42239583333333336 0.6574074074074074 0.42135416666666664 0.6638888888888889 0.4166666666666667 0.6666666666666666 0.409375 0.6620370370370371 0.40989583333333335 0.6509259259259259 0.403125 0.6194444444444445 0.40572916666666664 0.6092592592592593 0.41041666666666665 0.6055555555555555
1 0.175 0.2351851851851852 0.18229166666666666 0.24722222222222223 0.18489583333333334 0.2657407407407407 0.17708333333333334 0.2712962962962963 0.16927083333333334 0.24259259259259258 0.1703125 0.23796296296296296 0.17447916666666666 0.2361111111111111
1 0.38385416666666666 0.13333333333333333 0.3875 0.13240740740740742 0.39010416666666664 0.1425925925925926 0.39114583333333336 0.1638888888888889 0.38958333333333334 0.1712962962962963 0.3854166666666667 0.1712962962962963 0.3828125 0.14629629629629629 0.38385416666666666 0.13425925925925927
1 0.24114583333333334 0.20185185185185187 0.23385416666666667 0.17685185185185184 0.23385416666666667 0.1638888888888889 0.2375 0.1638888888888889 0.2421875 0.17592592592592593 0.24479166666666666 0.19907407407407407 0.24166666666666667 0.20185185185185187
1 0.5947916666666667 0.26944444444444443 0.5979166666666667 0.2814814814814815 0.5979166666666667 0.2898148148148148 0.596875 0.30462962962962964 0.5916666666666667 0.3148148148148148 0.5895833333333333 0.31296296296296294 0.5890625 0.2833333333333333 0.5916666666666667 0.2712962962962963 0.5942708333333333 0.26944444444444443
1 0.6057291666666667 0.3287037037037037 0.6078125 0.31296296296296294 0.6072916666666667 0.2953703703703704 0.609375 0.28425925925925927 0.6119791666666666 0.28425925925925927 0.6145833333333334 0.2898148148148148 0.6166666666666667 0.3037037037037037 0.6135416666666667 0.31851851851851853 0.6088541666666667 0.3287037037037037 0.60625 0.3287037037037037
1 0.19947916666666668 0.16296296296296298 0.20364583333333333 0.1712962962962963 0.2046875 0.1925925925925926 0.20208333333333334 0.1925925925925926 0.19583333333333333 0.18055555555555555 0.19479166666666667 0.17037037037037037 0.19583333333333333 0.1648148148148148 0.19895833333333332 0.16296296296296298
1 0.6489583333333333 0.08981481481481482 0.6526041666666667 0.09444444444444444 0.6526041666666667 0.10277777777777777 0.6473958333333333 0.12777777777777777 0.6447916666666667 0.1259259259259259 0.6432291666666666 0.10092592592592593 0.6447916666666667 0.09351851851851851 0.6484375 0.08981481481481482
1 0.32083333333333336 0.11388888888888889 0.32708333333333334 0.1287037037037037 0.3260416666666667 0.14444444444444443 0.3229166666666667 0.14629629629629629 0.3171875 0.13055555555555556 0.31614583333333335 0.11944444444444445 0.3203125 0.11481481481481481
1 0.2864583333333333 0.12222222222222222 0.29010416666666666 0.12129629629629629 0.29635416666666664 0.13240740740740742 0.29583333333333334 0.14722222222222223 0.28958333333333336 0.1527777777777778 0.2864583333333333 0.12314814814814815
1 0.353125 0.07037037037037037 0.35625 0.07777777777777778 0.3578125 0.09537037037037037 0.353125 0.10185185185185185 0.3515625 0.10185185185185185 0.3494791666666667 0.08518518518518518 0.35 0.07222222222222222 0.35260416666666666 0.07037037037037037
1 0.19583333333333333 0.2101851851851852 0.19947916666666668 0.2101851851851852 0.20260416666666667 0.2175925925925926 0.203125 0.22962962962962963 0.20729166666666668 0.23981481481481481 0.20625 0.24722222222222223 0.203125 0.2490740740740741 0.20208333333333334 0.24166666666666667 0.19427083333333334 0.22314814814814815 0.19583333333333333 0.2111111111111111
1 0.1125 0.2962962962962963 0.11614583333333334 0.2962962962962963 0.12291666666666666 0.3037037037037037 0.11979166666666667 0.31203703703703706 0.11979166666666667 0.32037037037037036 0.12760416666666666 0.33055555555555555 0.1265625 0.3351851851851852 0.12083333333333333 0.33796296296296297 0.11927083333333334 0.34444444444444444 0.11614583333333334 0.3453703703703704 0.11197916666666667 0.32407407407407407 0.10833333333333334 0.32037037037037036 0.10833333333333334 0.30462962962962964 0.1125 0.2972222222222222
1 0.5161458333333333 0.600925925925926 0.5234375 0.6185185185185185 0.5239583333333333 0.649074074074074 0.515625 0.6564814814814814 0.5125 0.6546296296296297 0.5135416666666667 0.6259259259259259 0.5109375 0.6111111111111112 0.5119791666666667 0.6027777777777777 0.515625 0.600925925925926
1 0.5890625 0.35462962962962963 0.5953125 0.36666666666666664 0.5958333333333333 0.37592592592592594 0.5916666666666667 0.3861111111111111 0.5885416666666666 0.4046296296296296 0.5869791666666667 0.4027777777777778 0.5869791666666667 0.3851851851851852 0.5828125 0.3731481481481482 0.5833333333333334 0.36666666666666664 0.5885416666666666 0.35462962962962963
1 0.8276041666666667 0.2759259259259259 0.8307291666666666 0.2777777777777778 0.8333333333333334 0.2861111111111111 0.8328125 0.2962962962962963 0.8234375 0.3175925925925926 0.821875 0.31203703703703706 0.8223958333333333 0.29259259259259257 0.8276041666666667 0.27685185185185185
1 0.5583333333333333 0.9101851851851852 0.5671875 0.9203703703703704 0.5682291666666667 0.925 0.5677083333333334 0.9407407407407408 0.5619791666666667 0.9490740740740741 0.5619791666666667 0.9527777777777777 0.565625 0.9564814814814815 0.5640625 0.9601851851851851 0.5479166666666667 0.9490740740740741 0.5520833333333334 0.9425925925925925 0.5515625 0.9277777777777778 0.5536458333333333 0.912962962962963 0.5578125 0.9101851851851852
1 0.33229166666666665 0.07222222222222222 0.334375 0.07407407407407407 0.33645833333333336 0.09074074074074075 0.33489583333333334 0.11018518518518519 0.33229166666666665 0.11203703703703703 0.3302083333333333 0.11018518518518519 0.32708333333333334 0.09444444444444444 0.328125 0.08055555555555556 0.33177083333333335 0.07222222222222222
1 0.390625 0.7435185185185185 0.39895833333333336 0.7620370370370371 0.39947916666666666 0.787962962962963 0.39739583333333334 0.7916666666666666 0.38645833333333335 0.7768518518518519 0.3848958333333333 0.7472222222222222 0.38645833333333335 0.7435185185185185 0.39010416666666664 0.7435185185185185
1 0.465625 0.7157407407407408 0.4703125 0.7240740740740741 0.4630208333333333 0.7268518518518519 0.4640625 0.7379629629629629 0.4609375 0.7444444444444445 0.4583333333333333 0.7657407407407407 0.45625 0.7694444444444445 0.4546875 0.7666666666666667 0.4557291666666667 0.7342592592592593 0.4473958333333333 0.7166666666666667 0.45208333333333334 0.7046296296296296 0.46041666666666664 0.7055555555555556 0.46510416666666665 0.7157407407407408
1 0.49583333333333335 0.5907407407407408 0.49895833333333334 0.5888888888888889 0.5072916666666667 0.6037037037037037 0.5072916666666667 0.6194444444444445 0.5015625 0.6444444444444445 0.4979166666666667 0.6453703703703704 0.49895833333333334 0.6305555555555555 0.4942708333333333 0.6240740740740741 0.4921875 0.6037037037037037 0.49583333333333335 0.5916666666666667
1 0.6078125 0.19537037037037036 0.609375 0.1787037037037037 0.6067708333333334 0.1675925925925926 0.6098958333333333 0.1574074074074074 0.6130208333333333 0.15555555555555556 0.6166666666666667 0.1712962962962963 0.6109375 0.18888888888888888 0.6104166666666667 0.1962962962962963 0.6083333333333333 0.1962962962962963
1 0.50625 0.7481481481481481 0.5119791666666667 0.7564814814814815 0.5161458333333333 0.7759259259259259 0.515625 0.7824074074074074 0.5125 0.7861111111111111 0.5119791666666667 0.8 0.5088541666666667 0.8055555555555556 0.5052083333333334 0.8046296296296296 0.5036458333333333 0.7814814814814814 0.5 0.7722222222222223 0.496875 0.7703703703703704 0.5 0.7555555555555555 0.5057291666666667 0.7481481481481481
1 0.6546875 0.14444444444444443 0.6578125 0.16296296296296298 0.6552083333333333 0.17685185185185184 0.6515625 0.1824074074074074 0.6489583333333333 0.18055555555555555 0.6484375 0.16111111111111112 0.6510416666666666 0.14814814814814814 0.6541666666666667 0.14444444444444443
1 0.27291666666666664 0.9101851851851852 0.28541666666666665 0.912962962962963 0.28958333333333336 0.9212962962962963 0.290625 0.9296296296296296 0.29583333333333334 0.9388888888888889 0.29322916666666665 0.9518518518518518 0.2864583333333333 0.962037037037037 0.28229166666666666 0.9592592592592593 0.27708333333333335 0.9425925925925925 0.26979166666666665 0.9388888888888889 0.2677083333333333 0.9194444444444444 0.26875 0.9138888888888889 0.27239583333333334 0.9101851851851852
1 0.6583333333333333 0.17777777777777778 0.6604166666666667 0.18055555555555555 0.659375 0.2111111111111111 0.6510416666666666 0.2074074074074074 0.6536458333333334 0.1824074074074074 0.6578125 0.17777777777777778
1 0.2953125 0.34629629629629627 0.303125 0.3731481481481482 0.3026041666666667 0.37962962962962965 0.29791666666666666 0.38333333333333336 0.296875 0.39166666666666666 0.2942708333333333 0.387037037037037 0.290625 0.35555555555555557 0.290625 0.3490740740740741 0.29270833333333335 0.3453703703703704 0.2947916666666667 0.34629629629629627
1 0.3015625 0.9518518518518518 0.3072916666666667 0.9601851851851851 0.3046875 0.9768518518518519 0.31197916666666664 0.9805555555555555 0.3125 0.9833333333333333 0.3104166666666667 0.9907407407407407 0.303125 0.9990740740740741 0.2890625 0.9990740740740741 0.2864583333333333 0.9916666666666667 0.2786458333333333 0.9990740740740741 0.28541666666666665 0.9694444444444444 0.2947916666666667 0.9666666666666667 0.29635416666666664 0.9555555555555556 0.30104166666666665 0.9518518518518518