1 0.7942708333333334 0.2222222222222222 0.7953125 0.22314814814814815 0.7854166666666667 0.24537037037037038 0.7828125 0.2564814814814815 0.7791666666666667 0.24814814814814815 0.7817708333333333 0.23055555555555557 0.7885416666666667 0.2212962962962963 0.79375 0.2222222222222222
1 0.5041666666666667 0.6574074074074074 0.5083333333333333 0.6657407407407407 0.5057291666666667 0.6824074074074075 0.4942708333333333 0.7111111111111111 0.4921875 0.7092592592592593 0.49635416666666665 0.687962962962963 0.4947916666666667 0.6620370370370371 0.4979166666666667 0.6518518518518519 0.5015625 0.6518518518518519 0.5036458333333333 0.6574074074074074
1 0.5916666666666667 0.18611111111111112 0.5947916666666667 0.18611111111111112 0.596875 0.19814814814814816 0.5942708333333333 0.21851851851851853 0.5921875 0.225 0.590625 0.22407407407407406 0.5890625 0.19444444444444445 0.5916666666666667 0.18703703703703703
1 0.4744791666666667 0.6537037037037037 0.478125 0.6601851851851852 0.4796875 0.6898148148148148 0.47708333333333336 0.6962962962962963 0.4739583333333333 0.6907407407407408 0.47239583333333335 0.6916666666666667 0.4666666666666667 0.7111111111111111 0.4635416666666667 0.7101851851851851 0.46510416666666665 0.6787037037037037 0.4630208333333333 0.662962962962963 0.4666666666666667 0.6555555555555556 0.4739583333333333 0.6537037037037037
1 0.5677083333333334 0.29907407407407405 0.5708333333333333 0.29907407407407405 0.5739583333333333 0.3138888888888889 0.5708333333333333 0.33611111111111114 0.56875 0.3416666666666667 0.5666666666666667 0.3416666666666667 0.5661458333333333 0.32407407407407407 0.5635416666666667 0.3138888888888889 0.5677083333333334 0.3
1 0.0578125 0.25925925925925924 0.06666666666666667 0.2722222222222222 0.07083333333333333 0.287962962962963 0.07604166666666666 0.2962962962962963 0.07447916666666667 0.29907407407407405 0.0703125 0.2962962962962963 0.0671875 0.30185185185185187 0.0640625 0.3 0.06145833333333333 0.2861111111111111 0.05520833333333333 0.2740740740740741 0.05520833333333333 0.2611111111111111 0.057291666666666664 0.25925925925925924
1 0.04739583333333333 0.2601851851851852 0.05572916666666667 0.28888888888888886 0.05364583333333333 0.2953703703703704 0.0421875 0.275 0.042708333333333334 0.26481481481481484 0.046875 0.2601851851851852
1 0.13125 0.20277777777777778 0.140625 0.22592592592592592 0.14010416666666667 0.2324074074074074 0.1328125 0.23055555555555557 0.12604166666666666 0.21481481481481482 0.12604166666666666 0.20555555555555555 0.13072916666666667 0.20277777777777778
1 0.2864583333333333 0.10925925925925926 0.29270833333333335 0.11018518518518519 0.29635416666666664 0.125 0.2942708333333333 0.1398148148148148 0.29010416666666666 0.1398148148148148 0.2864583333333333 0.11018518518518519
1 0.4171875 0.6675925925925926 0.425 0.6777777777777778 0.421875 0.6907407407407408 0.42291666666666666 0.7064814814814815 0.42135416666666664 0.7083333333333334 0.41822916666666665 0.7074074074074074 0.4119791666666667 0.6962962962962963 0.40989583333333335 0.675 0.4125 0.6685185185185185 0.4166666666666667 0.6675925925925926
1 0.12916666666666668 0.2462962962962963 0.13333333333333333 0.2537037037037037 0.13385416666666666 0.2657407407407407 0.13697916666666668 0.2740740740740741 0.13697916666666668 0.2796296296296296 0.134375 0.2824074074074074 0.13177083333333334 0.28055555555555556 0.1234375 0.25462962962962965 0.125 0.24351851851851852 0.12864583333333332 0.2462962962962963
1 0.025520833333333333 0.37037037037037035 0.0328125 0.3768518518518518 0.0453125 0.3972222222222222 0.0390625 0.4 0.036458333333333336 0.4111111111111111 0.028645833333333332 0.40370370370370373 0.025 0.38981481481481484 0.021875 0.3851851851851852 0.020833333333333332 0.3731481481481482 0.025 0.37037037037037035
1 0.3109375 0.08611111111111111 0.31302083333333336 0.09444444444444444 0.3125 0.11574074074074074 0.309375 0.11574074074074074 0.3072916666666667 0.11018518518518519 0.3067708333333333 0.09074074074074075 0.3104166666666667 0.08611111111111111
1 0.43645833333333334 0.5314814814814814 0.4421875 0.5361111111111111 0.44427083333333334 0.5425925925925926 0.44114583333333335 0.5601851851851852 0.44166666666666665 0.5712962962962963 0.4395833333333333 0.575925925925926 0.4328125 0.5657407407407408 0.4296875 0.5472222222222223 0.43125 0.5314814814814814 0.4359375 0.5314814814814814
1 0.14166666666666666 0.24351851851851852 0.14739583333333334 0.2490740740740741 0.15052083333333333 0.2657407407407407 0.15416666666666667 0.27314814814814814 0.15416666666666667 0.27685185185185185 0.15 0.2759259259259259 0.14739583333333334 0.2833333333333333 0.1453125 0.2824074074074074 0.14322916666666666 0.2657407407407407 0.1375 0.25555555555555554 0.13854166666666667 0.24444444444444444 0.14114583333333333 0.24351851851851852
1 0.4703125 0.5425925925925926 0.4734375 0.5435185185185185 0.48125 0.5611111111111111 0.48072916666666665 0.5666666666666667 0.47708333333333336 0.5722222222222222 0.47708333333333336 0.5888888888888889 0.4744791666666667 0.5935185185185186 0.471875 0.5925925925925926 0.4713541666666667 0.575 0.46875 0.5601851851851852 0.4703125 0.5435185185185185
1 0.79375 0.475 0.7979166666666667 0.47685185185185186 0.7973958333333333 0.48333333333333334 0.7869791666666667 0.5194444444444445 0.7854166666666667 0.5185185185185185 0.7848958333333333 0.5101851851851852 0.7828125 0.5092592592592593 0.7791666666666667 0.5157407407407407 0.7770833333333333 0.5092592592592593 0.7828125 0.49444444444444446 0.7848958333333333 0.47962962962962963 0.7932291666666667 0.475
1 0.5567708333333333 0.3101851851851852 0.5614583333333333 0.3212962962962963 0.5604166666666667 0.3351851851851852 0.5536458333333333 0.3398148148148148 0.5520833333333334 0.33240740740740743 0.5520833333333334 0.32037037037037036 0.55625 0.3111111111111111
1 0.44635416666666666 0.2564814814814815 0.44947916666666665 0.25555555555555554 0.45364583333333336 0.26481481481481484 0.45625 0.2935185185185185 0.45625 0.2962962962962963 0.453125 0.29814814814814816 0.44583333333333336 0.2777777777777778 0.44427083333333334 0.2657407407407407 0.44635416666666666 0.2574074074074074
1 0.5619791666666667 0.3861111111111111 0.5645833333333333 0.39351851851851855 0.5625 0.425 0.5604166666666667 0.43148148148148147 0.5572916666666666 0.43333333333333335 0.5546875 0.4 0.5567708333333333 0.38981481481481484 0.5614583333333333 0.3861111111111111
1 0.2203125 0.16111111111111112 0.2234375 0.16111111111111112 0.22864583333333333 0.1712962962962963 0.22708333333333333 0.19166666666666668 0.2234375 0.1962962962962963 0.21979166666666666 0.17222222222222222 0.2203125 0.16203703703703703
1 0.005208333333333333 0.3675925925925926 0.008854166666666666 0.36666666666666664 0.01875 0.3731481481481482 0.021875 0.3814814814814815 0.020833333333333332 0.39351851851851855 0.027083333333333334 0.40555555555555556 0.025520833333333333 0.4111111111111111 0.022395833333333334 0.41203703703703703 0.0203125 0.4046296296296296 0.0125 0.39537037037037037 0.005208333333333333 0.3685185185185185
1 0.23072916666666668 0.17314814814814813 0.23385416666666667 0.175 0.23802083333333332 0.1935185185185185 0.23802083333333332 0.19722222222222222 0.234375 0.20092592592592592 0.23125 0.20092592592592592 0.22916666666666666 0.19166666666666668 0.22864583333333333 0.17407407407407408 0.23020833333333332 0.17314814814814813
1 0.390625 0.6425925925925926 0.39791666666666664 0.6537037037037037 0.4015625 0.6648148148148149 0.4005208333333333 0.6944444444444444 0.39739583333333334 0.7 0.38958333333333334 0.6796296296296296 0.3880208333333333 0.6527777777777778 0.39010416666666664 0.6435185185185185
1 0.5359375 0.5324074074074074 0.5421875 0.5537037037037037 0.5338541666666666 0.5916666666666667 0.5307291666666667 0.5916666666666667 0.53125 0.5703703703703704 0.5270833333333333 0.5592592592592592 0.5291666666666667 0.5425925925925926 0.5328125 0.5342592592592592 0.5354166666666667 0.5333333333333333
1 0.3416666666666667 0.21666666666666667 0.34479166666666666 0.2175925925925926 0.34739583333333335 0.225 0.3494791666666667 0.24814814814814815 0.3489583333333333 0.2564814814814815 0.34479166666666666 0.25462962962962965 0.34270833333333334 0.25 0.34010416666666665 0.23055555555555557 0.3416666666666667 0.2175925925925926
1 0.36875 0.6703703703703704 0.3729166666666667 0.6759259259259259 0.37447916666666664 0.7018518518518518 0.3729166666666667 0.7138888888888889 0.3697916666666667 0.7157407407407408 0.3609375 0.6796296296296296 0.3609375 0.6685185185185185 0.3625 0.6657407407407407 0.36614583333333334 0.6657407407407407 0.36822916666666666 0.6703703703703704
1 0.1875 0.2064814814814815 0.19010416666666666 0.2064814814814815 0.19322916666666667 0.21296296296296297 0.2 0.23703703703703705 0.19947916666666668 0.24166666666666667 0.19583333333333333 0.24074074074074073 0.19322916666666667 0.2462962962962963 0.19114583333333332 0.24537037037037038 0.19166666666666668 0.23425925925925925 0.18802083333333333 0.21944444444444444 0.1875 0.2074074074074074
1 0.5348958333333333 0.32222222222222224 0.5364583333333334 0.32407407407407407 0.5364583333333334 0.33611111111111114 0.534375 0.3527777777777778 0.5260416666666666 0.3675925925925926 0.5255208333333333 0.3333333333333333 0.5291666666666667 0.32222222222222224 0.534375 0.32222222222222224
1 0.16302083333333334 0.21481481481481482 0.16927083333333334 0.22407407407407406 0.171875 0.23981481481481481 0.17604166666666668 0.24722222222222223 0.17135416666666667 0.24722222222222223 0.16875 0.25555555555555554 0.15885416666666666 0.22407407407407406 0.159375 0.21666666666666667 0.1625 0.21481481481481482
1 0.39166666666666666 0.6074074074074074 0.39739583333333334 0.6148148148148148 0.39895833333333336 0.6268518518518519 0.40260416666666665 0.6342592592592593 0.4005208333333333 0.6425925925925926 0.3963541666666667 0.6416666666666667 0.3921875 0.6453703703703704 0.38958333333333334 0.6435185185185185 0.38645833333333335 0.625 0.38697916666666665 0.6083333333333333 0.39114583333333336 0.6074074074074074
1 0.6213541666666667 0.21481481481481482 0.6229166666666667 0.22777777777777777 0.6192708333333333 0.2537037037037037 0.6171875 0.25555555555555554 0.6151041666666667 0.2518518518518518 0.615625 0.2222222222222222 0.6182291666666667 0.21388888888888888 0.6208333333333333 0.21481481481481482
1 0.6088541666666667 0.35462962962962963 0.6104166666666667 0.36203703703703705 0.6067708333333334 0.37407407407407406 0.6052083333333333 0.3972222222222222 0.6026041666666667 0.4 0.5989583333333334 0.3787037037037037 0.5989583333333334 0.3611111111111111 0.6036458333333333 0.3453703703703704 0.6072916666666667 0.3472222222222222 0.6083333333333333 0.35462962962962963
1 0.4427083333333333 0.2638888888888889 0.446875 0.27870370370370373 0.446875 0.3074074074074074 0.440625 0.29907407407407405 0.43697916666666664 0.2814814814814815 0.4390625 0.26481481481481484 0.4421875 0.2638888888888889
1 0.5994791666666667 0.17314814814814813 0.6020833333333333 0.1787037037037037 0.6020833333333333 0.18981481481481483 0.5984375 0.20555555555555555 0.5953125 0.20833333333333334 0.5958333333333333 0.19444444444444445 0.5932291666666667 0.18611111111111112 0.5989583333333334 0.17314814814814813
1 0.484375 0.24074074074074073 0.48802083333333335 0.24351851851851852 0.484375 0.2722222222222222 0.48072916666666665 0.2777777777777778 0.4817708333333333 0.25092592592592594 0.484375 0.24166666666666667
1 0.30833333333333335 0.7842592592592592 0.3177083333333333 0.7972222222222223 0.32083333333333336 0.8157407407407408 0.31979166666666664 0.8268518518518518 0.3151041666666667 0.8333333333333334 0.31197916666666664 0.8305555555555556 0.30833333333333335 0.8166666666666667 0.2994791666666667 0.8083333333333333 0.3015625 0.7833333333333333 0.3078125 0.7842592592592592
1 0.9041666666666667 0.6898148148148148 0.8994791666666667 0.6824074074074075 0.9 0.6685185185185185 0.90625 0.6592592592592592 0.9135416666666667 0.6370370370370371 0.915625 0.6342592592592593 0.9208333333333333 0.6370370370370371 0.9223958333333333 0.6425925925925926 0.921875 0.6583333333333333 0.9145833333333333 0.6703703703703704 0.9125 0.6787037037037037 0.9046875 0.6888888888888889
1 0.546875 0.46296296296296297 0.5416666666666666 0.42592592592592593 0.5421875 0.41759259259259257 0.5463541666666667 0.41203703703703703 0.55 0.41203703703703703 0.5536458333333333 0.4203703703703704 0.5541666666666667 0.4324074074074074 0.5510416666666667 0.4444444444444444 0.55 0.45925925925925926 0.5473958333333333 0.462037037037037
1 0.5317708333333333 0.4046296296296296 0.5369791666666667 0.41759259259259257 0.534375 0.42314814814814816 0.5291666666666667 0.4546296296296296 0.5260416666666666 0.4527777777777778 0.5276041666666667 0.43333333333333335 0.5270833333333333 0.42777777777777776 0.5229166666666667 0.42407407407407405 0.5229166666666667 0.4185185185185185 0.5265625 0.4046296296296296 0.53125 0.4046296296296296
1 0.8927083333333333 0.5592592592592592 0.89375 0.575925925925926 0.8901041666666667 0.5898148148148148 0.8807291666666667 0.5851851851851851 0.8802083333333334 0.5777777777777777 0.8880208333333334 0.5592592592592592 0.8921875 0.5592592592592592
1 0.5411458333333333 0.48055555555555557 0.5463541666666667 0.47129629629629627 0.5494791666666666 0.4740740740740741 0.5479166666666667 0.5120370370370371 0.5505208333333333 0.5175925925925926 0.5494791666666666 0.5212962962962963 0.5395833333333333 0.5296296296296297 0.5359375 0.5259259259259259 0.5395833333333333 0.5101851851851852 0.5364583333333334 0.49444444444444446 0.5411458333333333 0.48148148148148145
1 0.5119791666666667 0.6694444444444444 0.5166666666666667 0.6787037037037037 0.5171875 0.7 0.5125 0.7138888888888889 0.5057291666666667 0.7194444444444444 0.5041666666666667 0.7166666666666667 0.5046875 0.687037037037037 0.5083333333333333 0.6703703703703704 0.5114583333333333 0.6694444444444444
1 0.55 0.38333333333333336 0.5546875 0.38981481481481484 0.5536458333333333 0.40925925925925927 0.5463541666666667 0.41203703703703703 0.5442708333333334 0.4083333333333333 0.5458333333333333 0.3888888888888889 0.5494791666666666 0.38425925925925924
1 0.6028645833333334 0.1625 0.008854166666666666 0.030555555555555555
1 0.5885416666666666 0.22962962962962963 0.590625 0.24166666666666667 0.5880208333333333 0.26296296296296295 0.5848958333333333 0.26944444444444443 0.58125 0.26851851851851855 0.58125 0.2518518518518518 0.5838541666666667 0.23055555555555557 0.5880208333333333 0.22962962962962963
1 0.5197916666666667 0.7240740740740741 0.5223958333333333 0.7296296296296296 0.5239583333333333 0.7453703703703703 0.51875 0.7574074074074074 0.5151041666666667 0.7870370370370371 0.5119791666666667 0.7870370370370371 0.5140625 0.7546296296296297 0.5083333333333333 0.7509259259259259 0.5072916666666667 0.7398148148148148 0.5119791666666667 0.7231481481481481 0.515625 0.7212962962962963 0.5192708333333333 0.7240740740740741
1 0.5786458333333333 0.18703703703703703 0.5833333333333334 0.20092592592592592 0.5817708333333333 0.22407407407407406 0.5786458333333333 0.22592592592592592 0.5760416666666667 0.22314814814814815 0.5760416666666667 0.19444444444444445 0.578125 0.18703703703703703
1 0.3171875 0.6592592592592592 0.32864583333333336 0.6712962962962963 0.32916666666666666 0.6833333333333333 0.3333333333333333 0.6953703703703704 0.3302083333333333 0.7018518518518518 0.32447916666666665 0.6925925925925925 0.3223958333333333 0.6981481481481482 0.32083333333333336 0.7157407407407408 0.3182291666666667 0.7175925925925926 0.31666666666666665 0.7166666666666667 0.3171875 0.6842592592592592 0.31197916666666664 0.6675925925925926 0.3125 0.6620370370370371 0.31666666666666665 0.6592592592592592
1 0.5942708333333333 0.2351851851851852 0.5963541666666666 0.24074074074074073 0.5958333333333333 0.25925925925925924 0.5953125 0.26666666666666666 0.5916666666666667 0.2759259259259259 0.5890625 0.2722222222222222 0.5895833333333333 0.24722222222222223 0.590625 0.2361111111111111 0.59375 0.2351851851851852
1 0.3265625 0.0787037037037037 0.33177083333333335 0.08796296296296297 0.3302083333333333 0.10925925925925926 0.32760416666666664 0.10833333333333334 0.3255208333333333 0.09814814814814815 0.321875 0.09166666666666666 0.32135416666666666 0.08055555555555556 0.3260416666666667 0.0787037037037037
1 0.6380208333333334 0.32222222222222224 0.6411458333333333 0.33055555555555555 0.6411458333333333 0.33796296296296297 0.6375 0.3731481481481482 0.6302083333333334 0.36574074074074076 0.63125 0.33611111111111114 0.634375 0.325 0.6375 0.32222222222222224