0 0.8244791666666667 0.16203703703703703 0.8401041666666667 0.1675925925925926 0.8453125 0.17685185185185184 0.840625 0.2101851851851852 0.8333333333333334 0.22962962962962963 0.83125 0.24444444444444444 0.825 0.25277777777777777 0.8203125 0.25277777777777777 0.8005208333333333 0.24444444444444444 0.7958333333333333 0.2351851851851852 0.7958333333333333 0.22592592592592592 0.8 0.2175925925925926 0.8098958333333334 0.18425925925925926 0.8208333333333333 0.1648148148148148 0.8239583333333333 0.16296296296296298
0 0.4192708333333333 0.8787037037037037 0.421875 0.8833333333333333 0.421875 0.8888888888888888 0.41875 0.9074074074074074 0.40260416666666665 0.9416666666666667 0.4010416666666667 0.9537037037037037 0.3927083333333333 0.9666666666666667 0.38697916666666665 0.9814814814814815 0.38333333333333336 0.9805555555555555 0.38177083333333334 0.9731481481481481 0.384375 0.9416666666666667 0.39739583333333334 0.912962962962963 0.4041666666666667 0.8907407407407407 0.4119791666666667 0.8796296296296297 0.41875 0.8787037037037037
0 0 0.6953703703703704 0.019270833333333334 0.6981481481481482 0.026041666666666668 0.6935185185185185 0.030208333333333334 0.6981481481481482 0.03177083333333333 0.7046296296296296 0.03177083333333333 0.7203703703703703 0.029166666666666667 0.7333333333333333 0.008333333333333333 0.7842592592592592 0.0046875 0.7907407407407407 0 0.7935185185185185 0 0.6962962962962963
0 0.5140625 0.8657407407407407 0.51875 0.8722222222222222 0.5255208333333333 0.9 0.5338541666666666 0.9074074074074074 0.5328125 0.9601851851851851 0.5260416666666666 0.9712962962962963 0.5223958333333333 0.9712962962962963 0.5192708333333333 0.9657407407407408 0.5182291666666666 0.9490740740740741 0.5119791666666667 0.9398148148148148 0.5046875 0.9083333333333333 0.503125 0.8916666666666667 0.5041666666666667 0.8722222222222222 0.5072916666666667 0.8666666666666667 0.5135416666666667 0.8657407407407407
0 0.06927083333333334 0.7888888888888889 0.08802083333333334 0.7925925925925926 0.0984375 0.8009259259259259 0.1125 0.8009259259259259 0.11510416666666666 0.8055555555555556 0.11458333333333333 0.8138888888888889 0.103125 0.850925925925926 0.07135416666666666 0.9074074074074074 0.022395833333333334 0.8583333333333333 0.00625 0.837037037037037 0.00625 0.8314814814814815 0.015104166666666667 0.812037037037037 0.022916666666666665 0.8074074074074075 0.0234375 0.8037037037037037 0.0359375 0.8 0.04114583333333333 0.7953703703703704 0.050520833333333334 0.7962962962962963 0.06875 0.7888888888888889
0 0.17552083333333332 0.7527777777777778 0.17864583333333334 0.7574074074074074 0.18072916666666666 0.7675925925925926 0.178125 0.7851851851851852 0.1609375 0.8231481481481482 0.14947916666666666 0.8379629629629629 0.1421875 0.8555555555555555 0.1375 0.8592592592592593 0.1328125 0.8592592592592593 0.12916666666666668 0.8546296296296296 0.12864583333333332 0.8407407407407408 0.12552083333333333 0.8333333333333334 0.13177083333333334 0.8046296296296296 0.13489583333333333 0.799074074074074 0.13020833333333334 0.7953703703703704 0.12916666666666668 0.8037037037037037 0.1265625 0.8055555555555556 0.12291666666666666 0.8027777777777778 0.12291666666666666 0.7972222222222223 0.13229166666666667 0.7925925925925926 0.13385416666666666 0.787962962962963 0.140625 0.787962962962963 0.15052083333333333 0.799074074074074 0.153125 0.7833333333333333 0.15260416666666668 0.775 0.1578125 0.7620370370370371 0.1609375 0.7564814814814815 0.175 0.7527777777777778
0 0.20052083333333334 0.08888888888888889 0.21145833333333333 0.10555555555555556 0.21458333333333332 0.11296296296296296 0.21510416666666668 0.12037037037037036 0.2125 0.13055555555555556 0.19635416666666666 0.15 0.18072916666666666 0.14444444444444443 0.1765625 0.13425925925925927 0.17395833333333333 0.1111111111111111 0.178125 0.1037037037037037 0.2 0.08888888888888889
0 0.6380208333333334 0.5527777777777778 0.6692708333333334 0.5601851851851852 0.6958333333333333 0.5731481481481482 0.7057291666666666 0.5796296296296296 0.715625 0.5925925925925926 0.7302083333333333 0.6037037037037037 0.7348958333333333 0.612037037037037 0.7375 0.6296296296296297 0.7354166666666667 0.6611111111111111 0.7270833333333333 0.6712962962962963 0.7140625 0.675 0.70625 0.6731481481481482 0.6994791666666667 0.6611111111111111 0.6546875 0.6342592592592593 0.6447916666666667 0.6388888888888888 0.6401041666666667 0.6370370370370371 0.6328125 0.6231481481481481 0.6265625 0.6185185185185185 0.6244791666666667 0.6037037037037037 0.6265625 0.5777777777777777 0.6307291666666667 0.5574074074074075 0.6375 0.5527777777777778
0 0.06875 0.4324074074074074 0.07239583333333334 0.4351851851851852 0.08802083333333334 0.43333333333333335 0.09166666666666666 0.4425925925925926 0.1125 0.4546296296296296 0.11666666666666667 0.462037037037037 0.125 0.4666666666666667 0.1296875 0.4759259259259259 0.13072916666666667 0.4842592592592593 0.12708333333333333 0.49074074074074076 0.0890625 0.5175925925925926 0.0796875 0.5398148148148149 0.0703125 0.5416666666666666 0.0625 0.5370370370370371 0.046875 0.5435185185185185 0.0265625 0.5185185185185185 0.01875 0.5212962962962963 0.014583333333333334 0.5148148148148148 0.009895833333333333 0.4925925925925926 0.0109375 0.47314814814814815 0.014583333333333334 0.4648148148148148 0.01875 0.46111111111111114 0.0296875 0.4583333333333333 0.06822916666666666 0.4324074074074074
0 0.9755208333333333 0.5148148148148148 0.9817708333333334 0.5185185185185185 0.9932291666666667 0.5351851851851852 0.9994791666666667 0.5388888888888889 0.9994791666666667 0.5990740740740741 0.9942708333333333 0.5990740740740741 0.9911458333333333 0.5953703703703703 0.9729166666666667 0.5990740740740741 0.9671875 0.5944444444444444 0.9645833333333333 0.5879629629629629 0.9598958333333333 0.5675925925925925 0.959375 0.5537037037037037 0.9557291666666666 0.5453703703703704 0.95625 0.5314814814814814 0.9604166666666667 0.5231481481481481 0.9703125 0.5148148148148148 0.975 0.5148148148148148
0 0.3375 0 0.35208333333333336 0 0.35520833333333335 0.014814814814814815 0.3546875 0.025925925925925925 0.3515625 0.03518518518518519 0.34375 0.040740740740740744 0.3307291666666667 0.03888888888888889 0.32760416666666664 0.03333333333333333 0.3265625 0.006481481481481481 0.328125 0.002777777777777778 0.3375 0.000925925925925926
0 0.6234375 0.032407407407407406 0.6354166666666666 0.03888888888888889 0.6354166666666666 0.05462962962962963 0.6317708333333333 0.07407407407407407 0.6229166666666667 0.09351851851851851 0.6177083333333333 0.09537037037037037 0.6020833333333333 0.08888888888888889 0.6010416666666667 0.07777777777777778 0.6088541666666667 0.04814814814814815 0.6151041666666667 0.03611111111111111 0.6229166666666667 0.032407407407407406
0 0.7354166666666667 0.12407407407407407 0.7416666666666667 0.13240740740740742 0.7453125 0.1537037037037037 0.7447916666666666 0.19814814814814816 0.7380208333333333 0.2074074074074074 0.7171875 0.20462962962962963 0.7135416666666666 0.2 0.7125 0.1925925925925926 0.7130208333333333 0.13796296296296295 0.715625 0.1287037037037037 0.721875 0.12222222222222222 0.7348958333333333 0.12407407407407407
0 0.715625 0.04351851851851852 0.7270833333333333 0.05925925925925926 0.7359375 0.08981481481481482 0.7375 0.10740740740740741 0.7348958333333333 0.12129629629629629 0.7197916666666667 0.12222222222222222 0.7130208333333333 0.13333333333333333 0.70625 0.1287037037037037 0.6984375 0.10555555555555556 0.696875 0.07777777777777778 0.6984375 0.06666666666666667 0.7052083333333333 0.05092592592592592 0.7078125 0.046296296296296294 0.7151041666666667 0.04351851851851852
1 0.8213541666666667 0.11296296296296296 0.8213541666666667 0.12962962962962962 0.8140625 0.1527777777777778 0.8119791666666667 0.1537037037037037 0.8104166666666667 0.1537037037037037 0.8098958333333334 0.14907407407407408 0.8125 0.1259259259259259 0.8208333333333333 0.11296296296296296
1 0.6442708333333333 0.041666666666666664 0.6453125 0.04722222222222222 0.6385416666666667 0.08333333333333333 0.6354166666666666 0.07962962962962963 0.6354166666666666 0.05185185185185185 0.6390625 0.040740740740740744 0.64375 0.041666666666666664
1 0.39479166666666665 0.8203703703703704 0.4005208333333333 0.8277777777777777 0.4015625 0.8379629629629629 0.4109375 0.8490740740740741 0.4109375 0.8537037037037037 0.39895833333333336 0.8546296296296296 0.39739583333333334 0.862037037037037 0.3927083333333333 0.8666666666666667 0.3875 0.8629629629629629 0.3890625 0.8351851851851851 0.3854166666666667 0.8277777777777777 0.3854166666666667 0.8222222222222222 0.38958333333333334 0.8185185185185185 0.39427083333333335 0.8203703703703704
1 0.5671875 0.11851851851851852 0.5708333333333333 0.12129629629629629 0.5739583333333333 0.13333333333333333 0.5692708333333333 0.16203703703703703 0.5661458333333333 0.16666666666666666 0.5635416666666667 0.13148148148148148 0.5671875 0.11944444444444445
1 0.8239583333333333 0.13333333333333333 0.8296875 0.1259259259259259 0.8317708333333333 0.12962962962962962 0.8307291666666666 0.14351851851851852 0.8244791666666667 0.16018518518518518 0.8208333333333333 0.1648148148148148 0.81875 0.1638888888888889 0.8182291666666667 0.15925925925925927 0.8239583333333333 0.13425925925925927
1 0.6473958333333333 0.008333333333333333 0.6505208333333333 0.016666666666666666 0.6473958333333333 0.044444444444444446 0.64375 0.049074074074074076 0.6411458333333333 0.04351851851851852 0.6432291666666666 0.021296296296296296 0.6473958333333333 0.009259259259259259
1 0.5744791666666667 0.19537037037037036 0.5729166666666666 0.1574074074074074 0.5776041666666667 0.14629629629629629 0.58125 0.1574074074074074 0.58125 0.1685185185185185 0.578125 0.19444444444444445 0.575 0.19537037037037036
1 0.165625 0.03796296296296296 0.16927083333333334 0.04259259259259259 0.17291666666666666 0.06574074074074074 0.171875 0.07407407407407407 0.165625 0.06574074074074074 0.16302083333333334 0.046296296296296294 0.16354166666666667 0.03888888888888889 0.16510416666666666 0.03796296296296296
1 0.7901041666666667 0.1574074074074074 0.7921875 0.1675925925925926 0.7916666666666666 0.175 0.7838541666666666 0.2 0.7770833333333333 0.2 0.7760416666666666 0.19722222222222222 0.7817708333333333 0.1685185185185185 0.7895833333333333 0.1574074074074074
1 0.19583333333333333 0.03425925925925926 0.19947916666666668 0.03518518518518519 0.203125 0.041666666666666664 0.20364583333333333 0.058333333333333334 0.20885416666666667 0.06666666666666667 0.203125 0.07407407407407407 0.2 0.07037037037037037 0.19427083333333334 0.044444444444444446 0.19583333333333333 0.03518518518518519
1 0.6265625 0.12314814814814815 0.63125 0.11388888888888889 0.6338541666666667 0.11296296296296296 0.6364583333333333 0.1259259259259259 0.6359375 0.1361111111111111 0.6302083333333334 0.14907407407407408 0.6296875 0.15925925925925927 0.6265625 0.15925925925925927 0.6265625 0.12407407407407407
1 0.0484375 0.1814814814814815 0.05572916666666667 0.19444444444444445 0.05572916666666667 0.2101851851851852 0.0609375 0.22037037037037038 0.0578125 0.22407407407407406 0.040625 0.1962962962962963 0.042708333333333334 0.18055555555555555 0.04791666666666667 0.1814814814814815
1 0.3453125 0.5675925925925925 0.3494791666666667 0.5712962962962963 0.35104166666666664 0.5851851851851851 0.35572916666666665 0.5944444444444444 0.35208333333333336 0.6074074074074074 0.3515625 0.600925925925926 0.3489583333333333 0.5972222222222222 0.34739583333333335 0.5990740740740741 0.34739583333333335 0.6185185185185185 0.3453125 0.6222222222222222 0.3421875 0.6166666666666667 0.3411458333333333 0.5981481481481481 0.3385416666666667 0.5935185185185186 0.33489583333333334 0.5972222222222222 0.3338541666666667 0.5944444444444444 0.3338541666666667 0.5842592592592593 0.3375 0.5685185185185185 0.34479166666666666 0.5675925925925925
1 0.15208333333333332 0.33796296296296297 0.159375 0.3490740740740741 0.171875 0.3787037037037037 0.17083333333333334 0.3824074074074074 0.16302083333333334 0.37407407407407406 0.1609375 0.3768518518518518 0.16041666666666668 0.38796296296296295 0.15833333333333333 0.3907407407407407 0.15677083333333333 0.38981481481481484 0.14947916666666666 0.3435185185185185 0.14947916666666666 0.3388888888888889 0.1515625 0.33796296296296297
1 0.4421875 0.7444444444444445 0.44583333333333336 0.7398148148148148 0.44947916666666665 0.7398148148148148 0.45625 0.7509259259259259 0.45729166666666665 0.7648148148148148 0.45729166666666665 0.7685185185185185 0.4510416666666667 0.7796296296296297 0.44375 0.7833333333333333 0.4421875 0.7657407407407407 0.4395833333333333 0.7583333333333333 0.4421875 0.7453703703703703
1 0.0125 0.2175925925925926 0.0265625 0.23703703703703705 0.03229166666666667 0.25462962962962965 0.0328125 0.262037037037037 0.029166666666666667 0.27037037037037037 0.026041666666666668 0.2675925925925926 0.020833333333333332 0.2537037037037037 0.011979166666666667 0.2388888888888889 0.009895833333333333 0.22407407407407406 0.011979166666666667 0.2175925925925926
1 0.7135416666666666 0.8537037037037037 0.7255208333333333 0.8518518518518519 0.7286458333333333 0.8555555555555555 0.7296875 0.8685185185185185 0.7255208333333333 0.8898148148148148 0.7239583333333334 0.8916666666666667 0.7145833333333333 0.8851851851851852 0.7067708333333333 0.8907407407407407 0.7005208333333334 0.9018518518518519 0.6947916666666667 0.9 0.6963541666666667 0.8935185185185185 0.7119791666666667 0.8759259259259259 0.7135416666666666 0.8546296296296296
1 0.17864583333333334 0.04537037037037037 0.18541666666666667 0.05925925925925926 0.1859375 0.0712962962962963 0.190625 0.08148148148148149 0.18958333333333333 0.08518518518518518 0.1859375 0.08703703703703704 0.178125 0.06944444444444445 0.17552083333333332 0.058333333333333334 0.175 0.046296296296296294 0.178125 0.04537037037037037
1 0.04635416666666667 0.12129629629629629 0.052083333333333336 0.1259259259259259 0.05625 0.13425925925925927 0.0578125 0.14537037037037037 0.0640625 0.1648148148148148 0.0625 0.16574074074074074 0.06041666666666667 0.16574074074074074 0.05364583333333333 0.1537037037037037 0.0421875 0.12777777777777777 0.041666666666666664 0.12314814814814815 0.04583333333333333 0.12129629629629629
1 0.9104166666666667 0.5074074074074074 0.9119791666666667 0.5212962962962963 0.9109375 0.5314814814814814 0.9020833333333333 0.5407407407407407 0.89375 0.562037037037037 0.8901041666666667 0.5592592592592592 0.8901041666666667 0.5527777777777778 0.8942708333333333 0.5333333333333333 0.9 0.5185185185185185 0.9046875 0.5138888888888888 0.9067708333333333 0.5074074074074074 0.9098958333333333 0.5074074074074074
1 0.3416666666666667 0.8907407407407407 0.3489583333333333 0.9037037037037037 0.34739583333333335 0.9111111111111111 0.3515625 0.9351851851851852 0.35 0.9416666666666667 0.3453125 0.9453703703703704 0.34427083333333336 0.937962962962963 0.3411458333333333 0.9324074074074075 0.3328125 0.9287037037037037 0.3265625 0.9083333333333333 0.328125 0.9 0.3375 0.8907407407407407 0.3411458333333333 0.8907407407407407
1 0.8958333333333334 0.5018518518518519 0.8973958333333333 0.5083333333333333 0.8947916666666667 0.5222222222222223 0.8901041666666667 0.5268518518518519 0.8802083333333334 0.5453703703703704 0.875 0.5425925925925926 0.8765625 0.525 0.8869791666666667 0.5055555555555555 0.8953125 0.5018518518518519
1 0.3385416666666667 0.6203703703703703 0.3458333333333333 0.6351851851851852 0.3463541666666667 0.65 0.3453125 0.6583333333333333 0.34322916666666664 0.6601851851851852 0.3359375 0.6462962962962963 0.3296875 0.6416666666666667 0.3302083333333333 0.6157407407407407 0.33489583333333334 0.6138888888888889 0.3380208333333333 0.6203703703703703
1 0.2609375 0 0.26875 0 0.26927083333333335 0.009259259259259259 0.27239583333333334 0.014814814814814815 0.26510416666666664 0.024074074074074074 0.2609375 0.000925925925925926
1 0.16510416666666666 0.06574074074074074 0.171875 0.07314814814814814 0.171875 0.09074074074074075 0.17447916666666666 0.09907407407407408 0.171875 0.10740740740740741 0.16822916666666668 0.10185185185185185 0.1609375 0.07777777777777778 0.16458333333333333 0.06574074074074074
1 0.5890625 0.13518518518518519 0.5911458333333334 0.15092592592592594 0.5880208333333333 0.17592592592592593 0.5859375 0.17777777777777778 0.5822916666666667 0.175 0.5828125 0.14814814814814814 0.5848958333333333 0.13703703703703704 0.5885416666666666 0.13518518518518519
1 0.065625 0.1638888888888889 0.07291666666666667 0.1712962962962963 0.075 0.19074074074074074 0.08072916666666667 0.20277777777777778 0.078125 0.20833333333333334 0.06666666666666667 0.18888888888888888 0.06614583333333333 0.17962962962962964 0.0625 0.16944444444444445 0.06302083333333333 0.1648148148148148 0.06510416666666667 0.1638888888888889
1 0.15 0.06111111111111111 0.15885416666666666 0.06944444444444445 0.16145833333333334 0.07407407407407407 0.16197916666666667 0.0824074074074074 0.16145833333333334 0.08796296296296297 0.1578125 0.09351851851851851 0.1546875 0.08981481481481482 0.15 0.062037037037037036
1 0.5927083333333333 0.013888888888888888 0.596875 0.018518518518518517 0.5973958333333333 0.025925925925925925 0.59375 0.05 0.5890625 0.05648148148148148 0.5869791666666667 0.05462962962962963 0.5875 0.025 0.5921875 0.013888888888888888
1 0.14375 0.09351851851851851 0.15052083333333333 0.10833333333333334 0.15677083333333333 0.12962962962962962 0.153125 0.13148148148148148 0.15052083333333333 0.1287037037037037 0.14635416666666667 0.1361111111111111 0.14583333333333334 0.1259259259259259 0.14322916666666666 0.12129629629629629 0.140625 0.10740740740740741 0.140625 0.09537037037037037 0.14322916666666666 0.09444444444444444
1 0.840625 0.4388888888888889 0.8494791666666667 0.42592592592592593 0.8541666666666666 0.42685185185185187 0.8526041666666667 0.4351851851851852 0.853125 0.44814814814814813 0.8458333333333333 0.4583333333333333 0.8453125 0.4722222222222222 0.8421875 0.46944444444444444 0.8416666666666667 0.46111111111111114 0.8390625 0.45740740740740743 0.8317708333333333 0.4648148148148148 0.8291666666666667 0.4638888888888889 0.83125 0.4546296296296296 0.840625 0.4398148148148148
1 0 0.28425925925925927 0.005208333333333333 0.28703703703703703 0.008333333333333333 0.2935185185185185 0.007291666666666667 0.30833333333333335 0.0046875 0.3138888888888889 0 0.31574074074074077 0 0.2851851851851852
1 0.11822916666666666 0.11388888888888889 0.12447916666666667 0.1259259259259259 0.12447916666666667 0.1361111111111111 0.13072916666666667 0.14351851851851852 0.1265625 0.1537037037037037 0.115625 0.13148148148148148 0.11354166666666667 0.12314814814814815 0.11354166666666667 0.11574074074074074 0.11770833333333333 0.11388888888888889
1 0.3359375 0.7518518518518519 0.3411458333333333 0.7583333333333333 0.340625 0.7787037037037037 0.3463541666666667 0.7925925925925926 0.3411458333333333 0.8 0.3411458333333333 0.7925925925925926 0.3380208333333333 0.7888888888888889 0.33645833333333336 0.7981481481481482 0.3385416666666667 0.8037037037037037 0.33489583333333334 0.8111111111111111 0.33125 0.7981481481481482 0.3307291666666667 0.7861111111111111 0.32395833333333335 0.7796296296296297 0.3223958333333333 0.7611111111111111 0.32447916666666665 0.7564814814814815 0.33541666666666664 0.7518518518518519
1 0.646875 0.23703703703703705 0.6505208333333333 0.2388888888888889 0.6520833333333333 0.2574074074074074 0.6479166666666667 0.26851851851851855 0.6458333333333334 0.2861111111111111 0.640625 0.2861111111111111 0.6421875 0.27685185185185185 0.6416666666666667 0.25462962962962965 0.646875 0.23796296296296296
1 0.36666666666666664 0.8666666666666667 0.37552083333333336 0.9120370370370371 0.37552083333333336 0.9175925925925926 0.3697916666666667 0.9259259259259259 0.365625 0.925 0.365625 0.9148148148148149 0.36354166666666665 0.9111111111111111 0.35572916666666665 0.9092592592592592 0.3536458333333333 0.9018518518518519 0.35885416666666664 0.875 0.3625 0.8675925925925926 0.36614583333333334 0.8666666666666667
1 0.16145833333333334 0.0824074074074074 0.16927083333333334 0.10092592592592593 0.17239583333333333 0.11574074074074074 0.171875 0.12129629629629629 0.16666666666666666 0.12129629629629629 0.16302083333333334 0.10833333333333334 0.15729166666666666 0.09722222222222222 0.15625 0.08796296296296297 0.1609375 0.08333333333333333
1 0.5609375 0.10740740740740741 0.5640625 0.10555555555555556 0.5682291666666667 0.11851851851851852 0.5645833333333333 0.1287037037037037 0.5635416666666667 0.1398148148148148 0.5604166666666667 0.14444444444444443 0.5588541666666667 0.14074074074074075 0.5578125 0.1175925925925926 0.5609375 0.10833333333333334
1 0.10260416666666666 0.13796296296296295 0.10989583333333333 0.14814814814814814 0.1125 0.1638888888888889 0.11770833333333333 0.1712962962962963 0.115625 0.18333333333333332 0.10572916666666667 0.1675925925925926 0.10260416666666666 0.15833333333333333 0.10052083333333334 0.14537037037037037 0.10208333333333333 0.13796296296296295
1 0.9578125 0.55 0.9604166666666667 0.5537037037037037 0.9609375 0.5740740740740741 0.9473958333333333 0.5953703703703703 0.9380208333333333 0.5907407407407408 0.9348958333333334 0.5833333333333334 0.9401041666666666 0.5740740740740741 0.9432291666666667 0.5601851851851852 0.9515625 0.5518518518518518 0.9572916666666667 0.55
1 0.5864583333333333 0.3074074074074074 0.5911458333333334 0.3314814814814815 0.5817708333333333 0.35555555555555557 0.5796875 0.35555555555555557 0.58125 0.33611111111111114 0.5791666666666667 0.32222222222222224 0.5828125 0.3101851851851852 0.5859375 0.3074074074074074
1 0.7765625 0.2962962962962963 0.7791666666666667 0.3037037037037037 0.7723958333333333 0.33055555555555555 0.76875 0.33055555555555555 0.7677083333333333 0.32407407407407407 0.7697916666666667 0.3111111111111111 0.7760416666666666 0.2962962962962963
1 0.6067708333333334 0.14444444444444443 0.6098958333333333 0.15462962962962962 0.6098958333333333 0.16296296296296298 0.6052083333333333 0.18703703703703703 0.6020833333333333 0.1925925925925926 0.6015625 0.1537037037037037 0.60625 0.14444444444444443
1 0.45729166666666665 0.7666666666666667 0.46145833333333336 0.7712962962962963 0.46458333333333335 0.7870370370370371 0.46145833333333336 0.8027777777777778 0.45677083333333335 0.8101851851851852 0.45208333333333334 0.8101851851851852 0.45416666666666666 0.8009259259259259 0.45208333333333334 0.7759259259259259 0.45677083333333335 0.7666666666666667
1 0.8177083333333334 0.4388888888888889 0.8192708333333333 0.44166666666666665 0.8192708333333333 0.4527777777777778 0.8145833333333333 0.4703703703703704 0.809375 0.47962962962962963 0.8104166666666667 0.49444444444444446 0.8072916666666666 0.49722222222222223 0.8026041666666667 0.49074074074074076 0.7994791666666666 0.49074074074074076 0.7979166666666667 0.48518518518518516 0.8067708333333333 0.45740740740740743 0.8135416666666667 0.44537037037037036 0.8140625 0.4398148148148148 0.8171875 0.4388888888888889
1 0.2859375 0.9194444444444444 0.29010416666666666 0.9231481481481482 0.29322916666666665 0.9222222222222223 0.3020833333333333 0.9314814814814815 0.3046875 0.9546296296296296 0.3 0.9638888888888889 0.296875 0.9638888888888889 0.2838541666666667 0.9444444444444444 0.2833333333333333 0.9361111111111111 0.2791666666666667 0.9296296296296296 0.2791666666666667 0.924074074074074 0.28541666666666665 0.9194444444444444
1 0.5546875 0.12407407407407407 0.5567708333333333 0.12685185185185185 0.5572916666666666 0.14907407407407408 0.55 0.16944444444444445 0.5473958333333333 0.15833333333333333 0.5479166666666667 0.1398148148148148 0.55 0.1259259259259259 0.5541666666666667 0.12407407407407407
1 0.5583333333333333 0.2675925925925926 0.5625 0.27685185185185185 0.5630208333333333 0.2833333333333333 0.5567708333333333 0.3175925925925926 0.5546875 0.31666666666666665 0.5552083333333333 0.3 0.5515625 0.2824074074074074 0.5552083333333333 0.26851851851851855 0.5578125 0.2675925925925926
1 0.44947916666666665 0.8148148148148148 0.4588541666666667 0.8333333333333334 0.45625 0.8564814814814815 0.45416666666666666 0.8601851851851852 0.4427083333333333 0.8564814814814815 0.440625 0.8518518518518519 0.44375 0.8314814814814815 0.4421875 0.8175925925925925 0.44479166666666664 0.8138888888888889 0.44895833333333335 0.8148148148148148
1 0.10572916666666667 0.10277777777777777 0.11041666666666666 0.1111111111111111 0.1140625 0.13333333333333333 0.1125 0.14074074074074075 0.10885416666666667 0.1398148148148148 0.10729166666666666 0.12962962962962962 0.09791666666666667 0.10833333333333334 0.0984375 0.10092592592592593 0.10260416666666666 0.1 0.10520833333333333 0.10277777777777777
1 0.559375 0.3333333333333333 0.5640625 0.35185185185185186 0.5536458333333333 0.38796296296296295 0.5515625 0.387037037037037 0.5526041666666667 0.3611111111111111 0.5510416666666667 0.34814814814814815 0.5557291666666667 0.33425925925925926 0.5588541666666667 0.3333333333333333
1 0.6619791666666667 0.10092592592592593 0.6661458333333333 0.11203703703703703 0.6619791666666667 0.14629629629629629 0.6578125 0.14629629629629629 0.65625 0.14166666666666666 0.65625 0.11203703703703703 0.6614583333333334 0.10092592592592593
1 0.46875 0.7870370370370371 0.4744791666666667 0.7898148148148149 0.4796875 0.8046296296296296 0.48020833333333335 0.8138888888888889 0.4875 0.8305555555555556 0.48072916666666665 0.8314814814814815 0.4734375 0.8222222222222222 0.4666666666666667 0.8342592592592593 0.4630208333333333 0.8342592592592593 0.46197916666666666 0.8296296296296296 0.46458333333333335 0.8185185185185185 0.4635416666666667 0.7944444444444444 0.465625 0.787962962962963 0.46822916666666664 0.7870370370370371
1 0.6682291666666667 0.36944444444444446 0.6697916666666667 0.38796296296296295 0.6661458333333333 0.4148148148148148 0.6619791666666667 0.425 0.6578125 0.4212962962962963 0.6567708333333333 0.40555555555555556 0.6645833333333333 0.3712962962962963 0.6677083333333333 0.36944444444444446
1 0.26197916666666665 0.9453703703703704 0.26458333333333334 0.9555555555555556 0.26875 0.9537037037037037 0.27708333333333335 0.9666666666666667 0.27760416666666665 0.9824074074074074 0.27239583333333334 0.9907407407407407 0.26875 0.9907407407407407 0.26510416666666664 0.9805555555555555 0.25833333333333336 0.9805555555555555 0.2515625 0.9666666666666667 0.25364583333333335 0.9481481481481482 0.25729166666666664 0.9444444444444444 0.26145833333333335 0.9453703703703704
1 0.6942708333333333 0.25277777777777777 0.6984375 0.27314814814814814 0.6890625 0.28703703703703703 0.6864583333333333 0.2833333333333333 0.6864583333333333 0.26851851851851855 0.6911458333333333 0.25462962962962965 0.69375 0.25277777777777777
1 0.5541666666666667 0.09722222222222222 0.5583333333333333 0.1111111111111111 0.5578125 0.1175925925925926 0.55625 0.12407407407407407 0.55 0.12685185185185185 0.5489583333333333 0.10925925925925926 0.5536458333333333 0.09722222222222222
1 0.3109375 0.9092592592592592 0.32083333333333336 0.9166666666666666 0.3255208333333333 0.9388888888888889 0.3255208333333333 0.9472222222222222 0.32135416666666666 0.9537037037037037 0.3177083333333333 0.9537037037037037 0.3151041666666667 0.9425925925925925 0.3020833333333333 0.9287037037037037 0.3026041666666667 0.9185185185185185 0.3104166666666667 0.9101851851851852