0 0.5140625 0.4305555555555556 0.5234375 0.4527777777777778 0.5239583333333333 0.4759259259259259 0.5223958333333333 0.49444444444444446 0.51875 0.5 0.5119791666666667 0.5018518518518519 0.5041666666666667 0.4981481481481482 0.5005208333333333 0.49074074074074076 0.49895833333333334 0.48055555555555557 0.49114583333333334 0.47314814814814815 0.490625 0.4527777777777778 0.4921875 0.43703703703703706 0.4947916666666667 0.42962962962962964 0.509375 0.42685185185185187 0.5135416666666667 0.4305555555555556
0 0.6270833333333333 0.04814814814814815 0.6307291666666667 0.053703703703703705 0.6307291666666667 0.06388888888888888 0.621875 0.07407407407407407 0.6114583333333333 0.07037037037037037 0.6098958333333333 0.062037037037037036 0.6125 0.05185185185185185 0.6265625 0.04814814814814815
0 0.057291666666666664 0.4287037037037037 0.0671875 0.4351851851851852 0.07864583333333333 0.4527777777777778 0.07864583333333333 0.4583333333333333 0.0671875 0.4824074074074074 0.04791666666666667 0.5064814814814815 0.0296875 0.49722222222222223 0.023958333333333335 0.487962962962963 0.01875 0.4722222222222222 0.017708333333333333 0.462037037037037 0.027604166666666666 0.44907407407407407 0.0296875 0.4388888888888889 0.0328125 0.43425925925925923 0.042708333333333334 0.43333333333333335 0.049479166666666664 0.42777777777777776 0.05677083333333333 0.4287037037037037
0 0.6901041666666666 0.22870370370370371 0.7 0.23333333333333334 0.7088541666666667 0.2564814814814815 0.715625 0.2953703703703704 0.7130208333333333 0.3101851851851852 0.7083333333333334 0.3148148148148148 0.6885416666666667 0.31203703703703706 0.6776041666666667 0.27870370370370373 0.6755208333333333 0.25833333333333336 0.6677083333333333 0.24814814814814815 0.6661458333333333 0.23333333333333334 0.6682291666666667 0.22870370370370371 0.6776041666666667 0.2324074074074074 0.6895833333333333 0.22870370370370371
0 0.5015625 0.2490740740740741 0.5078125 0.26944444444444443 0.5057291666666667 0.287962962962963 0.5015625 0.30185185185185187 0.48802083333333335 0.3138888888888889 0.4796875 0.3138888888888889 0.4734375 0.3101851851851852 0.4734375 0.28703703703703703 0.4791666666666667 0.2657407407407407 0.4859375 0.25 0.49375 0.2462962962962963 0.5010416666666667 0.2490740740740741
0 0.44583333333333336 0.23333333333333334 0.4484375 0.2490740740740741 0.4427083333333333 0.27314814814814814 0.4390625 0.2722222222222222 0.4375 0.25092592592592594 0.4427083333333333 0.2351851851851852 0.4453125 0.23333333333333334
0 0.43385416666666665 0.9009259259259259 0.4359375 0.9009259259259259 0.4390625 0.9138888888888889 0.4427083333333333 0.9138888888888889 0.4427083333333333 0.9277777777777778 0.44479166666666664 0.9305555555555556 0.45364583333333336 0.9268518518518518 0.45260416666666664 0.9111111111111111 0.4671875 0.912962962962963 0.4713541666666667 0.9212962962962963 0.46979166666666666 0.937962962962963 0.4640625 0.9453703703703704 0.42083333333333334 0.95 0.41770833333333335 0.9462962962962963 0.41770833333333335 0.9407407407407408 0.42135416666666664 0.925 0.43072916666666666 0.912962962962963 0.43385416666666665 0.9018518518518519
0 0.48072916666666665 0.2212962962962963 0.48385416666666664 0.22407407407407406 0.4864583333333333 0.23425925925925925 0.4859375 0.24814814814814815 0.4786458333333333 0.25925925925925924 0.4744791666666667 0.25925925925925924 0.4734375 0.25555555555555554 0.4739583333333333 0.2388888888888889 0.48072916666666665 0.2222222222222222
0 0.4890625 0.016666666666666666 0.49166666666666664 0.025925925925925925 0.490625 0.046296296296296294 0.48489583333333336 0.05462962962962963 0.4828125 0.06388888888888888 0.48020833333333335 0.06574074074074074 0.471875 0.06388888888888888 0.46770833333333334 0.046296296296296294 0.46822916666666664 0.028703703703703703 0.4739583333333333 0.020370370370370372 0.48854166666666665 0.016666666666666666
0 0.5328125 0.09444444444444444 0.5359375 0.10833333333333334 0.534375 0.11944444444444445 0.5322916666666667 0.12222222222222222 0.5291666666666667 0.12222222222222222 0.5265625 0.11574074074074074 0.5286458333333334 0.09814814814814815 0.5322916666666667 0.09444444444444444
0 0.2203125 0.28055555555555556 0.2234375 0.2833333333333333 0.23072916666666668 0.30092592592592593 0.2328125 0.3194444444444444 0.23020833333333332 0.32407407407407407 0.22604166666666667 0.325 0.2140625 0.34444444444444444 0.19895833333333332 0.34074074074074073 0.19427083333333334 0.32222222222222224 0.19322916666666667 0.30648148148148147 0.20885416666666667 0.2833333333333333 0.21979166666666666 0.28055555555555556
0 0.503125 0.21666666666666667 0.5052083333333334 0.22037037037037038 0.50625 0.23055555555555557 0.5046875 0.24444444444444444 0.5020833333333333 0.2490740740740741 0.49375 0.24444444444444444 0.49375 0.22962962962962963 0.4979166666666667 0.2175925925925926 0.5026041666666666 0.21666666666666667
0 0.05 0.3962962962962963 0.0640625 0.4101851851851852 0.0671875 0.4212962962962963 0.06666666666666667 0.42777777777777776 0.06510416666666667 0.4305555555555556 0.052083333333333336 0.4287037037037037 0.044270833333333336 0.43333333333333335 0.034895833333333334 0.4324074074074074 0.0359375 0.41203703703703703 0.049479166666666664 0.3972222222222222
0 0.9692708333333333 0.6388888888888888 0.9994791666666667 0.6518518518518519 0.9994791666666667 0.7314814814814815 0.9947916666666666 0.7314814814814815 0.9770833333333333 0.7212962962962963 0.9682291666666667 0.7268518518518519 0.9598958333333333 0.725925925925926 0.9552083333333333 0.7203703703703703 0.9453125 0.6972222222222222 0.940625 0.6703703703703704 0.9421875 0.6537037037037037 0.953125 0.6416666666666667 0.96875 0.6388888888888888
0 0.5098958333333333 0.3074074074074074 0.5125 0.3111111111111111 0.51875 0.3509259259259259 0.5203125 0.3861111111111111 0.5166666666666667 0.39444444444444443 0.49895833333333334 0.39537037037037037 0.4942708333333333 0.39537037037037037 0.49114583333333334 0.3907407407407407 0.4875 0.3453703703703704 0.48802083333333335 0.32314814814814813 0.49270833333333336 0.3111111111111111 0.496875 0.30648148148148147 0.509375 0.3074074074074074
0 0.5963541666666666 0.4527777777777778 0.5984375 0.4675925925925926 0.6057291666666667 0.4638888888888889 0.6104166666666667 0.46944444444444444 0.6088541666666667 0.5111111111111111 0.6057291666666667 0.5157407407407407 0.5916666666666667 0.4925925925925926 0.5885416666666666 0.48148148148148145 0.5885416666666666 0.4685185185185185 0.5916666666666667 0.4564814814814815 0.5958333333333333 0.4527777777777778
0 0.5328125 0.1259259259259259 0.5375 0.12962962962962962 0.5401041666666667 0.1398148148148148 0.5369791666666667 0.16296296296296298 0.5286458333333334 0.1675925925925926 0.525 0.16203703703703703 0.525 0.13703703703703704 0.5286458333333334 0.12777777777777777 0.5322916666666667 0.12685185185185185
0 0.21197916666666666 0.5842592592592593 0.21979166666666666 0.5916666666666667 0.22604166666666667 0.6083333333333333 0.22447916666666667 0.6268518518518519 0.2203125 0.6444444444444445 0.21197916666666666 0.6518518518518519 0.19322916666666667 0.6888888888888889 0.17708333333333334 0.7138888888888889 0.171875 0.7314814814814815 0.14427083333333332 0.7527777777777778 0.12447916666666667 0.7407407407407407 0.11770833333333333 0.725 0.10885416666666667 0.7129629629629629 0.10885416666666667 0.7064814814814815 0.115625 0.6824074074074075 0.16354166666666667 0.6092592592592593 0.17604166666666668 0.600925925925926 0.19270833333333334 0.5833333333333334 0.20625 0.5805555555555556 0.21145833333333333 0.5842592592592593
0 0.796875 0.7129629629629629 0.8015625 0.7111111111111111 0.8088541666666667 0.7157407407407408 0.8125 0.7305555555555555 0.8208333333333333 0.7453703703703703 0.8244791666666667 0.7444444444444445 0.828125 0.7379629629629629 0.8260416666666667 0.7305555555555555 0.8260416666666667 0.7268518518518519 0.828125 0.725925925925926 0.8348958333333333 0.7351851851851852 0.8395833333333333 0.7537037037037037 0.8385416666666666 0.7592592592592593 0.8348958333333333 0.7638888888888888 0.8276041666666667 0.7638888888888888 0.8 0.7462962962962963 0.7958333333333333 0.7407407407407407 0.7932291666666667 0.7305555555555555 0.796875 0.7138888888888889
0 0.7536458333333333 0.37962962962962965 0.7614583333333333 0.38333333333333336 0.765625 0.3907407407407407 0.76875 0.4111111111111111 0.7666666666666667 0.4222222222222222 0.7734375 0.4388888888888889 0.7760416666666666 0.4787037037037037 0.7697916666666667 0.4888888888888889 0.765625 0.49074074074074076 0.74375 0.4842592592592593 0.7395833333333334 0.48055555555555557 0.7375 0.4722222222222222 0.7375 0.43703703703703706 0.7338541666666667 0.42314814814814816 0.734375 0.4074074074074074 0.7390625 0.4064814814814815 0.7479166666666667 0.41388888888888886 0.7520833333333333 0.41388888888888886 0.753125 0.4111111111111111 0.7375 0.39814814814814814 0.7369791666666666 0.3888888888888889 0.7432291666666667 0.37962962962962965 0.753125 0.37962962962962965
0 0.5671875 0 0.59375 0 0.5947916666666667 0.005555555555555556 0.5947916666666667 0.016666666666666666 0.5927083333333333 0.024074074074074074 0.5822916666666667 0.025 0.5677083333333334 0.01574074074074074 0.5661458333333333 0.012037037037037037 0.5671875 0.000925925925925926
0 0.42135416666666664 0.24259259259259258 0.421875 0.26851851851851855 0.4114583333333333 0.2814814814814815 0.409375 0.27314814814814814 0.4109375 0.2518518518518518 0.42083333333333334 0.24259259259259258
0 0.36666666666666664 0.40555555555555556 0.3651041666666667 0.3675925925925926 0.3697916666666667 0.35555555555555557 0.3734375 0.35555555555555557 0.3796875 0.36203703703703705 0.38125 0.37777777777777777 0.3796875 0.38981481481481484 0.3765625 0.3972222222222222 0.37083333333333335 0.4064814814814815 0.3671875 0.40555555555555556
0 0.55 0.14537037037037037 0.5541666666666667 0.1537037037037037 0.5546875 0.17685185185185184 0.5520833333333334 0.18611111111111112 0.5427083333333333 0.19074074074074074 0.5395833333333333 0.1824074074074074 0.5416666666666666 0.15555555555555556 0.546875 0.14629629629629629 0.5494791666666666 0.14629629629629629
0 0.6380208333333334 0.27037037037037037 0.6447916666666667 0.2814814814814815 0.6484375 0.2962962962962963 0.6473958333333333 0.30462962962962964 0.64375 0.30925925925925923 0.6375 0.3037037037037037 0.6244791666666667 0.30185185185185187 0.6223958333333334 0.3 0.6197916666666666 0.28888888888888886 0.6234375 0.27685185185185185 0.6333333333333333 0.26944444444444443 0.6375 0.27037037037037037
0 0.5239583333333333 0.1648148148148148 0.5265625 0.1712962962962963 0.5255208333333333 0.18888888888888888 0.5171875 0.21203703703703702 0.5140625 0.21574074074074073 0.49635416666666665 0.21388888888888888 0.49322916666666666 0.20833333333333334 0.49322916666666666 0.20092592592592592 0.4973958333333333 0.18703703703703703 0.4979166666666667 0.1787037037037037 0.5046875 0.16574074074074074 0.5109375 0.16203703703703703 0.5234375 0.1648148148148148
0 0.8619791666666666 0.6129629629629629 0.8713541666666667 0.6157407407407407 0.9046875 0.637962962962963 0.90625 0.6824074074074075 0.9052083333333333 0.6916666666666667 0.9010416666666666 0.6972222222222222 0.8859375 0.6953703703703704 0.8770833333333333 0.687962962962963 0.8703125 0.6888888888888889 0.8578125 0.6787037037037037 0.8494791666666667 0.6851851851851852 0.8447916666666667 0.6842592592592592 0.8416666666666667 0.6796296296296296 0.8380208333333333 0.6666666666666666 0.8395833333333333 0.637962962962963 0.8546875 0.6138888888888889 0.8614583333333333 0.6129629629629629
0 0.05416666666666667 0.6074074074074074 0.07395833333333333 0.6175925925925926 0.0796875 0.6333333333333333 0.09583333333333334 0.6583333333333333 0.1 0.6731481481481482 0.09947916666666666 0.6944444444444444 0.09739583333333333 0.7055555555555556 0.0828125 0.7194444444444444 0.08072916666666667 0.7333333333333333 0.07395833333333333 0.7416666666666667 0.06354166666666666 0.7425925925925926 0.05260416666666667 0.737037037037037 0.05 0.7462962962962963 0.04583333333333333 0.7518518518518519 0.022395833333333334 0.7703703703703704 0.0020833333333333333 0.7814814814814814 0 0.7814814814814814 0 0.6148148148148148 0.05364583333333333 0.6074074074074074
0 0.9848958333333333 0.875 0.030208333333333334 0.08703703703703704
0 0.5166666666666667 0.11481481481481481 0.521875 0.125 0.5208333333333334 0.1388888888888889 0.51875 0.14444444444444443 0.5083333333333333 0.15462962962962962 0.5057291666666667 0.15462962962962962 0.5041666666666667 0.15092592592592594 0.5041666666666667 0.12407407407407407 0.509375 0.11574074074074074 0.5161458333333333 0.11481481481481481
0 0.553125 0.4148148148148148 0.5671875 0.44722222222222224 0.578125 0.4842592592592593 0.5802083333333333 0.49722222222222223 0.5802083333333333 0.5111111111111111 0.5776041666666667 0.5185185185185185 0.5588541666666667 0.5268518518518519 0.5526041666666667 0.5268518518518519 0.5463541666666667 0.5194444444444445 0.5411458333333333 0.4962962962962963 0.5328125 0.475 0.5276041666666667 0.44722222222222224 0.5286458333333334 0.4305555555555556 0.5322916666666667 0.42314814814814816 0.5385416666666667 0.41759259259259257 0.5526041666666667 0.4148148148148148
0 0.5046875 0 0.5203125 0 0.5192708333333333 0.006481481481481481 0.5140625 0.011111111111111112 0.5052083333333334 0.009259259259259259 0.5046875 0.000925925925925926
0 0.6229166666666667 0.021296296296296296 0.628125 0.03148148148148148 0.628125 0.044444444444444446 0.6260416666666667 0.049074074074074076 0.6151041666666667 0.05092592592592592 0.6083333333333333 0.046296296296296294 0.609375 0.03333333333333333 0.6145833333333334 0.025 0.6223958333333334 0.021296296296296296
0 0.5432291666666667 0.23703703703703705 0.5484375 0.2462962962962963 0.5557291666666667 0.29259259259259257 0.5541666666666667 0.3138888888888889 0.5458333333333333 0.31851851851851853 0.528125 0.3148148148148148 0.5260416666666666 0.3101851851851852 0.5265625 0.2935185185185185 0.5239583333333333 0.2796296296296296 0.5255208333333333 0.25277777777777777 0.5286458333333334 0.23981481481481481 0.5427083333333333 0.23703703703703705
0 0.5953125 0.03148148148148148 0.5994791666666667 0.037037037037037035 0.5984375 0.053703703703703705 0.5703125 0.0787037037037037 0.5619791666666667 0.09166666666666666 0.5583333333333333 0.10555555555555556 0.5546875 0.10925925925925926 0.5510416666666667 0.10555555555555556 0.55 0.09907407407407408 0.55 0.08796296296296297 0.5546875 0.06388888888888888 0.58125 0.03148148148148148 0.5875 0.028703703703703703 0.5947916666666667 0.03148148148148148
0 0.6380208333333334 0.41944444444444445 0.6552083333333333 0.44814814814814813 0.6572916666666667 0.4564814814814815 0.65625 0.48055555555555557 0.6515625 0.5009259259259259 0.6479166666666667 0.5037037037037037 0.64375 0.49537037037037035 0.6375 0.49166666666666664 0.6328125 0.48148148148148145 0.6270833333333333 0.47962962962962963 0.615625 0.4675925925925926 0.6135416666666667 0.46111111111111114 0.6145833333333334 0.45185185185185184 0.6234375 0.425 0.6333333333333333 0.4185185185185185 0.6375 0.41944444444444445
0 0.03958333333333333 0.837037037037037 0.0515625 0.8416666666666667 0.05572916666666667 0.85 0.05520833333333333 0.8555555555555555 0.0453125 0.8666666666666667 0.019270833333333334 0.9120370370370371 0.011458333333333333 0.9194444444444444 0 0.9157407407407407 0 0.8796296296296297 0.008854166666666666 0.875 0 0.8638888888888889 0 0.8564814814814815 0.018229166666666668 0.8416666666666667 0.0296875 0.8407407407407408 0.035416666666666666 0.8351851851851851 0.0390625 0.837037037037037
0 0.6822916666666666 0.2074074074074074 0.6864583333333333 0.21574074074074073 0.6880208333333333 0.22685185185185186 0.6760416666666667 0.24444444444444444 0.675 0.25462962962962965 0.6713541666666667 0.25462962962962965 0.6604166666666667 0.2388888888888889 0.6588541666666666 0.23333333333333334 0.6598958333333333 0.21666666666666667 0.6713541666666667 0.18981481481481483 0.675 0.18981481481481483 0.6770833333333334 0.19907407407407407 0.6817708333333333 0.2074074074074074
0 0.5677083333333334 0.20925925925925926 0.575 0.21203703703703702 0.5828125 0.22870370370370371 0.5848958333333333 0.23981481481481481 0.5838541666666667 0.2490740740740741 0.5859375 0.26851851851851855 0.58125 0.2759259259259259 0.5635416666666667 0.275 0.5604166666666667 0.2722222222222222 0.5588541666666667 0.2611111111111111 0.55625 0.25833333333333336 0.5557291666666667 0.21574074074074073 0.5572916666666666 0.21203703703703702 0.5671875 0.20925925925925926
0 0.4666666666666667 0.2388888888888889 0.4703125 0.24074074074074073 0.47239583333333335 0.2462962962962963 0.4739583333333333 0.26666666666666666 0.4666666666666667 0.3138888888888889 0.4640625 0.31666666666666665 0.44427083333333334 0.3138888888888889 0.4421875 0.3074074074074074 0.44166666666666665 0.2916666666666667 0.44895833333333335 0.24814814814814815 0.4557291666666667 0.2388888888888889 0.4661458333333333 0.2388888888888889
0 0.5234375 0.014814814814814815 0.5276041666666667 0.022222222222222223 0.5229166666666667 0.030555555555555555 0.5171875 0.03333333333333333 0.5114583333333333 0.03148148148148148 0.5098958333333333 0.019444444444444445 0.5161458333333333 0.014814814814814815 0.5229166666666667 0.014814814814814815
0 0.5083333333333333 0.022222222222222223 0.5130208333333334 0.030555555555555555 0.5109375 0.04259259259259259 0.5088541666666667 0.046296296296296294 0.5010416666666667 0.04814814814814815 0.4947916666666667 0.05740740740740741 0.4921875 0.05648148148148148 0.4895833333333333 0.049074074074074076 0.4921875 0.028703703703703703 0.49947916666666664 0.023148148148148147 0.5078125 0.022222222222222223
1 0.4973958333333333 0.5472222222222223 0.49947916666666664 0.5574074074074075 0.49583333333333335 0.5703703703703704 0.4947916666666667 0.5898148148148148 0.49114583333333334 0.5879629629629629 0.490625 0.5527777777777778 0.4942708333333333 0.5435185185185185 0.496875 0.5472222222222223
1 0.15625 0.262037037037037 0.16510416666666666 0.2851851851851852 0.1640625 0.29074074074074074 0.15833333333333333 0.2962962962962963 0.1546875 0.2861111111111111 0.15416666666666667 0.27314814814814814 0.15104166666666666 0.26296296296296295 0.153125 0.2601851851851852 0.15572916666666667 0.262037037037037
1 0.5953125 0.18611111111111112 0.6026041666666667 0.19907407407407407 0.5989583333333334 0.22314814814814815 0.596875 0.22407407407407406 0.5927083333333333 0.2175925925925926 0.5916666666666667 0.19907407407407407 0.5947916666666667 0.18703703703703703
1 0.3921875 0.8203703703703704 0.3984375 0.8314814814814815 0.39791666666666664 0.8462962962962963 0.4005208333333333 0.8555555555555555 0.4005208333333333 0.8638888888888889 0.39739583333333334 0.8694444444444445 0.39427083333333335 0.8666666666666667 0.38958333333333334 0.8694444444444445 0.3848958333333333 0.862037037037037 0.38333333333333336 0.8231481481481482 0.38645833333333335 0.8157407407407408 0.39166666666666666 0.8203703703703704
1 0.09739583333333333 0.26481481481481484 0.10260416666666666 0.2759259259259259 0.103125 0.28703703703703703 0.10625 0.2962962962962963 0.09895833333333333 0.29814814814814816 0.096875 0.2962962962962963 0.09635416666666667 0.2851851851851852 0.09010416666666667 0.26944444444444443 0.09166666666666666 0.262037037037037 0.096875 0.26481481481481484
1 0.5583333333333333 0.3287037037037037 0.5661458333333333 0.33425925925925926 0.5640625 0.34629629629629627 0.5583333333333333 0.3592592592592593 0.5552083333333333 0.35833333333333334 0.5536458333333333 0.34444444444444444 0.5552083333333333 0.33240740740740743 0.5578125 0.3287037037037037
1 0.5666666666666667 0.30462962962962964 0.5703125 0.3101851851851852 0.5708333333333333 0.32037037037037036 0.5671875 0.337037037037037 0.5640625 0.3416666666666667 0.5619791666666667 0.3398148148148148 0.5609375 0.3333333333333333 0.5614583333333333 0.31666666666666665 0.5635416666666667 0.30462962962962964 0.5661458333333333 0.30462962962962964
1 0.7799479166666666 0.25416666666666665 0.013020833333333334 0.03796296296296296
1 0.5588541666666667 0.35833333333333334 0.5625 0.37592592592592594 0.5619791666666667 0.38333333333333336 0.5588541666666667 0.38981481481481484 0.5604166666666667 0.4046296296296296 0.5572916666666666 0.4046296296296296 0.5526041666666667 0.3907407407407407 0.5505208333333333 0.36944444444444446 0.553125 0.3611111111111111 0.5583333333333333 0.35833333333333334
1 0.7984375 0.5842592592592593 0.7979166666666667 0.612037037037037 0.7932291666666667 0.6268518518518519 0.7864583333333334 0.6351851851851852 0.7838541666666666 0.6342592592592593 0.7828125 0.6287037037037037 0.7755208333333333 0.6287037037037037 0.7739583333333333 0.6259259259259259 0.7864583333333334 0.5981481481481481 0.7786458333333334 0.5981481481481481 0.778125 0.5953703703703703 0.7875 0.5861111111111111 0.7979166666666667 0.5842592592592593
1 0.4713541666666667 0.5305555555555556 0.47552083333333334 0.5370370370370371 0.47708333333333336 0.549074074074074 0.4739583333333333 0.5703703703703704 0.4703125 0.5666666666666667 0.4671875 0.5777777777777777 0.4630208333333333 0.5416666666666666 0.4666666666666667 0.5314814814814814 0.4708333333333333 0.5305555555555556
1 0.37395833333333334 0.9694444444444444 0.3848958333333333 0.9768518518518519 0.38177083333333334 0.9990740740740741 0.3692708333333333 0.9990740740740741 0.3671875 0.9768518518518519 0.3697916666666667 0.9703703703703703 0.3734375 0.9694444444444444
1 0.6057291666666667 0.23703703703703705 0.6083333333333333 0.2462962962962963 0.6083333333333333 0.25555555555555554 0.6072916666666667 0.2638888888888889 0.603125 0.2740740740740741 0.6020833333333333 0.2759259259259259 0.5994791666666667 0.26851851851851855 0.5994791666666667 0.25462962962962965 0.6020833333333333 0.24074074074074073 0.6052083333333333 0.23796296296296296
1 0.7911458333333333 0.5027777777777778 0.7942708333333334 0.5046296296296297 0.7942708333333334 0.5212962962962963 0.7833333333333333 0.5518518518518518 0.7796875 0.5509259259259259 0.7791666666666667 0.5435185185185185 0.7755208333333333 0.5472222222222223 0.7739583333333333 0.5425925925925926 0.7791666666666667 0.5296296296296297 0.7822916666666667 0.5083333333333333 0.7854166666666667 0.5037037037037037 0.790625 0.5027777777777778
1 0.2791666666666667 0.175 0.2760416666666667 0.1648148148148148 0.27447916666666666 0.14907407407407408 0.278125 0.1425925925925926 0.28177083333333336 0.14444444444444443 0.28125 0.17407407407407408 0.2796875 0.175
1 0.13177083333333334 0.22962962962962963 0.13489583333333333 0.2351851851851852 0.13697916666666668 0.25462962962962965 0.13645833333333332 0.2611111111111111 0.134375 0.26296296296296295 0.12916666666666668 0.2611111111111111 0.12552083333333333 0.23703703703703705 0.1265625 0.23055555555555557 0.13125 0.22962962962962963
1 0.6057291666666667 0.18518518518518517 0.6109375 0.19166666666666668 0.609375 0.21574074074074073 0.6052083333333333 0.21388888888888888 0.6041666666666666 0.1925925925925926 0.6057291666666667 0.18611111111111112
1 0.5010416666666667 0.5555555555555556 0.5052083333333334 0.5648148148148148 0.5052083333333334 0.5722222222222222 0.5015625 0.5962962962962963 0.4984375 0.6027777777777777 0.496875 0.600925925925926 0.4973958333333333 0.5925925925925926 0.4947916666666667 0.5740740740740741 0.4979166666666667 0.5583333333333333 0.5005208333333333 0.5555555555555556
1 0.48020833333333335 0.6462962962962963 0.48072916666666665 0.6333333333333333 0.4875 0.6166666666666667 0.490625 0.6175925925925926 0.49583333333333335 0.6305555555555555 0.49322916666666666 0.662962962962963 0.490625 0.6712962962962963 0.4875 0.6712962962962963 0.48802083333333335 0.6611111111111111 0.48385416666666664 0.649074074074074 0.48072916666666665 0.6462962962962963
1 0.278125 0.8611111111111112 0.28229166666666666 0.8666666666666667 0.2833333333333333 0.8787037037037037 0.2875 0.887962962962963 0.2828125 0.9027777777777778 0.2796875 0.9055555555555556 0.2760416666666667 0.9194444444444444 0.27239583333333334 0.9222222222222223 0.2708333333333333 0.8953703703703704 0.26510416666666664 0.8851851851851852 0.26145833333333335 0.8842592592592593 0.2557291666666667 0.8972222222222223 0.2546875 0.8935185185185185 0.25833333333333336 0.8805555555555555 0.25833333333333336 0.8694444444444445 0.2604166666666667 0.8657407407407407 0.27760416666666665 0.8611111111111112
1 0.29270833333333335 0.1398148148148148 0.29739583333333336 0.15 0.296875 0.15925925925925927 0.3 0.1675925925925926 0.3 0.17222222222222222 0.29270833333333335 0.175 0.29375 0.1712962962962963 0.290625 0.15555555555555556 0.290625 0.14629629629629629 0.29270833333333335 0.14074074074074075
1 0.5442708333333334 0.3277777777777778 0.5484375 0.32685185185185184 0.5526041666666667 0.33611111111111114 0.55 0.3638888888888889 0.5432291666666667 0.37222222222222223 0.5401041666666667 0.37222222222222223 0.5421875 0.3638888888888889 0.5442708333333334 0.3287037037037037
1 0.090625 0.31574074074074077 0.09635416666666667 0.32407407407407407 0.0953125 0.33425925925925926 0.09947916666666666 0.35185185185185186 0.0953125 0.3509259259259259 0.084375 0.32037037037037036 0.084375 0.30925925925925923 0.0875 0.3101851851851852 0.09010416666666667 0.31574074074074077
1 0.496875 0.5287037037037037 0.0125 0.04259259259259259
1 0.7895833333333333 0.25925925925925924 0.7854166666666667 0.25462962962962965 0.7854166666666667 0.25 0.7880208333333333 0.23703703703703705 0.7927083333333333 0.22592592592592592 0.796875 0.22407407407407406 0.7973958333333333 0.23333333333333334 0.7916666666666666 0.25833333333333336 0.7901041666666667 0.25833333333333336
1 0.16145833333333334 0.24537037037037038 0.16927083333333334 0.25462962962962965 0.171875 0.2814814814814815 0.16770833333333332 0.28425925925925927 0.16354166666666667 0.2759259259259259 0.16041666666666668 0.2518518518518518 0.15833333333333333 0.24814814814814815 0.1609375 0.2462962962962963
1 0.26927083333333335 0.3972222222222222 0.275 0.4074074074074074 0.2765625 0.4185185185185185 0.28072916666666664 0.425 0.2734375 0.42962962962962964 0.27239583333333334 0.44351851851851853 0.2703125 0.44166666666666665 0.26875 0.4212962962962963 0.2640625 0.4111111111111111 0.26458333333333334 0.39814814814814814 0.26875 0.3972222222222222
1 0.7546875 0.32407407407407407 0.7588541666666667 0.32407407407407407 0.7614583333333333 0.3277777777777778 0.7604166666666666 0.36944444444444446 0.7583333333333333 0.36944444444444446 0.7557291666666667 0.35648148148148145 0.7510416666666667 0.36018518518518516 0.7484375 0.36666666666666664 0.7463541666666667 0.36574074074074076 0.7520833333333333 0.3490740740740741 0.7546875 0.325
1 0.05677083333333333 0.34814814814814815 0.0671875 0.3768518518518518 0.0671875 0.38425925925925924 0.05625 0.38055555555555554 0.04635416666666667 0.362962962962963 0.04739583333333333 0.3574074074074074 0.05625 0.34814814814814815
1 0.2375 0.18425925925925926 0.2453125 0.20925925925925926 0.24114583333333334 0.21666666666666667 0.2375 0.2175925925925926 0.23333333333333334 0.19074074074074074 0.23333333333333334 0.18425925925925926 0.23697916666666666 0.18425925925925926
1 0.365625 0.8148148148148148 0.3723958333333333 0.825925925925926 0.3770833333333333 0.8444444444444444 0.3765625 0.8490740740740741 0.3703125 0.8574074074074074 0.3692708333333333 0.8648148148148148 0.36666666666666664 0.8675925925925926 0.3614583333333333 0.8518518518518519 0.3625 0.8481481481481481 0.35885416666666664 0.8240740740740741 0.3619791666666667 0.8138888888888889 0.3651041666666667 0.8148148148148148
1 0.6890625 0.4648148148148148 0.6927083333333334 0.4648148148148148 0.6932291666666667 0.47685185185185186 0.6854166666666667 0.5157407407407407 0.6822916666666666 0.5148148148148148 0.6770833333333334 0.5055555555555555 0.6817708333333333 0.4962962962962963 0.684375 0.4759259259259259 0.6890625 0.46574074074074073
1 0.2604166666666667 0.1648148148148148 0.2635416666666667 0.175 0.26458333333333334 0.1925925925925926 0.2625 0.1962962962962963 0.2557291666666667 0.17962962962962964 0.25677083333333334 0.16574074074074074 0.2598958333333333 0.1648148148148148
1 0.09947916666666666 0.3055555555555556 0.1078125 0.31666666666666665 0.10833333333333334 0.3287037037037037 0.1140625 0.3416666666666667 0.1125 0.3472222222222222 0.10729166666666666 0.34444444444444444 0.10364583333333334 0.33240740740740743 0.096875 0.32222222222222224 0.09635416666666667 0.31203703703703706 0.09895833333333333 0.3055555555555556
1 0.09635416666666667 0.32685185185185184 0.09947916666666666 0.325 0.10260416666666666 0.3287037037037037 0.10677083333333333 0.3416666666666667 0.1140625 0.35185185185185186 0.1140625 0.35555555555555557 0.10833333333333334 0.35555555555555557 0.10416666666666667 0.3638888888888889 0.10104166666666667 0.3638888888888889 0.10104166666666667 0.35833333333333334 0.09427083333333333 0.3351851851851852 0.09635416666666667 0.3277777777777778
1 0.2526041666666667 0.9564814814814815 0.275 0.9731481481481481 0.27395833333333336 0.9768518518518519 0.2677083333333333 0.9787037037037037 0.2630208333333333 0.9851851851851852 0.26145833333333335 0.9990740740740741 0.25625 0.9990740740740741 0.2557291666666667 0.9898148148148148 0.2526041666666667 0.9842592592592593 0.24791666666666667 0.9824074074074074 0.24427083333333333 0.9916666666666667 0.24270833333333333 0.9888888888888889 0.24375 0.9657407407407408 0.2520833333333333 0.9564814814814815
1 0.9994791666666667 0.7824074074074074 0.9994791666666667 0.8175925925925925 0.99375 0.8166666666666667 0.9895833333333334 0.8083333333333333 0.990625 0.7953703703703704 0.9989583333333333 0.7824074074074074
1 0.51875 0.5018518518518519 0.5239583333333333 0.5185185185185185 0.5213541666666667 0.5472222222222223 0.5192708333333333 0.5518518518518518 0.5145833333333333 0.55 0.5151041666666667 0.5314814814814814 0.5125 0.5157407407407407 0.5145833333333333 0.5037037037037037 0.5182291666666666 0.5018518518518519
1 0.5505208333333333 0.3648148148148148 0.5520833333333334 0.36574074074074076 0.5526041666666667 0.3768518518518518 0.5515625 0.4074074074074074 0.5489583333333333 0.4074074074074074 0.5432291666666667 0.37777777777777777 0.5447916666666667 0.36944444444444446 0.55 0.36574074074074076
1 0.7109375 0.48703703703703705 0.7130208333333333 0.487962962962963 0.7151041666666667 0.4962962962962963 0.7135416666666666 0.5398148148148149 0.7083333333333334 0.525 0.7046875 0.5277777777777778 0.703125 0.5370370370370371 0.7005208333333334 0.5324074074074074 0.70625 0.4962962962962963 0.7104166666666667 0.48703703703703705
1 0.4473958333333333 0.6666666666666666 0.453125 0.6731481481481482 0.45729166666666665 0.6916666666666667 0.45625 0.7018518518518518 0.45208333333333334 0.7074074074074074 0.44895833333333335 0.7203703703703703 0.44583333333333336 0.7203703703703703 0.4432291666666667 0.6935185185185185 0.4432291666666667 0.6703703703703704 0.44427083333333334 0.6666666666666666 0.446875 0.6666666666666666
1 0.5744791666666667 0.2861111111111111 0.578125 0.287962962962963 0.578125 0.30833333333333335 0.5744791666666667 0.3212962962962963 0.5697916666666667 0.3212962962962963 0.5708333333333333 0.29814814814814816 0.5744791666666667 0.28703703703703703
1 0.6354166666666666 0.5388888888888889 0.6359375 0.5222222222222223 0.6338541666666667 0.5101851851851852 0.6395833333333333 0.49537037037037035 0.6442708333333333 0.49907407407407406 0.6473958333333333 0.5148148148148148 0.6453125 0.524074074074074 0.6447916666666667 0.5425925925925926 0.640625 0.5444444444444444 0.6359375 0.5388888888888889
1 0.58125 0.30648148148148147 0.5869791666666667 0.3212962962962963 0.5869791666666667 0.3287037037037037 0.5822916666666667 0.3472222222222222 0.5786458333333333 0.34814814814814815 0.5765625 0.32685185185185184 0.5786458333333333 0.3101851851851852 0.5807291666666666 0.3074074074074074
1 0.7838541666666666 0.30092592592592593 0.7859375 0.3037037037037037 0.7880208333333333 0.3175925925925926 0.7791666666666667 0.3435185185185185 0.7765625 0.3416666666666667 0.7770833333333333 0.3212962962962963 0.7833333333333333 0.30092592592592593
1 0.5880208333333333 0.1712962962962963 0.590625 0.1824074074074074 0.5890625 0.19907407407407407 0.584375 0.19907407407407407 0.5833333333333334 0.18518518518518517 0.5848958333333333 0.175 0.5875 0.17222222222222222
1 0.3453125 0.9361111111111111 0.3489583333333333 0.9342592592592592 0.35572916666666665 0.9416666666666667 0.3567708333333333 0.9546296296296296 0.3614583333333333 0.9666666666666667 0.3463541666666667 0.9944444444444445 0.34375 0.9935185185185185 0.34375 0.9824074074074074 0.3385416666666667 0.9648148148148148 0.3375 0.9462962962962963 0.3453125 0.937037037037037