1 0.5432291666666667 0.39814814814814814 0.5484375 0.4064814814814815 0.5442708333333334 0.42407407407407405 0.5442708333333334 0.44814814814814813 0.5427083333333333 0.44907407407407407 0.5390625 0.4351851851851852 0.5390625 0.4101851851851852 0.5427083333333333 0.3990740740740741
1 0.13697916666666668 0.31666666666666665 0.13802083333333334 0.32037037037037036 0.13645833333333332 0.32314814814814813 0.1296875 0.32685185185185184 0.1265625 0.3138888888888889 0.1265625 0.3055555555555556 0.13020833333333334 0.3055555555555556 0.13645833333333332 0.31666666666666665
1 0.5927083333333333 0.23333333333333334 0.596875 0.24074074074074073 0.5973958333333333 0.2518518518518518 0.5947916666666667 0.26481481481481484 0.5916666666666667 0.27037037037037037 0.5885416666666666 0.2638888888888889 0.5880208333333333 0.2462962962962963 0.5921875 0.23333333333333334
1 0.0609375 0.3287037037037037 0.065625 0.33611111111111114 0.06927083333333334 0.34814814814814815 0.07083333333333333 0.36574074074074076 0.06770833333333333 0.37222222222222223 0.06354166666666666 0.3712962962962963 0.0546875 0.34444444444444444 0.05677083333333333 0.33240740740740743 0.06041666666666667 0.3287037037037037
1 0.1140625 0.32314814814814813 0.11770833333333333 0.337037037037037 0.1125 0.3435185185185185 0.109375 0.3416666666666667 0.10729166666666666 0.325 0.10885416666666667 0.3194444444444444 0.11354166666666667 0.32314814814814813
1 0.26875 0.18796296296296297 0.271875 0.19907407407407407 0.271875 0.21388888888888888 0.2682291666666667 0.21574074074074073 0.26458333333333334 0.20833333333333334 0.26458333333333334 0.19444444444444445 0.2682291666666667 0.18888888888888888
1 0.578125 0.35555555555555557 0.571875 0.3388888888888889 0.5713541666666667 0.3194444444444444 0.5739583333333333 0.31666666666666665 0.5796875 0.3194444444444444 0.58125 0.3490740740740741 0.5786458333333333 0.35462962962962963
1 0.71875 0.9111111111111111 0.7302083333333333 0.8962962962962963 0.7354166666666667 0.9111111111111111 0.7322916666666667 0.925 0.7317708333333334 0.9388888888888889 0.7260416666666667 0.9444444444444444 0.7182291666666667 0.9435185185185185 0.7125 0.9361111111111111 0.7119791666666667 0.9212962962962963 0.71875 0.9120370370370371
1 0.6786458333333333 0.275 0.68125 0.29259259259259257 0.6776041666666667 0.3111111111111111 0.6755208333333333 0.3138888888888889 0.6739583333333333 0.31203703703703706 0.6739583333333333 0.2962962962962963 0.675 0.2824074074074074 0.678125 0.2759259259259259
1 0.41822916666666665 0.5916666666666667 0.421875 0.5925925925925926 0.4270833333333333 0.6129629629629629 0.4265625 0.6259259259259259 0.425 0.6277777777777778 0.421875 0.625 0.41822916666666665 0.6425925925925926 0.4161458333333333 0.6407407407407407 0.4166666666666667 0.6018518518518519 0.41822916666666665 0.5925925925925926
1 0.27239583333333334 0.9555555555555556 0.28177083333333336 0.962037037037037 0.28854166666666664 0.9833333333333333 0.2864583333333333 0.9907407407407407 0.278125 0.9953703703703703 0.271875 0.9944444444444445 0.26510416666666664 0.9777777777777777 0.265625 0.9564814814814815 0.271875 0.9555555555555556
1 0.5903645833333333 0.2912037037037037 0.0109375 0.04351851851851852
1 0.5984375 0.2537037037037037 0.6020833333333333 0.2638888888888889 0.6005208333333333 0.29259259259259257 0.5947916666666667 0.2935185185185185 0.5932291666666667 0.2722222222222222 0.5984375 0.25462962962962965
1 0.5317708333333333 0.3907407407407407 0.5369791666666667 0.40370370370370373 0.5359375 0.42962962962962964 0.5255208333333333 0.4111111111111111 0.5239583333333333 0.4046296296296296 0.5270833333333333 0.39351851851851855 0.5291666666666667 0.38981481481481484 0.53125 0.3907407407407407
1 0.4395833333333333 0.22407407407407406 0.4427083333333333 0.23148148148148148 0.44375 0.2518518518518518 0.4421875 0.25462962962962965 0.43697916666666664 0.2537037037037037 0.4359375 0.2324074074074074 0.43645833333333334 0.22685185185185186 0.4390625 0.22407407407407406
1 0.16822916666666668 0.25092592592592594 0.17135416666666667 0.25092592592592594 0.17395833333333333 0.25555555555555554 0.17708333333333334 0.27870370370370373 0.175 0.2833333333333333 0.17239583333333333 0.2824074074074074 0.1703125 0.26944444444444443 0.16666666666666666 0.26296296296296295 0.16822916666666668 0.2518518518518518
1 0.13541666666666666 0.25555555555555554 0.14427083333333332 0.2814814814814815 0.14375 0.2851851851851852 0.140625 0.28703703703703703 0.13697916666666668 0.28703703703703703 0.1296875 0.26481481481481484 0.13020833333333334 0.25833333333333336 0.1328125 0.25462962962962965 0.13489583333333333 0.25555555555555554
1 0.9072916666666667 0.6101851851851852 0.9098958333333333 0.6175925925925926 0.9098958333333333 0.6296296296296297 0.9078125 0.6407407407407407 0.9005208333333333 0.6574074074074074 0.8973958333333333 0.6574074074074074 0.8973958333333333 0.6518518518518519 0.8932291666666666 0.6472222222222223 0.890625 0.6453703703703704 0.8859375 0.649074074074074 0.8848958333333333 0.6462962962962963 0.9041666666666667 0.6101851851851852 0.9067708333333333 0.6101851851851852
1 0.4739583333333333 0.5574074074074075 0.4786458333333333 0.5731481481481482 0.47760416666666666 0.5981481481481481 0.4739583333333333 0.6092592592592593 0.4708333333333333 0.6083333333333333 0.4708333333333333 0.5981481481481481 0.4666666666666667 0.5888888888888889 0.4671875 0.5703703703703704 0.4734375 0.5583333333333333
1 0.25364583333333335 0.2324074074074074 0.2552083333333333 0.23425925925925925 0.2546875 0.2388888888888889 0.25104166666666666 0.23703703703703705 0.24791666666666667 0.24444444444444444 0.24479166666666666 0.24351851851851852 0.24322916666666666 0.2222222222222222 0.24427083333333333 0.21574074074074073 0.24739583333333334 0.21203703703703702 0.24947916666666667 0.21481481481481482 0.253125 0.2324074074074074
1 0.19375 0.8564814814814815 0.19635416666666666 0.8611111111111112 0.20260416666666667 0.862037037037037 0.20729166666666668 0.8675925925925926 0.20729166666666668 0.8851851851851852 0.21197916666666666 0.9027777777777778 0.21197916666666666 0.9083333333333333 0.20989583333333334 0.9120370370370371 0.1890625 0.8888888888888888 0.1875 0.8805555555555555 0.18854166666666666 0.8592592592592593 0.18958333333333333 0.8564814814814815 0.19322916666666667 0.8564814814814815
1 0.465625 0.5361111111111111 0.4703125 0.5361111111111111 0.475 0.5509259259259259 0.4739583333333333 0.5601851851851852 0.4666666666666667 0.5731481481481482 0.46197916666666666 0.5574074074074075 0.46197916666666666 0.549074074074074 0.465625 0.5370370370370371
1 0.15885416666666666 0.2490740740740741 0.1640625 0.2601851851851852 0.16614583333333333 0.27870370370370373 0.16458333333333333 0.2824074074074074 0.15729166666666666 0.2722222222222222 0.15520833333333334 0.2518518518518518 0.15833333333333333 0.2490740740740741
1 0.22552083333333334 0.8064814814814815 0.22760416666666666 0.8 0.23125 0.8 0.24166666666666667 0.8166666666666667 0.24791666666666667 0.8342592592592593 0.25 0.8444444444444444 0.2484375 0.8490740740740741 0.2375 0.8481481481481481 0.22708333333333333 0.8287037037037037 0.22604166666666667 0.8074074074074075
1 0.5880208333333333 0.32407407407407407 0.5921875 0.32592592592592595 0.59375 0.33055555555555555 0.590625 0.36574074074074076 0.5875 0.3685185185185185 0.584375 0.36203703703703705 0.5838541666666667 0.34629629629629627 0.584375 0.33611111111111114 0.5880208333333333 0.325
1 0.8385416666666666 0.6064814814814815 0.8390625 0.6342592592592593 0.8369791666666667 0.6361111111111111 0.825 0.6305555555555555 0.8239583333333333 0.6212962962962963 0.8348958333333333 0.6055555555555555 0.8380208333333333 0.6064814814814815
1 0.5989583333333334 0.20555555555555555 0.6010416666666667 0.21203703703703702 0.6010416666666667 0.22685185185185186 0.5989583333333334 0.23148148148148148 0.5958333333333333 0.2324074074074074 0.5953125 0.2101851851851852 0.5984375 0.20555555555555555
1 0.43645833333333334 0.6046296296296296 0.4427083333333333 0.6157407407407407 0.44583333333333336 0.6361111111111111 0.4401041666666667 0.6462962962962963 0.4359375 0.6620370370370371 0.43333333333333335 0.6611111111111111 0.434375 0.6481481481481481 0.4296875 0.6305555555555555 0.43020833333333336 0.6157407407407407 0.4328125 0.6064814814814815 0.4359375 0.6046296296296296
1 0.10208333333333333 0.34814814814814815 0.1078125 0.35833333333333334 0.11354166666666667 0.37962962962962965 0.109375 0.38796296296296295 0.10572916666666667 0.387037037037037 0.10364583333333334 0.37777777777777777 0.09739583333333333 0.36574074074074076 0.09739583333333333 0.35185185185185186 0.09895833333333333 0.34814814814814815 0.1015625 0.34814814814814815
1 0.04635416666666667 0.387037037037037 0.05677083333333333 0.412962962962963 0.06041666666666667 0.41759259259259257 0.051041666666666666 0.4324074074074074 0.04895833333333333 0.43148148148148147 0.04739583333333333 0.4203703703703704 0.03958333333333333 0.4064814814814815 0.036458333333333336 0.39537037037037037 0.0375 0.387037037037037 0.04583333333333333 0.387037037037037
1 0.6125 0.25925925925925924 0.6166666666666667 0.262037037037037 0.6166666666666667 0.28888888888888886 0.6125 0.2972222222222222 0.609375 0.28888888888888886 0.609375 0.2740740740740741 0.6125 0.2601851851851852
1 0.16510416666666666 0.9333333333333333 0.175 0.9444444444444444 0.18020833333333333 0.9564814814814815 0.18333333333333332 0.9805555555555555 0.18229166666666666 0.9861111111111112 0.17916666666666667 0.9888888888888889 0.16822916666666668 0.9861111111111112 0.16770833333333332 0.9814814814814815 0.16041666666666668 0.9703703703703703 0.15885416666666666 0.9629629629629629 0.159375 0.9388888888888889 0.1609375 0.9342592592592592 0.16458333333333333 0.9333333333333333
1 0.5515625 0.4074074074074074 0.5536458333333333 0.41759259259259257 0.55 0.4351851851851852 0.55 0.4444444444444444 0.5473958333333333 0.45 0.5453125 0.45 0.5427083333333333 0.4444444444444444 0.5416666666666666 0.4212962962962963 0.5473958333333333 0.4074074074074074 0.5510416666666667 0.4074074074074074
1 0.828125 0.4962962962962963 0.8322916666666667 0.49537037037037035 0.8369791666666667 0.5 0.8359375 0.5092592592592593 0.8276041666666667 0.5361111111111111 0.8244791666666667 0.5388888888888889 0.8203125 0.525 0.828125 0.49722222222222223
1 0.5953125 0.4287037037037037 0.6 0.4398148148148148 0.6 0.44722222222222224 0.5916666666666667 0.4842592592592593 0.5895833333333333 0.48055555555555557 0.5880208333333333 0.4425925925925926 0.5947916666666667 0.42962962962962964
1 0.63125 0.9666666666666667 0.634375 0.9648148148148148 0.6369791666666667 0.9675925925925926 0.6369791666666667 0.9805555555555555 0.6401041666666667 0.9990740740740741 0.615625 0.9990740740740741 0.6166666666666667 0.9907407407407407 0.6229166666666667 0.975925925925926 0.63125 0.9675925925925926
1 0.2453125 0.7907407407407407 0.25677083333333334 0.8111111111111111 0.25885416666666666 0.8342592592592593 0.2557291666666667 0.8398148148148148 0.24895833333333334 0.8324074074074074 0.24010416666666667 0.8074074074074075 0.240625 0.7925925925925926 0.24479166666666666 0.7907407407407407
1 0.40572916666666664 0.6574074074074074 0.41354166666666664 0.6703703703703704 0.41458333333333336 0.700925925925926 0.4114583333333333 0.700925925925926 0.4078125 0.6944444444444444 0.40520833333333334 0.7101851851851851 0.4015625 0.7166666666666667 0.4 0.7157407407407408 0.40208333333333335 0.7055555555555556 0.4010416666666667 0.662962962962963 0.40260416666666665 0.6574074074074074 0.40520833333333334 0.6574074074074074
1 0.459375 0.5851851851851851 0.4640625 0.6027777777777777 0.46458333333333335 0.625 0.4630208333333333 0.6296296296296297 0.459375 0.6268518518518519 0.45625 0.6453703703703704 0.45416666666666666 0.6462962962962963 0.45260416666666664 0.6444444444444445 0.4546875 0.6314814814814815 0.45260416666666664 0.5953703703703703 0.45625 0.5851851851851851 0.4588541666666667 0.5851851851851851
1 0.58125 0.23055555555555557 0.5885416666666666 0.24074074074074073 0.5822916666666667 0.2638888888888889 0.5802083333333333 0.26481481481481484 0.5776041666666667 0.24444444444444444 0.58125 0.23148148148148148
1 0.26458333333333334 0.8944444444444445 0.271875 0.8972222222222223 0.27708333333333335 0.912962962962963 0.27708333333333335 0.9203703703703704 0.27447916666666666 0.9287037037037037 0.27760416666666665 0.937962962962963 0.2765625 0.9407407407407408 0.2703125 0.9398148148148148 0.25833333333333336 0.9305555555555556 0.25677083333333334 0.9185185185185185 0.2578125 0.8972222222222223 0.25885416666666666 0.8935185185185185 0.2640625 0.8944444444444445
1 0.6057291666666667 0.21203703703703702 0.6088541666666667 0.21481481481481482 0.6057291666666667 0.24444444444444444 0.6026041666666667 0.24444444444444444 0.6026041666666667 0.21944444444444444 0.6052083333333333 0.21296296296296297
1 0.26875 0.6462962962962963 0.27239583333333334 0.6509259259259259 0.2755208333333333 0.6620370370370371 0.28177083333333336 0.6990740740740741 0.28177083333333336 0.7055555555555556 0.28020833333333334 0.7074074074074074 0.2703125 0.6824074074074075 0.265625 0.6787037037037037 0.26145833333333335 0.6694444444444444 0.26458333333333334 0.6481481481481481 0.2682291666666667 0.6462962962962963
1 0.21614583333333334 0.8962962962962963 0.22239583333333332 0.8944444444444445 0.22760416666666666 0.899074074074074 0.23697916666666666 0.9148148148148149 0.2453125 0.9157407407407407 0.24895833333333334 0.9212962962962963 0.246875 0.9287037037037037 0.23541666666666666 0.9314814814814815 0.23125 0.9453703703703704 0.2296875 0.9592592592592593 0.2265625 0.9648148148148148 0.221875 0.9657407407407408 0.22083333333333333 0.9629629629629629 0.2234375 0.9564814814814815 0.22395833333333334 0.9481481481481482 0.21927083333333333 0.9407407407407408 0.22239583333333332 0.9351851851851852 0.22291666666666668 0.9277777777777778 0.21510416666666668 0.9074074074074074 0.21614583333333334 0.8972222222222223
1 0.6973958333333333 0.49722222222222223 0.7036458333333333 0.5 0.7057291666666666 0.5055555555555555 0.7036458333333333 0.525 0.7041666666666667 0.5435185185185185 0.6979166666666666 0.5342592592592592 0.6953125 0.5148148148148148 0.6916666666666667 0.5074074074074074 0.6921875 0.49722222222222223 0.696875 0.49722222222222223
1 0.290625 0.8592592592592593 0.2942708333333333 0.8648148148148148 0.3 0.899074074074074 0.3 0.9074074074074074 0.29635416666666664 0.9111111111111111 0.29791666666666666 0.924074074074074 0.29635416666666664 0.9287037037037037 0.29322916666666665 0.9296296296296296 0.284375 0.9046296296296297 0.28020833333333334 0.8629629629629629 0.2828125 0.8546296296296296 0.29010416666666666 0.8592592592592593
1 0.3046875 0.14166666666666666 0.3098958333333333 0.15092592592592594 0.30885416666666665 0.1675925925925926 0.3072916666666667 0.17037037037037037 0.303125 0.1685185185185185 0.2994791666666667 0.1537037037037037 0.2994791666666667 0.14351851851851852 0.30416666666666664 0.14166666666666666