1 0.11666666666666667 0.1 0.1203125 0.10185185185185185 0.1234375 0.11203703703703703 0.12447916666666667 0.13148148148148148 0.12291666666666666 0.13703703703703704 0.11927083333333334 0.13240740740740742 0.11770833333333333 0.12129629629629629 0.1125 0.10925925925925926 0.1125 0.10277777777777777 0.11614583333333334 0.1
1 0.64140625 0.055092592592592596 0.009895833333333333 0.03611111111111111
1 0.6109375 0.22685185185185186 0.6140625 0.2388888888888889 0.6140625 0.24814814814814815 0.6104166666666667 0.2638888888888889 0.6057291666666667 0.27314814814814814 0.6036458333333333 0.26851851851851855 0.6046875 0.24537037037037038 0.6083333333333333 0.22777777777777777 0.6104166666666667 0.22685185185185186
1 0.534375 0.2 0.5395833333333333 0.20185185185185187 0.5421875 0.21296296296296297 0.5380208333333333 0.24351851851851852 0.5348958333333333 0.24537037037037038 0.5322916666666667 0.2361111111111111 0.53125 0.2175925925925926 0.534375 0.20092592592592592
1 0.5953125 0.012962962962962963 0.5984375 0.013888888888888888 0.5994791666666667 0.024074074074074074 0.5963541666666666 0.05648148148148148 0.5947916666666667 0.05925925925925926 0.5911458333333334 0.058333333333333334 0.5895833333333333 0.03611111111111111 0.5901041666666667 0.027777777777777776 0.5953125 0.013888888888888888
1 0.06979166666666667 0.1388888888888889 0.07708333333333334 0.15185185185185185 0.07760416666666667 0.16018518518518518 0.08125 0.1712962962962963 0.078125 0.17777777777777778 0.075 0.17592592592592593 0.071875 0.16111111111111112 0.06666666666666667 0.15555555555555556 0.06354166666666666 0.14629629629629629 0.0640625 0.1361111111111111 0.06927083333333334 0.1388888888888889
1 0.828125 0.10462962962962963 0.8296875 0.11481481481481481 0.8286458333333333 0.125 0.8229166666666666 0.13796296296296295 0.8208333333333333 0.15 0.8161458333333333 0.14629629629629629 0.8166666666666667 0.13425925925925927 0.8213541666666667 0.11574074074074074 0.8276041666666667 0.10462962962962963
1 0.16822916666666668 0.041666666666666664 0.1765625 0.05462962962962963 0.17864583333333334 0.06944444444444445 0.17760416666666667 0.07777777777777778 0.175 0.0824074074074074 0.17291666666666666 0.08055555555555556 0.16822916666666668 0.06759259259259259 0.16458333333333333 0.05 0.16510416666666666 0.044444444444444446 0.16770833333333332 0.04259259259259259
1 0.5619791666666667 0.26481481481481484 0.5635416666666667 0.2722222222222222 0.5552083333333333 0.3074074074074074 0.5536458333333333 0.3074074074074074 0.5536458333333333 0.26481481481481484 0.5572916666666666 0.25462962962962965 0.5604166666666667 0.2574074074074074 0.5614583333333333 0.26481481481481484
1 0.12135416666666667 0.07916666666666666 0.0125 0.03796296296296296
1 0.28177083333333336 0.9175925925925926 0.29375 0.9259259259259259 0.296875 0.9314814814814815 0.2984375 0.9592592592592593 0.29322916666666665 0.9675925925925926 0.290625 0.9666666666666667 0.28854166666666664 0.9574074074074074 0.2786458333333333 0.9444444444444444 0.278125 0.9342592592592592 0.2734375 0.925 0.2755208333333333 0.9194444444444444 0.28125 0.9175925925925926
1 0.3140625 0.9083333333333333 0.3203125 0.9148148148148149 0.3229166666666667 0.9222222222222223 0.3255208333333333 0.9453703703703704 0.32135416666666666 0.9518518518518518 0.3177083333333333 0.950925925925926 0.3151041666666667 0.9407407407407408 0.3026041666666667 0.9259259259259259 0.30416666666666664 0.9138888888888889 0.3104166666666667 0.9074074074074074 0.31354166666666666 0.9083333333333333
1 0.0171875 0.21574074074074073 0.027083333333333334 0.22407407407407406 0.03125 0.23796296296296296 0.04114583333333333 0.25462962962962965 0.04010416666666667 0.25833333333333336 0.03697916666666667 0.25833333333333336 0.03333333333333333 0.2490740740740741 0.030208333333333334 0.2490740740740741 0.029166666666666667 0.25277777777777777 0.030729166666666665 0.262037037037037 0.029166666666666667 0.2638888888888889 0.026041666666666668 0.262037037037037 0.023958333333333335 0.2462962962962963 0.016145833333333335 0.22592592592592592 0.014583333333333334 0.21666666666666667 0.016666666666666666 0.21574074074074073
1 0.03333333333333333 0.21388888888888888 0.050520833333333334 0.2462962962962963 0.05 0.25092592592592594 0.04635416666666667 0.25092592592592594 0.043229166666666666 0.24351851851851852 0.0390625 0.24537037037037038 0.03177083333333333 0.2361111111111111 0.028125 0.22407407407407406 0.027604166666666666 0.21203703703703702 0.0296875 0.2101851851851852 0.0328125 0.21388888888888888
1 0.3125 0.8435185185185186 0.31979166666666664 0.8481481481481481 0.3182291666666667 0.8666666666666667 0.3229166666666667 0.8759259259259259 0.321875 0.8833333333333333 0.3171875 0.887962962962963 0.3104166666666667 0.8861111111111111 0.30364583333333334 0.8740740740740741 0.30052083333333335 0.8601851851851852 0.2947916666666667 0.85 0.29635416666666664 0.8435185185185186 0.30572916666666666 0.8407407407407408 0.31197916666666664 0.8435185185185186
1 0.7890625 0.4842592592592593 0.7890625 0.475 0.7927083333333333 0.4638888888888889 0.7921875 0.45925925925925926 0.7890625 0.45555555555555555 0.7895833333333333 0.45092592592592595 0.7989583333333333 0.44166666666666665 0.803125 0.43148148148148147 0.80625 0.4324074074074074 0.8083333333333333 0.4425925925925926 0.80625 0.45555555555555555 0.7989583333333333 0.47129629629629627 0.7958333333333333 0.4842592592592593 0.79375 0.48703703703703705 0.7895833333333333 0.48518518518518516
1 0.5140625 0.1712962962962963 0.5166666666666667 0.1712962962962963 0.5203125 0.1824074074074074 0.515625 0.2175925925925926 0.5119791666666667 0.21851851851851853 0.5114583333333333 0.1814814814814815 0.5140625 0.17222222222222222
1 0.14739583333333334 0.08148148148148149 0.1578125 0.11203703703703703 0.15052083333333333 0.11944444444444445 0.14739583333333334 0.11944444444444445 0.1484375 0.10462962962962963 0.1421875 0.0962962962962963 0.140625 0.08981481481481482 0.1421875 0.07407407407407407 0.146875 0.08148148148148149
1 0.1390625 0.9277777777777778 0.15052083333333333 0.9324074074074075 0.15520833333333334 0.9472222222222222 0.1625 0.9518518518518518 0.16145833333333334 0.9583333333333334 0.15416666666666667 0.9694444444444444 0.146875 0.9666666666666667 0.140625 0.9546296296296296 0.13229166666666667 0.9537037037037037 0.12604166666666666 0.9407407407407408 0.1265625 0.9324074074074075 0.13229166666666667 0.9277777777777778 0.13854166666666667 0.9277777777777778
1 0.1625 0.08148148148148149 0.16666666666666666 0.08888888888888889 0.17291666666666666 0.11574074074074074 0.171875 0.12037037037037036 0.16927083333333334 0.12129629629629629 0.16666666666666666 0.11944444444444445 0.1578125 0.09074074074074075 0.159375 0.0824074074074074 0.16197916666666667 0.08148148148148149
1 0.9088541666666666 0.5111111111111111 0.9135416666666667 0.5222222222222223 0.9130208333333333 0.5296296296296297 0.89375 0.562037037037037 0.8901041666666667 0.562037037037037 0.8885416666666667 0.5574074074074075 0.8963541666666667 0.5277777777777778 0.9010416666666666 0.5148148148148148 0.9083333333333333 0.5111111111111111
1 0.26510416666666664 0.9657407407407408 0.025 0.044444444444444446
1 0.8744791666666667 0.5425925925925926 0.8776041666666666 0.525 0.8864583333333333 0.5083333333333333 0.89375 0.5018518518518519 0.8989583333333333 0.5046296296296297 0.8958333333333334 0.5203703703703704 0.8901041666666667 0.5268518518518519 0.8833333333333333 0.5416666666666666 0.8802083333333334 0.5444444444444444 0.875 0.5425925925925926
1 0.5083333333333333 0.5166666666666667 0.5119791666666667 0.5166666666666667 0.5130208333333334 0.5194444444444445 0.5151041666666667 0.5305555555555556 0.5151041666666667 0.5509259259259259 0.509375 0.5666666666666667 0.5041666666666667 0.5712962962962963 0.5046875 0.55 0.5005208333333333 0.5398148148148149 0.5015625 0.5324074074074074 0.5083333333333333 0.5175925925925926
1 0.225 0.8870370370370371 0.234375 0.8935185185185185 0.23854166666666668 0.9092592592592592 0.24583333333333332 0.9212962962962963 0.240625 0.9333333333333333 0.2359375 0.937962962962963 0.225 0.9287037037037037 0.21927083333333333 0.9046296296296297 0.21354166666666666 0.8981481481481481 0.21354166666666666 0.8935185185185185 0.21666666666666667 0.8888888888888888 0.22447916666666667 0.8870370370370371
1 0.21614583333333334 0.03888888888888889 0.0125 0.037037037037037035
1 0.0671875 0.17685185185185184 0.078125 0.1962962962962963 0.08489583333333334 0.21666666666666667 0.084375 0.22037037037037038 0.0796875 0.2222222222222222 0.06666666666666667 0.20185185185185187 0.06510416666666667 0.19537037037037036 0.06510416666666667 0.1787037037037037 0.06666666666666667 0.17777777777777778
1 0.296875 0.8101851851851852 0.3067708333333333 0.8240740740740741 0.309375 0.8361111111111111 0.30885416666666665 0.8398148148148148 0.29739583333333336 0.8435185185185186 0.28958333333333336 0.8240740740740741 0.29270833333333335 0.8157407407407408 0.29270833333333335 0.8101851851851852 0.29635416666666664 0.8101851851851852
1 0.12395833333333334 0.10925925925925926 0.12604166666666666 0.10185185185185185 0.13020833333333334 0.10277777777777777 0.13333333333333333 0.10833333333333334 0.13541666666666666 0.12314814814814815 0.14114583333333333 0.1398148148148148 0.14010416666666667 0.14537037037037037 0.134375 0.14444444444444443 0.1296875 0.13518518518518519 0.12447916666666667 0.11018518518518519
1 0.24322916666666666 0.8231481481481482 0.24895833333333334 0.8314814814814815 0.24479166666666666 0.837037037037037 0.23645833333333333 0.8333333333333334 0.234375 0.8379629629629629 0.23333333333333334 0.8564814814814815 0.23072916666666668 0.8638888888888889 0.22708333333333333 0.8638888888888889 0.22604166666666667 0.837037037037037 0.22135416666666666 0.8296296296296296 0.21666666666666667 0.8277777777777777 0.21666666666666667 0.8101851851851852 0.22291666666666668 0.8046296296296296 0.23541666666666666 0.8055555555555556 0.23854166666666668 0.8092592592592592 0.24270833333333333 0.8231481481481482
1 0.7796875 0.2601851851851852 0.017708333333333333 0.05
1 0.6520833333333333 0.20092592592592592 0.6578125 0.2 0.659375 0.20277777777777778 0.6604166666666667 0.21666666666666667 0.6588541666666666 0.22592592592592592 0.6546875 0.23425925925925925 0.6541666666666667 0.24259259259259258 0.6510416666666666 0.24722222222222223 0.6489583333333333 0.22592592592592592 0.6520833333333333 0.20185185185185187
1 0.04895833333333333 0.17777777777777778 0.05677083333333333 0.1925925925925926 0.05625 0.2074074074074074 0.06041666666666667 0.21666666666666667 0.06041666666666667 0.22037037037037038 0.0578125 0.2222222222222222 0.05520833333333333 0.2212962962962963 0.042708333333333334 0.19537037037037036 0.043229166666666666 0.1824074074074074 0.04583333333333333 0.17777777777777778 0.0484375 0.17777777777777778
1 0.10260416666666666 0.12962962962962962 0.10677083333333333 0.13796296296296295 0.10885416666666667 0.15555555555555556 0.10572916666666667 0.16111111111111112 0.09479166666666666 0.13796296296296295 0.09479166666666666 0.12222222222222222 0.0984375 0.12222222222222222 0.10208333333333333 0.12962962962962962
1 0.5291666666666667 0.1787037037037037 0.5338541666666666 0.1925925925925926 0.5317708333333333 0.21203703703703702 0.5291666666666667 0.22037037037037038 0.5239583333333333 0.20092592592592592 0.5244791666666667 0.18703703703703703 0.5286458333333334 0.1787037037037037
1 0.109375 0.12037037037037036 0.11875 0.1361111111111111 0.11927083333333334 0.15648148148148147 0.11614583333333334 0.15555555555555556 0.10833333333333334 0.14074074074074075 0.10572916666666667 0.12222222222222222 0.10885416666666667 0.12037037037037036
1 0.265625 0.8731481481481481 0.26875 0.8787037037037037 0.2760416666666667 0.8787037037037037 0.2828125 0.8944444444444445 0.29010416666666666 0.8972222222222223 0.28958333333333336 0.9018518518518519 0.28177083333333336 0.9064814814814814 0.2791666666666667 0.9148148148148149 0.275 0.9175925925925926 0.271875 0.9175925925925926 0.2677083333333333 0.9101851851851852 0.2677083333333333 0.8898148148148148 0.265625 0.8861111111111111 0.2609375 0.8870370370370371 0.2578125 0.8833333333333333 0.259375 0.875 0.26510416666666664 0.8731481481481481
1 0.1890625 0.04537037037037037 0.19270833333333334 0.04814814814814815 0.19947916666666668 0.08055555555555556 0.19583333333333333 0.08425925925925926 0.19166666666666668 0.08333333333333333 0.18541666666666667 0.05185185185185185 0.18854166666666666 0.046296296296296294
1 0.36354166666666665 0.8731481481481481 0.3692708333333333 0.8851851851851852 0.37552083333333336 0.9111111111111111 0.3734375 0.9212962962962963 0.36614583333333334 0.925 0.365625 0.912962962962963 0.35885416666666664 0.9092592592592592 0.35520833333333335 0.9018518518518519 0.35520833333333335 0.8805555555555555 0.359375 0.8731481481481481 0.36302083333333335 0.8731481481481481
1 0.39739583333333334 0.8527777777777777 0.4015625 0.8601851851851852 0.40260416666666665 0.8703703703703703 0.40260416666666665 0.887962962962963 0.3984375 0.899074074074074 0.39427083333333335 0.8972222222222223 0.38697916666666665 0.8861111111111111 0.3854166666666667 0.8731481481481481 0.38697916666666665 0.8527777777777777 0.3932291666666667 0.8435185185185186 0.396875 0.8527777777777777
1 0.08802083333333334 0.14629629629629629 0.096875 0.16111111111111112 0.09895833333333333 0.17685185185185184 0.10572916666666667 0.18425925925925926 0.10260416666666666 0.18796296296296297 0.10208333333333333 0.1925925925925926 0.09895833333333333 0.1935185185185185 0.096875 0.18425925925925926 0.08697916666666666 0.16574074074074074 0.084375 0.15092592592592594 0.0875 0.14722222222222223
1 0.13489583333333333 0.9546296296296296 0.14114583333333333 0.9555555555555556 0.14947916666666666 0.9685185185185186 0.16145833333333334 0.975 0.16145833333333334 0.9805555555555555 0.1578125 0.987037037037037 0.1515625 0.9907407407407407 0.14322916666666666 0.9851851851851852 0.1234375 0.9629629629629629 0.12291666666666666 0.9592592592592593 0.125 0.9564814814814815 0.134375 0.9546296296296296
1 0.04791666666666667 0.12037037037037036 0.05364583333333333 0.12685185185185185 0.06197916666666667 0.15092592592592594 0.06354166666666666 0.16111111111111112 0.0609375 0.1638888888888889 0.053125 0.15185185185185185 0.043229166666666666 0.1287037037037037 0.0421875 0.12222222222222222 0.04739583333333333 0.12037037037037036
1 0.9598958333333333 0.5518518518518518 0.9609375 0.5731481481481482 0.9484375 0.5944444444444444 0.9380208333333333 0.5898148148148148 0.9354166666666667 0.5814814814814815 0.940625 0.5722222222222222 0.9453125 0.5564814814814815 0.9541666666666667 0.5509259259259259 0.959375 0.5518518518518518
1 0.5838541666666667 0.24351851851851852 0.5869791666666667 0.262037037037037 0.5833333333333334 0.27314814814814814 0.58125 0.2916666666666667 0.578125 0.2916666666666667 0.5760416666666667 0.2777777777777778 0.5776041666666667 0.25092592592592594 0.58125 0.24259259259259258 0.5833333333333334 0.24351851851851852
1 0.6161458333333333 0.14907407407407408 0.6145833333333334 0.11388888888888889 0.6192708333333333 0.10462962962962963 0.6223958333333334 0.10555555555555556 0.6239583333333333 0.11296296296296296 0.6239583333333333 0.12314814814814815 0.6192708333333333 0.14629629629629629 0.6161458333333333 0.15
1 0.515625 0.35462962962962963 0.5182291666666666 0.35555555555555557 0.5229166666666667 0.36666666666666664 0.5223958333333333 0.38055555555555554 0.51875 0.38333333333333336 0.5119791666666667 0.3768518518518518 0.5151041666666667 0.35555555555555557
1 0.2703125 0 0.27447916666666666 0 0.2765625 0.003703703703703704 0.27760416666666665 0.022222222222222223 0.28125 0.03518518518518519 0.2791666666666667 0.03888888888888889 0.2755208333333333 0.030555555555555555 0.27395833333333336 0.03981481481481482 0.271875 0.041666666666666664 0.27239583333333334 0.024074074074074074 0.26927083333333335 0.012037037037037037 0.2703125 0.000925925925925926
1 0.5223958333333333 0.19907407407407407 0.5276041666666667 0.21296296296296297 0.5265625 0.23425925925925925 0.5223958333333333 0.24814814814814815 0.51875 0.2518518518518518 0.5166666666666667 0.23148148148148148 0.5177083333333333 0.2064814814814815 0.521875 0.2
1 0.6338541666666667 0.3055555555555556 0.6369791666666667 0.31203703703703706 0.6369791666666667 0.32314814814814813 0.634375 0.3296296296296296 0.6338541666666667 0.35648148148148145 0.6307291666666667 0.3611111111111111 0.6239583333333333 0.3527777777777778 0.6234375 0.3435185185185185 0.6265625 0.32222222222222224 0.6307291666666667 0.30833333333333335 0.6333333333333333 0.3055555555555556
1 0.340625 0.8898148148148148 0.3484375 0.9009259259259259 0.346875 0.9111111111111111 0.3515625 0.9351851851851852 0.3463541666666667 0.9416666666666667 0.34010416666666665 0.9296296296296296 0.3328125 0.9277777777777778 0.3265625 0.9092592592592592 0.328125 0.899074074074074 0.3328125 0.8962962962962963 0.33645833333333336 0.8898148148148148 0.34010416666666665 0.8898148148148148
1 0.6473958333333333 0.04259259259259259 0.6442708333333333 0.03796296296296296 0.6447916666666667 0.020370370370370372 0.6473958333333333 0.011111111111111112 0.6510416666666666 0.011111111111111112 0.6520833333333333 0.01574074074074074 0.6520833333333333 0.025 0.6473958333333333 0.041666666666666664
1 0.028125 0.17037037037037037 0.034375 0.17962962962962964 0.0390625 0.1925925925925926 0.03958333333333333 0.20185185185185187 0.036458333333333336 0.2074074074074074 0.025520833333333333 0.18425925925925926 0.0234375 0.17407407407407408 0.025520833333333333 0.16944444444444445 0.027604166666666666 0.17037037037037037
1 0.5364583333333334 0.24537037037037038 0.5395833333333333 0.24722222222222223 0.5427083333333333 0.25833333333333336 0.5416666666666666 0.2833333333333333 0.5364583333333334 0.2851851851851852 0.534375 0.2962962962962963 0.53125 0.2962962962962963 0.5333333333333333 0.2601851851851852 0.5359375 0.2462962962962963
1 0.6302083333333334 0.1 0.6291666666666667 0.07037037037037037 0.6333333333333333 0.06018518518518518 0.6380208333333334 0.062037037037037036 0.6390625 0.07407407407407407 0.634375 0.09814814814814815 0.6307291666666667 0.1
1 0.5302083333333333 0.8064814814814815 0.5364583333333334 0.8166666666666667 0.5348958333333333 0.8342592592592593 0.5364583333333334 0.850925925925926 0.5328125 0.85 0.5291666666666667 0.8425925925925926 0.5260416666666666 0.8416666666666667 0.5135416666666667 0.8555555555555555 0.5104166666666666 0.8546296296296296 0.509375 0.8490740740740741 0.5151041666666667 0.8462962962962963 0.5223958333333333 0.8324074074074074 0.5229166666666667 0.8101851851851852 0.5255208333333333 0.8055555555555556 0.5296875 0.8064814814814815
1 0.6427083333333333 0.24537037037037038 0.0125 0.053703703703703705
1 0.8166666666666667 0.12037037037037036 0.8166666666666667 0.13796296296296295 0.8104166666666667 0.15833333333333333 0.8078125 0.16111111111111112 0.8057291666666667 0.15833333333333333 0.8057291666666667 0.1361111111111111 0.8140625 0.11944444444444445 0.8161458333333333 0.12037037037037036
1 0.24635416666666668 0.9490740740740741 0.24947916666666667 0.9527777777777777 0.25729166666666664 0.9805555555555555 0.25729166666666664 0.9842592592592593 0.253125 0.9888888888888889 0.2375 0.9861111111111112 0.23125 0.9638888888888889 0.23125 0.9564814814814815 0.2359375 0.9490740740740741 0.24583333333333332 0.9490740740740741