0 0.95 0.287962962962963 0.9776041666666667 0.29444444444444445 0.984375 0.3 0.9901041666666667 0.30925925925925923 0.9994791666666667 0.31574074074074077 0.9994791666666667 0.3907407407407407 0.9953125 0.39166666666666666 0.9901041666666667 0.3907407407407407 0.9854166666666667 0.3824074074074074 0.9739583333333334 0.3731481481481482 0.9635416666666666 0.3537037037037037 0.95625 0.35 0.9333333333333333 0.34814814814814815 0.9260416666666667 0.3453703703703704 0.925 0.3398148148148148 0.9177083333333333 0.34444444444444444 0.9104166666666667 0.3388888888888889 0.9088541666666666 0.31666666666666665 0.9109375 0.3074074074074074 0.9177083333333333 0.2962962962962963 0.9338541666666667 0.28703703703703703 0.9494791666666667 0.287962962962963
0 0.6104166666666667 0.1425925925925926 0.6223958333333334 0.15462962962962962 0.6338541666666667 0.175 0.634375 0.2037037037037037 0.6302083333333334 0.22962962962962963 0.6265625 0.22962962962962963 0.6234375 0.22407407407407406 0.609375 0.21666666666666667 0.6036458333333333 0.20833333333333334 0.5921875 0.2 0.5911458333333334 0.17592592592592593 0.5953125 0.1537037037037037 0.6015625 0.14629629629629629 0.6098958333333333 0.1425925925925926
0 0.4666666666666667 0.3212962962962963 0.5026041666666666 0.3731481481481482 0.5072916666666667 0.38796296296296295 0.5223958333333333 0.41759259259259257 0.5234375 0.43796296296296294 0.5203125 0.44907407407407407 0.5088541666666667 0.4638888888888889 0.5005208333333333 0.4675925925925926 0.49166666666666664 0.4675925925925926 0.48072916666666665 0.45925925925925926 0.47552083333333334 0.4398148148148148 0.45729166666666665 0.4074074074074074 0.44375 0.38981481481481484 0.440625 0.36666666666666664 0.44166666666666665 0.3509259259259259 0.44895833333333335 0.33425925925925926 0.45989583333333334 0.32314814814814813 0.4661458333333333 0.3212962962962963
0 0.825 0.47129629629629627 0.8526041666666667 0.4759259259259259 0.8942708333333333 0.4925925925925926 0.9260416666666667 0.5212962962962963 0.9354166666666667 0.5435185185185185 0.9375 0.5685185185185185 0.9286458333333333 0.5916666666666667 0.9203125 0.5953703703703703 0.9145833333333333 0.5953703703703703 0.909375 0.5777777777777777 0.9046875 0.5731481481481482 0.9005208333333333 0.5740740740740741 0.8942708333333333 0.5824074074074074 0.8895833333333333 0.5824074074074074 0.8416666666666667 0.5601851851851852 0.8317708333333333 0.5638888888888889 0.8239583333333333 0.5601851851851852 0.81875 0.5481481481481482 0.8098958333333334 0.5407407407407407 0.8052083333333333 0.5324074074074074 0.8036458333333333 0.49907407407407406 0.8057291666666667 0.48703703703703705 0.8104166666666667 0.47962962962962963 0.8177083333333334 0.47129629629629627 0.8244791666666667 0.47129629629629627
0 0.5489583333333333 0.20555555555555555 0.5848958333333333 0.24259259259259258 0.5989583333333334 0.2675925925925926 0.6098958333333333 0.2814814814814815 0.6130208333333333 0.2953703703703704 0.6114583333333333 0.3138888888888889 0.6057291666666667 0.32592592592592595 0.59375 0.33611111111111114 0.5885416666666666 0.3351851851851852 0.5869791666666667 0.32407407407407407 0.5802083333333333 0.3148148148148148 0.5682291666666667 0.30462962962962964 0.5510416666666667 0.2972222222222222 0.5442708333333334 0.28703703703703703 0.5322916666666667 0.2796296296296296 0.5291666666666667 0.27314814814814814 0.5255208333333333 0.2518518518518518 0.5260416666666666 0.2351851851851852 0.5385416666666667 0.21203703703703702 0.5484375 0.20555555555555555
0 0.48072916666666665 0 0.5057291666666667 0 0.5088541666666667 0.028703703703703703 0.5083333333333333 0.046296296296296294 0.5057291666666667 0.05092592592592592 0.5020833333333333 0.04814814814814815 0.4953125 0.05185185185185185 0.4864583333333333 0.05 0.4828125 0.04259259259259259 0.48072916666666665 0.000925925925925926
0 0.6130208333333333 0.4740740740740741 0.6203125 0.49907407407407406 0.6276041666666666 0.5148148148148148 0.6265625 0.5259259259259259 0.6213541666666667 0.5351851851851852 0.615625 0.537962962962963 0.5911458333333334 0.5370370370370371 0.5890625 0.5407407407407407 0.5880208333333333 0.5537037037037037 0.584375 0.5583333333333333 0.5630208333333333 0.5537037037037037 0.5604166666666667 0.549074074074074 0.5578125 0.5203703703703704 0.5635416666666667 0.4935185185185185 0.5703125 0.48703703703703705 0.5927083333333333 0.47685185185185186 0.6125 0.4740740740740741
0 0.07916666666666666 0.8870370370370371 0.1 0.887962962962963 0.1234375 0.8953703703703704 0.1328125 0.9157407407407407 0.14114583333333333 0.9259259259259259 0.14166666666666666 0.9305555555555556 0.13333333333333333 0.9416666666666667 0.12447916666666667 0.9425925925925925 0.1125 0.9546296296296296 0.06510416666666667 0.9740740740740741 0.050520833333333334 0.9712962962962963 0.03958333333333333 0.9611111111111111 0.0375 0.9555555555555556 0.0390625 0.9314814814814815 0.04375 0.9083333333333333 0.05 0.8935185185185185 0.05572916666666667 0.8898148148148148 0.07864583333333333 0.8870370370370371
0 0.48125 0.04722222222222222 0.4859375 0.05555555555555555 0.49166666666666664 0.0787037037037037 0.49583333333333335 0.12314814814814815 0.490625 0.13240740740740742 0.478125 0.13518518518518519 0.4713541666666667 0.13518518518518519 0.46770833333333334 0.12962962962962962 0.4625 0.09722222222222222 0.4625 0.05925925925925926 0.4666666666666667 0.049074074074074076 0.48072916666666665 0.04722222222222222
0 0.10885416666666667 0.09537037037037037 0.1203125 0.07962962962962963 0.14375 0.07037037037037037 0.1578125 0.07037037037037037 0.16458333333333333 0.08333333333333333 0.16614583333333333 0.09166666666666666 0.16458333333333333 0.1 0.140625 0.13796296296296295 0.12239583333333333 0.1425925925925926 0.11354166666666667 0.14166666666666666 0.10572916666666667 0.13333333333333333 0.1046875 0.10555555555555556 0.10885416666666667 0.0962962962962963
0 0.7963541666666667 0.3416666666666667 0.8328125 0.35555555555555557 0.8526041666666667 0.3712962962962963 0.8697916666666666 0.39166666666666666 0.875 0.41759259259259257 0.8739583333333333 0.44537037037037036 0.8692708333333333 0.4527777777777778 0.8526041666666667 0.4648148148148148 0.8447916666666667 0.46296296296296297 0.8359375 0.45 0.815625 0.43703703703703706 0.7958333333333333 0.4287037037037037 0.7791666666666667 0.43148148148148147 0.7723958333333333 0.42314814814814816 0.7645833333333333 0.4 0.765625 0.37777777777777777 0.76875 0.3592592592592593 0.7765625 0.3472222222222222 0.7958333333333333 0.3416666666666667
0 0.6296875 0.3814814814814815 0.6661458333333333 0.3907407407407407 0.6802083333333333 0.4027777777777778 0.6901041666666666 0.4074074074074074 0.6958333333333333 0.4148148148148148 0.7005208333333334 0.4305555555555556 0.7 0.4583333333333333 0.6927083333333334 0.4740740740740741 0.6817708333333333 0.4842592592592593 0.6760416666666667 0.48333333333333334 0.66875 0.4740740740740741 0.6286458333333333 0.4648148148148148 0.6197916666666666 0.4648148148148148 0.6140625 0.4703703703703704 0.6104166666666667 0.4703703703703704 0.5942708333333333 0.4546296296296296 0.5911458333333334 0.44074074074074077 0.59375 0.40370370370370373 0.5979166666666667 0.38796296296296295 0.6067708333333334 0.3814814814814815 0.6291666666666667 0.3814814814814815
0 0.35625 0 0.3854166666666667 0 0.38645833333333335 0.002777777777777778 0.3880208333333333 0 0.4109375 0 0.4046875 0.025925925925925925 0.3984375 0.037037037037037035 0.39010416666666664 0.06018518518518518 0.378125 0.10185185185185185 0.36666666666666664 0.13148148148148148 0.36041666666666666 0.1388888888888889 0.3380208333333333 0.1388888888888889 0.3229166666666667 0.13333333333333333 0.31979166666666664 0.1259259259259259 0.31875 0.11296296296296296 0.3098958333333333 0.07407407407407407 0.3104166666666667 0.058333333333333334 0.31302083333333336 0.05 0.3333333333333333 0.004629629629629629 0.35625 0.000925925925925926
0 0.6322916666666667 0.5407407407407407 0.6739583333333333 0.5462962962962963 0.6822916666666666 0.5518518518518518 0.6932291666666667 0.549074074074074 0.7114583333333333 0.5537037037037037 0.7104166666666667 0.5564814814814815 0.7125 0.5583333333333333 0.7171875 0.5574074074074075 0.7171875 0.5537037037037037 0.7192708333333333 0.5518518518518518 0.7354166666666667 0.5527777777777778 0.771875 0.562962962962963 0.7828125 0.562037037037037 0.7848958333333333 0.5648148148148148 0.784375 0.5740740740740741 0.7760416666666666 0.6018518518518519 0.7786458333333334 0.6481481481481481 0.7734375 0.6555555555555556 0.775 0.6611111111111111 0.7723958333333333 0.662962962962963 0.7682291666666666 0.6620370370370371 0.7708333333333334 0.6555555555555556 0.7697916666666667 0.6527777777777778 0.7619791666666667 0.6509259259259259 0.76875 0.65 0.7703125 0.6435185185185185 0.7666666666666667 0.6314814814814815 0.7671875 0.6231481481481481 0.7651041666666667 0.6157407407407407 0.7609375 0.6129629629629629 0.7578125 0.6046296296296296 0.7479166666666667 0.600925925925926 0.7359375 0.6046296296296296 0.7177083333333333 0.6 0.69375 0.5990740740740741 0.6901041666666666 0.5962962962962963 0.6828125 0.5805555555555556 0.678125 0.5768518518518518 0.6567708333333333 0.5796296296296296 0.6479166666666667 0.5916666666666667 0.6479166666666667 0.6 0.6515625 0.6027777777777777 0.6369791666666667 0.6 0.6302083333333334 0.6027777777777777 0.628125 0.5981481481481481 0.6302083333333334 0.5953703703703703 0.6291666666666667 0.5888888888888889 0.6229166666666667 0.5787037037037037 0.6177083333333333 0.5861111111111111 0.6088541666666667 0.5851851851851851 0.6067708333333334 0.5888888888888889 0.6104166666666667 0.5916666666666667 0.6072916666666667 0.5925925925925926 0.6052083333333333 0.6 0.6026041666666667 0.6 0.5958333333333333 0.6083333333333333 0.603125 0.6287037037037037 0.6109375 0.6361111111111111 0.6182291666666667 0.6361111111111111 0.6166666666666667 0.6398148148148148 0.6197916666666666 0.6481481481481481 0.6255208333333333 0.6481481481481481 0.6265625 0.6444444444444445 0.6328125 0.6518518518518519 0.6369791666666667 0.649074074074074 0.6411458333333333 0.6527777777777778 0.6473958333333333 0.6444444444444445 0.6515625 0.6462962962962963 0.6541666666666667 0.6407407407407407 0.6557291666666667 0.65 0.6604166666666667 0.6555555555555556 0.6927083333333334 0.6555555555555556 0.6994791666666667 0.6620370370370371 0.7057291666666666 0.6592592592592592 0.7125 0.6620370370370371 0.7442708333333333 0.6592592592592592 0.7510416666666667 0.6648148148148149 0.7625 0.662962962962963 0.7692708333333333 0.6685185185185185 0.7776041666666667 0.6685185185185185 0.7765625 0.6611111111111111 0.7791666666666667 0.6601851851851852 0.7859375 0.6620370370370371 0.7911458333333333 0.6703703703703704 0.7979166666666667 0.674074074074074 0.7989583333333333 0.6787037037037037 0.7932291666666667 0.6953703703703704 0.7760416666666666 0.725925925925926 0.7677083333333333 0.7268518518518519 0.7432291666666667 0.7194444444444444 0.7130208333333333 0.7194444444444444 0.70625 0.7296296296296296 0.6942708333333333 0.7342592592592593 0.6822916666666666 0.7324074074074074 0.6729166666666667 0.7222222222222222 0.6578125 0.7231481481481481 0.6286458333333333 0.7175925925925926 0.5984375 0.7166666666666667 0.58125 0.7055555555555556 0.5713541666666667 0.7101851851851851 0.559375 0.7101851851851851 0.546875 0.7037037037037037 0.5432291666666667 0.6953703703703704 0.5359375 0.6972222222222222 0.5286458333333334 0.6888888888888889 0.5260416666666666 0.6657407407407407 0.528125 0.6231481481481481 0.5322916666666667 0.6101851851851852 0.5354166666666667 0.5907407407407408 0.5411458333333333 0.5833333333333334 0.546875 0.5638888888888889 0.5598958333333334 0.5555555555555556 0.575 0.5564814814814815 0.58125 0.5648148148148148 0.5864583333333333 0.562962962962963 0.5890625 0.5592592592592592 0.5895833333333333 0.5425925925925926 0.5916666666666667 0.5388888888888889 0.6317708333333333 0.5407407407407407
0 0.22552083333333334 0.004629629629629629 0.22916666666666666 0.008333333333333333 0.23385416666666667 0.020370370370370372 0.2375 0.03796296296296296 0.2375 0.05185185185185185 0.23385416666666667 0.06481481481481481 0.21927083333333333 0.06944444444444445 0.21302083333333333 0.06574074074074074 0.20677083333333332 0.04351851851851852 0.20625 0.02962962962962963 0.20989583333333334 0.014814814814814815 0.21354166666666666 0.008333333333333333 0.225 0.004629629629629629
0 0.6963541666666667 0.48518518518518516 0.7411458333333333 0.49166666666666664 0.7453125 0.49444444444444446 0.7463541666666667 0.5018518518518519 0.75 0.5064814814814815 0.7739583333333333 0.5148148148148148 0.778125 0.524074074074074 0.7838541666666666 0.5564814814814815 0.7791666666666667 0.562037037037037 0.7333333333333333 0.5509259259259259 0.6942708333333333 0.5462962962962963 0.6817708333333333 0.5481481481481482 0.6703125 0.5425925925925926 0.6677083333333333 0.5388888888888889 0.6692708333333334 0.5111111111111111 0.6645833333333333 0.5083333333333333 0.6640625 0.5037037037037037 0.6713541666666667 0.5074074074074074 0.6770833333333334 0.4925925925925926 0.6848958333333334 0.48333333333333334 0.6958333333333333 0.48518518518518516
0 0.6583333333333333 0.21666666666666667 0.6734375 0.22592592592592592 0.7067708333333333 0.2564814814814815 0.7333333333333333 0.2972222222222222 0.7338541666666667 0.32314814814814813 0.7255208333333333 0.3416666666666667 0.7192708333333333 0.34814814814814815 0.709375 0.3490740740740741 0.7036458333333333 0.3537037037037037 0.6963541666666667 0.35185185185185186 0.690625 0.33796296296296297 0.6838541666666667 0.3287037037037037 0.6786458333333333 0.31296296296296294 0.675 0.31296296296296294 0.6708333333333333 0.31851851851851853 0.6546875 0.30462962962962964 0.64375 0.30277777777777776 0.6395833333333333 0.2962962962962963 0.6369791666666667 0.2833333333333333 0.6317708333333333 0.2722222222222222 0.6333333333333333 0.24814814814814815 0.6442708333333333 0.22407407407407406 0.6505208333333333 0.21666666666666667 0.6578125 0.21666666666666667
0 0.7046875 0.11296296296296296 0.7265625 0.12222222222222222 0.7416666666666667 0.13518518518518519 0.7463541666666667 0.1712962962962963 0.740625 0.18425925925925926 0.7338541666666667 0.18796296296296297 0.7203125 0.18703703703703703 0.7114583333333333 0.18333333333333332 0.7083333333333334 0.1787037037037037 0.7 0.11851851851851852 0.7005208333333334 0.11388888888888889 0.7041666666666667 0.11296296296296296
1 0.2755208333333333 0.9481481481481482 0.2796875 0.95 0.28177083333333336 0.9601851851851851 0.29010416666666666 0.9694444444444444 0.29010416666666666 0.9842592592592593 0.28541666666666665 0.9861111111111112 0.2828125 0.9722222222222222 0.28020833333333334 0.9796296296296296 0.28072916666666664 0.9833333333333333 0.278125 0.9851851851851852 0.26510416666666664 0.9805555555555555 0.25833333333333336 0.9712962962962963 0.25677083333333334 0.9629629629629629 0.25885416666666666 0.9546296296296296 0.26458333333333334 0.9490740740740741 0.275 0.9490740740740741
1 0.09583333333333334 0.31666666666666665 0.103125 0.3212962962962963 0.10625 0.32685185185185184 0.10989583333333333 0.3398148148148148 0.11614583333333334 0.35185185185185186 0.11614583333333334 0.3611111111111111 0.1046875 0.3490740740740741 0.09114583333333333 0.3277777777777778 0.09166666666666666 0.3194444444444444 0.0953125 0.31666666666666665
1 0.6265625 0.06018518518518518 0.6296875 0.05925925925925926 0.634375 0.08148148148148149 0.6328125 0.09074074074074075 0.6333333333333333 0.11018518518518519 0.6291666666666667 0.10092592592592593 0.6229166666666667 0.1 0.6234375 0.07407407407407407 0.6265625 0.06111111111111111
1 0.2911458333333333 0.9138888888888889 0.3046875 0.9351851851851852 0.3104166666666667 0.9398148148148148 0.3104166666666667 0.9481481481481482 0.3078125 0.9527777777777777 0.2989583333333333 0.9518518518518518 0.29322916666666665 0.9462962962962963 0.2890625 0.950925925925926 0.28229166666666666 0.9435185185185185 0.2828125 0.9305555555555556 0.2864583333333333 0.9185185185185185 0.290625 0.9138888888888889
1 0 0.15555555555555556 0.0046875 0.15648148148148147 0.008333333333333333 0.16111111111111112 0.0203125 0.19166666666666668 0.013541666666666667 0.1925925925925926 0.008854166666666666 0.1824074074074074 0 0.17314814814814813 0 0.15648148148148147
1 0.5395833333333333 0.05462962962962963 0.5453125 0.07222222222222222 0.5427083333333333 0.10277777777777777 0.5401041666666667 0.10648148148148148 0.5380208333333333 0.10555555555555556 0.5359375 0.09537037037037037 0.5348958333333333 0.07407407407407407 0.5390625 0.05555555555555555
1 0.026041666666666668 0.09351851851851851 0.028645833333333332 0.09444444444444444 0.043229166666666666 0.11944444444444445 0.044270833333333336 0.1259259259259259 0.03958333333333333 0.12962962962962962 0.03229166666666667 0.12222222222222222 0.022916666666666665 0.10555555555555556 0.025520833333333333 0.09444444444444444
1 0.9932291666666667 0.8175925925925925 0.9994791666666667 0.8212962962962963 0.9994791666666667 0.8453703703703703 0.99375 0.8490740740740741 0.9911458333333333 0.8444444444444444 0.9880208333333333 0.8444444444444444 0.9776041666666667 0.8555555555555555 0.9651041666666667 0.8490740740740741 0.9635416666666666 0.8462962962962963 0.9645833333333333 0.8416666666666667 0.9755208333333333 0.8305555555555556 0.9838541666666667 0.8175925925925925 0.9927083333333333 0.8175925925925925
1 0.2046875 0.5194444444444445 0.21458333333333332 0.5222222222222223 0.221875 0.5425925925925926 0.23072916666666668 0.5537037037037037 0.23072916666666668 0.5666666666666667 0.22760416666666666 0.5694444444444444 0.22395833333333334 0.5685185185185185 0.21979166666666666 0.5601851851851852 0.2125 0.5564814814814815 0.20625 0.5407407407407407 0.20520833333333333 0.5305555555555556 0.2015625 0.525 0.2015625 0.5212962962962963 0.20416666666666666 0.5194444444444445
1 0.06458333333333334 0.6240740740740741 0.07760416666666667 0.6296296296296297 0.08385416666666666 0.6453703703703704 0.09322916666666667 0.6537037037037037 0.0921875 0.6583333333333333 0.08125 0.6592592592592592 0.07864583333333333 0.6620370370370371 0.07447916666666667 0.6611111111111111 0.06302083333333333 0.6444444444444445 0.06197916666666667 0.6361111111111111 0.058333333333333334 0.6314814814814815 0.057291666666666664 0.625 0.06041666666666667 0.6222222222222222 0.0640625 0.6240740740740741
1 0.30885416666666665 0.7796296296296297 0.3140625 0.7861111111111111 0.32083333333333336 0.7888888888888889 0.32083333333333336 0.8018518518518518 0.3229166666666667 0.8064814814814815 0.32083333333333336 0.8212962962962963 0.3177083333333333 0.8203703703703704 0.315625 0.812037037037037 0.3072916666666667 0.8074074074074075 0.29635416666666664 0.7870370370370371 0.29635416666666664 0.7796296296296297 0.2994791666666667 0.7759259259259259 0.30833333333333335 0.7796296296296297
1 0.21666666666666667 0.5842592592592593 0.2234375 0.5907407407407408 0.2265625 0.5981481481481481 0.22395833333333334 0.6185185185185185 0.22135416666666666 0.6222222222222222 0.21354166666666666 0.6157407407407407 0.20572916666666666 0.5925925925925926 0.20625 0.587037037037037 0.21614583333333334 0.5842592592592593
1 0.5328125 0.1287037037037037 0.5364583333333334 0.1398148148148148 0.5375 0.1527777777777778 0.5359375 0.18425925925925926 0.5328125 0.18611111111111112 0.5317708333333333 0.175 0.5286458333333334 0.16666666666666666 0.5276041666666667 0.14166666666666666 0.5291666666666667 0.12962962962962962 0.5322916666666667 0.1287037037037037
1 0.5208333333333334 0.028703703703703703 0.5234375 0.040740740740740744 0.5239583333333333 0.05648148148148148 0.5223958333333333 0.06296296296296296 0.5177083333333333 0.06111111111111111 0.5151041666666667 0.053703703703703705 0.5161458333333333 0.03148148148148148 0.5182291666666666 0.027777777777777776 0.5203125 0.028703703703703703
1 0.0375 0.13796296296296295 0.046875 0.15092592592592594 0.051041666666666666 0.16574074074074074 0.050520833333333334 0.17222222222222222 0.046875 0.17222222222222222 0.043229166666666666 0.1675925925925926 0.034895833333333334 0.15185185185185185 0.03333333333333333 0.14074074074074075 0.03697916666666667 0.13796296296296295
1 0.011979166666666667 0.7101851851851851 0.0203125 0.7111111111111111 0.03333333333333333 0.7185185185185186 0.036458333333333336 0.7240740740740741 0.03697916666666667 0.7324074074074074 0.04583333333333333 0.7388888888888889 0.043229166666666666 0.7444444444444445 0.014583333333333334 0.737037037037037 0.010416666666666666 0.7231481481481481 0.0046875 0.7166666666666667 0.00625 0.7111111111111111 0.011458333333333333 0.7101851851851851
1 0.42552083333333335 0.32222222222222224 0.42916666666666664 0.3212962962962963 0.4354166666666667 0.3277777777777778 0.43802083333333336 0.3509259259259259 0.4348958333333333 0.37407407407407406 0.4317708333333333 0.37592592592592594 0.42916666666666664 0.35648148148148145 0.42552083333333335 0.35462962962962963 0.4234375 0.34814814814814815 0.42291666666666666 0.3351851851851852 0.42552083333333335 0.32314814814814813
1 0.0078125 0.19166666666666668 0.016666666666666666 0.19537037037037036 0.030208333333333334 0.21296296296296297 0.029166666666666667 0.21666666666666667 0.019270833333333334 0.2111111111111111 0.0140625 0.21296296296296297 0.008854166666666666 0.20277777777777778 0.0078125 0.1925925925925926
1 0.99375 0.4009259259259259 0.9994791666666667 0.4009259259259259 0.9994791666666667 0.4305555555555556 0.9921875 0.4361111111111111 0.98125 0.4564814814814815 0.9739583333333334 0.4564814814814815 0.971875 0.4527777777777778 0.9770833333333333 0.425 0.984375 0.41388888888888886 0.990625 0.40925925925925927 0.99375 0.40185185185185185
1 0.7677083333333333 0.06388888888888888 0.7697916666666667 0.09074074074074075 0.765625 0.1037037037037037 0.7619791666666667 0.10092592592592593 0.7578125 0.1111111111111111 0.7520833333333333 0.10833333333333334 0.753125 0.09537037037037037 0.7583333333333333 0.07407407407407407 0.7645833333333333 0.06388888888888888 0.7671875 0.06388888888888888
1 0.39479166666666665 0.7092592592592593 0.40208333333333335 0.7203703703703703 0.4015625 0.7379629629629629 0.4109375 0.7472222222222222 0.4083333333333333 0.7527777777777778 0.39375 0.7453703703703703 0.3854166666666667 0.7342592592592593 0.384375 0.7101851851851851 0.39427083333333335 0.7092592592592593
1 0.39010416666666664 0.36203703703703705 0.3984375 0.37407407407407406 0.4005208333333333 0.37962962962962965 0.4010416666666667 0.3907407407407407 0.4041666666666667 0.3972222222222222 0.39739583333333334 0.41759259259259257 0.3953125 0.4148148148148148 0.39427083333333335 0.4 0.39010416666666664 0.38981481481481484 0.38645833333333335 0.38796296296296295 0.38333333333333336 0.39537037037037037 0.38385416666666666 0.38055555555555554 0.38697916666666665 0.3638888888888889 0.38958333333333334 0.36203703703703705
1 0.4109375 0.3537037037037037 0.4166666666666667 0.362962962962963 0.4203125 0.37592592592592594 0.4171875 0.40370370370370373 0.41510416666666666 0.4064814814814815 0.4125 0.3907407407407407 0.40729166666666666 0.3814814814814815 0.40572916666666664 0.37037037037037035 0.40729166666666666 0.35555555555555557 0.41041666666666665 0.3537037037037037
1 0.5197916666666667 0 0.5270833333333333 0 0.5276041666666667 0.005555555555555556 0.5276041666666667 0.017592592592592594 0.5255208333333333 0.025925925925925925 0.5203125 0.011111111111111112 0.5197916666666667 0.000925925925925926
1 0.4671875 0.19722222222222222 0.4739583333333333 0.2037037037037037 0.47552083333333334 0.21296296296296297 0.4734375 0.2388888888888889 0.471875 0.24074074074074073 0.46041666666666664 0.22407407407407406 0.4609375 0.20925925925925926 0.4635416666666667 0.2 0.4666666666666667 0.19722222222222222
1 0.7536458333333333 0.18981481481481483 0.75625 0.19444444444444445 0.7552083333333334 0.24259259259259258 0.7510416666666667 0.24074074074074073 0.7515625 0.2324074074074074 0.7489583333333333 0.22777777777777777 0.7411458333333333 0.24074074074074073 0.7369791666666666 0.23796296296296296 0.74375 0.22592592592592592 0.75 0.19166666666666668 0.7515625 0.18796296296296297 0.753125 0.18981481481481483
1 0.0067708333333333336 0.674074074074074 0.034375 0.7064814814814815 0.03697916666666667 0.712037037037037 0.034375 0.7157407407407408 0.014583333333333334 0.7101851851851851 0 0.7018518518518518 0 0.675 0.00625 0.674074074074074
1 0.44427083333333334 0.23148148148148148 0.4505208333333333 0.24444444444444444 0.4546875 0.2712962962962963 0.453125 0.275 0.4484375 0.275 0.44895833333333335 0.2861111111111111 0.4473958333333333 0.2898148148148148 0.44583333333333336 0.2898148148148148 0.4395833333333333 0.25 0.44114583333333335 0.23333333333333334 0.44375 0.23148148148148148
1 0.5015625 0.04814814814814815 0.5072916666666667 0.05648148148148148 0.5052083333333334 0.06481481481481481 0.5041666666666667 0.08611111111111111 0.5015625 0.09351851851851851 0.49635416666666665 0.06759259259259259 0.4973958333333333 0.05092592592592592 0.5010416666666667 0.04814814814814815
1 0.2875 0.850925925925926 0.2994791666666667 0.8611111111111112 0.303125 0.8574074074074074 0.3072916666666667 0.8583333333333333 0.303125 0.8842592592592593 0.3 0.8907407407407407 0.2916666666666667 0.8796296296296297 0.29322916666666665 0.8685185185185185 0.290625 0.8629629629629629 0.2864583333333333 0.862037037037037 0.2828125 0.8694444444444445 0.2796875 0.8629629629629629 0.2791666666666667 0.8574074074074074 0.28125 0.8527777777777777 0.2869791666666667 0.850925925925926
1 0.05625 0.6462962962962963 0.06354166666666666 0.6462962962962963 0.07239583333333334 0.6592592592592592 0.07552083333333333 0.6694444444444444 0.0890625 0.675 0.090625 0.6814814814814815 0.08854166666666667 0.6842592592592592 0.06666666666666667 0.6777777777777778 0.05677083333333333 0.6694444444444444 0.04739583333333333 0.6509259259259259 0.049479166666666664 0.6453703703703704 0.05572916666666667 0.6462962962962963
1 0.6963541666666667 0 0.7005208333333334 0 0.7036458333333333 0.012962962962962963 0.6994791666666667 0.049074074074074076 0.6973958333333333 0.05277777777777778 0.6921875 0.053703703703703705 0.6911458333333333 0.01574074074074074 0.6963541666666667 0.000925925925925926
1 0.5114583333333333 0.05740740740740741 0.5140625 0.06018518518518518 0.5130208333333334 0.09259259259259259 0.5083333333333333 0.09907407407407408 0.50625 0.0962962962962963 0.5046875 0.06759259259259259 0.5083333333333333 0.05555555555555555 0.5109375 0.05740740740740741
1 0.8291666666666667 0.27314814814814814 0.83125 0.2777777777777778 0.8270833333333333 0.28703703703703703 0.8244791666666667 0.30277777777777776 0.8229166666666666 0.3138888888888889 0.8239583333333333 0.3314814814814815 0.8223958333333333 0.3333333333333333 0.8192708333333333 0.33055555555555555 0.8166666666666667 0.31296296296296294 0.8140625 0.30833333333333335 0.8067708333333333 0.32037037037037036 0.8036458333333333 0.3194444444444444 0.803125 0.3138888888888889 0.8140625 0.2962962962962963 0.8208333333333333 0.27870370370370373 0.8286458333333333 0.27314814814814814
1 0.4875 0.1962962962962963 0.4947916666666667 0.20833333333333334 0.49375 0.24444444444444444 0.490625 0.24722222222222223 0.48489583333333336 0.22870370370370371 0.48385416666666664 0.20833333333333334 0.4869791666666667 0.19722222222222222
1 0.5505208333333333 0.39444444444444443 0.5567708333333333 0.40555555555555556 0.5604166666666667 0.4212962962962963 0.5520833333333334 0.43796296296296294 0.5515625 0.4537037037037037 0.5489583333333333 0.45185185185185184 0.5411458333333333 0.4185185185185185 0.5432291666666667 0.4074074074074074 0.5473958333333333 0.3962962962962963 0.55 0.39444444444444443
1 0.4640625 0.22962962962962963 0.46875 0.23425925925925925 0.4713541666666667 0.24444444444444444 0.4703125 0.2777777777777778 0.4666666666666667 0.2916666666666667 0.4640625 0.29259259259259257 0.4640625 0.26851851851851855 0.459375 0.25092592592592594 0.45989583333333334 0.23981481481481481 0.4635416666666667 0.22962962962962963
1 0.11875 0.04537037037037037 0.11927083333333334 0.05 0.115625 0.05277777777777778 0.10625 0.03888888888888889 0.10416666666666667 0.025925925925925925 0.10885416666666667 0.019444444444444445 0.1125 0.025 0.11458333333333333 0.037037037037037035 0.11822916666666666 0.04537037037037037
1 0.5598958333333334 0.06388888888888888 0.5604166666666667 0.0787037037037037 0.5536458333333333 0.08981481481481482 0.5494791666666666 0.07592592592592592 0.5505208333333333 0.06481481481481481 0.553125 0.05555555555555555 0.55625 0.05648148148148148 0.559375 0.06388888888888888
1 0.453125 0.7666666666666667 0.46041666666666664 0.7777777777777778 0.46927083333333336 0.7851851851851852 0.4703125 0.7907407407407407 0.4625 0.7935185185185185 0.45364583333333336 0.8074074074074075 0.44947916666666665 0.8101851851851852 0.4473958333333333 0.8092592592592592 0.4484375 0.7953703703703704 0.4432291666666667 0.7722222222222223 0.44635416666666666 0.7638888888888888 0.45260416666666664 0.7666666666666667
1 0.675 0.3101851851851852 0.678125 0.3111111111111111 0.6828125 0.32407407407407407 0.6817708333333333 0.33796296296296297 0.6723958333333333 0.3574074074074074 0.6682291666666667 0.3574074074074074 0.665625 0.3453703703703704 0.6682291666666667 0.3277777777777778 0.675 0.3111111111111111
1 0.5213541666666667 0.058333333333333334 0.5255208333333333 0.06851851851851852 0.5255208333333333 0.09259259259259259 0.5192708333333333 0.10092592592592593 0.5166666666666667 0.0962962962962963 0.5151041666666667 0.06574074074074074 0.51875 0.05740740740740741 0.5208333333333334 0.058333333333333334
1 0.25677083333333334 0.8527777777777777 0.2677083333333333 0.8731481481481481 0.25833333333333336 0.9037037037037037 0.2546875 0.9009259259259259 0.24947916666666667 0.8842592592592593 0.24270833333333333 0.8787037037037037 0.23802083333333332 0.8629629629629629 0.2390625 0.8583333333333333 0.24739583333333334 0.8518518518518519 0.25625 0.8527777777777777
1 0.6838541666666667 0.18518518518518517 0.6890625 0.20925925925925926 0.6828125 0.22037037037037038 0.6817708333333333 0.23148148148148148 0.6755208333333333 0.22777777777777777 0.6744791666666666 0.22037037037037038 0.6755208333333333 0.19722222222222222 0.6807291666666667 0.18518518518518517 0.6833333333333333 0.18518518518518517
1 0.4390625 0.9435185185185185 0.4432291666666667 0.95 0.45 0.9527777777777777 0.453125 0.9611111111111111 0.45 0.9768518518518519 0.4401041666666667 0.9796296296296296 0.4375 0.9777777777777777 0.42916666666666664 0.9574074074074074 0.42916666666666664 0.9527777777777777 0.4322916666666667 0.9472222222222222 0.43854166666666666 0.9435185185185185
1 0.2755208333333333 0.9092592592592592 0.275 0.9212962962962963 0.26614583333333336 0.9268518518518518 0.26197916666666665 0.9259259259259259 0.2552083333333333 0.9453703703703704 0.2515625 0.9453703703703704 0.24010416666666667 0.9259259259259259 0.23645833333333333 0.924074074074074 0.23489583333333333 0.9194444444444444 0.2359375 0.9148148148148149 0.240625 0.9092592592592592 0.2453125 0.9083333333333333 0.26197916666666665 0.9222222222222223 0.2713541666666667 0.9101851851851852 0.275 0.9092592592592592
1 0.9859375 0.47314814814814815 0.9885416666666667 0.46574074074074073 0.9994791666666667 0.45 0.9994791666666667 0.4685185185185185 0.9916666666666667 0.4777777777777778 0.9869791666666666 0.47685185185185186 0.9864583333333333 0.4740740740740741