0 0.6703125 0.637962962962963 0.7197916666666667 0.6555555555555556 0.7276041666666667 0.6555555555555556 0.7385416666666667 0.6694444444444444 0.7578125 0.6805555555555556 0.7619791666666667 0.6898148148148148 0.765625 0.7074074074074074 0.7651041666666667 0.7416666666666667 0.7583333333333333 0.7620370370370371 0.7447916666666666 0.7694444444444445 0.7333333333333333 0.7666666666666667 0.7239583333333334 0.7555555555555555 0.7005208333333334 0.7425925925925926 0.6802083333333333 0.7361111111111112 0.6697916666666667 0.7407407407407407 0.6572916666666667 0.737037037037037 0.653125 0.725 0.646875 0.7157407407407408 0.6442708333333333 0.7046296296296296 0.6458333333333334 0.6638888888888889 0.6473958333333333 0.6555555555555556 0.6572916666666667 0.6370370370370371 0.6697916666666667 0.637962962962963
0 0.6104166666666667 0.25462962962962965 0.6192708333333333 0.2638888888888889 0.6302083333333334 0.28703703703703703 0.6484375 0.3416666666666667 0.6473958333333333 0.3574074074074074 0.64375 0.36574074074074076 0.6276041666666666 0.37407407407407406 0.6213541666666667 0.37407407407407406 0.6119791666666666 0.3675925925925926 0.6083333333333333 0.35185185185185186 0.59375 0.31666666666666665 0.5838541666666667 0.30185185185185187 0.5838541666666667 0.275 0.5880208333333333 0.26296296296296295 0.5947916666666667 0.25462962962962965 0.6005208333333333 0.2518518518518518 0.6098958333333333 0.25462962962962965
0 0.4557291666666667 0 0.5130208333333334 0 0.4979166666666667 0.02962962962962963 0.48541666666666666 0.040740740740740744 0.45677083333333335 0.030555555555555555 0.4552083333333333 0.026851851851851852 0.4557291666666667 0.000925925925925926
0 0.5244791666666667 0.5898148148148148 0.5489583333333333 0.5944444444444444 0.5588541666666667 0.6037037037037037 0.5645833333333333 0.6194444444444445 0.5661458333333333 0.6314814814814815 0.5666666666666667 0.6509259259259259 0.5645833333333333 0.6666666666666666 0.5489583333333333 0.6796296296296296 0.5338541666666666 0.6759259259259259 0.4973958333333333 0.6787037037037037 0.48072916666666665 0.6861111111111111 0.4734375 0.6851851851851852 0.46875 0.6796296296296296 0.4630208333333333 0.6777777777777778 0.45989583333333334 0.6722222222222223 0.45729166666666665 0.6444444444444445 0.45729166666666665 0.6194444444444445 0.459375 0.6046296296296296 0.4661458333333333 0.5981481481481481 0.4859375 0.5916666666666667 0.5239583333333333 0.5898148148148148
0 0.5901041666666667 0.03888888888888889 0.5953125 0.04259259259259259 0.60625 0.06018518518518518 0.6135416666666667 0.07592592592592592 0.6140625 0.08796296296296297 0.6197916666666666 0.10092592592592593 0.6197916666666666 0.1111111111111111 0.6166666666666667 0.12037037037037036 0.6026041666666667 0.12685185185185185 0.5958333333333333 0.1259259259259259 0.5890625 0.11944444444444445 0.5708333333333333 0.07777777777777778 0.5723958333333333 0.05092592592592592 0.5796875 0.040740740740740744 0.5895833333333333 0.03888888888888889
0 0.6052083333333333 0 0.640625 0 0.6411458333333333 0.003703703703703704 0.6380208333333334 0.03148148148148148 0.6276041666666666 0.05555555555555555 0.6208333333333333 0.058333333333333334 0.6125 0.05648148148148148 0.6052083333333333 0.04722222222222222 0.6052083333333333 0.03518518518518519 0.6015625 0.023148148148148147 0.6020833333333333 0.012037037037037037 0.6052083333333333 0.000925925925925926
0 0.7677083333333333 0.18703703703703703 0.7760416666666666 0.1925925925925926 0.7796875 0.2111111111111111 0.7807291666666667 0.23425925925925925 0.784375 0.24444444444444444 0.7833333333333333 0.24814814814814815 0.7755208333333333 0.25 0.7828125 0.2657407407407407 0.7833333333333333 0.29074074074074074 0.7791666666666667 0.30092592592592593 0.7739583333333333 0.3055555555555556 0.7520833333333333 0.3 0.746875 0.2962962962962963 0.7442708333333333 0.28703703703703703 0.7447916666666666 0.22685185185185186 0.7505208333333333 0.22685185185185186 0.7614583333333333 0.23796296296296296 0.7666666666666667 0.23703703703703705 0.7630208333333334 0.22962962962962963 0.75625 0.225 0.7484375 0.21296296296296297 0.7473958333333334 0.20462962962962963 0.7489583333333333 0.1935185185185185 0.7505208333333333 0.18888888888888888 0.7546875 0.18611111111111112 0.7671875 0.18703703703703703
1 0.7979166666666667 0.15 0.8010416666666667 0.15833333333333333 0.7895833333333333 0.19074074074074074 0.7864583333333334 0.1925925925925926 0.7854166666666667 0.18518518518518517 0.7895833333333333 0.1574074074074074 0.7932291666666667 0.15 0.7973958333333333 0.15
1 0.11197916666666667 0.10277777777777777 0.11666666666666667 0.10277777777777777 0.12291666666666666 0.11203703703703703 0.12447916666666667 0.12962962962962962 0.1296875 0.1398148148148148 0.12291666666666666 0.1425925925925926 0.1171875 0.1388888888888889 0.11510416666666666 0.125 0.11145833333333334 0.11574074074074074 0.11197916666666667 0.1037037037037037
1 0.4088541666666667 0.799074074074074 0.41354166666666664 0.8046296296296296 0.4171875 0.8240740740740741 0.42135416666666664 0.8324074074074074 0.42239583333333336 0.8453703703703703 0.4192708333333333 0.8453703703703703 0.41510416666666666 0.8388888888888889 0.4088541666666667 0.8416666666666667 0.4036458333333333 0.8305555555555556 0.4036458333333333 0.8046296296296296 0.40520833333333334 0.8 0.4083333333333333 0.799074074074074
1 0.6125 0.17777777777777778 0.6166666666666667 0.17685185185185184 0.6197916666666666 0.18888888888888888 0.6166666666666667 0.21296296296296297 0.6125 0.21203703703703702 0.6088541666666667 0.22037037037037038 0.609375 0.18796296296296297 0.6125 0.1787037037037037
1 0.6411458333333333 0.1111111111111111 0.64375 0.12314814814814815 0.6401041666666667 0.14722222222222223 0.6369791666666667 0.15462962962962962 0.6333333333333333 0.1537037037037037 0.6328125 0.12407407407407407 0.640625 0.1111111111111111
1 0.5848958333333333 0.15555555555555556 0.5880208333333333 0.15555555555555556 0.590625 0.1648148148148148 0.5864583333333333 0.19814814814814816 0.5848958333333333 0.20277777777777778 0.5828125 0.20185185185185187 0.58125 0.1814814814814815 0.5848958333333333 0.15648148148148147
1 0.5432291666666667 0.11944444444444445 0.5453125 0.125 0.5442708333333334 0.15092592592592594 0.5395833333333333 0.16111111111111112 0.5364583333333334 0.16203703703703703 0.5390625 0.12129629629629629 0.5427083333333333 0.11944444444444445
1 0.8596354166666667 0.07222222222222222 0.015104166666666667 0.037037037037037035
1 0.15104166666666666 0.008333333333333333 0.15416666666666667 0.009259259259259259 0.15989583333333332 0.022222222222222223 0.16302083333333334 0.041666666666666664 0.16302083333333334 0.04722222222222222 0.159375 0.049074074074074076 0.15572916666666667 0.037037037037037035 0.14947916666666666 0.027777777777777776 0.15104166666666666 0.009259259259259259
1 0.13020833333333334 0.014814814814814815 0.14010416666666667 0.04259259259259259 0.1375 0.04814814814814815 0.1328125 0.046296296296296294 0.12395833333333334 0.023148148148148147 0.125 0.01574074074074074 0.1296875 0.014814814814814815
1 0.17135416666666667 0.007407407407407408 0.17604166666666668 0.022222222222222223 0.17864583333333334 0.04814814814814815 0.175 0.04722222222222222 0.17135416666666667 0.032407407407407406 0.1671875 0.024074074074074074 0.16770833333333332 0.008333333333333333 0.17083333333333334 0.007407407407407408
1 0.659375 0.11944444444444445 0.6604166666666667 0.1361111111111111 0.6515625 0.1638888888888889 0.6494791666666667 0.15092592592592594 0.6494791666666667 0.13240740740740742 0.6557291666666667 0.11851851851851852 0.6588541666666666 0.11944444444444445
1 0.4505208333333333 0.2916666666666667 0.45677083333333335 0.3037037037037037 0.45729166666666665 0.325 0.45260416666666664 0.3472222222222222 0.45 0.35 0.45 0.32592592592592595 0.44583333333333336 0.3194444444444444 0.4421875 0.32222222222222224 0.44635416666666666 0.2935185185185185 0.45 0.2916666666666667
1 0.04114583333333333 0.18518518518518517 0.05625 0.21666666666666667 0.05 0.22962962962962963 0.046875 0.22685185185185186 0.042708333333333334 0.2064814814814815 0.0359375 0.19814814814814816 0.03697916666666667 0.1925925925925926 0.035416666666666666 0.18611111111111112 0.040625 0.18518518518518517
1 0.7859375 0.37962962962962965 0.8036458333333333 0.3648148148148148 0.8072916666666666 0.3648148148148148 0.809375 0.37962962962962965 0.8083333333333333 0.38796296296296295 0.7942708333333334 0.42314814814814816 0.7916666666666666 0.4212962962962963 0.7916666666666666 0.41574074074074074 0.7885416666666667 0.4111111111111111 0.7947916666666667 0.37962962962962965 0.7864583333333334 0.38055555555555554
1 0.475 0.1675925925925926 0.4791666666666667 0.1712962962962963 0.4817708333333333 0.1787037037037037 0.4791666666666667 0.21666666666666667 0.47708333333333336 0.2222222222222222 0.47552083333333334 0.21944444444444444 0.47552083333333334 0.20462962962962963 0.4703125 0.18888888888888888 0.471875 0.16944444444444445 0.4744791666666667 0.1675925925925926
1 0.79375 0.08981481481481482 0.7973958333333333 0.09537037037037037 0.7984375 0.10185185185185185 0.7916666666666666 0.12685185185185185 0.7885416666666667 0.13148148148148148 0.7854166666666667 0.13055555555555556 0.7854166666666667 0.12222222222222222 0.7890625 0.09722222222222222 0.7932291666666667 0.08981481481481482
1 0.14479166666666668 0.022222222222222223 0.15208333333333332 0.03611111111111111 0.15104166666666666 0.044444444444444446 0.14479166666666668 0.046296296296296294 0.14322916666666666 0.046296296296296294 0.14010416666666667 0.03148148148148148 0.140625 0.023148148148148147 0.14427083333333332 0.022222222222222223
1 0.48541666666666666 0.2851851851851852 0.4890625 0.29444444444444445 0.48854166666666665 0.3277777777777778 0.4875 0.33240740740740743 0.4817708333333333 0.33796296296296297 0.4796875 0.33796296296296297 0.4786458333333333 0.2972222222222222 0.4796875 0.28888888888888886 0.48489583333333336 0.2851851851851852
1 0.14739583333333334 0.04351851851851852 0.153125 0.046296296296296294 0.15520833333333334 0.05185185185185185 0.15520833333333334 0.06851851851851852 0.15885416666666666 0.08333333333333333 0.15364583333333334 0.08425925925925926 0.14375 0.05185185185185185 0.14375 0.046296296296296294 0.146875 0.044444444444444446
1 0.4666666666666667 0.2824074074074074 0.4708333333333333 0.275 0.4734375 0.2759259259259259 0.4765625 0.2851851851851852 0.4744791666666667 0.32314814814814813 0.4734375 0.3277777777777778 0.46979166666666666 0.3296296296296296 0.46979166666666666 0.3194444444444444 0.4671875 0.31296296296296294 0.465625 0.2962962962962963 0.4666666666666667 0.2833333333333333
1 0.08229166666666667 0.06111111111111111 0.08854166666666667 0.0712962962962963 0.0921875 0.08981481481481482 0.09583333333333334 0.09814814814814815 0.0953125 0.10185185185185185 0.09270833333333334 0.10277777777777777 0.08958333333333333 0.1 0.07708333333333334 0.07407407407407407 0.0765625 0.06388888888888888 0.08177083333333333 0.06111111111111111
1 0.9145833333333333 0.47962962962962963 0.9145833333333333 0.49907407407407406 0.9072916666666667 0.512962962962963 0.9005208333333333 0.5157407407407407 0.890625 0.5333333333333333 0.8880208333333334 0.5324074074074074 0.8895833333333333 0.5194444444444445 0.8869791666666667 0.5148148148148148 0.8953125 0.49907407407407406 0.8963541666666667 0.487962962962963 0.9020833333333333 0.48055555555555557 0.9140625 0.47962962962962963
1 0.2942708333333333 0.8888888888888888 0.30052083333333335 0.9027777777777778 0.30520833333333336 0.9074074074074074 0.30364583333333334 0.9157407407407407 0.30625 0.924074074074074 0.30104166666666665 0.9305555555555556 0.29375 0.9185185185185185 0.2864583333333333 0.9185185185185185 0.28489583333333335 0.9074074074074074 0.28125 0.9009259259259259 0.2828125 0.8898148148148148 0.2875 0.8861111111111111 0.29375 0.8888888888888888
1 0.4901041666666667 0.36574074074074076 0.49375 0.36574074074074076 0.4979166666666667 0.3768518518518518 0.49583333333333335 0.4111111111111111 0.4875 0.42685185185185187 0.4859375 0.4222222222222222 0.4869791666666667 0.37962962962962965 0.4901041666666667 0.36666666666666664
1 0.8557291666666667 0.387037037037037 0.859375 0.3962962962962963 0.8588541666666667 0.41388888888888886 0.8541666666666666 0.41759259259259257 0.8520833333333333 0.42592592592592593 0.8479166666666667 0.42407407407407405 0.8411458333333334 0.42777777777777776 0.8395833333333333 0.425 0.8489583333333334 0.3972222222222222 0.8552083333333333 0.38796296296296295
1 0.48854166666666665 0.7361111111111112 0.49322916666666666 0.7407407407407407 0.4942708333333333 0.7759259259259259 0.4921875 0.7796296296296297 0.4864583333333333 0.7759259259259259 0.478125 0.7546296296296297 0.478125 0.7509259259259259 0.4822916666666667 0.7462962962962963 0.48333333333333334 0.737037037037037 0.48802083333333335 0.7361111111111112
1 0.2125 0.9435185185185185 0.22291666666666668 0.9527777777777777 0.22083333333333333 0.9648148148148148 0.22708333333333333 0.9879629629629629 0.22083333333333333 0.9990740740740741 0.21197916666666666 0.9990740740740741 0.20989583333333334 0.9962962962962963 0.20572916666666666 0.9805555555555555 0.19947916666666668 0.9685185185185186 0.1984375 0.9601851851851851 0.19270833333333334 0.9537037037037037 0.19270833333333334 0.9490740740740741 0.20572916666666666 0.937962962962963 0.209375 0.937962962962963 0.21197916666666666 0.9435185185185185
1 0.128125 0.049074074074074076 0.13489583333333333 0.05462962962962963 0.13854166666666667 0.07037037037037037 0.14479166666666668 0.08425925925925926 0.14375 0.09166666666666666 0.140625 0.09259259259259259 0.1328125 0.07407407407407407 0.1265625 0.06759259259259259 0.125 0.05092592592592592 0.12760416666666666 0.049074074074074076
1 0.37447916666666664 0.43703703703703706 0.3776041666666667 0.4425925925925926 0.3796875 0.4648148148148148 0.3796875 0.4824074074074074 0.3765625 0.48518518518518516 0.37604166666666666 0.4759259259259259 0.3734375 0.47129629629629627 0.36875 0.4740740740740741 0.365625 0.44722222222222224 0.3671875 0.43148148148148147 0.371875 0.43148148148148147 0.37395833333333334 0.43703703703703706
1 0.5708333333333333 0 0.5744791666666667 0 0.5791666666666667 0.020370370370370372 0.5760416666666667 0.04259259259259259 0.5671875 0.049074074074074076 0.5708333333333333 0.000925925925925926
1 0.1296875 0.06944444444444445 0.13385416666666666 0.07407407407407407 0.14375 0.10555555555555556 0.14010416666666667 0.10740740740740741 0.13697916666666668 0.09907407407407408 0.13489583333333333 0.1037037037037037 0.1359375 0.11296296296296296 0.13333333333333333 0.11481481481481481 0.13125 0.09814814814814815 0.12604166666666666 0.0824074074074074 0.12604166666666666 0.075 0.12916666666666668 0.07037037037037037
1 0.32135416666666666 0.725 0.328125 0.7379629629629629 0.32708333333333334 0.7601851851851852 0.3328125 0.7777777777777778 0.33177083333333335 0.7833333333333333 0.328125 0.7824074074074074 0.3229166666666667 0.7675925925925926 0.31145833333333334 0.75 0.3098958333333333 0.7194444444444444 0.3140625 0.7185185185185186 0.3171875 0.7240740740740741 0.32083333333333336 0.725
1 0 0.20925925925925926 0.00625 0.21296296296296297 0.011979166666666667 0.2222222222222222 0.014583333333333334 0.2388888888888889 0.013020833333333334 0.24444444444444444 0.009895833333333333 0.24444444444444444 0 0.23055555555555557 0 0.2101851851851852
1 0.6317708333333333 0.08518518518518518 0.634375 0.0787037037037037 0.6369791666666667 0.07777777777777778 0.6411458333333333 0.09166666666666666 0.6375 0.10277777777777777 0.6380208333333334 0.11203703703703703 0.6322916666666667 0.12129629629629629 0.6307291666666667 0.09537037037037037 0.6317708333333333 0.08611111111111111
1 0.07083333333333333 0.09907407407407408 0.08229166666666667 0.10925925925925926 0.08541666666666667 0.12685185185185185 0.09166666666666666 0.13333333333333333 0.09114583333333333 0.13703703703703704 0.08697916666666666 0.1388888888888889 0.07916666666666666 0.12962962962962962 0.07291666666666667 0.11851851851851852 0.06927083333333334 0.10462962962962963 0.0703125 0.1
1 0.1609375 0.07083333333333333 0.014583333333333334 0.03981481481481482
1 0.6932291666666667 0.25555555555555554 0.7010416666666667 0.262037037037037 0.6958333333333333 0.30462962962962964 0.69375 0.30648148148148147 0.690625 0.3037037037037037 0.690625 0.2814814814814815 0.6875 0.2722222222222222 0.6890625 0.2601851851851852 0.6927083333333334 0.25555555555555554
1 0.315625 0.8629629629629629 0.31875 0.8703703703703703 0.3296875 0.8805555555555555 0.3307291666666667 0.8944444444444445 0.334375 0.9046296296296297 0.32864583333333336 0.9138888888888889 0.32447916666666665 0.9037037037037037 0.3171875 0.8972222222222223 0.3125 0.8870370370370371 0.3125 0.8796296296296297 0.30885416666666665 0.8657407407407407 0.31197916666666664 0.862037037037037 0.3151041666666667 0.8629629629629629
1 0.11354166666666667 0.044444444444444446 0.12291666666666666 0.06111111111111111 0.1234375 0.0824074074074074 0.11979166666666667 0.08518518518518518 0.10885416666666667 0.062037037037037036 0.10729166666666666 0.05462962962962963 0.10677083333333333 0.046296296296296294 0.10885416666666667 0.04351851851851852 0.11302083333333333 0.044444444444444446
1 0.17916666666666667 0 0.18697916666666667 0 0.19322916666666667 0.021296296296296296 0.1921875 0.025925925925925925 0.1875 0.025925925925925925 0.18020833333333333 0.008333333333333333 0.17916666666666667 0.000925925925925926
1 0.01875 0.18981481481481483 0.022916666666666665 0.19074074074074074 0.028125 0.19814814814814816 0.034895833333333334 0.2175925925925926 0.04114583333333333 0.22870370370370371 0.04010416666666667 0.2324074074074074 0.03697916666666667 0.2324074074074074 0.025520833333333333 0.22037037037037038 0.01875 0.19074074074074074
1 0.515625 0.3287037037037037 0.5171875 0.3111111111111111 0.5135416666666667 0.28703703703703703 0.51875 0.2759259259259259 0.5244791666666667 0.28703703703703703 0.525 0.2935185185185185 0.5223958333333333 0.3194444444444444 0.51875 0.3287037037037037 0.5161458333333333 0.3287037037037037
1 0.18541666666666667 0.9648148148148148 0.20208333333333334 0.975 0.20364583333333333 0.987037037037037 0.2 0.9962962962962963 0.19583333333333333 0.9962962962962963 0.18177083333333333 0.9842592592592593 0.17447916666666666 0.9731481481481481 0.175 0.9657407407407408 0.18489583333333334 0.9648148148148148
1 0.8432291666666667 0.16203703703703703 0.846875 0.1685185185185185 0.8473958333333333 0.17777777777777778 0.8380208333333333 0.20092592592592592 0.834375 0.1962962962962963 0.8348958333333333 0.18333333333333332 0.8401041666666667 0.1638888888888889 0.8427083333333333 0.16203703703703703
1 0.8015625 0.5990740740740741 0.8036458333333333 0.6018518518518519 0.803125 0.6212962962962963 0.7963541666666667 0.6296296296296297 0.7854166666666667 0.6509259259259259 0.7822916666666667 0.6509259259259259 0.7755208333333333 0.6407407407407407 0.7770833333333333 0.6305555555555555 0.7885416666666667 0.6055555555555555 0.7963541666666667 0.5990740740740741 0.8010416666666667 0.5990740740740741
1 0.25416666666666665 0.9101851851851852 0.2609375 0.9138888888888889 0.265625 0.9222222222222223 0.26666666666666666 0.9462962962962963 0.2625 0.9527777777777777 0.2484375 0.950925925925926 0.24375 0.9453703703703704 0.2421875 0.937962962962963 0.24114583333333334 0.9212962962962963 0.2484375 0.9101851851851852 0.25364583333333335 0.9101851851851852
1 0.4984375 0.30787037037037035 0.011458333333333333 0.058333333333333334
1 0.47760416666666666 0.37222222222222223 0.48541666666666666 0.3907407407407407 0.48385416666666664 0.4101851851851852 0.478125 0.43425925925925923 0.475 0.4324074074074074 0.47604166666666664 0.40925925925925927 0.4703125 0.4 0.4708333333333333 0.387037037037037 0.4739583333333333 0.37592592592592594 0.47708333333333336 0.37222222222222223
1 0.6291666666666667 0.1361111111111111 0.63125 0.14814814814814814 0.6229166666666667 0.18333333333333332 0.6197916666666666 0.17777777777777778 0.6192708333333333 0.15092592592592594 0.6229166666666667 0.13703703703703704 0.6286458333333333 0.1361111111111111
1 0.6541666666666667 0.8240740740740741 0.6526041666666667 0.8527777777777777 0.6546875 0.8657407407407407 0.6526041666666667 0.8666666666666667 0.640625 0.8574074074074074 0.6333333333333333 0.8638888888888889 0.6302083333333334 0.8629629629629629 0.6302083333333334 0.8583333333333333 0.6395833333333333 0.8490740740740741 0.640625 0.8398148148148148 0.6453125 0.8268518518518518 0.6536458333333334 0.8240740740740741
1 0.75625 0.10462962962962963 0.0125 0.044444444444444446
1 0.7442708333333333 0.18518518518518517 0.7463541666666667 0.1925925925925926 0.7458333333333333 0.2037037037037037 0.740625 0.20185185185185187 0.7369791666666666 0.2064814814814815 0.7401041666666667 0.21851851851851853 0.7375 0.23703703703703705 0.7296875 0.23333333333333334 0.7286458333333333 0.22962962962962963 0.734375 0.20185185185185187 0.7411458333333333 0.18703703703703703 0.74375 0.18611111111111112
1 0.4703125 0.9277777777777778 0.47708333333333336 0.9361111111111111 0.47708333333333336 0.9435185185185185 0.4739583333333333 0.9481481481481482 0.47239583333333335 0.9648148148148148 0.46458333333333335 0.9722222222222222 0.4609375 0.9666666666666667 0.46145833333333336 0.9425925925925925 0.4635416666666667 0.9342592592592592 0.4671875 0.9277777777777778 0.46979166666666666 0.9277777777777778
1 0.359375 0.42685185185185187 0.365625 0.4444444444444444 0.36666666666666664 0.4666666666666667 0.36875 0.47314814814814815 0.36302083333333335 0.48148148148148145 0.3609375 0.48055555555555557 0.3567708333333333 0.46296296296296297 0.3536458333333333 0.44166666666666665 0.35572916666666665 0.42777777777777776 0.35885416666666664 0.42685185185185187
1 0.37083333333333335 0.025925925925925925 0.3765625 0.04537037037037037 0.3776041666666667 0.05925925925925926 0.37552083333333336 0.06296296296296296 0.3697916666666667 0.06111111111111111 0.36614583333333334 0.03981481481481482 0.3671875 0.027777777777777776 0.3703125 0.025925925925925925
1 0.9005208333333333 0.4583333333333333 0.903125 0.462037037037037 0.9015625 0.4740740740740741 0.8807291666666667 0.5055555555555555 0.8786458333333333 0.5037037037037037 0.878125 0.4935185185185185 0.88125 0.4824074074074074 0.8817708333333333 0.47129629629629627 0.8875 0.46296296296296297 0.9 0.4583333333333333
1 0.271875 0.8870370370370371 0.2755208333333333 0.8972222222222223 0.28072916666666664 0.899074074074074 0.28541666666666665 0.9083333333333333 0.28854166666666664 0.9212962962962963 0.28854166666666664 0.9277777777777778 0.2864583333333333 0.9324074074074075 0.2838541666666667 0.9324074074074075 0.2838541666666667 0.9287037037037037 0.28072916666666664 0.925 0.2682291666666667 0.9212962962962963 0.2630208333333333 0.9138888888888889 0.2625 0.8935185185185185 0.26614583333333336 0.887962962962963 0.2713541666666667 0.8870370370370371