1 0.8520833333333333 0.18703703703703703 0.8557291666666667 0.18518518518518517 0.8572916666666667 0.19444444444444445 0.8526041666666667 0.21666666666666667 0.8520833333333333 0.22777777777777777 0.85 0.23148148148148148 0.8458333333333333 0.23148148148148148 0.8427083333333333 0.22685185185185186 0.8484375 0.19444444444444445 0.8520833333333333 0.18796296296296297
1 0.4317708333333333 0.5657407407407408 0.4375 0.5842592592592593 0.4359375 0.5953703703703703 0.43697916666666664 0.6046296296296296 0.43385416666666665 0.6157407407407407 0.4354166666666667 0.6222222222222222 0.4322916666666667 0.6287037037037037 0.42916666666666664 0.6277777777777778 0.43125 0.6157407407407407 0.43020833333333336 0.6055555555555555 0.42135416666666664 0.5842592592592593 0.421875 0.5787037037037037 0.4276041666666667 0.5675925925925925 0.43125 0.5657407407407408
1 0.16666666666666666 0.2490740740740741 0.17239583333333333 0.2601851851851852 0.17239583333333333 0.27037037037037037 0.178125 0.2777777777777778 0.171875 0.2898148148148148 0.16197916666666667 0.25555555555555554 0.1625 0.25 0.16614583333333333 0.2490740740740741
1 0.6541666666666667 0.2 0.010416666666666666 0.04259259259259259
1 0.3765625 0.08425925925925926 0.3729166666666667 0.06851851851851852 0.3729166666666667 0.06111111111111111 0.37604166666666666 0.05648148148148148 0.3796875 0.06851851851851852 0.3796875 0.08333333333333333 0.3770833333333333 0.08425925925925926
1 0.8359375 0.23981481481481481 0.8385416666666666 0.24351851851851852 0.8385416666666666 0.25833333333333336 0.8322916666666667 0.275 0.825 0.2833333333333333 0.8213541666666667 0.27870370370370373 0.8239583333333333 0.27037037037037037 0.8239583333333333 0.2574074074074074 0.8276041666666667 0.24074074074074073 0.8354166666666667 0.23981481481481481
1 0.6661458333333333 0.18333333333333332 0.66875 0.18888888888888888 0.6692708333333334 0.2 0.6682291666666667 0.22037037037037038 0.6645833333333333 0.2222222222222222 0.6619791666666667 0.21851851851851853 0.6619791666666667 0.20555555555555555 0.6625 0.18796296296296297 0.665625 0.18333333333333332
1 0.13958333333333334 0.25833333333333336 0.14947916666666666 0.2657407407407407 0.1515625 0.2796296296296296 0.15572916666666667 0.2851851851851852 0.15052083333333333 0.29444444444444445 0.14895833333333333 0.2935185185185185 0.1390625 0.26851851851851855 0.13958333333333334 0.25925925925925924
1 0.34322916666666664 0.3611111111111111 0.3489583333333333 0.3851851851851852 0.3489583333333333 0.4111111111111111 0.3453125 0.4083333333333333 0.34427083333333336 0.39351851851851855 0.3390625 0.3768518518518518 0.33958333333333335 0.3638888888888889 0.34270833333333334 0.3611111111111111
1 0.11822916666666666 0.3 0.121875 0.30648148148148147 0.12291666666666666 0.325 0.12760416666666666 0.33796296296296297 0.12708333333333333 0.3425925925925926 0.1234375 0.34444444444444444 0.12083333333333333 0.3435185185185185 0.115625 0.3314814814814815 0.11302083333333333 0.31851851851851853 0.11302083333333333 0.30462962962962964 0.11458333333333333 0.3 0.11770833333333333 0.3
1 0.30911458333333336 0.12175925925925926 0.0078125 0.032407407407407406
1 0.1890625 0.22592592592592592 0.1953125 0.23703703703703705 0.19791666666666666 0.2518518518518518 0.19583333333333333 0.25925925925925924 0.1921875 0.2564814814814815 0.1875 0.24166666666666667 0.1859375 0.22870370370370371 0.18854166666666666 0.22592592592592592
1 0.6682291666666667 0.1175925925925926 0.6713541666666667 0.12314814814814815 0.6703125 0.14351851851851852 0.6671875 0.14351851851851852 0.665625 0.1388888888888889 0.6677083333333333 0.11851851851851852
1 0.12395833333333334 0.22870370370370371 0.13177083333333334 0.24814814814814815 0.13385416666666666 0.2657407407407407 0.13229166666666667 0.26851851851851855 0.128125 0.2657407407407407 0.12708333333333333 0.25555555555555554 0.1203125 0.24259259259259258 0.1203125 0.2324074074074074 0.1234375 0.22870370370370371
1 0.32083333333333336 0.8185185185185185 0.328125 0.8222222222222222 0.3416666666666667 0.8527777777777777 0.34322916666666664 0.862037037037037 0.3421875 0.8805555555555555 0.334375 0.8740740740740741 0.328125 0.8611111111111112 0.32083333333333336 0.8694444444444445 0.3203125 0.8490740740740741 0.309375 0.8277777777777777 0.3140625 0.8194444444444444 0.3203125 0.8185185185185185
1 0.42864583333333334 0.8694444444444445 0.4328125 0.875 0.4421875 0.9009259259259259 0.4421875 0.9064814814814814 0.4390625 0.9120370370370371 0.4354166666666667 0.9120370370370371 0.43125 0.9194444444444444 0.42864583333333334 0.9314814814814815 0.425 0.9361111111111111 0.42135416666666664 0.9351851851851852 0.4265625 0.9148148148148149 0.42604166666666665 0.9055555555555556 0.42291666666666666 0.8953703703703704 0.42135416666666664 0.8935185185185185 0.41770833333333335 0.9 0.41458333333333336 0.9 0.41510416666666666 0.8935185185185185 0.42291666666666666 0.8731481481481481 0.428125 0.8703703703703703
1 0.478125 0.7157407407407408 0.4822916666666667 0.7203703703703703 0.48385416666666664 0.7305555555555555 0.478125 0.7518518518518519 0.4786458333333333 0.7722222222222223 0.47708333333333336 0.7759259259259259 0.4744791666666667 0.7722222222222223 0.4713541666666667 0.7453703703703703 0.4661458333333333 0.7231481481481481 0.46979166666666666 0.7157407407407408 0.47760416666666666 0.7157407407407408
1 0.2828125 0.1398148148148148 0.2864583333333333 0.14814814814814814 0.2875 0.1648148148148148 0.2828125 0.17592592592592593 0.2786458333333333 0.1537037037037037 0.2786458333333333 0.14351851851851852 0.28229166666666666 0.1398148148148148
1 0.26666666666666666 0.14907407407407408 0.27395833333333336 0.17037037037037037 0.2734375 0.175 0.26875 0.17962962962962964 0.265625 0.1787037037037037 0.2630208333333333 0.15925925925925927 0.2630208333333333 0.15092592592592594 0.26614583333333336 0.14907407407407408
1 0.328125 0.13518518518518519 0.3307291666666667 0.14722222222222223 0.33177083333333335 0.16944444444444445 0.328125 0.1685185185185185 0.3223958333333333 0.14444444444444443 0.32395833333333335 0.13703703703703704 0.32760416666666664 0.1361111111111111
1 0.39791666666666664 0.15092592592592594 0.403125 0.1638888888888889 0.40208333333333335 0.1962962962962963 0.4 0.19537037037037036 0.39739583333333334 0.18518518518518517 0.39479166666666665 0.1648148148148148 0.39739583333333334 0.15092592592592594
1 0.35833333333333334 0.637962962962963 0.3651041666666667 0.6481481481481481 0.36875 0.6712962962962963 0.36614583333333334 0.6777777777777778 0.36041666666666666 0.6805555555555556 0.35572916666666665 0.6944444444444444 0.3536458333333333 0.6916666666666667 0.35260416666666666 0.6592592592592592 0.35 0.6407407407407407 0.3515625 0.6370370370370371 0.3578125 0.637962962962963
1 0.5645833333333333 0.9268518518518518 0.5744791666666667 0.9407407407407408 0.5755208333333334 0.9472222222222222 0.5744791666666667 0.9629629629629629 0.571875 0.9675925925925926 0.5713541666666667 0.975 0.5677083333333334 0.9666666666666667 0.5645833333333333 0.9666666666666667 0.5588541666666667 0.9740740740740741 0.5541666666666667 0.9703703703703703 0.55625 0.9648148148148148 0.55625 0.950925925925926 0.5494791666666666 0.9388888888888889 0.5567708333333333 0.9361111111111111 0.5604166666666667 0.9268518518518518 0.5640625 0.9268518518518518
1 0.06145833333333333 0.35648148148148145 0.07135416666666666 0.3675925925925926 0.07604166666666666 0.387037037037037 0.07447916666666667 0.39166666666666666 0.0671875 0.38981481481481484 0.06041666666666667 0.37407407407407406 0.05677083333333333 0.3731481481481482 0.057291666666666664 0.35833333333333334 0.0609375 0.35648148148148145
1 0.39114583333333336 0.15833333333333333 0.39427083333333335 0.16203703703703703 0.3953125 0.16944444444444445 0.3953125 0.1962962962962963 0.39375 0.20092592592592592 0.39166666666666666 0.19907407407407407 0.38697916666666665 0.17314814814814813 0.390625 0.15833333333333333
1 0.7026041666666667 0.337037037037037 0.7015625 0.3277777777777778 0.7036458333333333 0.3055555555555556 0.709375 0.29259259259259257 0.7098958333333333 0.28703703703703703 0.7125 0.2851851851851852 0.7151041666666667 0.30462962962962964 0.7114583333333333 0.31574074074074077 0.7078125 0.3388888888888889 0.70625 0.3416666666666667 0.703125 0.337037037037037
1 0.64375 0.11481481481481481 0.6458333333333334 0.12777777777777777 0.6427083333333333 0.14722222222222223 0.640625 0.15092592592592594 0.6385416666666667 0.14814814814814814 0.6369791666666667 0.125 0.640625 0.11481481481481481 0.6432291666666666 0.11481481481481481
1 0.20989583333333334 0.20092592592592592 0.21979166666666666 0.22962962962962963 0.21979166666666666 0.23425925925925925 0.21510416666666668 0.23796296296296296 0.20885416666666667 0.2351851851851852 0.20729166666666668 0.21388888888888888 0.2078125 0.20277777777777778 0.209375 0.20092592592592592
1 0.3171875 0.6638888888888889 0.3255208333333333 0.674074074074074 0.325 0.6916666666666667 0.32708333333333334 0.7046296296296296 0.32447916666666665 0.7083333333333334 0.3140625 0.6962962962962963 0.3104166666666667 0.6666666666666666 0.31302083333333336 0.6620370370370371 0.31666666666666665 0.6638888888888889
1 0.6614583333333334 0.11481481481481481 0.6661458333333333 0.12314814814814815 0.6635416666666667 0.15 0.6619791666666667 0.15462962962962962 0.6588541666666666 0.15462962962962962 0.6583333333333333 0.12685185185185185 0.6614583333333334 0.11574074074074074
1 0.33489583333333334 0.1287037037037037 0.3380208333333333 0.13333333333333333 0.33958333333333335 0.14166666666666666 0.3385416666666667 0.16111111111111112 0.33541666666666664 0.16018518518518518 0.3333333333333333 0.1527777777777778 0.33177083333333335 0.13333333333333333 0.334375 0.12962962962962962
1 0.40208333333333335 0.8287037037037037 0.4078125 0.8361111111111111 0.4125 0.8546296296296296 0.40677083333333336 0.8842592592592593 0.4041666666666667 0.8842592592592593 0.4010416666666667 0.8777777777777778 0.39895833333333336 0.8592592592592593 0.39010416666666664 0.8435185185185186 0.39010416666666664 0.8379629629629629 0.3921875 0.8342592592592593 0.4015625 0.8287037037037037
1 0.2 0.2074074074074074 0.20416666666666666 0.21203703703703702 0.20677083333333332 0.22407407407407406 0.20729166666666668 0.24074074074074073 0.203125 0.24814814814814815 0.196875 0.2175925925925926 0.196875 0.2111111111111111 0.19947916666666668 0.2074074074074074
1 0.13697916666666668 0.275 0.14010416666666667 0.28888888888888886 0.14583333333333334 0.30092592592592593 0.1484375 0.32407407407407407 0.14739583333333334 0.3277777777777778 0.14375 0.3277777777777778 0.1390625 0.31203703703703706 0.13229166666666667 0.3037037037037037 0.13177083333333334 0.287962962962963 0.134375 0.2759259259259259 0.13645833333333332 0.275
1 0.8421875 0.1675925925925926 0.8442708333333333 0.17037037037037037 0.8442708333333333 0.18055555555555555 0.8348958333333333 0.20185185185185187 0.83125 0.20185185185185187 0.83125 0.1935185185185185 0.8359375 0.175 0.8416666666666667 0.1675925925925926
1 0.47708333333333336 0.575925925925926 0.48020833333333335 0.575925925925926 0.48541666666666666 0.5879629629629629 0.4869791666666667 0.6055555555555555 0.48385416666666664 0.6388888888888888 0.48125 0.637962962962963 0.4791666666666667 0.6268518518518519 0.4744791666666667 0.6222222222222222 0.47708333333333336 0.5768518518518518
1 0.6473958333333333 0.4388888888888889 0.6510416666666666 0.45740740740740743 0.64375 0.4898148148148148 0.640625 0.4898148148148148 0.6401041666666667 0.48703703703703705 0.6416666666666667 0.47314814814814815 0.6395833333333333 0.4546296296296296 0.6442708333333333 0.44074074074074077 0.646875 0.4388888888888889
1 0.56875 0.425 0.5708333333333333 0.43148148148148147 0.5708333333333333 0.4425925925925926 0.5614583333333333 0.47129629629629627 0.5598958333333334 0.4685185185185185 0.5619791666666667 0.44537037037037036 0.5572916666666666 0.4351851851851852 0.5572916666666666 0.4287037037037037 0.5630208333333333 0.4148148148148148 0.5661458333333333 0.41759259259259257 0.5682291666666667 0.425
1 0.32760416666666664 0.09537037037037037 0.33177083333333335 0.10462962962962963 0.3333333333333333 0.11944444444444445 0.33177083333333335 0.13333333333333333 0.328125 0.1361111111111111 0.32760416666666664 0.12407407407407407 0.32395833333333335 0.11388888888888889 0.32395833333333335 0.10740740740740741 0.32760416666666664 0.0962962962962963
1 0.5708333333333333 0.32407407407407407 0.5765625 0.3453703703703704 0.5729166666666666 0.35185185185185186 0.56875 0.3731481481481482 0.5666666666666667 0.3731481481481482 0.5682291666666667 0.3537037037037037 0.5651041666666666 0.33796296296296297 0.5703125 0.325
1 0.5640625 0.262037037037037 0.5671875 0.262037037037037 0.5713541666666667 0.275 0.5671875 0.3055555555555556 0.5630208333333333 0.3101851851851852 0.5630208333333333 0.287962962962963 0.5604166666666667 0.28055555555555556 0.5604166666666667 0.2722222222222222 0.5640625 0.26296296296296295
1 0.5989583333333334 0.3351851851851852 0.6020833333333333 0.3351851851851852 0.6036458333333333 0.3388888888888889 0.6067708333333334 0.35555555555555557 0.6020833333333333 0.37777777777777777 0.596875 0.37962962962962965 0.5953125 0.3509259259259259 0.5989583333333334 0.33611111111111114
1 0.8255208333333334 0.22962962962962963 0.8270833333333333 0.23796296296296296 0.8166666666666667 0.26851851851851855 0.8177083333333334 0.2759259259259259 0.8125 0.26851851851851855 0.815625 0.23796296296296296 0.81875 0.22870370370370371 0.8213541666666667 0.22685185185185186 0.825 0.22962962962962963
1 0.4578125 0.9166666666666666 0.4666666666666667 0.9231481481481482 0.46875 0.9305555555555556 0.46822916666666664 0.9453703703703704 0.46458333333333335 0.95 0.4671875 0.9592592592592593 0.465625 0.9629629629629629 0.45260416666666664 0.9611111111111111 0.453125 0.9490740740740741 0.45 0.9212962962962963 0.45208333333333334 0.9175925925925926 0.45729166666666665 0.9166666666666666
1 0.278125 0.9222222222222223 0.2864583333333333 0.9361111111111111 0.2947916666666667 0.9314814814814815 0.3 0.9324074074074075 0.3 0.937962962962963 0.296875 0.9444444444444444 0.2921875 0.9425925925925925 0.2864583333333333 0.9481481481481482 0.28489583333333335 0.9527777777777777 0.28489583333333335 0.9675925925925926 0.2828125 0.9722222222222222 0.28020833333333334 0.9722222222222222 0.2791666666666667 0.9583333333333334 0.26875 0.9287037037037037 0.2713541666666667 0.924074074074074 0.27760416666666665 0.9222222222222223