0 0.7213541666666666 0.10833333333333334 0.7307291666666667 0.11018518518518519 0.7375 0.11574074074074074 0.74375 0.12962962962962962 0.74375 0.13703703703703704 0.7354166666666667 0.14444444444444443 0.7276041666666667 0.1685185185185185 0.7244791666666667 0.1675925925925926 0.7192708333333333 0.1537037037037037 0.7119791666666667 0.14629629629629629 0.70625 0.1259259259259259 0.7098958333333333 0.1111111111111111 0.7208333333333333 0.10833333333333334
0 0.6026041666666667 0.20833333333333334 0.6104166666666667 0.22685185185185186 0.6114583333333333 0.2518518518518518 0.6088541666666667 0.25833333333333336 0.6057291666666667 0.2574074074074074 0.6020833333333333 0.2490740740740741 0.5953125 0.25092592592592594 0.5942708333333333 0.22037037037037038 0.5984375 0.2111111111111111 0.6020833333333333 0.20833333333333334
0 0.8911458333333333 0.687962962962963 0.8953125 0.6935185185185185 0.9 0.7074074074074074 0.9036458333333334 0.7101851851851851 0.9041666666666667 0.7148148148148148 0.9067708333333333 0.7101851851851851 0.9130208333333333 0.7101851851851851 0.9135416666666667 0.7037037037037037 0.9166666666666666 0.6981481481481482 0.9239583333333333 0.7027777777777777 0.9307291666666667 0.7305555555555555 0.9296875 0.7388888888888889 0.9260416666666667 0.7416666666666667 0.9104166666666667 0.737037037037037 0.9010416666666666 0.7416666666666667 0.8973958333333333 0.7379629629629629 0.8958333333333334 0.7296296296296296 0.8927083333333333 0.725 0.8791666666666667 0.7175925925925926 0.8765625 0.7074074074074074 0.8791666666666667 0.7018518518518518 0.8796875 0.687962962962963 0.890625 0.687962962962963
0 0.03854166666666667 0.35555555555555557 0.04375 0.36203703703703705 0.04635416666666667 0.3712962962962963 0.0390625 0.362962962962963 0.03125 0.3731481481481482 0.03125 0.38333333333333336 0.035416666666666666 0.39351851851851855 0.033854166666666664 0.3990740740740741 0.022916666666666665 0.3888888888888889 0.019791666666666666 0.38981481481481484 0.018229166666666668 0.39351851851851855 0.022916666666666665 0.4083333333333333 0.021354166666666667 0.412962962962963 0.015625 0.41759259259259257 0 0.40925925925925927 0 0.37037037037037035 0.021875 0.35462962962962963 0.03333333333333333 0.3527777777777778 0.03802083333333333 0.35555555555555557
0 0.37604166666666666 0.06666666666666667 0.3828125 0.07407407407407407 0.38645833333333335 0.08518518518518518 0.38645833333333335 0.09259259259259259 0.384375 0.09722222222222222 0.3765625 0.10185185185185185 0.3729166666666667 0.09814814814814815 0.37083333333333335 0.08796296296296297 0.371875 0.06944444444444445 0.37552083333333336 0.06666666666666667
0 0.46770833333333334 0.3175925925925926 0.4739583333333333 0.32685185185185184 0.48020833333333335 0.32685185185185184 0.4817708333333333 0.33796296296296297 0.4786458333333333 0.35185185185185186 0.4744791666666667 0.35648148148148145 0.4739583333333333 0.36574074074074076 0.4666666666666667 0.3574074074074074 0.46041666666666664 0.375 0.45677083333333335 0.3731481481481482 0.4583333333333333 0.34074074074074073 0.4671875 0.3175925925925926
0 0.578125 0.23796296296296296 0.5864583333333333 0.2490740740740741 0.59375 0.2796296296296296 0.5989583333333334 0.2861111111111111 0.596875 0.2972222222222222 0.6005208333333333 0.31203703703703706 0.5994791666666667 0.3287037037037037 0.5947916666666667 0.3351851851851852 0.5885416666666666 0.337037037037037 0.58125 0.337037037037037 0.5796875 0.32037037037037036 0.5755208333333334 0.3138888888888889 0.5666666666666667 0.31574074074074077 0.559375 0.27870370370370373 0.5583333333333333 0.25925925925925924 0.5609375 0.24444444444444444 0.5645833333333333 0.23981481481481481 0.5776041666666667 0.23796296296296296
0 0.5177083333333333 0.1638888888888889 0.5223958333333333 0.16666666666666666 0.5333333333333333 0.1537037037037037 0.5348958333333333 0.1574074074074074 0.5359375 0.1824074074074074 0.5333333333333333 0.1925925925925926 0.51875 0.20462962962962963 0.515625 0.2101851851851852 0.5119791666666667 0.2101851851851852 0.5104166666666666 0.2037037037037037 0.5083333333333333 0.17037037037037037 0.5104166666666666 0.1638888888888889 0.5171875 0.1638888888888889
0 0 0.5175925925925926 0.008854166666666666 0.5231481481481481 0.015104166666666667 0.5370370370370371 0.015104166666666667 0.5425925925925926 0.010416666666666666 0.5555555555555556 0 0.5638888888888889 0 0.5185185185185185
0 0.31145833333333334 0.14444444444444443 0.3177083333333333 0.15648148148148147 0.31979166666666664 0.17685185185185184 0.3072916666666667 0.19907407407407407 0.30364583333333334 0.20092592592592592 0.29322916666666665 0.19722222222222222 0.290625 0.1925925925925926 0.28802083333333334 0.16666666666666666 0.290625 0.1574074074074074 0.3 0.14629629629629629 0.30364583333333334 0.14351851851851852 0.3109375 0.14444444444444443
0 0.384375 0.6611111111111111 0.3953125 0.6703703703703704 0.4140625 0.6694444444444444 0.41822916666666665 0.675 0.425 0.6953703703703704 0.43020833333333336 0.737037037037037 0.42604166666666665 0.7481481481481481 0.4166666666666667 0.7574074074074074 0.4125 0.7731481481481481 0.40572916666666664 0.7777777777777778 0.39375 0.775 0.315625 0.8185185185185185 0.30885416666666665 0.8231481481481482 0.30572916666666666 0.8342592592592593 0.2984375 0.8425925925925926 0.2911458333333333 0.8435185185185186 0.2786458333333333 0.8388888888888889 0.25052083333333336 0.8537037037037037 0.2375 0.8518518518518519 0.23020833333333332 0.8416666666666667 0.22395833333333334 0.8240740740740741 0.22083333333333333 0.8046296296296296 0.22135416666666666 0.7851851851851852 0.21822916666666667 0.7601851851851852 0.21927083333333333 0.7407407407407407 0.2234375 0.7333333333333333 0.23072916666666668 0.7268518518518519 0.32395833333333335 0.6805555555555556 0.3515625 0.6638888888888889 0.36770833333333336 0.6592592592592592 0.38385416666666666 0.6611111111111111
0 0.378125 0.5212962962962963 0.38697916666666665 0.5324074074074074 0.39739583333333334 0.5601851851851852 0.4010416666666667 0.575925925925926 0.4005208333333333 0.5879629629629629 0.38697916666666665 0.6138888888888889 0.3765625 0.6194444444444445 0.34010416666666665 0.6546296296296297 0.33489583333333334 0.6620370370370371 0.3333333333333333 0.6712962962962963 0.3098958333333333 0.6833333333333333 0.303125 0.6805555555555556 0.3 0.6759259259259259 0.2916666666666667 0.6518518518518519 0.290625 0.6324074074074074 0.29322916666666665 0.6166666666666667 0.3104166666666667 0.5907407407407408 0.31666666666666665 0.5740740740740741 0.32135416666666666 0.5722222222222222 0.36614583333333334 0.5287037037037037 0.3776041666666667 0.5212962962962963
0 0.4979166666666667 0.24444444444444444 0.5052083333333334 0.2537037037037037 0.5088541666666667 0.27870370370370373 0.5083333333333333 0.28703703703703703 0.49114583333333334 0.3111111111111111 0.48072916666666665 0.32037037037037036 0.47552083333333334 0.29444444444444445 0.47604166666666664 0.2740740740740741 0.4859375 0.25092592592592594 0.4973958333333333 0.24444444444444444
0 0.8161458333333333 0.30277777777777776 0.8208333333333333 0.3055555555555556 0.8244791666666667 0.3138888888888889 0.8260416666666667 0.32592592592592595 0.825 0.33240740740740743 0.8208333333333333 0.3333333333333333 0.8109375 0.32685185185185184 0.8067708333333333 0.3287037037037037 0.8005208333333333 0.32407407407407407 0.7984375 0.32592592592592595 0.8036458333333333 0.33240740740740743 0.8072916666666666 0.33240740740740743 0.8098958333333334 0.33796296296296297 0.8197916666666667 0.3435185185185185 0.8296875 0.35555555555555557 0.8328125 0.37777777777777777 0.8333333333333334 0.4046296296296296 0.8296875 0.41203703703703703 0.8239583333333333 0.4166666666666667 0.8104166666666667 0.41574074074074074 0.7958333333333333 0.4083333333333333 0.7916666666666666 0.4 0.7916666666666666 0.37962962962962965 0.7765625 0.36203703703703705 0.7796875 0.33611111111111114 0.7854166666666667 0.32314814814814813 0.7989583333333333 0.32407407407407407 0.7927083333333333 0.3148148148148148 0.7947916666666667 0.3055555555555556 0.7989583333333333 0.30185185185185187 0.815625 0.30277777777777776
0 0.17291666666666666 0.2833333333333333 0.17916666666666667 0.2861111111111111 0.1890625 0.3 0.19270833333333334 0.30833333333333335 0.19322916666666667 0.31666666666666665 0.1890625 0.3287037037037037 0.1796875 0.3398148148148148 0.171875 0.35555555555555557 0.1625 0.3527777777777778 0.15416666666666667 0.34444444444444444 0.14895833333333333 0.33055555555555555 0.15 0.32407407407407407 0.14739583333333334 0.3138888888888889 0.14895833333333333 0.3074074074074074 0.15416666666666667 0.3 0.17239583333333333 0.2833333333333333
0 0.7479166666666667 0.1398148148148148 0.7541666666666667 0.1425925925925926 0.759375 0.15092592592592594 0.7713541666666667 0.19537037037037036 0.7729166666666667 0.21481481481481482 0.7697916666666667 0.22592592592592592 0.7651041666666667 0.23055555555555557 0.7473958333333334 0.23055555555555557 0.7411458333333333 0.22685185185185186 0.7359375 0.20185185185185187 0.7307291666666667 0.18796296296296297 0.7291666666666666 0.16666666666666666 0.7333333333333333 0.14814814814814814 0.7401041666666667 0.1398148148148148 0.7473958333333334 0.1398148148148148
0 0.4859375 0.20833333333333334 0.49114583333333334 0.21203703703703702 0.4979166666666667 0.22407407407407406 0.4979166666666667 0.24074074074074073 0.48541666666666666 0.2518518518518518 0.47552083333333334 0.27314814814814814 0.4739583333333333 0.28425925925925927 0.4708333333333333 0.2898148148148148 0.45364583333333336 0.2824074074074074 0.4515625 0.27685185185185185 0.45260416666666664 0.2611111111111111 0.45625 0.25 0.45677083333333335 0.24074074074074073 0.4708333333333333 0.21666666666666667 0.47760416666666666 0.20925925925925926 0.48541666666666666 0.20833333333333334
0 0.8432291666666667 0.39814814814814814 0.8520833333333333 0.4046296296296296 0.8416666666666667 0.4101851851851852 0.8390625 0.41759259259259257 0.8494791666666667 0.4222222222222222 0.8505208333333333 0.4351851851851852 0.8489583333333334 0.44537037037037036 0.8380208333333333 0.4666666666666667 0.8348958333333333 0.4638888888888889 0.8317708333333333 0.4462962962962963 0.8348958333333333 0.4185185185185185 0.8338541666666667 0.40925925925925927 0.8369791666666667 0.4009259259259259 0.8427083333333333 0.39814814814814814
0 0.42083333333333334 0.44907407407407407 0.44895833333333335 0.4351851851851852 0.4588541666666667 0.4351851851851852 0.46770833333333334 0.45185185185185184 0.4708333333333333 0.47129629629629627 0.47552083333333334 0.48055555555555557 0.4739583333333333 0.487962962962963 0.46145833333333336 0.4981481481481482 0.440625 0.5037037037037037 0.4322916666666667 0.512962962962963 0.42604166666666665 0.512962962962963 0.42135416666666664 0.5083333333333333 0.41875 0.49907407407407406 0.41822916666666665 0.45555555555555555 0.42083333333333334 0.45
0 0.5244791666666667 0.33425925925925926 0.5328125 0.35462962962962963 0.5401041666666667 0.38333333333333336 0.54375 0.3888888888888889 0.5432291666666667 0.40370370370370373 0.5479166666666667 0.42777777777777776 0.5479166666666667 0.4398148148148148 0.54375 0.45185185185185184 0.528125 0.45925925925925926 0.515625 0.4564814814814815 0.5088541666666667 0.4444444444444444 0.5078125 0.42777777777777776 0.5005208333333333 0.39444444444444443 0.4979166666666667 0.36666666666666664 0.4979166666666667 0.3509259259259259 0.5 0.3425925925925926 0.5119791666666667 0.33425925925925926 0.5239583333333333 0.33425925925925926
0 0.1609375 0.26481481481481484 0.17239583333333333 0.27870370370370373 0.17291666666666666 0.2824074074074074 0.16041666666666668 0.29259259259259257 0.14895833333333333 0.30648148148148147 0.14791666666666667 0.31574074074074077 0.15 0.3277777777777778 0.1484375 0.3296296296296296 0.14375 0.3287037037037037 0.1390625 0.32314814814814813 0.13333333333333333 0.3055555555555556 0.13125 0.2916666666666667 0.13697916666666668 0.28055555555555556 0.14947916666666666 0.2675925925925926 0.15416666666666667 0.2638888888888889 0.16041666666666668 0.26481481481481484
0 0.6145833333333334 0.5592592592592592 0.6375 0.5611111111111111 0.6427083333333333 0.5740740740740741 0.6546875 0.5851851851851851 0.6635416666666667 0.6018518518518519 0.66875 0.6175925925925926 0.675 0.6203703703703703 0.6802083333333333 0.6268518518518519 0.6869791666666667 0.6574074074074074 0.6895833333333333 0.6925925925925925 0.68125 0.7157407407407408 0.671875 0.725 0.6609375 0.7240740740740741 0.646875 0.7111111111111111 0.6375 0.7111111111111111 0.634375 0.7166666666666667 0.6302083333333334 0.7185185185185186 0.5947916666666667 0.7175925925925926 0.5869791666666667 0.7111111111111111 0.5796875 0.7203703703703703 0.5682291666666667 0.7222222222222222 0.5588541666666667 0.7129629629629629 0.5473958333333333 0.7101851851851851 0.5432291666666667 0.7027777777777777 0.5432291666666667 0.649074074074074 0.5453125 0.6370370370370371 0.5463541666666667 0.5574074074074075 0.5567708333333333 0.5555555555555556 0.6140625 0.5592592592592592
0 0.2484375 0.8953703703703704 0.26510416666666664 0.9 0.2671875 0.9064814814814814 0.265625 0.9138888888888889 0.23125 0.9583333333333334 0.215625 0.9648148148148148 0.209375 0.9638888888888889 0.20677083333333332 0.9537037037037037 0.21041666666666667 0.9324074074074075 0.21666666666666667 0.925 0.21614583333333334 0.9194444444444444 0.21302083333333333 0.9148148148148149 0.21354166666666666 0.9101851851851852 0.23072916666666668 0.899074074074074 0.24791666666666667 0.8953703703703704
0 0.6932291666666667 0.19074074074074074 0.6963541666666667 0.19722222222222222 0.6989583333333333 0.21666666666666667 0.6958333333333333 0.22407407407407406 0.6927083333333334 0.225 0.6890625 0.21944444444444444 0.6744791666666666 0.2175925925925926 0.6713541666666667 0.2101851851851852 0.6713541666666667 0.20092592592592592 0.6744791666666666 0.19444444444444445 0.6848958333333334 0.18888888888888888 0.6927083333333334 0.19074074074074074
0 0.4390625 0.29074074074074074 0.4473958333333333 0.2953703703703704 0.4546875 0.3037037037037037 0.45625 0.3101851851851852 0.4557291666666667 0.33796296296296297 0.4421875 0.35833333333333334 0.4354166666666667 0.35833333333333334 0.434375 0.3712962962962963 0.42916666666666664 0.38055555555555554 0.4265625 0.39444444444444443 0.421875 0.40185185185185185 0.41875 0.4027777777777778 0.4088541666666667 0.4009259259259259 0.39791666666666664 0.39351851851851855 0.39375 0.3814814814814815 0.39375 0.3712962962962963 0.40208333333333335 0.3472222222222222 0.403125 0.3388888888888889 0.40989583333333335 0.3287037037037037 0.4171875 0.3111111111111111 0.42864583333333334 0.29259259259259257 0.4322916666666667 0.2898148148148148 0.43854166666666666 0.29074074074074074
1 0.31197916666666664 0.9574074074074074 0.3182291666666667 0.9731481481481481 0.3260416666666667 0.9814814814814815 0.3265625 0.9990740740740741 0.31666666666666665 0.9990740740740741 0.3067708333333333 0.9842592592592593 0.30572916666666666 0.9592592592592593 0.31145833333333334 0.9574074074074074
1 0.30520833333333336 0.537962962962963 0.31614583333333335 0.5574074074074075 0.3151041666666667 0.5796296296296296 0.3140625 0.5842592592592593 0.3109375 0.5861111111111111 0.30520833333333336 0.5703703703703704 0.3 0.5435185185185185 0.30052083333333335 0.537962962962963 0.3046875 0.537962962962963
1 0.5708333333333333 0.3138888888888889 0.5776041666666667 0.31574074074074077 0.5807291666666666 0.32592592592592595 0.5786458333333333 0.3472222222222222 0.5744791666666667 0.3675925925925926 0.5729166666666666 0.36666666666666664 0.5713541666666667 0.36203703703703705 0.5708333333333333 0.3148148148148148
1 0.58125 0.21388888888888888 0.5864583333333333 0.22407407407407406 0.5859375 0.24351851851851852 0.5848958333333333 0.24537037037037038 0.5760416666666667 0.2324074074074074 0.578125 0.21666666666666667 0.5807291666666666 0.21481481481481482
1 0.6203125 0.12685185185185185 0.6239583333333333 0.13425925925925927 0.6244791666666667 0.14444444444444443 0.6208333333333333 0.1638888888888889 0.6171875 0.1685185185185185 0.615625 0.1675925925925926 0.6151041666666667 0.1398148148148148 0.6197916666666666 0.12685185185185185
1 0.10989583333333333 0.21388888888888888 0.1140625 0.22037037037037038 0.11979166666666667 0.24166666666666667 0.12083333333333333 0.25092592592592594 0.11927083333333334 0.25833333333333336 0.11614583333333334 0.25833333333333336 0.10885416666666667 0.24537037037037038 0.10833333333333334 0.2324074074074074 0.1046875 0.22037037037037038 0.109375 0.21388888888888888
1 0.5927083333333333 0.22314814814814815 0.5953125 0.22777777777777777 0.5958333333333333 0.24351851851851852 0.5916666666666667 0.26296296296296295 0.5869791666666667 0.24537037037037038 0.5869791666666667 0.23333333333333334 0.5875 0.22870370370370371 0.5921875 0.22314814814814815
1 0.18177083333333333 0.15185185185185185 0.1890625 0.17407407407407408 0.1890625 0.1787037037037037 0.1875 0.17962962962962964 0.18177083333333333 0.17962962962962964 0.175 0.1574074074074074 0.178125 0.15092592592592594 0.18125 0.15185185185185185
1 0.4041666666666667 0.41574074074074074 0.41354166666666664 0.43333333333333335 0.4140625 0.4527777777777778 0.4083333333333333 0.4564814814814815 0.40729166666666666 0.4703703703703704 0.4046875 0.4666666666666667 0.40572916666666664 0.4564814814814815 0.4041666666666667 0.44722222222222224 0.39791666666666664 0.43703703703703706 0.39791666666666664 0.43148148148148147 0.4036458333333333 0.4166666666666667
1 0.2328125 0.15185185185185185 0.23697916666666666 0.16111111111111112 0.24114583333333334 0.17962962962962964 0.24114583333333334 0.18611111111111112 0.23802083333333332 0.18981481481481483 0.2359375 0.18888888888888888 0.228125 0.16203703703703703 0.228125 0.1527777777777778 0.2296875 0.15 0.23229166666666667 0.15185185185185185
1 0.36614583333333334 0.9638888888888889 0.3723958333333333 0.975925925925926 0.38177083333333334 0.9796296296296296 0.38333333333333336 0.9833333333333333 0.3802083333333333 0.9907407407407407 0.3729166666666667 0.987037037037037 0.37083333333333335 0.9990740740740741 0.359375 0.9990740740740741 0.3572916666666667 0.9888888888888889 0.35520833333333335 0.9592592592592593 0.35885416666666664 0.9546296296296296 0.3625 0.9546296296296296 0.365625 0.9638888888888889
1 0.6161458333333333 0.1935185185185185 0.6192708333333333 0.19537037037037036 0.621875 0.20462962962962963 0.6197916666666666 0.22407407407407406 0.615625 0.2361111111111111 0.6135416666666667 0.20925925925925926 0.6161458333333333 0.19444444444444445
1 0.09427083333333333 0.3 0.109375 0.33055555555555555 0.10208333333333333 0.32685185185185184 0.10052083333333334 0.3296296296296296 0.10104166666666667 0.34074074074074073 0.09947916666666666 0.3425925925925926 0.090625 0.3138888888888889 0.09010416666666667 0.3 0.09375 0.3
1 0.090625 0.25833333333333336 0.09895833333333333 0.2722222222222222 0.10104166666666667 0.2861111111111111 0.09947916666666666 0.2916666666666667 0.09479166666666666 0.2861111111111111 0.0859375 0.26481481481481484 0.0875 0.2564814814814815 0.09010416666666667 0.25833333333333336
1 0.1921875 0.22407407407407406 0.18541666666666667 0.2175925925925926 0.18541666666666667 0.22870370370370371 0.18229166666666666 0.23055555555555557 0.18229166666666666 0.2222222222222222 0.1765625 0.2037037037037037 0.17760416666666667 0.19166666666666668 0.1828125 0.18981481481481483 0.19270833333333334 0.22314814814814815
1 0.022916666666666665 0.38796296296296295 0.03177083333333333 0.4 0.03125 0.4074074074074074 0.033854166666666664 0.412962962962963 0.04375 0.4148148148148148 0.042708333333333334 0.41944444444444445 0.035416666666666666 0.41574074074074074 0.033854166666666664 0.4185185185185185 0.035416666666666666 0.4287037037037037 0.0328125 0.43333333333333335 0.028125 0.4185185185185185 0.018229166666666668 0.39814814814814814 0.017708333333333333 0.38981481481481484 0.022395833333333334 0.38796296296296295
1 0.66875 0.8046296296296296 0.6713541666666667 0.8092592592592592 0.6708333333333333 0.8185185185185185 0.6734375 0.8277777777777777 0.6734375 0.8379629629629629 0.6666666666666666 0.8481481481481481 0.6645833333333333 0.8583333333333333 0.6567708333333333 0.8722222222222222 0.653125 0.8694444444444445 0.6552083333333333 0.8435185185185186 0.6536458333333334 0.8277777777777777 0.6578125 0.8203703703703704 0.6630208333333333 0.8166666666666667 0.665625 0.8064814814814815 0.6682291666666667 0.8046296296296296
1 0.18880208333333334 0.19537037037037036 0.013020833333333334 0.03518518518518519
1 0.8213541666666667 0.4166666666666667 0.8244791666666667 0.41759259259259257 0.8265625 0.42592592592592593 0.8166666666666667 0.4527777777777778 0.8197916666666667 0.4666666666666667 0.8171875 0.4675925925925926 0.8145833333333333 0.46111111111111114 0.8072916666666666 0.462037037037037 0.8067708333333333 0.45740740740740743 0.8125 0.4351851851851852 0.8208333333333333 0.41759259259259257
1 0.5682291666666667 0.3638888888888889 0.5729166666666666 0.375 0.5729166666666666 0.3861111111111111 0.5708333333333333 0.4064814814814815 0.5640625 0.4148148148148148 0.5625 0.41388888888888886 0.5619791666666667 0.3787037037037037 0.5645833333333333 0.36574074074074076 0.5677083333333334 0.3638888888888889
1 0.5536458333333333 0.4351851851851852 0.5567708333333333 0.4388888888888889 0.5604166666666667 0.4527777777777778 0.5557291666666667 0.4777777777777778 0.5536458333333333 0.48148148148148145 0.5520833333333334 0.47962962962962963 0.5515625 0.4722222222222222 0.5463541666666667 0.45925925925925926 0.5494791666666666 0.44166666666666665 0.553125 0.4361111111111111
1 0.5776041666666667 0.4148148148148148 0.5828125 0.42777777777777776 0.5822916666666667 0.44537037037037036 0.578125 0.4638888888888889 0.5739583333333333 0.46574074074074073 0.5708333333333333 0.4546296296296296 0.5692708333333333 0.4361111111111111 0.5739583333333333 0.41759259259259257 0.5770833333333333 0.41574074074074074
1 0.290625 0.8962962962962963 0.29635416666666664 0.9055555555555556 0.29739583333333336 0.9277777777777778 0.296875 0.9351851851851852 0.2916666666666667 0.9444444444444444 0.2833333333333333 0.9416666666666667 0.28489583333333335 0.9314814814814815 0.2755208333333333 0.9074074074074074 0.2786458333333333 0.8981481481481481 0.29010416666666666 0.8962962962962963
1 0.29635416666666664 0.08796296296296297 0.30052083333333335 0.09166666666666666 0.30520833333333336 0.11574074074074074 0.3046875 0.12037037037037036 0.2989583333333333 0.12314814814814815 0.2984375 0.11018518518518519 0.2947916666666667 0.09907407407407408 0.29635416666666664 0.08888888888888889
1 0.33697916666666666 0.8972222222222223 0.346875 0.9138888888888889 0.3609375 0.9212962962962963 0.3619791666666667 0.9259259259259259 0.359375 0.9305555555555556 0.3453125 0.937037037037037 0.33958333333333335 0.9518518518518518 0.33489583333333334 0.9574074074074074 0.33125 0.9564814814814815 0.3359375 0.937962962962963 0.33489583333333334 0.924074074074074 0.3307291666666667 0.9185185185185185 0.32447916666666665 0.9287037037037037 0.32395833333333335 0.925 0.3307291666666667 0.9 0.33645833333333336 0.8972222222222223
1 0.06979166666666667 0.35648148148148145 0.017708333333333333 0.03888888888888889
1 0.38333333333333336 0.42962962962962964 0.38697916666666665 0.4287037037037037 0.390625 0.43703703703703706 0.3927083333333333 0.4564814814814815 0.39010416666666664 0.48148148148148145 0.38697916666666665 0.4842592592592593 0.38697916666666665 0.46296296296296297 0.38177083333333334 0.44907407407407407 0.38333333333333336 0.4305555555555556
1 0.6963541666666667 0.2777777777777778 0.009375 0.04259259259259259
1 0.03958333333333333 0.3592592592592593 0.0453125 0.3685185185185185 0.04739583333333333 0.3824074074074074 0.053125 0.4 0.036458333333333336 0.3962962962962963 0.03229166666666667 0.38333333333333336 0.03125 0.3731481481481482 0.0390625 0.36018518518518516
1 0.64375 0.0787037037037037 0.646875 0.08518518518518518 0.64375 0.10740740740740741 0.640625 0.11018518518518519 0.6395833333333333 0.09537037037037037 0.640625 0.08148148148148149 0.6432291666666666 0.07962962962962963
1 0.5713541666666667 0.20277777777777778 0.56875 0.1824074074074074 0.5713541666666667 0.16296296296296298 0.5744791666666667 0.1638888888888889 0.5776041666666667 0.17685185185185184 0.5744791666666667 0.20185185185185187 0.571875 0.20277777777777778
1 0.3375 0.15092592592592594 0.33958333333333335 0.15092592592592594 0.34270833333333334 0.15833333333333333 0.3453125 0.17962962962962964 0.34739583333333335 0.18425925925925926 0.346875 0.18888888888888888 0.3411458333333333 0.18888888888888888 0.3375 0.15185185185185185
1 0.33489583333333334 0.08981481481481482 0.3307291666666667 0.08425925925925926 0.3307291666666667 0.062037037037037036 0.33541666666666664 0.06018518518518518 0.3380208333333333 0.07037037037037037 0.33958333333333335 0.08611111111111111 0.33541666666666664 0.08888888888888889
1 0.06770833333333333 0.32314814814814813 0.07135416666666666 0.32407407407407407 0.078125 0.3333333333333333 0.08645833333333333 0.35185185185185186 0.08489583333333334 0.3592592592592593 0.08125 0.36574074074074076 0.078125 0.36666666666666664 0.07291666666666667 0.3592592592592593 0.07239583333333334 0.3527777777777778 0.06510416666666667 0.3416666666666667 0.0671875 0.32407407407407407
1 0 0.4101851851851852 0.0078125 0.4111111111111111 0.016145833333333335 0.4287037037037037 0.022916666666666665 0.4324074074074074 0.0171875 0.4425925925925926 0.015625 0.45 0.011979166666666667 0.45185185185185184 0.0046875 0.43333333333333335 0 0.4388888888888889 0 0.4111111111111111
1 0.39739583333333334 0.9305555555555556 0.4041666666666667 0.9481481481481482 0.4140625 0.9490740740740741 0.415625 0.9527777777777777 0.415625 0.9574074074074074 0.4088541666666667 0.9666666666666667 0.40677083333333336 0.9768518518518519 0.3984375 0.9805555555555555 0.396875 0.9805555555555555 0.3958333333333333 0.9712962962962963 0.3890625 0.9555555555555556 0.39166666666666666 0.9333333333333333 0.39375 0.9296296296296296 0.396875 0.9305555555555556
1 0.6614583333333334 0.2111111111111111 0.6651041666666667 0.2222222222222222 0.6651041666666667 0.2324074074074074 0.6619791666666667 0.25 0.6578125 0.2601851851851852 0.6557291666666667 0.25833333333333336 0.6557291666666667 0.225 0.6588541666666666 0.21296296296296297 0.6609375 0.2111111111111111
1 0.8619791666666666 0.1935185185185185 0.015625 0.05
1 0.6213541666666667 0.337037037037037 0.621875 0.35648148148148145 0.6171875 0.38981481481481484 0.6135416666666667 0.387037037037037 0.6130208333333333 0.37222222222222223 0.6088541666666667 0.36944444444444446 0.6125 0.3648148148148148 0.6125 0.3490740740740741 0.6182291666666667 0.33796296296296297 0.6208333333333333 0.337037037037037
1 0.3182291666666667 0.07916666666666666 0.011458333333333333 0.032407407407407406
1 0.153125 0.17777777777777778 0.15833333333333333 0.18518518518518517 0.16302083333333334 0.20925925925925926 0.16197916666666667 0.21296296296296297 0.15833333333333333 0.21481481481481482 0.14739583333333334 0.18981481481481483 0.14791666666666667 0.1814814814814815 0.15052083333333333 0.17685185185185184 0.15260416666666668 0.17777777777777778
1 0.5885416666666666 0.4398148148148148 0.59375 0.4527777777777778 0.5947916666666667 0.46296296296296297 0.5880208333333333 0.49722222222222223 0.5828125 0.49444444444444446 0.5838541666666667 0.47962962962962963 0.5817708333333333 0.45925925925925926 0.584375 0.4462962962962963 0.5880208333333333 0.4398148148148148
1 0.6260416666666667 0.3277777777777778 0.6291666666666667 0.3296296296296296 0.6307291666666667 0.33796296296296297 0.6296875 0.3611111111111111 0.6317708333333333 0.37222222222222223 0.6291666666666667 0.37407407407407406 0.6270833333333333 0.3648148148148148 0.621875 0.3574074074074074 0.6208333333333333 0.3398148148148148 0.6260416666666667 0.3287037037037037
1 0.6057291666666667 0.1787037037037037 0.6088541666666667 0.19537037037037036 0.6057291666666667 0.21203703703703702 0.6020833333333333 0.2101851851851852 0.6 0.20277777777777778 0.6020833333333333 0.1814814814814815 0.6052083333333333 0.1787037037037037
1 0.7213541666666666 0.21296296296296297 0.7234375 0.23055555555555557 0.7166666666666667 0.2601851851851852 0.7151041666666667 0.2611111111111111 0.7125 0.2601851851851852 0.7130208333333333 0.22685185185185186 0.7177083333333333 0.21481481481481482 0.7208333333333333 0.21296296296296297
1 0.8171875 0.19722222222222222 0.8197916666666667 0.2101851851851852 0.81875 0.22037037037037038 0.8088541666666667 0.24259259259259258 0.8052083333333333 0.24074074074074073 0.8072916666666666 0.21851851851851853 0.8135416666666667 0.19814814814814816 0.8166666666666667 0.19722222222222222
1 0.7203125 0.29907407407407405 0.7234375 0.3055555555555556 0.7229166666666667 0.32037037037037036 0.7197916666666667 0.33055555555555555 0.7203125 0.34629629629629627 0.7161458333333334 0.3472222222222222 0.7130208333333333 0.3398148148148148 0.7151041666666667 0.31851851851851853 0.7197916666666667 0.3