1 0.840625 0.16296296296296298 0.8447916666666667 0.16296296296296298 0.8473958333333333 0.1712962962962963 0.8463541666666666 0.1814814814814815 0.8395833333333333 0.19814814814814816 0.8369791666666667 0.19907407407407407 0.8348958333333333 0.19537037037037036 0.8348958333333333 0.18425925925925926 0.840625 0.1638888888888889
1 0.5072916666666667 0.33611111111111114 0.5119791666666667 0.3490740740740741 0.5119791666666667 0.37777777777777777 0.50625 0.38425925925925924 0.5015625 0.3962962962962963 0.5 0.39444444444444443 0.5010416666666667 0.3472222222222222 0.5026041666666666 0.337037037037037 0.5067708333333333 0.33611111111111114
1 0.2708333333333333 0.8870370370370371 0.275 0.8972222222222223 0.28020833333333334 0.9009259259259259 0.2869791666666667 0.9166666666666666 0.28854166666666664 0.9268518518518518 0.2864583333333333 0.9324074074074075 0.2833333333333333 0.9324074074074075 0.2760416666666667 0.9212962962962963 0.2682291666666667 0.9212962962962963 0.2625 0.9138888888888889 0.2630208333333333 0.8916666666666667 0.2703125 0.8870370370370371
1 0.6307291666666667 0.09583333333333334 0.009375 0.03425925925925926
1 0.37395833333333334 0.8074074074074075 0.37916666666666665 0.812037037037037 0.375 0.8175925925925925 0.3765625 0.8277777777777777 0.38229166666666664 0.837037037037037 0.3890625 0.8416666666666667 0.39010416666666664 0.8453703703703703 0.3880208333333333 0.8472222222222222 0.3765625 0.8416666666666667 0.3703125 0.8462962962962963 0.36614583333333334 0.8453703703703703 0.3625 0.8277777777777777 0.36302083333333335 0.8101851851851852 0.365625 0.8074074074074075 0.3734375 0.8074074074074075
1 0.6302083333333334 0.10740740740740741 0.6338541666666667 0.11666666666666667 0.6348958333333333 0.12962962962962962 0.6296875 0.1527777777777778 0.6276041666666666 0.15462962962962962 0.6239583333333333 0.15 0.6239583333333333 0.12314814814814815 0.6265625 0.1111111111111111 0.6296875 0.10740740740740741
1 0.8036458333333333 0.36574074074074076 0.8088541666666667 0.36574074074074076 0.8098958333333334 0.3851851851851852 0.7973958333333333 0.41944444444444445 0.79375 0.41944444444444445 0.7921875 0.4148148148148148 0.7885416666666667 0.412962962962963 0.7911458333333333 0.4074074074074074 0.7963541666666667 0.37962962962962965 0.7880208333333333 0.37962962962962965 0.7932291666666667 0.37222222222222223 0.8036458333333333 0.36666666666666664
1 0.06666666666666667 0.11481481481481481 0.07447916666666667 0.12037037037037036 0.07864583333333333 0.12962962962962962 0.07395833333333333 0.14444444444444443 0.07083333333333333 0.14351851851851852 0.06979166666666667 0.1361111111111111 0.0625 0.11944444444444445 0.06302083333333333 0.11388888888888889 0.06614583333333333 0.11481481481481481
1 0.8598958333333333 0.06666666666666667 0.8630208333333333 0.07037037037037037 0.8635416666666667 0.07962962962962963 0.8526041666666667 0.10833333333333334 0.8494791666666667 0.10277777777777777 0.8520833333333333 0.08425925925925926 0.859375 0.06666666666666667
1 0.53125 0.2537037037037037 0.5359375 0.26851851851851855 0.5328125 0.29907407407407405 0.5291666666666667 0.3074074074074074 0.5265625 0.3037037037037037 0.528125 0.29259259259259257 0.5239583333333333 0.2638888888888889 0.5286458333333334 0.25277777777777777 0.5307291666666667 0.2537037037037037
1 0.8 0.12685185185185185 0.8020833333333334 0.13240740740740742 0.8020833333333334 0.1425925925925926 0.7901041666666667 0.17222222222222222 0.7875 0.1685185185185185 0.7921875 0.13796296296296295 0.7963541666666667 0.12777777777777777 0.7994791666666666 0.12685185185185185
1 0.8703125 0.4148148148148148 0.8734375 0.4166666666666667 0.8833333333333333 0.4009259259259259 0.8869791666666667 0.4 0.8890625 0.4064814814814815 0.8875 0.42777777777777776 0.88125 0.43425925925925923 0.8802083333333334 0.44166666666666665 0.8760416666666667 0.4388888888888889 0.8708333333333333 0.4425925925925926 0.86875 0.4388888888888889 0.8729166666666667 0.4305555555555556 0.8739583333333333 0.4212962962962963 0.86875 0.41759259259259257 0.8697916666666666 0.4148148148148148
1 0.38645833333333335 0.38333333333333336 0.3885416666666667 0.3888888888888889 0.3880208333333333 0.40555555555555556 0.39010416666666664 0.4212962962962963 0.3880208333333333 0.42685185185185187 0.3854166666666667 0.42592592592592593 0.384375 0.4185185185185185 0.3796875 0.41388888888888886 0.37552083333333336 0.38796296296296295 0.3765625 0.37777777777777777 0.37916666666666665 0.37407407407407406 0.3859375 0.38333333333333336
1 0.640625 0.14074074074074075 0.6385416666666667 0.13148148148148148 0.6385416666666667 0.10925925925925926 0.64375 0.09259259259259259 0.6473958333333333 0.09259259259259259 0.65 0.10925925925925926 0.64375 0.125 0.64375 0.14166666666666666 0.6411458333333333 0.14074074074074075
1 0.01875 0.18425925925925926 0.0265625 0.19537037037037036 0.0296875 0.2064814814814815 0.036458333333333336 0.21666666666666667 0.029166666666666667 0.21481481481481482 0.030208333333333334 0.22777777777777777 0.025 0.22314814814814815 0.013541666666666667 0.19537037037037036 0.013020833333333334 0.18888888888888888 0.015625 0.18425925925925926 0.018229166666666668 0.18425925925925926
1 0.4635416666666667 0.2638888888888889 0.4703125 0.27685185185185185 0.4703125 0.29907407407407405 0.4635416666666667 0.3212962962962963 0.46145833333333336 0.3194444444444444 0.46197916666666666 0.2962962962962963 0.45625 0.2935185185185185 0.45989583333333334 0.2657407407407407 0.4630208333333333 0.2638888888888889
1 0.09166666666666666 0.10462962962962963 0.10052083333333334 0.13518518518518519 0.10572916666666667 0.14537037037037037 0.10572916666666667 0.15185185185185185 0.09895833333333333 0.14629629629629629 0.0953125 0.14907407407407408 0.08802083333333334 0.13055555555555556 0.0859375 0.12129629629629629 0.08645833333333333 0.11203703703703703 0.08854166666666667 0.10462962962962963 0.09114583333333333 0.10462962962962963
1 0.13020833333333334 0.08055555555555556 0.14010416666666667 0.09444444444444444 0.140625 0.10740740740740741 0.14583333333333334 0.12222222222222222 0.13697916666666668 0.1287037037037037 0.12916666666666668 0.09722222222222222 0.128125 0.08425925925925926 0.1296875 0.08148148148148149
1 0.6020833333333333 0.1398148148148148 0.603125 0.15462962962962962 0.5989583333333334 0.1814814814814815 0.5963541666666666 0.18518518518518517 0.5942708333333333 0.1712962962962963 0.5947916666666667 0.15185185185185185 0.5973958333333333 0.14074074074074075 0.5989583333333334 0.13796296296296295 0.6015625 0.1398148148148148
1 0.15833333333333333 0.012962962962962963 0.16458333333333333 0.018518518518518517 0.16979166666666667 0.04537037037037037 0.16770833333333332 0.049074074074074076 0.1640625 0.044444444444444446 0.16145833333333334 0.05 0.153125 0.023148148148148147 0.15364583333333334 0.01574074074074074 0.1578125 0.012962962962962963
1 0.0921875 0.07962962962962963 0.09895833333333333 0.08055555555555556 0.10260416666666666 0.08703703703703704 0.10260416666666666 0.1 0.11197916666666667 0.11574074074074074 0.109375 0.11851851851851852 0.10572916666666667 0.11296296296296296 0.10260416666666666 0.125 0.10052083333333334 0.125 0.09947916666666666 0.10833333333333334 0.09322916666666667 0.09907407407407408 0.0921875 0.08055555555555556
1 0.9223958333333333 0.45925925925925926 0.9239583333333333 0.475 0.9182291666666667 0.4888888888888889 0.9109375 0.4925925925925926 0.9005208333333333 0.5064814814814815 0.89375 0.5092592592592593 0.890625 0.5083333333333333 0.8911458333333333 0.5046296296296297 0.9 0.487962962962963 0.9046875 0.47314814814814815 0.9114583333333334 0.46296296296296297 0.921875 0.45925925925925926
1 0.9151041666666667 0.4425925925925926 0.9166666666666666 0.44537037037037036 0.9151041666666667 0.4583333333333333 0.8963541666666667 0.4842592592592593 0.8901041666666667 0.48333333333333334 0.8895833333333333 0.4777777777777778 0.8958333333333334 0.462037037037037 0.896875 0.4527777777777778 0.9036458333333334 0.44537037037037036 0.9145833333333333 0.4425925925925926
1 0.13020833333333334 0.027777777777777776 0.1375 0.03981481481481482 0.1390625 0.06481481481481481 0.1375 0.0712962962962963 0.13333333333333333 0.0712962962962963 0.12552083333333333 0.04351851851851852 0.12552083333333333 0.03333333333333333 0.1296875 0.027777777777777776
1 0.3963541666666667 0.3787037037037037 0.40260416666666665 0.39351851851851855 0.40520833333333334 0.4064814814814815 0.4046875 0.41388888888888886 0.4010416666666667 0.4203703703703704 0.4005208333333333 0.4324074074074074 0.39739583333333334 0.4361111111111111 0.3953125 0.412962962962963 0.38958333333333334 0.3990740740740741 0.3927083333333333 0.37962962962962965 0.3958333333333333 0.3787037037037037
1 0.20989583333333334 0.9388888888888889 0.21197916666666666 0.9435185185185185 0.2203125 0.95 0.221875 0.9555555555555556 0.21875 0.9666666666666667 0.22708333333333333 0.9842592592592593 0.22708333333333333 0.9888888888888889 0.22083333333333333 0.9990740740740741 0.21197916666666666 0.9990740740740741 0.20729166666666668 0.9805555555555555 0.19947916666666668 0.9657407407407408 0.19895833333333332 0.9592592592592593 0.19375 0.9537037037037037 0.19479166666666667 0.9472222222222222 0.20625 0.937962962962963 0.209375 0.9388888888888889
1 0.4875 0.1361111111111111 0.490625 0.1388888888888889 0.49375 0.15 0.49114583333333334 0.16203703703703703 0.4901041666666667 0.18611111111111112 0.4875 0.18888888888888888 0.4869791666666667 0.1787037037037037 0.4822916666666667 0.15925925925925927 0.4828125 0.14814814814814814 0.4869791666666667 0.13703703703703704
1 0.5536458333333333 0.08888888888888889 0.55625 0.09074074074074075 0.5578125 0.09722222222222222 0.5536458333333333 0.13796296296296295 0.55 0.12962962962962962 0.5489583333333333 0.11666666666666667 0.5494791666666666 0.09814814814814815 0.5536458333333333 0.08981481481481482
1 0.06041666666666667 0.1638888888888889 0.06770833333333333 0.18703703703703703 0.06875 0.19907407407407407 0.0625 0.19907407407407407 0.059895833333333336 0.18611111111111112 0.053125 0.17407407407407408 0.0546875 0.16666666666666666 0.059895833333333336 0.1648148148148148
1 0.14583333333333334 0.022222222222222223 0.15052083333333333 0.016666666666666666 0.15208333333333332 0.018518518518518517 0.16145833333333334 0.05555555555555555 0.16041666666666668 0.062037037037037036 0.14895833333333333 0.04537037037037037 0.14427083333333332 0.02962962962962963 0.14583333333333334 0.023148148148148147
1 0.34322916666666664 0.7351851851851852 0.3484375 0.7481481481481481 0.35 0.7601851851851852 0.3541666666666667 0.7722222222222223 0.35208333333333336 0.775 0.34479166666666666 0.7694444444444445 0.3390625 0.7851851851851852 0.33697916666666666 0.7824074074074074 0.3375 0.7685185185185185 0.3338541666666667 0.7472222222222222 0.3296875 0.737037037037037 0.3328125 0.7333333333333333 0.34270833333333334 0.7351851851851852
1 0.7583333333333333 0.0824074074074074 0.7604166666666666 0.08518518518518518 0.7614583333333333 0.09351851851851851 0.7515625 0.1259259259259259 0.7494791666666667 0.12129629629629629 0.7515625 0.09444444444444444 0.7536458333333333 0.08703703703703704 0.7578125 0.0824074074074074
1 0.5822916666666667 0 0.5885416666666666 0 0.5901041666666667 0.006481481481481481 0.5875 0.03425925925925926 0.5833333333333334 0.03796296296296296 0.5817708333333333 0.03611111111111111 0.5822916666666667 0.000925925925925926
1 0.14166666666666666 0.037037037037037035 0.1484375 0.046296296296296294 0.15052083333333333 0.06111111111111111 0.14947916666666666 0.06944444444444445 0.14375 0.075 0.1390625 0.07037037037037037 0.1375 0.03888888888888889 0.14114583333333333 0.037037037037037035
1 0.8125 0.575 0.8145833333333333 0.5842592592592593 0.8140625 0.5962962962962963 0.8078125 0.6018518518518519 0.7979166666666667 0.6222222222222222 0.7911458333333333 0.6268518518518519 0.7885416666666667 0.6268518518518519 0.7875 0.6203703703703703 0.7947916666666667 0.5981481481481481 0.7963541666666667 0.5861111111111111 0.803125 0.5777777777777777 0.8119791666666667 0.575
1 0.043229166666666666 0.17037037037037037 0.05260416666666667 0.19722222222222222 0.052083333333333336 0.20277777777777778 0.046875 0.2064814814814815 0.04114583333333333 0.19166666666666668 0.03854166666666667 0.17777777777777778 0.0390625 0.17222222222222222 0.042708333333333334 0.17037037037037037
1 0.6973958333333333 0.24444444444444444 0.7015625 0.2462962962962963 0.7036458333333333 0.26944444444444443 0.6963541666666667 0.2814814814814815 0.69375 0.2972222222222222 0.6895833333333333 0.29814814814814816 0.6875 0.29444444444444445 0.6927083333333334 0.262037037037037 0.6921875 0.2564814814814815 0.6973958333333333 0.24537037037037038
1 0.3145833333333333 0.862037037037037 0.3296875 0.8759259259259259 0.3302083333333333 0.8925925925925926 0.334375 0.9037037037037037 0.3296875 0.9138888888888889 0.32708333333333334 0.9138888888888889 0.3260416666666667 0.9064814814814814 0.31614583333333335 0.8935185185185185 0.3125 0.8787037037037037 0.30833333333333335 0.8722222222222222 0.30833333333333335 0.8666666666666667 0.3140625 0.862037037037037
1 0.6296875 0.05555555555555555 0.634375 0.06944444444444445 0.6322916666666667 0.08055555555555556 0.628125 0.08148148148148149 0.6260416666666667 0.07592592592592592 0.6291666666666667 0.05648148148148148
1 0.08229166666666667 0.11851851851851852 0.0875 0.12314814814814815 0.09322916666666667 0.13425925925925927 0.09895833333333333 0.15462962962962962 0.09895833333333333 0.1574074074074074 0.09583333333333334 0.15833333333333333 0.09166666666666666 0.1574074074074074 0.08125 0.13703703703703704 0.0765625 0.13240740740740742 0.07447916666666667 0.11296296296296296 0.0796875 0.11203703703703703 0.08177083333333333 0.11851851851851852
1 0.10885416666666667 0.041666666666666664 0.1125 0.041666666666666664 0.1203125 0.05462962962962963 0.11979166666666667 0.06481481481481481 0.12395833333333334 0.07685185185185185 0.1234375 0.0824074074074074 0.11979166666666667 0.0824074074074074 0.1109375 0.06944444444444445 0.1078125 0.05462962962962963 0.10885416666666667 0.04259259259259259
1 0.9494791666666667 0.5222222222222223 0.026041666666666668 0.044444444444444446
1 0.18645833333333334 0.9638888888888889 0.2 0.9722222222222222 0.203125 0.9851851851851852 0.20052083333333334 0.9962962962962963 0.1953125 0.9962962962962963 0.18177083333333333 0.9851851851851852 0.17447916666666666 0.9731481481481481 0.17447916666666666 0.9694444444444444 0.17916666666666667 0.9648148148148148 0.1859375 0.9638888888888889
1 0.6286458333333333 0.15462962962962962 0.6317708333333333 0.16018518518518518 0.6317708333333333 0.17037037037037037 0.628125 0.18796296296296297 0.6223958333333334 0.18055555555555555 0.6229166666666667 0.16296296296296298 0.6260416666666667 0.1537037037037037 0.628125 0.15462962962962962
1 0.49635416666666665 0.2574074074074074 0.5 0.2564814814814815 0.5036458333333333 0.2675925925925926 0.5026041666666666 0.30185185185185187 0.5015625 0.3055555555555556 0.4947916666666667 0.30833333333333335 0.49322916666666666 0.26851851851851855 0.49635416666666665 0.25833333333333336
1 0.3697916666666667 0.02962962962962963 0.37447916666666664 0.03888888888888889 0.3765625 0.06481481481481481 0.37135416666666665 0.06296296296296296 0.36614583333333334 0.04351851851851852 0.36666666666666664 0.03518518518518519 0.3692708333333333 0.030555555555555555
1 0.5317708333333333 0.7555555555555555 0.5348958333333333 0.7611111111111111 0.5333333333333333 0.7796296296296297 0.5354166666666667 0.799074074074074 0.5338541666666666 0.8009259259259259 0.5296875 0.799074074074074 0.51875 0.7768518518518519 0.515625 0.7842592592592592 0.5130208333333334 0.7796296296296297 0.51875 0.7657407407407407 0.5229166666666667 0.762962962962963 0.525 0.7546296296296297 0.53125 0.7555555555555555
1 0.2520833333333333 0.9092592592592592 0.2598958333333333 0.9138888888888889 0.265625 0.924074074074074 0.2671875 0.9425925925925925 0.2630208333333333 0.9518518518518518 0.24739583333333334 0.950925925925926 0.24375 0.9462962962962963 0.24114583333333334 0.9222222222222223 0.24791666666666667 0.9111111111111111 0.2515625 0.9092592592592592
1 0.4875 0.24722222222222223 0.49114583333333334 0.2601851851851852 0.4875 0.3 0.484375 0.29907407407407405 0.4791666666666667 0.2638888888888889 0.48072916666666665 0.25462962962962965 0.484375 0.24722222222222223 0.4869791666666667 0.24722222222222223
1 0.5119791666666667 0.25277777777777777 0.5151041666666667 0.25277777777777777 0.5197916666666667 0.2657407407407407 0.5171875 0.2824074074074074 0.5166666666666667 0.30277777777777776 0.5151041666666667 0.3074074074074074 0.5125 0.30648148148148147 0.5114583333333333 0.28888888888888886 0.5078125 0.27037037037037037 0.5078125 0.26296296296296295 0.5119791666666667 0.2537037037037037
1 0.15677083333333333 0 0.16458333333333333 0 0.16666666666666666 0.004629629629629629 0.17083333333333334 0.032407407407407406 0.16770833333333332 0.037037037037037035 0.16302083333333334 0.023148148148148147 0.15677083333333333 0.013888888888888888 0.15677083333333333 0.000925925925925926
1 0.49114583333333334 0.337037037037037 0.49583333333333335 0.3509259259259259 0.49635416666666665 0.36574074074074076 0.4895833333333333 0.3972222222222222 0.4875 0.3972222222222222 0.48802083333333335 0.37777777777777777 0.484375 0.36666666666666664 0.48385416666666664 0.35462962962962963 0.4875 0.3388888888888889 0.490625 0.337037037037037
1 0.0828125 0.06111111111111111 0.09166666666666666 0.08148148148148149 0.09322916666666667 0.09537037037037037 0.0921875 0.09907407407407408 0.08854166666666667 0.0962962962962963 0.07708333333333334 0.07407407407407407 0.07708333333333334 0.06388888888888888 0.08229166666666667 0.06111111111111111
1 0.6895833333333333 0.8379629629629629 0.6921875 0.8518518518518519 0.6895833333333333 0.8685185185185185 0.6854166666666667 0.8740740740740741 0.6723958333333333 0.8796296296296297 0.6708333333333333 0.8759259259259259 0.6755208333333333 0.8657407407407407 0.6765625 0.8518518518518519 0.6854166666666667 0.8379629629629629 0.6890625 0.8379629629629629
1 0.7427083333333333 0.16574074074074074 0.7458333333333333 0.16944444444444445 0.7463541666666667 0.1787037037037037 0.734375 0.2175925925925926 0.7328125 0.21388888888888888 0.7338541666666667 0.1814814814814815 0.7369791666666666 0.1712962962962963 0.7421875 0.16574074074074074
1 0.48802083333333335 0.9342592592592592 0.49322916666666666 0.9425925925925925 0.49270833333333336 0.9564814814814815 0.4953125 0.9601851851851851 0.49583333333333335 0.9666666666666667 0.4875 0.9685185185185186 0.48125 0.9777777777777777 0.47760416666666666 0.9768518518518519 0.47604166666666664 0.9731481481481481 0.4765625 0.9601851851851851 0.4734375 0.9527777777777777 0.4734375 0.9472222222222222 0.4822916666666667 0.9351851851851852 0.4875 0.9342592592592592
1 0.2911458333333333 0.8861111111111111 0.2953125 0.8907407407407407 0.2989583333333333 0.9009259259259259 0.3046875 0.9064814814814814 0.3026041666666667 0.9148148148148149 0.30572916666666666 0.925 0.30104166666666665 0.9305555555555556 0.29375 0.9185185185185185 0.2869791666666667 0.9166666666666666 0.28125 0.9046296296296297 0.28229166666666666 0.8907407407407407 0.290625 0.8861111111111111
1 0.17395833333333333 0 0.18333333333333332 0 0.18489583333333334 0.019444444444444445 0.1875 0.027777777777777776 0.18541666666666667 0.03611111111111111 0.18177083333333333 0.03611111111111111 0.18125 0.027777777777777776 0.17447916666666666 0.008333333333333333 0.17395833333333333 0.000925925925925926