0 0.5385416666666667 0.6712962962962963 0.565625 0.6814814814814815 0.5734375 0.6944444444444444 0.5776041666666667 0.737037037037037 0.5765625 0.7425925925925926 0.5744791666666667 0.7462962962962963 0.5546875 0.75 0.5427083333333333 0.75 0.5291666666666667 0.7435185185185185 0.5239583333333333 0.7490740740740741 0.5182291666666666 0.7481481481481481 0.5119791666666667 0.7342592592592593 0.515625 0.6962962962962963 0.521875 0.674074074074074 0.5276041666666667 0.6703703703703704 0.5380208333333333 0.6712962962962963
0 0.11197916666666667 0.36574074074074076 0.11875 0.3824074074074074 0.11927083333333334 0.3907407407407407 0.1171875 0.3972222222222222 0.09895833333333333 0.4203703703703704 0.0953125 0.4351851851851852 0.0921875 0.4398148148148148 0.06770833333333333 0.44351851851851853 0.05625 0.4398148148148148 0.0515625 0.425 0.0546875 0.40370370370370373 0.058854166666666666 0.39444444444444443 0.07083333333333333 0.3787037037037037 0.0828125 0.375 0.09791666666666667 0.3648148148148148 0.11145833333333334 0.36574074074074076
0 0.5609375 0.14351851851851852 0.5640625 0.15 0.5645833333333333 0.1574074074074074 0.5614583333333333 0.16574074074074074 0.5583333333333333 0.1675925925925926 0.5536458333333333 0.16574074074074074 0.5520833333333334 0.16111111111111112 0.5552083333333333 0.14629629629629629 0.5572916666666666 0.1425925925925926 0.5604166666666667 0.14351851851851852
0 0.5583333333333333 0.30277777777777776 0.5604166666666667 0.3111111111111111 0.5630208333333333 0.30462962962962964 0.5677083333333334 0.3055555555555556 0.5708333333333333 0.3111111111111111 0.5708333333333333 0.337037037037037 0.5671875 0.3537037037037037 0.5578125 0.3685185185185185 0.5515625 0.3611111111111111 0.5489583333333333 0.3453703703703704 0.553125 0.30277777777777776 0.5578125 0.30277777777777776
0 0.6916666666666667 0.2564814814814815 0.7005208333333334 0.2611111111111111 0.7083333333333334 0.2814814814814815 0.7151041666666667 0.3101851851851852 0.7166666666666667 0.3212962962962963 0.7145833333333333 0.33425925925925926 0.7078125 0.3425925925925926 0.6958333333333333 0.3425925925925926 0.6890625 0.3388888888888889 0.6776041666666667 0.30462962962962964 0.6744791666666666 0.27037037037037037 0.6807291666666667 0.25925925925925924 0.6911458333333333 0.2564814814814815
0 0.8322916666666667 0.6888888888888889 0.8369791666666667 0.7018518518518518 0.8453125 0.7138888888888889 0.8489583333333334 0.7138888888888889 0.8546875 0.7018518518518518 0.8640625 0.7129629629629629 0.8666666666666667 0.7203703703703703 0.8666666666666667 0.7361111111111112 0.8697916666666666 0.7462962962962963 0.8645833333333334 0.7555555555555555 0.8557291666666667 0.7537037037037037 0.846875 0.7407407407407407 0.8354166666666667 0.7305555555555555 0.8270833333333333 0.7166666666666667 0.8239583333333333 0.7074074074074074 0.8239583333333333 0.6953703703703704 0.8286458333333333 0.687962962962963 0.8317708333333333 0.6888888888888889
0 0.4203125 0.27037037037037037 0.425 0.2759259259259259 0.42604166666666665 0.32407407407407407 0.42135416666666664 0.3453703703703704 0.41510416666666666 0.3537037037037037 0.403125 0.38055555555555554 0.3848958333333333 0.38055555555555554 0.37864583333333335 0.3731481481481482 0.3765625 0.36666666666666664 0.37864583333333335 0.33425925925925926 0.38333333333333336 0.3037037037037037 0.38697916666666665 0.29259259259259257 0.4046875 0.26851851851851855 0.4197916666666667 0.27037037037037037
0 0.49114583333333334 0.046296296296296294 0.5020833333333333 0.053703703703703705 0.49270833333333336 0.06481481481481481 0.4901041666666667 0.08888888888888889 0.47760416666666666 0.09351851851851851 0.47552083333333334 0.08981481481481482 0.47291666666666665 0.06018518518518518 0.4822916666666667 0.049074074074074076 0.490625 0.046296296296296294
0 0.8895833333333333 0.7518518518518519 0.9140625 0.7657407407407407 0.9354166666666667 0.7824074074074074 0.9484375 0.7962962962962963 0.9604166666666667 0.8157407407407408 0.9796875 0.8342592592592593 0.9875 0.8453703703703703 0.9947916666666666 0.8685185185185185 0.9932291666666667 0.9074074074074074 0.9880208333333333 0.9148148148148149 0.9734375 0.9120370370370371 0.95625 0.9138888888888889 0.9364583333333333 0.887962962962963 0.8885416666666667 0.8462962962962963 0.88125 0.8268518518518518 0.8817708333333333 0.8203703703703704 0.8786458333333333 0.8101851851851852 0.8734375 0.8018518518518518 0.8625 0.7935185185185185 0.8588541666666667 0.7851851851851852 0.8625 0.7675925925925926 0.8692708333333333 0.7555555555555555 0.8807291666666667 0.7509259259259259 0.8890625 0.7518518518518519
0 0.5026041666666666 0.053703703703703705 0.5114583333333333 0.05648148148148148 0.5145833333333333 0.06111111111111111 0.5135416666666667 0.07407407407407407 0.5114583333333333 0.0787037037037037 0.5078125 0.07962962962962963 0.4947916666666667 0.09351851851851851 0.49270833333333336 0.08981481481481482 0.49166666666666664 0.06851851851851852 0.4947916666666667 0.06018518518518518 0.5020833333333333 0.053703703703703705
0 0.3328125 0.175 0.3458333333333333 0.18055555555555555 0.34791666666666665 0.18518518518518517 0.34791666666666665 0.1925925925925926 0.3453125 0.20092592592592592 0.3302083333333333 0.21296296296296297 0.3171875 0.21203703703703702 0.3140625 0.20555555555555555 0.31354166666666666 0.1935185185185185 0.31666666666666665 0.18333333333333332 0.32083333333333336 0.17777777777777778 0.33229166666666665 0.175
0 0.7880208333333333 0.6916666666666667 0.7963541666666667 0.7018518518518518 0.8005208333333333 0.6990740740740741 0.803125 0.687962962962963 0.8067708333333333 0.687962962962963 0.8088541666666667 0.6916666666666667 0.8119791666666667 0.7083333333333334 0.8177083333333334 0.7212962962962963 0.8182291666666667 0.75 0.8171875 0.7564814814814815 0.8151041666666666 0.7583333333333333 0.8098958333333334 0.7564814814814815 0.8046875 0.7481481481481481 0.7958333333333333 0.7481481481481481 0.7932291666666667 0.7444444444444445 0.790625 0.7324074074074074 0.7791666666666667 0.7203703703703703 0.7765625 0.7101851851851851 0.7770833333333333 0.7027777777777777 0.7828125 0.6925925925925925 0.7875 0.6916666666666667
0 0 0.8703703703703703 0.0046875 0.8657407407407407 0.0125 0.8657407407407407 0.015625 0.8787037037037037 0.014583333333333334 0.8898148148148148 0.011979166666666667 0.8953703703703704 0.004166666666666667 0.9009259259259259 0.0020833333333333333 0.9175925925925926 0 0.9203703703703704 0 0.8712962962962963
0 0.9359375 0.6944444444444444 0.9442708333333333 0.6981481481481482 0.965625 0.7194444444444444 0.9859375 0.7333333333333333 0.9875 0.7518518518518519 0.98125 0.7953703703703704 0.9776041666666667 0.799074074074074 0.9364583333333333 0.7796296296296297 0.9322916666666666 0.7731481481481481 0.9182291666666667 0.7620370370370371 0.9182291666666667 0.7583333333333333 0.9265625 0.7518518518518519 0.9260416666666667 0.7351851851851852 0.9192708333333334 0.7185185185185186 0.9192708333333334 0.712037037037037 0.9265625 0.6953703703703704 0.9354166666666667 0.6944444444444444
0 0.5859375 0.674074074074074 0.5921875 0.6861111111111111 0.6015625 0.7296296296296296 0.6 0.7379629629629629 0.596875 0.7407407407407407 0.5848958333333333 0.7296296296296296 0.578125 0.7277777777777777 0.5770833333333333 0.7240740740740741 0.5755208333333334 0.7027777777777777 0.5776041666666667 0.6842592592592592 0.58125 0.6731481481481482 0.5854166666666667 0.674074074074074
0 0.16145833333333334 0.5944444444444444 0.1921875 0.612037037037037 0.19947916666666668 0.6231481481481481 0.2015625 0.6314814814814815 0.20885416666666667 0.6444444444444445 0.2125 0.6583333333333333 0.21354166666666666 0.6814814814814815 0.21041666666666667 0.700925925925926 0.20729166666666668 0.7074074074074074 0.19427083333333334 0.7157407407407408 0.19114583333333332 0.7268518518518519 0.18645833333333334 0.7314814814814815 0.17604166666666668 0.7305555555555555 0.16458333333333333 0.7185185185185186 0.16145833333333334 0.7231481481481481 0.16197916666666667 0.7305555555555555 0.15833333333333333 0.7342592592592593 0.10729166666666666 0.7527777777777778 0.0984375 0.7657407407407407 0.0921875 0.7694444444444445 0.08125 0.7685185185185185 0.07083333333333333 0.7564814814814815 0.0640625 0.7555555555555555 0.05416666666666667 0.7620370370370371 0.04635416666666667 0.762962962962963 0.033854166666666664 0.774074074074074 0.010416666666666666 0.7351851851851852 0.0036458333333333334 0.7166666666666667 0 0.7129629629629629 0 0.674074074074074 0.003125 0.6712962962962963 0.005208333333333333 0.6574074074074074 0.015104166666666667 0.6370370370370371 0.13802083333333334 0.5916666666666667 0.146875 0.5953703703703703 0.1609375 0.5944444444444444
0 0.4703125 0.2175925925925926 0.4739583333333333 0.2212962962962963 0.47552083333333334 0.22777777777777777 0.47552083333333334 0.2490740740740741 0.47291666666666665 0.25833333333333336 0.46458333333333335 0.26666666666666666 0.45989583333333334 0.26666666666666666 0.4552083333333333 0.2611111111111111 0.45364583333333336 0.23981481481481481 0.45625 0.22870370370370371 0.45989583333333334 0.22314814814814815 0.4640625 0.21851851851851853 0.46979166666666666 0.2175925925925926
0 0.3416666666666667 0.7537037037037037 0.3729166666666667 0.7564814814814815 0.3802083333333333 0.7657407407407407 0.38385416666666666 0.7851851851851852 0.38385416666666666 0.812962962962963 0.3807291666666667 0.8305555555555556 0.3651041666666667 0.8453703703703703 0.35572916666666665 0.8453703703703703 0.3494791666666667 0.8407407407407408 0.3333333333333333 0.8425925925925926 0.30416666666666664 0.8481481481481481 0.29322916666666665 0.8574074074074074 0.2875 0.8564814814814815 0.28020833333333334 0.8490740740740741 0.27239583333333334 0.8462962962962963 0.2677083333333333 0.8342592592592593 0.26666666666666666 0.799074074074074 0.271875 0.7731481481481481 0.28072916666666664 0.7638888888888888 0.2989583333333333 0.7574074074074074 0.3265625 0.7527777777777778 0.3411458333333333 0.7537037037037037
0 0.2765625 0.21203703703703702 0.2828125 0.22407407407407406 0.284375 0.24351851851851852 0.28177083333333336 0.25092592592592594 0.27291666666666664 0.262037037037037 0.2640625 0.262037037037037 0.25833333333333336 0.25833333333333336 0.2557291666666667 0.23796296296296296 0.25677083333333334 0.22685185185185186 0.259375 0.2212962962962963 0.26927083333333335 0.21296296296296297 0.2760416666666667 0.21203703703703702
0 0.3765625 0.39444444444444443 0.38385416666666666 0.4074074074074074 0.38385416666666666 0.4324074074074074 0.3723958333333333 0.45185185185185184 0.3697916666666667 0.4601851851851852 0.36614583333333334 0.4601851851851852 0.3640625 0.4203703703703704 0.3723958333333333 0.39814814814814814 0.37604166666666666 0.39537037037037037
0 0.30104166666666665 0.3 0.30572916666666666 0.30277777777777776 0.30833333333333335 0.30925925925925923 0.3072916666666667 0.3277777777777778 0.2890625 0.36944444444444446 0.28177083333333336 0.37407407407407406 0.26927083333333335 0.37592592592592594 0.25833333333333336 0.3731481481481482 0.2557291666666667 0.3648148148148148 0.25677083333333334 0.3527777777777778 0.2682291666666667 0.31851851851851853 0.2838541666666667 0.30277777777777776 0.30052083333333335 0.3
0 0.8286458333333333 0.7620370370370371 0.8458333333333333 0.7759259259259259 0.8776041666666666 0.8101851851851852 0.8796875 0.8361111111111111 0.8791666666666667 0.8444444444444444 0.8744791666666667 0.8592592592592593 0.8760416666666667 0.8740740740740741 0.8734375 0.8777777777777778 0.865625 0.8768518518518519 0.846875 0.8629629629629629 0.83125 0.8564814814814815 0.8223958333333333 0.8462962962962963 0.8041666666666667 0.8333333333333334 0.7963541666666667 0.8175925925925925 0.7963541666666667 0.8111111111111111 0.8088541666666667 0.7777777777777778 0.8182291666666667 0.7638888888888888 0.828125 0.7620370370370371
0 0.5296875 0.20185185185185187 0.5375 0.2101851851851852 0.5375 0.2212962962962963 0.5348958333333333 0.23148148148148148 0.5208333333333334 0.25555555555555554 0.515625 0.25555555555555554 0.5109375 0.2490740740740741 0.5026041666666666 0.24444444444444444 0.5020833333333333 0.24074074074074073 0.5078125 0.22037037037037038 0.5151041666666667 0.2064814814814815 0.5291666666666667 0.20185185185185187
0 0.24947916666666667 0.2722222222222222 0.25833333333333336 0.28888888888888886 0.259375 0.30185185185185187 0.2421875 0.32592592592592595 0.2296875 0.32407407407407407 0.22760416666666666 0.3212962962962963 0.22395833333333334 0.29259259259259257 0.22760416666666666 0.2833333333333333 0.23802083333333332 0.2722222222222222 0.24895833333333334 0.2722222222222222
0 0.33125 0.43703703703703706 0.34479166666666666 0.44166666666666665 0.3489583333333333 0.44814814814814813 0.353125 0.4601851851851852 0.35208333333333336 0.487962962962963 0.34375 0.4962962962962963 0.334375 0.5111111111111111 0.32083333333333336 0.524074074074074 0.31927083333333334 0.5222222222222223 0.3140625 0.5046296296296297 0.31302083333333336 0.47129629629629627 0.32447916666666665 0.44537037037037036 0.3307291666666667 0.43796296296296294
0 0.6541666666666667 0.5037037037037037 0.6645833333333333 0.5120370370370371 0.690625 0.5518518518518518 0.7114583333333333 0.6046296296296296 0.7109375 0.6259259259259259 0.7010416666666667 0.6370370370370371 0.6916666666666667 0.6407407407407407 0.6828125 0.6398148148148148 0.6713541666666667 0.6277777777777778 0.6661458333333333 0.6064814814814815 0.6515625 0.575 0.6395833333333333 0.5638888888888889 0.6338541666666667 0.5407407407407407 0.6338541666666667 0.5259259259259259 0.6395833333333333 0.5120370370370371 0.6536458333333334 0.5046296296296297
0 0.34270833333333334 0.9 0.35520833333333335 0.9101851851851852 0.3625 0.9212962962962963 0.3645833333333333 0.9416666666666667 0.3515625 0.9453703703703704 0.346875 0.95 0.3333333333333333 0.9490740740740741 0.3223958333333333 0.9527777777777777 0.3177083333333333 0.9527777777777777 0.3145833333333333 0.9453703703703704 0.3072916666666667 0.937962962962963 0.30833333333333335 0.9212962962962963 0.31302083333333336 0.9138888888888889 0.3223958333333333 0.9111111111111111 0.325 0.912962962962963 0.3260416666666667 0.9259259259259259 0.33125 0.9314814814814815 0.33697916666666666 0.925 0.3385416666666667 0.9175925925925926 0.33697916666666666 0.9083333333333333 0.33125 0.9009259259259259 0.3421875 0.9
0 0.1625 0.3509259259259259 0.16927083333333334 0.35833333333333334 0.1703125 0.36944444444444446 0.16510416666666666 0.3787037037037037 0.15416666666666667 0.38981481481481484 0.14739583333333334 0.38425925925925924 0.14270833333333333 0.3731481481481482 0.14270833333333333 0.3537037037037037 0.14739583333333334 0.34814814814814815 0.16197916666666667 0.3509259259259259
0 0.975 0.9148148148148149 0.9869791666666666 0.9194444444444444 0.9994791666666667 0.9296296296296296 0.9994791666666667 0.9953703703703703 0.9921875 0.9990740740740741 0.971875 0.9990740740740741 0.971875 0.9907407407407407 0.9697916666666667 0.9861111111111112 0.9645833333333333 0.9824074074074074 0.953125 0.9824074074074074 0.9520833333333333 0.9768518518518519 0.9427083333333334 0.9638888888888889 0.9427083333333334 0.9425925925925925 0.9453125 0.9305555555555556 0.9489583333333333 0.924074074074074 0.9572916666666667 0.9166666666666666 0.9744791666666667 0.9148148148148149
0 0.5390625 0.07962962962962963 0.5484375 0.08425925925925926 0.55 0.09074074074074075 0.5479166666666667 0.10833333333333334 0.5494791666666666 0.1287037037037037 0.5479166666666667 0.15462962962962962 0.5401041666666667 0.1648148148148148 0.5296875 0.18888888888888888 0.5125 0.2064814814814815 0.49270833333333336 0.20277777777777778 0.4859375 0.1962962962962963 0.4859375 0.14166666666666666 0.4901041666666667 0.11388888888888889 0.5005208333333333 0.09907407407407408 0.5177083333333333 0.08148148148148149 0.5239583333333333 0.0787037037037037 0.5385416666666667 0.07962962962962963
0 0.6369791666666667 0.6824074074074075 0.6614583333333334 0.7018518518518518 0.6947916666666667 0.7407407407407407 0.7088541666666667 0.7675925925925926 0.7166666666666667 0.7759259259259259 0.73125 0.8 0.7348958333333333 0.812037037037037 0.7338541666666667 0.8351851851851851 0.7229166666666667 0.8611111111111112 0.7125 0.8685185185185185 0.7057291666666666 0.8675925925925926 0.6927083333333334 0.8592592592592593 0.6729166666666667 0.8240740740740741 0.6447916666666667 0.7861111111111111 0.6359375 0.7759259259259259 0.6265625 0.7712962962962963 0.6229166666666667 0.7638888888888888 0.6125 0.7324074074074074 0.6145833333333334 0.7148148148148148 0.6234375 0.6935185185185185 0.6302083333333334 0.6842592592592592 0.6364583333333333 0.6824074074074075
0 0.5328125 0.24814814814814815 0.5401041666666667 0.25925925925925924 0.5421875 0.2824074074074074 0.540625 0.31666666666666665 0.5395833333333333 0.32037037037037036 0.5348958333333333 0.32314814814814813 0.5291666666666667 0.32222222222222224 0.5182291666666666 0.3111111111111111 0.51875 0.2851851851851852 0.5208333333333334 0.2712962962962963 0.5255208333333333 0.2537037037037037 0.5322916666666667 0.24814814814814815
0 0.7463541666666667 0.6092592592592593 0.7552083333333334 0.6083333333333333 0.7526041666666666 0.6194444444444445 0.7546875 0.6231481481481481 0.7583333333333333 0.6212962962962963 0.7588541666666667 0.6175925925925926 0.7572916666666667 0.6157407407407407 0.7614583333333333 0.612037037037037 0.76875 0.6259259259259259 0.7723958333333333 0.6407407407407407 0.7729166666666667 0.6555555555555556 0.7729166666666667 0.6638888888888889 0.7692708333333333 0.6703703703703704 0.7619791666666667 0.6685185185185185 0.75625 0.6527777777777778 0.7479166666666667 0.65 0.7364583333333333 0.6361111111111111 0.7348958333333333 0.6305555555555555 0.7359375 0.6185185185185185 0.7411458333333333 0.6111111111111112 0.7458333333333333 0.6092592592592593
0 0.5088541666666667 0.24814814814814815 0.5145833333333333 0.25462962962962965 0.5114583333333333 0.3101851851851852 0.5067708333333333 0.3175925925925926 0.4947916666666667 0.3212962962962963 0.4869791666666667 0.31851851851851853 0.48333333333333334 0.31296296296296294 0.48333333333333334 0.2962962962962963 0.48541666666666666 0.28703703703703703 0.48333333333333334 0.27870370370370373 0.4869791666666667 0.2740740740740741 0.4947916666666667 0.24722222222222223 0.5083333333333333 0.24814814814814815
0 0.44427083333333334 0.07962962962962963 0.44635416666666666 0.08611111111111111 0.446875 0.1 0.44583333333333336 0.10833333333333334 0.4427083333333333 0.11203703703703703 0.4317708333333333 0.1111111111111111 0.43020833333333336 0.09537037037037037 0.43125 0.08703703703703704 0.434375 0.08055555555555556 0.43802083333333336 0.07777777777777778 0.44375 0.07962962962962963
0 0.5244791666666667 0.31851851851851853 0.571875 0.41388888888888886 0.6026041666666667 0.48055555555555557 0.60625 0.4925925925925926 0.6046875 0.5148148148148148 0.6067708333333334 0.5259259259259259 0.6067708333333334 0.5481481481481482 0.6020833333333333 0.5703703703703704 0.5645833333333333 0.5879629629629629 0.5541666666666667 0.5777777777777777 0.5447916666666667 0.562962962962963 0.5432291666666667 0.5518518518518518 0.5322916666666667 0.5277777777777778 0.5171875 0.475 0.5067708333333333 0.4583333333333333 0.5036458333333333 0.44074074074074077 0.4979166666666667 0.4287037037037037 0.48854166666666665 0.3962962962962963 0.4875 0.38333333333333336 0.49114583333333334 0.33240740740740743 0.4984375 0.32314814814814813 0.5114583333333333 0.31666666666666665 0.5203125 0.31574074074074077 0.5239583333333333 0.31851851851851853
0 0.5838541666666667 0.0712962962962963 0.5869791666666667 0.08148148148148149 0.5848958333333333 0.09259259259259259 0.5817708333333333 0.09722222222222222 0.571875 0.09722222222222222 0.5692708333333333 0.08888888888888889 0.5755208333333334 0.07314814814814814 0.5833333333333334 0.0712962962962963
0 0.7182291666666667 0.6777777777777778 0.7348958333333333 0.6888888888888889 0.7546875 0.7101851851851851 0.7583333333333333 0.7175925925925926 0.7609375 0.7481481481481481 0.7583333333333333 0.7611111111111111 0.7598958333333333 0.774074074074074 0.75625 0.7787037037037037 0.7479166666666667 0.7722222222222223 0.7375 0.7712962962962963 0.7276041666666667 0.762962962962963 0.7166666666666667 0.7583333333333333 0.6989583333333333 0.7379629629629629 0.6973958333333333 0.7231481481481481 0.7026041666666667 0.7018518518518518 0.7125 0.6805555555555556 0.7177083333333333 0.6777777777777778
0 0.5786458333333333 0.04351851851851852 0.5817708333333333 0.04537037037037037 0.5864583333333333 0.05648148148148148 0.5869791666666667 0.06851851851851852 0.5848958333333333 0.07222222222222222 0.5739583333333333 0.07222222222222222 0.5713541666666667 0.06759259259259259 0.5713541666666667 0.05 0.5729166666666666 0.04537037037037037 0.578125 0.04351851851851852
0 0.15104166666666666 0.8018518518518518 0.15364583333333334 0.8074074074074075 0.14791666666666667 0.8092592592592592 0.14635416666666667 0.8157407407407408 0.14583333333333334 0.8333333333333334 0.14739583333333334 0.8361111111111111 0.1546875 0.8333333333333334 0.15833333333333333 0.8185185185185185 0.16927083333333334 0.8 0.1734375 0.8027777777777778 0.171875 0.8268518518518518 0.16458333333333333 0.8481481481481481 0.14947916666666666 0.8648148148148148 0.13958333333333334 0.8842592592592593 0.13333333333333333 0.8833333333333333 0.13072916666666667 0.8796296296296297 0.13229166666666667 0.8648148148148148 0.13072916666666667 0.8481481481481481 0.13333333333333333 0.8333333333333334 0.13958333333333334 0.8148148148148148 0.14739583333333334 0.8027777777777778 0.15052083333333333 0.8018518518518518
0 0.7375 0.4324074074074074 0.753125 0.44074074074074077 0.7729166666666667 0.4601851851851852 0.7765625 0.4777777777777778 0.7770833333333333 0.5083333333333333 0.7708333333333334 0.5166666666666667 0.7609375 0.5166666666666667 0.7473958333333334 0.5120370370370371 0.740625 0.5046296296296297 0.734375 0.44814814814814813 0.7348958333333333 0.4351851851851852 0.7369791666666666 0.43333333333333335
0 0.6927083333333334 0.5277777777777778 0.6973958333333333 0.5324074074074074 0.7026041666666667 0.5287037037037037 0.7098958333333333 0.5361111111111111 0.7130208333333333 0.5574074074074075 0.7119791666666667 0.5805555555555556 0.7072916666666667 0.5861111111111111 0.703125 0.5833333333333334 0.6901041666666666 0.55 0.6848958333333334 0.5425925925925926 0.6838541666666667 0.537962962962963 0.6854166666666667 0.5333333333333333 0.6921875 0.5287037037037037
0 0.6161458333333333 0.8 0.6197916666666666 0.7981481481481482 0.6260416666666667 0.8046296296296296 0.6359375 0.8342592592592593 0.634375 0.8416666666666667 0.63125 0.8444444444444444 0.6140625 0.8379629629629629 0.6125 0.8342592592592593 0.6151041666666667 0.8287037037037037 0.6145833333333334 0.8101851851851852 0.6161458333333333 0.8009259259259259
0 0.7895833333333333 0.4962962962962963 0.7932291666666667 0.5027777777777778 0.7989583333333333 0.49722222222222223 0.8026041666666667 0.5018518518518519 0.8015625 0.5296296296296297 0.7958333333333333 0.5444444444444444 0.7921875 0.5481481481481482 0.7895833333333333 0.5453703703703704 0.7880208333333333 0.5324074074074074 0.7822916666666667 0.5185185185185185 0.7864583333333334 0.5 0.7895833333333333 0.49722222222222223
0 0.5260416666666666 0.044444444444444446 0.5307291666666667 0.05 0.5307291666666667 0.05555555555555555 0.5244791666666667 0.062037037037037036 0.5171875 0.06481481481481481 0.5109375 0.05648148148148148 0.5114583333333333 0.05 0.515625 0.04537037037037037 0.5255208333333333 0.044444444444444446
0 0.9859375 0.6703703703703704 0.9994791666666667 0.6768518518518518 0.9994791666666667 0.7296296296296296 0.9760416666666667 0.7277777777777777 0.9484375 0.7027777777777777 0.9442708333333333 0.6962962962962963 0.9458333333333333 0.6833333333333333 0.95625 0.6712962962962963 0.9619791666666667 0.6685185185185185 0.9854166666666667 0.6703703703703704
0 0.5286458333333334 0.009259259259259259 0.5401041666666667 0.022222222222222223 0.5395833333333333 0.026851851851851852 0.5364583333333334 0.030555555555555555 0.5223958333333333 0.028703703703703703 0.5208333333333334 0.025925925925925925 0.51875 0.012962962962962963 0.5213541666666667 0.009259259259259259 0.528125 0.009259259259259259
1 0.20885416666666667 0.47129629629629627 0.2140625 0.4935185185185185 0.2234375 0.5101851851851852 0.21979166666666666 0.5138888888888888 0.21302083333333333 0.5055555555555555 0.21302083333333333 0.5194444444444445 0.21041666666666667 0.5212962962962963 0.20260416666666667 0.487962962962963 0.2046875 0.47314814814814815 0.20833333333333334 0.47129629629629627
1 0.39010416666666664 0.7083333333333334 0.39479166666666665 0.7129629629629629 0.39739583333333334 0.7231481481481481 0.39739583333333334 0.7481481481481481 0.3953125 0.7583333333333333 0.39010416666666664 0.7620370370370371 0.38958333333333334 0.7416666666666667 0.38333333333333336 0.7388888888888889 0.38333333333333336 0.7148148148148148 0.3848958333333333 0.7111111111111111 0.38958333333333334 0.7092592592592593
1 0.5677083333333334 0.2824074074074074 0.5708333333333333 0.2814814814814815 0.5744791666666667 0.29259259259259257 0.5744791666666667 0.3175925925925926 0.5708333333333333 0.31851851851851853 0.5666666666666667 0.30092592592592593 0.5677083333333334 0.2833333333333333
1 0.6302083333333334 0.3287037037037037 0.6338541666666667 0.337037037037037 0.6338541666666667 0.35185185185185186 0.6328125 0.3592592592592593 0.6296875 0.3648148148148148 0.6255208333333333 0.362962962962963 0.6244791666666667 0.3537037037037037 0.6260416666666667 0.33240740740740743 0.6296875 0.3287037037037037
1 0.24635416666666668 0.2037037037037037 0.25052083333333336 0.21388888888888888 0.24947916666666667 0.22592592592592592 0.2515625 0.23425925925925925 0.25104166666666666 0.23703703703703705 0.246875 0.23796296296296296 0.24427083333333333 0.23055555555555557 0.2421875 0.24166666666666667 0.24010416666666667 0.2351851851851852 0.24010416666666667 0.21296296296296297 0.24427083333333333 0.20185185185185187 0.24583333333333332 0.2037037037037037
1 0.4375 0.9657407407407408 0.4421875 0.975 0.44427083333333334 0.9990740740740741 0.425 0.9990740740740741 0.42864583333333334 0.9731481481481481 0.4317708333333333 0.9657407407407408 0.43697916666666664 0.9657407407407408
1 0.04635416666666667 0.3277777777777778 0.04895833333333333 0.3425925925925926 0.0546875 0.35833333333333334 0.053125 0.36203703703703705 0.04739583333333333 0.3638888888888889 0.03802083333333333 0.33611111111111114 0.03958333333333333 0.3287037037037037 0.04583333333333333 0.3277777777777778
1 0.278125 0.17962962962962964 0.2791666666666667 0.2037037037037037 0.27760416666666665 0.20555555555555555 0.27447916666666666 0.2037037037037037 0.271875 0.1925925925925926 0.2734375 0.1824074074074074 0.2755208333333333 0.1787037037037037 0.27760416666666665 0.17962962962962964
1 0.3729166666666667 0.6675925925925926 0.3796875 0.6712962962962963 0.384375 0.6851851851851852 0.3828125 0.7203703703703703 0.3802083333333333 0.7231481481481481 0.3729166666666667 0.6953703703703704 0.3729166666666667 0.6685185185185185
1 0.5822916666666667 0.32685185185185184 0.5848958333333333 0.325 0.5885416666666666 0.3351851851851852 0.5854166666666667 0.36203703703703705 0.58125 0.3638888888888889 0.5796875 0.3398148148148148 0.5822916666666667 0.3277777777777778
1 0.2203125 0.23703703703703705 0.21770833333333334 0.21851851851851853 0.21927083333333333 0.20277777777777778 0.22083333333333333 0.20185185185185187 0.22395833333333334 0.2074074074074074 0.22604166666666667 0.21944444444444444 0.2296875 0.22685185185185186 0.2296875 0.23055555555555557 0.22708333333333333 0.23333333333333334 0.2234375 0.22870370370370371 0.22291666666666668 0.2351851851851852 0.2203125 0.23796296296296296
1 0.036458333333333336 0.3888888888888889 0.046875 0.4101851851851852 0.046875 0.4203703703703704 0.04375 0.42592592592592593 0.03958333333333333 0.425 0.0328125 0.40555555555555556 0.03125 0.3925925925925926 0.03229166666666667 0.3888888888888889 0.0359375 0.3888888888888889
1 0.057291666666666664 0.30833333333333335 0.06197916666666667 0.31666666666666665 0.06614583333333333 0.3425925925925926 0.06458333333333334 0.34814814814814815 0.053125 0.3296296296296296 0.05 0.31851851851851853 0.05364583333333333 0.3101851851851852 0.05677083333333333 0.30833333333333335
1 0.9010416666666666 0.6074074074074074 0.89375 0.6574074074074074 0.8901041666666667 0.6564814814814814 0.8890625 0.6435185185185185 0.8869791666666667 0.6388888888888888 0.8786458333333333 0.65 0.8765625 0.65 0.8755208333333333 0.6453703703703704 0.8864583333333333 0.6296296296296297 0.8916666666666667 0.612037037037037 0.9005208333333333 0.6074074074074074
1 0.821875 0.4888888888888889 0.825 0.4935185185185185 0.825 0.4981481481481482 0.8182291666666667 0.5157407407407407 0.8130208333333333 0.5120370370370371 0.8130208333333333 0.5037037037037037 0.8161458333333333 0.4898148148148148 0.8213541666666667 0.4888888888888889
1 0.59375 0.962037037037037 0.5958333333333333 0.9666666666666667 0.5973958333333333 0.9842592592592593 0.5958333333333333 0.9990740740740741 0.5833333333333334 0.9972222222222222 0.5848958333333333 0.975925925925926 0.5895833333333333 0.9629629629629629 0.5932291666666667 0.962037037037037
1 0.5989583333333334 0.9472222222222222 0.6046875 0.9490740740740741 0.6088541666666667 0.962037037037037 0.6098958333333333 0.9703703703703703 0.60625 0.9879629629629629 0.6114583333333333 0.9935185185185185 0.6109375 0.9990740740740741 0.60625 0.9990740740740741 0.6 0.9944444444444445 0.5984375 0.9898148148148148 0.5958333333333333 0.9629629629629629 0.5989583333333334 0.9481481481481482
1 0.4114583333333333 0.6888888888888889 0.41875 0.6944444444444444 0.42135416666666664 0.7 0.42135416666666664 0.7185185185185186 0.4234375 0.7333333333333333 0.421875 0.7361111111111112 0.4192708333333333 0.7268518518518519 0.4161458333333333 0.725925925925926 0.4125 0.7444444444444445 0.4109375 0.7481481481481481 0.409375 0.7472222222222222 0.41041666666666665 0.7240740740740741 0.4088541666666667 0.6925925925925925 0.4109375 0.6898148148148148
1 0.5927083333333333 0.2037037037037037 0.5958333333333333 0.2064814814814815 0.596875 0.21296296296296297 0.5958333333333333 0.2212962962962963 0.5916666666666667 0.23055555555555557 0.5901041666666667 0.22685185185185186 0.5901041666666667 0.20833333333333334 0.5921875 0.2037037037037037
1 0.175 0.2722222222222222 0.17760416666666667 0.28425925925925927 0.18541666666666667 0.3037037037037037 0.17604166666666668 0.31296296296296294 0.171875 0.2972222222222222 0.17083333333333334 0.2824074074074074 0.17135416666666667 0.27314814814814814 0.17447916666666666 0.2722222222222222
1 0.6916666666666667 0.9629629629629629 0.6989583333333333 0.9824074074074074 0.6989583333333333 0.9990740740740741 0.678125 0.9990740740740741 0.6828125 0.9898148148148148 0.6848958333333334 0.9685185185185186 0.6875 0.9629629629629629 0.6911458333333333 0.9629629629629629
1 0.05364583333333333 0.37592592592592594 0.059375 0.3907407407407407 0.05416666666666667 0.4009259259259259 0.05 0.3972222222222222 0.0484375 0.38981481481481484 0.05 0.3768518518518518 0.053125 0.37592592592592594
1 0.35885416666666664 0.6759259259259259 0.36614583333333334 0.6851851851851852 0.36614583333333334 0.7055555555555556 0.371875 0.7129629629629629 0.3697916666666667 0.7185185185185186 0.36614583333333334 0.7138888888888889 0.3645833333333333 0.7157407407407408 0.3625 0.7342592592592593 0.359375 0.7342592592592593 0.35885416666666664 0.7148148148148148 0.3541666666666667 0.6962962962962963 0.3541666666666667 0.6787037037037037 0.35833333333333334 0.6759259259259259
1 0.6005208333333333 0.24814814814814815 0.6020833333333333 0.24722222222222223 0.6057291666666667 0.25462962962962965 0.6041666666666666 0.2796296296296296 0.603125 0.2824074074074074 0.5989583333333334 0.2824074074074074 0.5979166666666667 0.25833333333333336 0.6005208333333333 0.2490740740740741
1 0.675 0.4111111111111111 0.6776041666666667 0.43148148148148147 0.6723958333333333 0.44722222222222224 0.6713541666666667 0.462037037037037 0.66875 0.45925925925925926 0.665625 0.44537037037037036 0.665625 0.4324074074074074 0.6744791666666666 0.4111111111111111
1 0.9192708333333334 0.7212962962962963 0.9244791666666666 0.7240740740740741 0.9270833333333334 0.7518518518518519 0.9255208333333333 0.7555555555555555 0.9130208333333333 0.7620370370370371 0.9 0.7546296296296297 0.8994791666666667 0.7444444444444445 0.9046875 0.7305555555555555 0.9140625 0.7194444444444444 0.91875 0.7212962962962963
1 0.1921875 0.287962962962963 0.18645833333333334 0.26666666666666666 0.1859375 0.2537037037037037 0.18854166666666666 0.24537037037037038 0.19375 0.24814814814814815 0.19635416666666666 0.2601851851851852 0.19479166666666667 0.2675925925925926 0.19583333333333333 0.28055555555555556 0.19270833333333334 0.287962962962963
1 0.6104166666666667 0.262037037037037 0.6130208333333333 0.2611111111111111 0.6145833333333334 0.26481481481481484 0.6135416666666667 0.29259259259259257 0.6119791666666666 0.2962962962962963 0.6078125 0.2962962962962963 0.60625 0.2824074074074074 0.6104166666666667 0.26296296296296295
1 0.2791666666666667 0.18055555555555555 0.28489583333333335 0.19074074074074074 0.28541666666666665 0.2111111111111111 0.28177083333333336 0.21296296296296297 0.28072916666666664 0.20925925925925926 0.278125 0.1935185185185185 0.2786458333333333 0.1814814814814815
1 0.29635416666666664 0.16018518518518518 0.2994791666666667 0.1685185185185185 0.3 0.18888888888888888 0.2953125 0.19074074074074074 0.29375 0.18611111111111112 0.29322916666666665 0.1638888888888889 0.29583333333333334 0.16111111111111112
1 0.6161458333333333 0.3314814814814815 0.6197916666666666 0.33240740740740743 0.6229166666666667 0.3453703703703704 0.6208333333333333 0.36574074074074076 0.6182291666666667 0.3712962962962963 0.6151041666666667 0.37037037037037035 0.6125 0.35555555555555557 0.6161458333333333 0.33240740740740743
1 0.7114583333333333 0.4935185185185185 0.7130208333333333 0.49444444444444446 0.7151041666666667 0.5222222222222223 0.7098958333333333 0.5324074074074074 0.7098958333333333 0.5388888888888889 0.7052083333333333 0.5324074074074074 0.7010416666666667 0.5185185185185185 0.7083333333333334 0.49444444444444446 0.7109375 0.4935185185185185
1 0.596875 0.23935185185185184 0.008333333333333333 0.03611111111111111
1 0.63671875 0.3416666666666667 0.0109375 0.044444444444444446