1 0.26614583333333336 0.9564814814814815 0.26979166666666665 0.9555555555555556 0.275 0.9629629629629629 0.27708333333333335 0.9805555555555555 0.2760416666666667 0.9851851851851852 0.2703125 0.9861111111111112 0.265625 0.9805555555555555 0.25833333333333336 0.9833333333333333 0.2546875 0.9768518518518519 0.2526041666666667 0.9648148148148148 0.2526041666666667 0.9527777777777777 0.25625 0.9453703703703704 0.26145833333333335 0.9453703703703704 0.2630208333333333 0.9546296296296296 0.26614583333333336 0.9574074074074074
1 0.16145833333333334 0.08055555555555556 0.1703125 0.11574074074074074 0.16875 0.12129629629629629 0.16510416666666666 0.12129629629629629 0.1625 0.11666666666666667 0.15625 0.09814814814814815 0.15520833333333334 0.08333333333333333 0.15729166666666666 0.0787037037037037 0.1609375 0.08055555555555556
1 0.6244791666666667 0.15185185185185185 0.6260416666666667 0.17314814814814813 0.6234375 0.18981481481481483 0.6197916666666666 0.19166666666666668 0.6192708333333333 0.16296296296296298 0.6223958333333334 0.15185185185185185 0.6239583333333333 0.15185185185185185
1 0.4744791666666667 0.275 0.48072916666666665 0.28425925925925927 0.4817708333333333 0.2916666666666667 0.48072916666666665 0.30185185185185187 0.4739583333333333 0.30648148148148147 0.471875 0.30185185185185187 0.4708333333333333 0.2898148148148148 0.471875 0.2777777777777778 0.4739583333333333 0.275
1 0.7901041666666667 0.4703703703703704 0.7911458333333333 0.45 0.8005208333333333 0.4425925925925926 0.8036458333333333 0.43333333333333335 0.8072916666666666 0.43333333333333335 0.8083333333333333 0.44166666666666665 0.8067708333333333 0.4546296296296296 0.8005208333333333 0.47314814814814815 0.7963541666666667 0.475 0.790625 0.4703703703703704
1 0.825 0.08981481481481482 0.8260416666666667 0.10277777777777777 0.8208333333333333 0.12685185185185185 0.8177083333333334 0.13055555555555556 0.8151041666666666 0.11851851851851852 0.81875 0.1 0.8244791666666667 0.08981481481481482
1 0.8848958333333333 0.5194444444444445 0.8885416666666667 0.5259259259259259 0.8911458333333333 0.5425925925925926 0.8869791666666667 0.5657407407407408 0.884375 0.5712962962962963 0.8802083333333334 0.5731481481481482 0.8692708333333333 0.5675925925925925 0.8692708333333333 0.562962962962963 0.8739583333333333 0.5509259259259259 0.8723958333333334 0.5296296296296297 0.8791666666666667 0.5185185185185185 0.884375 0.5194444444444445
1 0.5296875 0.3712962962962963 0.5328125 0.3824074074074074 0.5328125 0.4148148148148148 0.5302083333333333 0.4166666666666667 0.5260416666666666 0.40925925925925927 0.5223958333333333 0.42685185185185187 0.5203125 0.4212962962962963 0.5239583333333333 0.38055555555555554 0.5260416666666666 0.3731481481481482 0.5291666666666667 0.3712962962962963
1 0.165625 0.06481481481481481 0.16979166666666667 0.075 0.16927083333333334 0.08888888888888889 0.175 0.09907407407407408 0.175 0.10462962962962963 0.17135416666666667 0.10740740740740741 0.1671875 0.1037037037037037 0.1609375 0.07962962962962963 0.1609375 0.06851851851851852 0.16510416666666666 0.06481481481481481
1 0.39114583333333336 0.8861111111111111 0.3927083333333333 0.9222222222222223 0.38697916666666665 0.9324074074074075 0.3796875 0.9287037037037037 0.3765625 0.9175925925925926 0.3692708333333333 0.9222222222222223 0.36614583333333334 0.9222222222222223 0.36614583333333334 0.9175925925925926 0.3703125 0.912962962962963 0.371875 0.9046296296296297 0.3802083333333333 0.8861111111111111 0.390625 0.8861111111111111
1 0.640625 0.11388888888888889 0.6447916666666667 0.11666666666666667 0.6463541666666667 0.1259259259259259 0.6421875 0.16111111111111112 0.6395833333333333 0.1638888888888889 0.6364583333333333 0.15185185185185185 0.6380208333333334 0.14444444444444443 0.6364583333333333 0.1259259259259259 0.6401041666666667 0.11481481481481481
1 0.353125 0.8148148148148148 0.3625 0.825925925925926 0.36302083333333335 0.8388888888888889 0.3651041666666667 0.8444444444444444 0.3765625 0.8481481481481481 0.37604166666666666 0.8537037037037037 0.3729166666666667 0.8583333333333333 0.35833333333333334 0.85 0.3536458333333333 0.8601851851851852 0.3463541666666667 0.8583333333333333 0.35 0.8444444444444444 0.3489583333333333 0.8277777777777777 0.3458333333333333 0.8175925925925925 0.3484375 0.8138888888888889 0.35260416666666666 0.8148148148148148
1 0.0953125 0.12777777777777777 0.0984375 0.12777777777777777 0.10729166666666666 0.1398148148148148 0.10729166666666666 0.15462962962962962 0.1125 0.1648148148148148 0.109375 0.17222222222222222 0.10520833333333333 0.1648148148148148 0.09739583333333333 0.14722222222222223 0.0953125 0.1287037037037037
1 0.4947916666666667 0.3037037037037037 0.4979166666666667 0.30092592592592593 0.5026041666666666 0.31296296296296294 0.5015625 0.34629629629629627 0.49895833333333334 0.3453703703703704 0.4979166666666667 0.337037037037037 0.496875 0.3453703703703704 0.49114583333333334 0.3527777777777778 0.49270833333333336 0.30925925925925923 0.4947916666666667 0.30462962962962964
1 0.11979166666666667 0.06018518518518518 0.12552083333333333 0.08333333333333333 0.125 0.10092592592592593 0.12291666666666666 0.10462962962962963 0.11614583333333334 0.09444444444444444 0.11197916666666667 0.07407407407407407 0.11302083333333333 0.06481481481481481 0.115625 0.06018518518518518 0.11927083333333334 0.06018518518518518
1 0.059375 0.17222222222222222 0.06770833333333333 0.17962962962962964 0.071875 0.19722222222222222 0.07708333333333334 0.20833333333333334 0.07083333333333333 0.21944444444444444 0.0671875 0.21851851851851853 0.06354166666666666 0.19814814814814816 0.0546875 0.17592592592592593 0.05625 0.17222222222222222 0.058854166666666666 0.17222222222222222
1 0.45989583333333334 0.2675925925925926 0.4630208333333333 0.26851851851851855 0.46770833333333334 0.2814814814814815 0.465625 0.3148148148148148 0.4635416666666667 0.3175925925925926 0.45677083333333335 0.2898148148148148 0.45989583333333334 0.26851851851851855
1 0.03854166666666667 0.6231481481481481 0.04635416666666667 0.6222222222222222 0.05260416666666667 0.6259259259259259 0.07083333333333333 0.6537037037037037 0.07083333333333333 0.6592592592592592 0.06197916666666667 0.6546296296296297 0.06197916666666667 0.6648148148148149 0.057291666666666664 0.662962962962963 0.05364583333333333 0.6555555555555556 0.04375 0.6583333333333333 0.0390625 0.6472222222222223 0.03854166666666667 0.6240740740740741
1 0.13125 0.09166666666666666 0.14635416666666667 0.12314814814814815 0.14583333333333334 0.12685185185185185 0.13802083333333334 0.13333333333333333 0.13645833333333332 0.13333333333333333 0.13385416666666666 0.12222222222222222 0.13020833333333334 0.12685185185185185 0.12916666666666668 0.11388888888888889 0.12604166666666666 0.10555555555555556 0.12760416666666666 0.09351851851851851 0.13072916666666667 0.09166666666666666
1 0.04635416666666667 0.11851851851851852 0.05572916666666667 0.13333333333333333 0.0625 0.1574074074074074 0.0609375 0.16296296296296298 0.052083333333333336 0.15 0.040625 0.12222222222222222 0.0421875 0.11851851851851852 0.04583333333333333 0.11851851851851852
1 0.3140625 0.9074074074074074 0.32083333333333336 0.9157407407407407 0.3255208333333333 0.9407407407407408 0.3229166666666667 0.9490740740740741 0.31875 0.9518518518518518 0.3145833333333333 0.9398148148148148 0.3072916666666667 0.9287037037037037 0.3020833333333333 0.925 0.30364583333333334 0.912962962962963 0.31354166666666666 0.9074074074074074
1 0.6609375 0.09814814814814815 0.6645833333333333 0.09814814814814815 0.6661458333333333 0.11018518518518519 0.6635416666666667 0.13518518518518519 0.6578125 0.14444444444444443 0.65625 0.14351851851851852 0.65625 0.1111111111111111 0.6609375 0.09907407407407408
1 0.4908854166666667 0.40555555555555556 0.011979166666666667 0.03518518518518519
1 0.8947916666666667 0.4935185185185185 0.8984375 0.49722222222222223 0.8979166666666667 0.5083333333333333 0.890625 0.5259259259259259 0.8796875 0.5148148148148148 0.8859375 0.5009259259259259 0.8942708333333333 0.4935185185185185
1 0.49270833333333336 0.4212962962962963 0.496875 0.43425925925925923 0.496875 0.45092592592592595 0.49114583333333334 0.4583333333333333 0.490625 0.4675925925925926 0.4875 0.4666666666666667 0.4859375 0.44722222222222224 0.4869791666666667 0.4222222222222222 0.4921875 0.4212962962962963
1 0.2828125 0.9157407407407407 0.29583333333333334 0.9314814814814815 0.2984375 0.9592592592592593 0.29322916666666665 0.9657407407407408 0.28958333333333336 0.9657407407407408 0.2864583333333333 0.95 0.2786458333333333 0.9407407407407408 0.27760416666666665 0.9296296296296296 0.2734375 0.9212962962962963 0.2760416666666667 0.9148148148148149 0.28229166666666666 0.9157407407407407
1 0.20989583333333334 0.044444444444444446 0.2140625 0.05555555555555555 0.2140625 0.06666666666666667 0.21770833333333334 0.07962962962962963 0.2171875 0.08425925925925926 0.20885416666666667 0.0787037037037037 0.20729166666666668 0.07407407407407407 0.20416666666666666 0.05 0.209375 0.04537037037037037
1 0.5848958333333333 0.18425925925925926 0.5885416666666666 0.19444444444444445 0.5890625 0.20462962962962963 0.584375 0.22685185185185186 0.58125 0.2324074074074074 0.578125 0.2324074074074074 0.578125 0.19444444444444445 0.5817708333333333 0.18425925925925926 0.584375 0.18425925925925926
1 0.009375 0.22407407407407406 0.011979166666666667 0.22962962962962963 0.022395833333333334 0.2361111111111111 0.022916666666666665 0.24814814814814815 0.0328125 0.25925925925925924 0.0328125 0.262037037037037 0.029166666666666667 0.26296296296296295 0.022395833333333334 0.25555555555555554 0.022395833333333334 0.2722222222222222 0.019791666666666666 0.27314814814814814 0.016666666666666666 0.2574074074074074 0.0067708333333333336 0.24074074074074073 0.0046875 0.22592592592592592 0.008854166666666666 0.22407407407407406
1 0.4734375 0.30185185185185187 0.48020833333333335 0.30277777777777776 0.4822916666666667 0.3101851851851852 0.4822916666666667 0.3351851851851852 0.478125 0.35462962962962963 0.47604166666666664 0.35648148148148145 0.475 0.3425925925925926 0.4703125 0.32685185185185184 0.4734375 0.30277777777777776
1 0.42552083333333335 0.4981481481481482 0.4328125 0.5083333333333333 0.43645833333333334 0.5259259259259259 0.4354166666666667 0.5324074074074074 0.428125 0.5314814814814814 0.42552083333333335 0.5555555555555556 0.4234375 0.5546296296296296 0.4203125 0.5148148148148148 0.421875 0.5009259259259259 0.425 0.4981481481481482
1 0.5963541666666666 0.013888888888888888 0.5984375 0.014814814814814815 0.5989583333333334 0.032407407407407406 0.596875 0.05185185185185185 0.5932291666666667 0.05740740740740741 0.5901041666666667 0.05462962962962963 0.590625 0.025 0.5958333333333333 0.013888888888888888
1 0.109375 0.1111111111111111 0.11510416666666666 0.11944444444444445 0.11979166666666667 0.1388888888888889 0.11979166666666667 0.15092592592592594 0.11614583333333334 0.15555555555555556 0.109375 0.14537037037037037 0.10416666666666667 0.12129629629629629 0.10416666666666667 0.1111111111111111 0.10885416666666667 0.1111111111111111
1 0.76875 0.1527777777777778 0.7760416666666666 0.16666666666666666 0.7760416666666666 0.1712962962962963 0.7708333333333334 0.18518518518518517 0.7708333333333334 0.19166666666666668 0.7682291666666666 0.1925925925925926 0.7651041666666667 0.2 0.7567708333333333 0.19907407407407407 0.7578125 0.18425925925925926 0.7682291666666666 0.1537037037037037
1 0.01875 0.1925925925925926 0.026041666666666668 0.2351851851851852 0.017708333333333333 0.23425925925925925 0.0140625 0.22777777777777777 0.010416666666666666 0.21296296296296297 0.011458333333333333 0.20277777777777778 0.01875 0.1935185185185185
1 0.6333333333333333 0.05277777777777778 0.6375 0.05277777777777778 0.6390625 0.05740740740740741 0.6375 0.08148148148148149 0.6338541666666667 0.09074074074074075 0.6302083333333334 0.09074074074074075 0.6296875 0.06666666666666667 0.6333333333333333 0.053703703703703705
1 0.34010416666666665 0.887962962962963 0.3453125 0.8925925925925926 0.3489583333333333 0.9009259259259259 0.35104166666666664 0.9361111111111111 0.346875 0.9407407407407408 0.34479166666666666 0.9407407407407408 0.340625 0.9296296296296296 0.3333333333333333 0.9268518518518518 0.3260416666666667 0.9064814814814814 0.32760416666666664 0.8981481481481481 0.33958333333333335 0.887962962962963
1 0.8973958333333333 0.5583333333333333 0.8942708333333333 0.5388888888888889 0.9020833333333333 0.5166666666666667 0.9114583333333334 0.5083333333333333 0.9135416666666667 0.512962962962963 0.9140625 0.5287037037037037 0.9109375 0.5370370370370371 0.9036458333333334 0.5435185185185185 0.8979166666666667 0.5574074074074075
1 0.64375 0.023148148148148147 0.6473958333333333 0.03518518518518519 0.64375 0.06111111111111111 0.640625 0.06388888888888888 0.6390625 0.06111111111111111 0.6380208333333334 0.03981481481481482 0.6432291666666666 0.024074074074074074
1 0.16822916666666668 0.03888888888888889 0.17447916666666666 0.049074074074074076 0.17552083333333332 0.06574074074074074 0.178125 0.07407407407407407 0.16770833333333332 0.08425925925925926 0.16666666666666666 0.05925925925925926 0.16458333333333333 0.05277777777777778 0.16770833333333332 0.03981481481481482
1 0.03958333333333333 0.19444444444444445 0.058854166666666666 0.225 0.06458333333333334 0.23055555555555557 0.06770833333333333 0.2388888888888889 0.057291666666666664 0.23333333333333334 0.05364583333333333 0.2490740740740741 0.050520833333333334 0.25092592592592594 0.04791666666666667 0.23333333333333334 0.0359375 0.20277777777777778 0.0390625 0.19537037037037036
1 0.9572916666666667 0.55 0.9598958333333333 0.5537037037037037 0.9598958333333333 0.5731481481481482 0.9463541666666667 0.5944444444444444 0.9369791666666667 0.5888888888888889 0.9354166666666667 0.5805555555555556 0.9458333333333333 0.5555555555555556 0.9567708333333333 0.55
1 0.6979166666666666 0.12037037037037036 0.7026041666666667 0.13333333333333333 0.6979166666666666 0.1425925925925926 0.6932291666666667 0.1648148148148148 0.6895833333333333 0.16203703703703703 0.6916666666666667 0.13240740740740742 0.6953125 0.11944444444444445 0.6973958333333333 0.12037037037037036
1 0.9119791666666667 0.45740740740740743 0.9145833333333333 0.4583333333333333 0.9145833333333333 0.4685185185185185 0.9072916666666667 0.487962962962963 0.9057291666666667 0.5009259259259259 0.9015625 0.49722222222222223 0.8979166666666667 0.4861111111111111 0.890625 0.49444444444444446 0.8869791666666667 0.49444444444444446 0.8854166666666666 0.49074074074074076 0.8989583333333333 0.475 0.9026041666666667 0.4638888888888889 0.9114583333333334 0.45740740740740743
1 0.63125 0.3037037037037037 0.6333333333333333 0.3101851851851852 0.6333333333333333 0.32592592592592595 0.6265625 0.35462962962962963 0.621875 0.35185185185185186 0.6223958333333334 0.33425925925925926 0.6208333333333333 0.32407407407407407 0.625 0.3101851851851852 0.6307291666666667 0.3037037037037037
1 0.9119791666666667 0.9805555555555555 0.9203125 0.9879629629629629 0.9213541666666667 0.9990740740740741 0.9010416666666666 0.9990740740740741 0.90625 0.9888888888888889 0.9072916666666667 0.9814814814814815 0.9114583333333334 0.9805555555555555
1 0.21302083333333333 0.014814814814814815 0.2203125 0.03148148148148148 0.22291666666666668 0.049074074074074076 0.21979166666666666 0.05092592592592592 0.21354166666666666 0.04537037037037037 0.21041666666666667 0.027777777777777776 0.21302083333333333 0.01574074074074074
1 0.4328125 0.7185185185185186 0.43697916666666664 0.7287037037037037 0.43802083333333336 0.7379629629629629 0.4322916666666667 0.7666666666666667 0.43020833333333336 0.7657407407407407 0.4296875 0.7546296296296297 0.425 0.7509259259259259 0.42135416666666664 0.7416666666666667 0.4234375 0.7277777777777777 0.42864583333333334 0.7194444444444444 0.4322916666666667 0.7185185185185186
1 0.10833333333333334 0.06759259259259259 0.11510416666666666 0.08888888888888889 0.11614583333333334 0.10925925925925926 0.1125 0.10833333333333334 0.10572916666666667 0.09814814814814815 0.10208333333333333 0.08796296296296297 0.1015625 0.07314814814814814 0.10520833333333333 0.06388888888888888 0.1078125 0.06759259259259259
1 0.8140625 0.12037037037037036 0.8177083333333334 0.12407407407407407 0.8182291666666667 0.13148148148148148 0.8088541666666667 0.16018518518518518 0.80625 0.16296296296296298 0.8052083333333333 0.15925925925925927 0.80625 0.14074074074074075 0.8104166666666667 0.12685185185185185 0.8140625 0.12129629629629629
1 0.6104166666666667 0.12962962962962962 0.6166666666666667 0.12222222222222222 0.6208333333333333 0.13333333333333333 0.6203125 0.1425925925925926 0.6140625 0.1638888888888889 0.6119791666666666 0.16574074074074074 0.6098958333333333 0.16111111111111112 0.6104166666666667 0.13055555555555556
1 0.6364583333333333 0.21851851851851853 0.6380208333333334 0.225 0.6364583333333333 0.25833333333333336 0.6302083333333334 0.2675925925925926 0.6265625 0.2601851851851852 0.6276041666666666 0.23981481481481481 0.6333333333333333 0.21851851851851853 0.6359375 0.21851851851851853
1 0.6296875 0.09166666666666666 0.6333333333333333 0.09814814814814815 0.6338541666666667 0.10648148148148148 0.6291666666666667 0.11666666666666667 0.6265625 0.13425925925925927 0.6234375 0.13055555555555556 0.6213541666666667 0.10185185185185185 0.6244791666666667 0.09259259259259259 0.6291666666666667 0.09166666666666666
1 0.63125 0.14814814814814814 0.6359375 0.1574074074074074 0.6359375 0.1648148148148148 0.6302083333333334 0.19166666666666668 0.6255208333333333 0.18981481481481483 0.6244791666666667 0.15648148148148147 0.6286458333333333 0.14814814814814814 0.6307291666666667 0.14814814814814814
1 0.8630208333333333 0.22037037037037038 0.8651041666666667 0.225 0.8651041666666667 0.23333333333333334 0.8541666666666666 0.2564814814814815 0.8526041666666667 0.26481481481481484 0.8494791666666667 0.26851851851851855 0.8453125 0.26851851851851855 0.8447916666666667 0.26481481481481484 0.8510416666666667 0.2518518518518518 0.8520833333333333 0.2361111111111111 0.859375 0.2212962962962963 0.8625 0.22037037037037038
1 0.2546875 0 0.25885416666666666 0 0.2604166666666667 0.005555555555555556 0.26197916666666665 0.028703703703703703 0.25833333333333336 0.03333333333333333 0.2552083333333333 0.023148148148148147 0.25364583333333335 0.012037037037037037 0.2546875 0.000925925925925926