1 0.5364583333333334 0.36018518518518516 0.5385416666666667 0.3388888888888889 0.5380208333333333 0.32407407407407407 0.5401041666666667 0.31203703703703706 0.5427083333333333 0.31203703703703706 0.546875 0.32222222222222224 0.546875 0.35555555555555557 0.5432291666666667 0.34444444444444444 0.5411458333333333 0.35462962962962963 0.5369791666666667 0.36018518518518516
1 0.14739583333333334 0.27870370370370373 0.15572916666666667 0.28888888888888886 0.16197916666666667 0.3175925925925926 0.1578125 0.3212962962962963 0.15416666666666667 0.31666666666666665 0.14739583333333334 0.29444444444444445 0.146875 0.2796296296296296
1 0.05 0.3990740740740741 0.05677083333333333 0.41388888888888886 0.058854166666666666 0.42407407407407405 0.0640625 0.4324074074074074 0.06510416666666667 0.43703703703703706 0.06354166666666666 0.44074074074074077 0.05520833333333333 0.4351851851851852 0.044270833333333336 0.4101851851851852 0.04479166666666667 0.40185185185185185 0.049479166666666664 0.3990740740740741
1 0.6505208333333333 0.14537037037037037 0.6520833333333333 0.14907407407407408 0.6515625 0.16203703703703703 0.6484375 0.17962962962962964 0.6447916666666667 0.1814814814814815 0.64375 0.17314814814814813 0.6458333333333334 0.1527777777777778 0.6473958333333333 0.14722222222222223 0.65 0.14629629629629629
1 0.48125 0.6194444444444445 0.48489583333333336 0.6175925925925926 0.490625 0.6259259259259259 0.4942708333333333 0.6425925925925926 0.4942708333333333 0.6574074074074074 0.49114583333333334 0.6620370370370371 0.4875 0.6564814814814814 0.48385416666666664 0.675 0.48072916666666665 0.6768518518518518 0.48125 0.6203703703703703
1 0.6541666666666667 0.3351851851851852 0.6578125 0.3537037037037037 0.6520833333333333 0.36944444444444446 0.6510416666666666 0.38055555555555554 0.6473958333333333 0.3768518518518518 0.6489583333333333 0.3731481481481482 0.6447916666666667 0.35185185185185186 0.6505208333333333 0.33796296296296297 0.6536458333333334 0.33611111111111114
1 0.1578125 0.2574074074074074 0.16614583333333333 0.2722222222222222 0.16822916666666668 0.2935185185185185 0.16458333333333333 0.29259259259259257 0.159375 0.2796296296296296 0.1546875 0.26296296296296295 0.15520833333333334 0.25833333333333336 0.15729166666666666 0.2574074074074074
1 0.6229166666666667 0.2212962962962963 0.6276041666666666 0.23703703703703705 0.6208333333333333 0.2638888888888889 0.6192708333333333 0.2657407407407407 0.6182291666666667 0.26296296296296295 0.61875 0.24722222222222223 0.6171875 0.23703703703703705 0.6197916666666666 0.22314814814814815 0.6223958333333334 0.2222222222222222
1 0.21979166666666666 0.2 0.2234375 0.2101851851851852 0.22552083333333334 0.2361111111111111 0.22760416666666666 0.24074074074074073 0.22395833333333334 0.23796296296296296 0.21614583333333334 0.22037037037037038 0.21666666666666667 0.20277777777777778 0.21927083333333333 0.20092592592592592
1 0.1265625 0.2962962962962963 0.13020833333333334 0.2953703703703704 0.134375 0.3 0.14375 0.32037037037037036 0.14375 0.32407407407407407 0.13697916666666668 0.32037037037037036 0.13645833333333332 0.33055555555555555 0.13385416666666666 0.33240740740740743 0.1265625 0.2972222222222222
1 0.07447916666666667 0.36203703703703705 0.084375 0.3675925925925926 0.08697916666666666 0.3731481481481482 0.08697916666666666 0.38055555555555554 0.09375 0.39444444444444443 0.09114583333333333 0.3972222222222222 0.0890625 0.39166666666666666 0.08489583333333334 0.3888888888888889 0.08333333333333333 0.39351851851851855 0.08385416666666666 0.40370370370370373 0.08020833333333334 0.40555555555555556 0.0796875 0.3925925925925926 0.07239583333333334 0.3675925925925926 0.07395833333333333 0.362962962962963
1 0.5953125 0.30092592592592593 0.5989583333333334 0.30925925925925923 0.6005208333333333 0.3194444444444444 0.6005208333333333 0.3287037037037037 0.596875 0.33425925925925926 0.5953125 0.3453703703703704 0.5895833333333333 0.33796296296296297 0.5916666666666667 0.3351851851851852 0.5895833333333333 0.325 0.590625 0.3074074074074074 0.5947916666666667 0.30185185185185187
1 0.5638020833333334 0.31296296296296294 0.0109375 0.05185185185185185
1 0.6645833333333333 0.17314814814814813 0.6677083333333333 0.18888888888888888 0.6640625 0.21203703703703702 0.6614583333333334 0.21666666666666667 0.6588541666666666 0.2101851851851852 0.6598958333333333 0.18518518518518517 0.6640625 0.17407407407407408
1 0.4979166666666667 0.06574074074074074 0.5 0.0712962962962963 0.5010416666666667 0.08796296296296297 0.4984375 0.09259259259259259 0.4947916666666667 0.08888888888888889 0.4947916666666667 0.06944444444444445 0.4973958333333333 0.06574074074074074
1 0.2515625 0.17037037037037037 0.25677083333333334 0.17962962962962964 0.25833333333333336 0.20555555555555555 0.25416666666666665 0.2074074074074074 0.2515625 0.19907407407407407 0.24895833333333334 0.18333333333333332 0.25104166666666666 0.1712962962962963
1 0.0125 0.44166666666666665 0.021354166666666667 0.4546296296296296 0.0328125 0.46296296296296297 0.025 0.47129629629629627 0.022395833333333334 0.47962962962962963 0.019270833333333334 0.4824074074074074 0.00625 0.44814814814814813 0.007291666666666667 0.44166666666666665 0.011979166666666667 0.44166666666666665
1 0.58125 0.2953703703703704 0.584375 0.2953703703703704 0.5901041666666667 0.3074074074074074 0.5848958333333333 0.33240740740740743 0.58125 0.33611111111111114 0.5791666666666667 0.3148148148148148 0.58125 0.2962962962962963
1 0.1921875 0.18703703703703703 0.20104166666666667 0.20925925925925926 0.20208333333333334 0.22314814814814815 0.196875 0.23148148148148148 0.19479166666666667 0.2175925925925926 0.18645833333333334 0.1925925925925926 0.18802083333333333 0.18796296296296297 0.19166666666666668 0.18703703703703703
1 0.9666666666666667 0.562962962962963 0.9734375 0.5666666666666667 0.9734375 0.5722222222222222 0.9677083333333333 0.5740740740740741 0.9635416666666666 0.5898148148148148 0.9567708333333333 0.5972222222222222 0.9484375 0.5953703703703703 0.9458333333333333 0.5916666666666667 0.9489583333333333 0.5842592592592593 0.9494791666666667 0.5768518518518518 0.95625 0.5666666666666667 0.9661458333333334 0.562962962962963
1 0.37447916666666664 0.5435185185185185 0.37395833333333334 0.5305555555555556 0.3765625 0.5222222222222223 0.3765625 0.5148148148148148 0.37864583333333335 0.5120370370370371 0.38177083333333334 0.5148148148148148 0.38697916666666665 0.5287037037037037 0.38697916666666665 0.5425925925925926 0.39010416666666664 0.55 0.39010416666666664 0.5675925925925925 0.3885416666666667 0.5703703703703704 0.38177083333333334 0.5675925925925925 0.38125 0.5518518518518518 0.375 0.5435185185185185
1 0.609375 0.3194444444444444 0.6135416666666667 0.32685185185185184 0.6125 0.34444444444444444 0.6109375 0.3509259259259259 0.60625 0.3574074074074074 0.6046875 0.35648148148148145 0.6041666666666666 0.33055555555555555 0.6052083333333333 0.32407407407407407 0.6088541666666667 0.3194444444444444
1 0.22239583333333332 0.2101851851851852 0.2234375 0.2074074074074074 0.22708333333333333 0.20925925925925926 0.23072916666666668 0.21574074074074073 0.23229166666666667 0.22685185185185186 0.23645833333333333 0.23425925925925925 0.23541666666666666 0.23796296296296296 0.2296875 0.2361111111111111 0.22708333333333333 0.24351851851851852 0.22291666666666668 0.22407407407407406 0.22291666666666668 0.2111111111111111
1 0.6359375 0.14074074074074075 0.6380208333333334 0.14444444444444443 0.6380208333333334 0.15185185185185185 0.6338541666666667 0.17592592592592593 0.6317708333333333 0.17222222222222222 0.6296875 0.14814814814814814 0.6333333333333333 0.1398148148148148 0.6354166666666666 0.14074074074074075
1 0.55 0.24537037037037038 0.5536458333333333 0.24722222222222223 0.5557291666666667 0.2851851851851852 0.5536458333333333 0.28888888888888886 0.5463541666666667 0.2898148148148148 0.5447916666666667 0.2611111111111111 0.55 0.2462962962962963
1 0.8494791666666667 0.25833333333333336 0.8520833333333333 0.2537037037037037 0.8567708333333334 0.25555555555555554 0.8598958333333333 0.26481481481481484 0.8598958333333333 0.2712962962962963 0.85625 0.2851851851851852 0.8557291666666667 0.2962962962962963 0.8484375 0.2962962962962963 0.8479166666666667 0.27685185185185185 0.85 0.25925925925925924
1 0.6494791666666667 0.23425925925925925 0.6520833333333333 0.23425925925925925 0.6557291666666667 0.24444444444444444 0.653125 0.26944444444444443 0.6505208333333333 0.27870370370370373 0.6473958333333333 0.2796296296296296 0.6458333333333334 0.24814814814814815 0.6494791666666667 0.2351851851851852
1 0.6229166666666667 0.19166666666666668 0.625 0.20925925925925926 0.6229166666666667 0.22314814814814815 0.6197916666666666 0.22592592592592592 0.615625 0.21296296296296297 0.615625 0.20185185185185187 0.6197916666666666 0.19166666666666668 0.6223958333333334 0.19166666666666668
1 0.25729166666666664 0.175 0.2640625 0.1787037037037037 0.26979166666666665 0.19907407407407407 0.26197916666666665 0.2064814814814815 0.2598958333333333 0.20462962962962963 0.25729166666666664 0.1925925925925926 0.25729166666666664 0.17592592592592593
1 0.17552083333333332 0.27685185185185185 0.18125 0.2824074074074074 0.1890625 0.3 0.18958333333333333 0.3074074074074074 0.18541666666666667 0.3138888888888889 0.18229166666666666 0.31296296296296294 0.17447916666666666 0.2972222222222222 0.171875 0.27870370370370373 0.175 0.27685185185185185
1 0.671875 0.19907407407407407 0.6682291666666667 0.23703703703703705 0.6640625 0.2351851851851852 0.6635416666666667 0.21388888888888888 0.6661458333333333 0.20185185185185187 0.6682291666666667 0.19814814814814816 0.6713541666666667 0.19907407407407407
1 0.43854166666666666 0.25277777777777777 0.4354166666666667 0.25092592592592594 0.43020833333333336 0.22407407407407406 0.43072916666666666 0.21388888888888888 0.4354166666666667 0.21203703703703702 0.4401041666666667 0.22037037037037038 0.4390625 0.2518518518518518
1 0.0359375 0.3990740740740741 0.04010416666666667 0.3990740740740741 0.043229166666666666 0.40370370370370373 0.04635416666666667 0.4 0.05 0.4009259259259259 0.05677083333333333 0.4148148148148148 0.0578125 0.42314814814814816 0.06458333333333334 0.43425925925925923 0.0640625 0.4398148148148148 0.06041666666666667 0.44074074074074077 0.04895833333333333 0.42685185185185187 0.046875 0.43425925925925923 0.044270833333333336 0.4351851851851852 0.0453125 0.425 0.043229166666666666 0.42314814814814816 0.0421875 0.41388888888888886 0.035416666666666666 0.4046296296296296 0.0359375 0.4
1 0.9697916666666667 0.65 0.9755208333333333 0.6574074074074074 0.9755208333333333 0.6657407407407407 0.9567708333333333 0.7037037037037037 0.953125 0.700925925925926 0.953125 0.687037037037037 0.946875 0.6935185185185185 0.94375 0.6925925925925925 0.9432291666666667 0.687962962962963 0.9619791666666667 0.6527777777777778 0.9661458333333334 0.649074074074074 0.9692708333333333 0.65
1 0.6578125 0.3537037037037037 0.6614583333333334 0.3648148148148148 0.6619791666666667 0.3731481481481482 0.6541666666666667 0.4064814814814815 0.6515625 0.40370370370370373 0.65 0.37222222222222223 0.6541666666666667 0.35462962962962963 0.6572916666666667 0.3537037037037037
1 0.32083333333333336 0.10925925925925926 0.325 0.13333333333333333 0.325 0.13796296296296295 0.32135416666666666 0.1425925925925926 0.3177083333333333 0.1425925925925926 0.315625 0.11944444444444445 0.3171875 0.1111111111111111 0.3203125 0.10925925925925926
1 0.5578125 0.3398148148148148 0.5604166666666667 0.3435185185185185 0.5630208333333333 0.36018518518518516 0.5588541666666667 0.3731481481481482 0.5572916666666666 0.387037037037037 0.5546875 0.3851851851851852 0.5526041666666667 0.3574074074074074 0.5536458333333333 0.34629629629629627 0.5572916666666666 0.3398148148148148
1 0.14010416666666667 0.22962962962962963 0.146875 0.23703703703703705 0.14739583333333334 0.2537037037037037 0.15208333333333332 0.262037037037037 0.15208333333333332 0.2657407407407407 0.146875 0.2675925925925926 0.13802083333333334 0.24814814814814815 0.13645833333333332 0.2361111111111111 0.13697916666666668 0.23148148148148148 0.13958333333333334 0.23055555555555557
1 0.6041666666666666 0.2861111111111111 0.6078125 0.29259259259259257 0.6083333333333333 0.30648148148148147 0.6057291666666667 0.3194444444444444 0.6020833333333333 0.32592592592592595 0.6 0.32222222222222224 0.5973958333333333 0.29907407407407405 0.5989583333333334 0.29074074074074074 0.6036458333333333 0.2861111111111111
1 0.6385416666666667 0.18333333333333332 0.6411458333333333 0.18981481481481483 0.6416666666666667 0.19814814814814816 0.6375 0.21481481481481482 0.6333333333333333 0.21203703703703702 0.6322916666666667 0.19444444444444445 0.6348958333333333 0.18518518518518517 0.6380208333333334 0.18333333333333332
1 0.6619791666666667 0.9527777777777777 0.66875 0.9666666666666667 0.6682291666666667 0.9842592592592593 0.6708333333333333 0.9935185185185185 0.6697916666666667 0.9990740740740741 0.646875 0.9990740740740741 0.6541666666666667 0.9879629629629629 0.6536458333333334 0.9740740740740741 0.6515625 0.9666666666666667 0.6578125 0.9537037037037037 0.6614583333333334 0.9527777777777777
1 0.64375 0.2851851851851852 0.646875 0.30185185185185187 0.64375 0.3194444444444444 0.6411458333333333 0.32407407407407407 0.6364583333333333 0.32407407407407407 0.6369791666666667 0.29814814814814816 0.640625 0.2861111111111111 0.6432291666666666 0.2851851851851852
1 0.6390625 0.17777777777777778 0.6369791666666667 0.15462962962962962 0.6385416666666667 0.14722222222222223 0.6432291666666666 0.1425925925925926 0.6458333333333334 0.15462962962962962 0.64375 0.1685185185185185 0.6395833333333333 0.17777777777777778
1 0.11354166666666667 0.5648148148148148 0.125 0.5675925925925925 0.13697916666666668 0.5851851851851851 0.13489583333333333 0.6092592592592593 0.13072916666666667 0.6138888888888889 0.12239583333333333 0.5907407407407408 0.11614583333333334 0.5888888888888889 0.11041666666666666 0.5675925925925925 0.11302083333333333 0.5648148148148148
1 0.6458333333333334 0.21481481481481482 0.6489583333333333 0.22407407407407406 0.6473958333333333 0.24259259259259258 0.6442708333333333 0.23981481481481481 0.6411458333333333 0.23055555555555557 0.6421875 0.2175925925925926 0.6453125 0.21481481481481482
1 0.6401041666666667 0.27314814814814814 0.6369791666666667 0.27037037037037037 0.6348958333333333 0.24722222222222223 0.6359375 0.23703703703703705 0.640625 0.23148148148148148 0.6442708333333333 0.24074074074074073 0.640625 0.2722222222222222
1 0.5661458333333333 0.9287037037037037 0.5713541666666667 0.9361111111111111 0.5739583333333333 0.9453703703703704 0.5744791666666667 0.9564814814814815 0.5703125 0.9629629629629629 0.575 0.9694444444444444 0.5739583333333333 0.975925925925926 0.5677083333333334 0.9703703703703703 0.559375 0.9703703703703703 0.5546875 0.9666666666666667 0.5598958333333334 0.9314814814814815 0.5625 0.9277777777777778 0.565625 0.9287037037037037
1 0.8463541666666666 0.4675925925925926 0.8510416666666667 0.47314814814814815 0.8520833333333333 0.48055555555555557 0.8479166666666667 0.49166666666666664 0.84375 0.5157407407407407 0.8411458333333334 0.5157407407407407 0.8411458333333334 0.5064814814814815 0.8390625 0.5009259259259259 0.8348958333333333 0.5120370370370371 0.8317708333333333 0.5083333333333333 0.8380208333333333 0.4777777777777778 0.8421875 0.46944444444444444 0.8458333333333333 0.4675925925925926
1 0.6375 0.337037037037037 0.6421875 0.3509259259259259 0.6427083333333333 0.36018518518518516 0.634375 0.3907407407407407 0.63125 0.38796296296296295 0.6328125 0.3648148148148148 0.6291666666666667 0.35462962962962963 0.6328125 0.3416666666666667 0.6369791666666667 0.337037037037037