0 0 0.29907407407407405 0.011458333333333333 0.30277777777777776 0.0234375 0.3148148148148148 0.04791666666666667 0.3435185185185185 0.058854166666666666 0.36018518518518516 0.06197916666666667 0.36944444444444446 0.0484375 0.3972222222222222 0.0375 0.4111111111111111 0.03697916666666667 0.4203703703703704 0.0328125 0.42962962962962964 0.01875 0.43333333333333335 0 0.45555555555555555 0 0.3
0 0.7859375 0.44907407407407407 0.7895833333333333 0.44537037037037036 0.7994791666666666 0.44907407407407407 0.821875 0.4703703703703704 0.8328125 0.48703703703703705 0.8291666666666667 0.5046296296296297 0.8260416666666667 0.5361111111111111 0.8213541666666667 0.5435185185185185 0.8036458333333333 0.5361111111111111 0.7791666666666667 0.5157407407407407 0.76875 0.512962962962963 0.7666666666666667 0.5083333333333333 0.76875 0.48518518518518516 0.7859375 0.45
0 0.9125 0.6666666666666666 0.9463541666666667 0.687962962962963 0.9671875 0.7129629629629629 0.9697916666666667 0.7305555555555555 0.9666666666666667 0.7583333333333333 0.9609375 0.7666666666666667 0.9541666666666667 0.7685185185185185 0.925 0.762962962962963 0.90625 0.7481481481481481 0.8869791666666667 0.7453703703703703 0.8822916666666667 0.737037037037037 0.8791666666666667 0.7240740740740741 0.8791666666666667 0.7101851851851851 0.8828125 0.687037037037037 0.89375 0.6759259259259259 0.9015625 0.6731481481481482 0.9072916666666667 0.6666666666666666 0.9119791666666667 0.6666666666666666
0 0.05520833333333333 0.4898148148148148 0.07395833333333333 0.5083333333333333 0.08854166666666667 0.5148148148148148 0.09166666666666666 0.5185185185185185 0.0921875 0.525 0.065625 0.5583333333333333 0.046875 0.5898148148148148 0.04114583333333333 0.5944444444444444 0.0328125 0.5916666666666667 0.025520833333333333 0.5842592592592593 0.015104166666666667 0.5611111111111111 0.013020833333333334 0.5444444444444444 0.020833333333333332 0.5324074074074074 0.019270833333333334 0.5259259259259259 0.020833333333333332 0.5148148148148148 0.04791666666666667 0.49074074074074076 0.0546875 0.4898148148148148
0 0.26979166666666665 0 0.32135416666666666 0 0.32447916666666665 0.013888888888888888 0.31927083333333334 0.02962962962962963 0.3140625 0.03611111111111111 0.30520833333333336 0.03611111111111111 0.2994791666666667 0.032407407407407406 0.2786458333333333 0.03611111111111111 0.271875 0.017592592592592594 0.26979166666666665 0.000925925925925926
0 0.65 0.21851851851851853 0.6583333333333333 0.2361111111111111 0.6692708333333334 0.2722222222222222 0.66875 0.28703703703703703 0.675 0.3101851851851852 0.6734375 0.32037037037037036 0.6677083333333333 0.33240740740740743 0.653125 0.337037037037037 0.6432291666666666 0.3351851851851852 0.6338541666666667 0.32407407407407407 0.6322916666666667 0.30462962962962964 0.6244791666666667 0.2759259259259259 0.6197916666666666 0.26666666666666666 0.61875 0.2574074074074074 0.6197916666666666 0.24074074074074073 0.6239583333333333 0.22407407407407406 0.6369791666666667 0.21481481481481482 0.6447916666666667 0.21388888888888888 0.6494791666666667 0.21851851851851853
0 0.13697916666666668 0.12407407407407407 0.14583333333333334 0.1287037037037037 0.159375 0.1527777777777778 0.15989583333333332 0.16111111111111112 0.15520833333333334 0.17222222222222222 0.14010416666666667 0.19444444444444445 0.1265625 0.19074074074074074 0.11927083333333334 0.1824074074074074 0.11354166666666667 0.1574074074074074 0.11666666666666667 0.14074074074074075 0.13333333333333333 0.125 0.13645833333333332 0.125
0 0.9057291666666667 0.5481481481481482 0.9432291666666667 0.5722222222222222 0.9510416666666667 0.5861111111111111 0.9526041666666667 0.5990740740740741 0.95 0.6092592592592593 0.9473958333333333 0.612037037037037 0.9458333333333333 0.6333333333333333 0.9427083333333334 0.637962962962963 0.9322916666666666 0.6416666666666667 0.9005208333333333 0.6296296296296297 0.8911458333333333 0.6231481481481481 0.8791666666666667 0.6231481481481481 0.8723958333333334 0.6138888888888889 0.8703125 0.5981481481481481 0.8723958333333334 0.5796296296296296 0.8765625 0.5666666666666667 0.8875 0.5583333333333333 0.8947916666666667 0.5472222222222223 0.9052083333333333 0.5481481481481482
0 0.20989583333333334 0.6907407407407408 0.21614583333333334 0.7046296296296296 0.22239583333333332 0.6972222222222222 0.22864583333333333 0.6981481481481482 0.23489583333333333 0.7101851851851851 0.23489583333333333 0.7166666666666667 0.22239583333333332 0.7314814814814815 0.209375 0.7546296296296297 0.20364583333333333 0.7601851851851852 0.20052083333333334 0.7583333333333333 0.1953125 0.7481481481481481 0.19479166666666667 0.725925925925926 0.19895833333333332 0.7074074074074074 0.19947916666666668 0.6953703703703704 0.209375 0.6907407407407408
0 0.5510416666666667 0.6287037037037037 0.5604166666666667 0.6268518518518519 0.5671875 0.6435185185185185 0.5697916666666667 0.6611111111111111 0.5770833333333333 0.675 0.578125 0.6888888888888889 0.5708333333333333 0.6953703703703704 0.5598958333333334 0.6916666666666667 0.5567708333333333 0.687962962962963 0.5536458333333333 0.6768518518518518 0.546875 0.6759259259259259 0.5390625 0.637962962962963 0.5432291666666667 0.6296296296296297 0.5505208333333333 0.6287037037037037
0 0.12552083333333333 0.512962962962963 0.134375 0.5185185185185185 0.140625 0.5305555555555556 0.14166666666666666 0.5435185185185185 0.1375 0.5638888888888889 0.12916666666666668 0.5722222222222222 0.11875 0.5962962962962963 0.10885416666666667 0.6064814814814815 0.09166666666666666 0.6370370370370371 0.0890625 0.6462962962962963 0.0890625 0.6564814814814814 0.084375 0.6666666666666666 0.0578125 0.6833333333333333 0.050520833333333334 0.6833333333333333 0.035416666666666666 0.6722222222222223 0.029166666666666667 0.6648148148148149 0.025520833333333333 0.6537037037037037 0.025520833333333333 0.6444444444444445 0.028645833333333332 0.6324074074074074 0.041666666666666664 0.5962962962962963 0.05 0.5861111111111111 0.06822916666666666 0.5537037037037037 0.09427083333333333 0.524074074074074 0.10885416666666667 0.5138888888888888 0.125 0.512962962962963
0 0.23125 0.12777777777777777 0.23645833333333333 0.12962962962962962 0.2421875 0.13703703703703704 0.24427083333333333 0.14351851851851852 0.24427083333333333 0.15648148148148147 0.2171875 0.18518518518518517 0.2109375 0.2 0.20729166666666668 0.20185185185185187 0.18229166666666666 0.19722222222222222 0.17760416666666667 0.1814814814814815 0.17864583333333334 0.1712962962962963 0.18541666666666667 0.15555555555555556 0.19583333333333333 0.1398148148148148 0.21041666666666667 0.13148148148148148 0.23072916666666668 0.12777777777777777
0 0.225 0.5268518518518519 0.23541666666666666 0.5370370370370371 0.24427083333333333 0.5666666666666667 0.24270833333333333 0.5805555555555556 0.23489583333333333 0.6018518518518519 0.22864583333333333 0.6092592592592593 0.2140625 0.6101851851851852 0.19375 0.6268518518518519 0.17395833333333333 0.6462962962962963 0.16614583333333333 0.6648148148148149 0.15833333333333333 0.6694444444444444 0.14739583333333334 0.6657407407407407 0.14010416666666667 0.6675925925925926 0.1296875 0.6518518518518519 0.12395833333333334 0.6287037037037037 0.12395833333333334 0.6083333333333333 0.1265625 0.5935185185185186 0.14270833333333333 0.5740740740740741 0.16770833333333332 0.5527777777777778 0.18541666666666667 0.5425925925925926 0.1984375 0.5388888888888889 0.21145833333333333 0.5296296296296297 0.22447916666666667 0.5268518518518519
0 0.33645833333333336 0.05555555555555555 0.35208333333333336 0.06111111111111111 0.35885416666666664 0.07037037037037037 0.35885416666666664 0.07962962962962963 0.35625 0.09074074074074075 0.34479166666666666 0.1037037037037037 0.3411458333333333 0.11944444444444445 0.32083333333333336 0.11018518518518519 0.3177083333333333 0.10555555555555556 0.3177083333333333 0.075 0.32760416666666664 0.05740740740740741 0.3359375 0.05555555555555555
0 0.6833333333333333 0.3638888888888889 0.7 0.3824074074074074 0.7119791666666667 0.4046296296296296 0.7119791666666667 0.4324074074074074 0.7067708333333333 0.44351851851851853 0.7067708333333333 0.4601851851851852 0.703125 0.4666666666666667 0.6994791666666667 0.4648148148148148 0.6958333333333333 0.4564814814814815 0.6854166666666667 0.45 0.6692708333333334 0.4287037037037037 0.6604166666666667 0.425 0.6588541666666666 0.4203703703703704 0.659375 0.4009259259259259 0.6666666666666666 0.37407407407407406 0.6755208333333333 0.3648148148148148 0.6828125 0.3638888888888889
0 0.30364583333333334 0.03425925925925926 0.30833333333333335 0.041666666666666664 0.32083333333333336 0.049074074074074076 0.3255208333333333 0.05648148148148148 0.325 0.062037037037037036 0.3151041666666667 0.07592592592592592 0.3140625 0.09259259259259259 0.31145833333333334 0.09537037037037037 0.3 0.09351851851851851 0.29322916666666665 0.09722222222222222 0.2828125 0.10833333333333334 0.2796875 0.12037037037037036 0.2760416666666667 0.12314814814814815 0.26666666666666666 0.11203703703703703 0.25833333333333336 0.07592592592592592 0.25833333333333336 0.06666666666666667 0.27708333333333335 0.044444444444444446 0.2796875 0.037037037037037035 0.2994791666666667 0.032407407407407406 0.303125 0.03425925925925926
0 0.984375 0.5018518518518519 0.9994791666666667 0.5138888888888888 0.9994791666666667 0.575 0.9953125 0.5814814814814815 0.9916666666666667 0.5824074074074074 0.984375 0.5814814814814815 0.9786458333333333 0.5768518518518518 0.9776041666666667 0.5703703703703704 0.9791666666666666 0.5564814814814815 0.9828125 0.5481481481481482 0.9796875 0.5453703703703704 0.9770833333333333 0.55 0.9739583333333334 0.55 0.96875 0.5296296296296297 0.9703125 0.5111111111111111 0.9770833333333333 0.5027777777777778 0.9838541666666667 0.5018518518518519
0 0.6505208333333333 0.7342592592592593 0.6541666666666667 0.7416666666666667 0.6645833333333333 0.737037037037037 0.671875 0.7472222222222222 0.675 0.7574074074074074 0.675 0.7842592592592592 0.6713541666666667 0.7898148148148149 0.65625 0.7944444444444444 0.6479166666666667 0.7888888888888889 0.6489583333333333 0.7796296296296297 0.6473958333333333 0.7768518518518519 0.6427083333333333 0.7842592592592592 0.6395833333333333 0.7851851851851852 0.6229166666666667 0.7703703703703704 0.6223958333333334 0.7601851851851852 0.6463541666666667 0.7416666666666667 0.65 0.7351851851851852
0 0.5234375 0.8490740740740741 0.5291666666666667 0.862037037037037 0.5322916666666667 0.8833333333333333 0.5364583333333334 0.8851851851851852 0.540625 0.8824074074074074 0.5427083333333333 0.8870370370370371 0.5421875 0.9138888888888889 0.5395833333333333 0.9277777777777778 0.5401041666666667 0.9425925925925925 0.5328125 0.9546296296296296 0.528125 0.9518518518518518 0.5260416666666666 0.9314814814814815 0.51875 0.9166666666666666 0.5119791666666667 0.887962962962963 0.5119791666666667 0.8537037037037037 0.5166666666666667 0.8481481481481481 0.5229166666666667 0.8490740740740741
0 0.6364583333333333 0.011111111111111112 0.6447916666666667 0.017592592592592594 0.6447916666666667 0.032407407407407406 0.6385416666666667 0.06018518518518518 0.6302083333333334 0.07407407407407407 0.6109375 0.07037037037037037 0.6088541666666667 0.06574074074074074 0.6083333333333333 0.05462962962962963 0.6114583333333333 0.03981481481481482 0.6229166666666667 0.013888888888888888 0.6265625 0.010185185185185186 0.6359375 0.011111111111111112
0 0.7411458333333333 0.1 0.7479166666666667 0.1037037037037037 0.7520833333333333 0.11203703703703703 0.7557291666666667 0.14444444444444443 0.7541666666666667 0.1787037037037037 0.7453125 0.18703703703703703 0.7244791666666667 0.18333333333333332 0.721875 0.16574074074074074 0.7208333333333333 0.1361111111111111 0.7234375 0.11203703703703703 0.7296875 0.10185185185185185 0.740625 0.1
0 0.7270833333333333 0.022222222222222223 0.734375 0.02962962962962963 0.7411458333333333 0.04351851851851852 0.7479166666666667 0.0824074074074074 0.7484375 0.09537037037037037 0.7458333333333333 0.1 0.7302083333333333 0.10092592592592593 0.7208333333333333 0.11203703703703703 0.7166666666666667 0.10925925925925926 0.7130208333333333 0.1 0.70625 0.07222222222222222 0.70625 0.06111111111111111 0.7078125 0.04537037037037037 0.7151041666666667 0.027777777777777776 0.7208333333333333 0.021296296296296296 0.7265625 0.022222222222222223
0 0.7734375 0.23333333333333334 0.7833333333333333 0.23981481481481481 0.7848958333333333 0.24444444444444444 0.784375 0.26296296296296295 0.7791666666666667 0.26481481481481484 0.775 0.2611111111111111 0.7734375 0.2657407407407407 0.7833333333333333 0.27870370370370373 0.7864583333333334 0.2962962962962963 0.7838541666666666 0.3037037037037037 0.7807291666666667 0.3416666666666667 0.7723958333333333 0.35648148148148145 0.7645833333333333 0.35555555555555557 0.7458333333333333 0.3453703703703704 0.7416666666666667 0.33796296296296297 0.7411458333333333 0.3277777777777778 0.746875 0.29814814814814816 0.7473958333333334 0.27314814814814814 0.7536458333333333 0.24722222222222223 0.75625 0.2462962962962963 0.7666666666666667 0.2537037037037037 0.7677083333333333 0.2518518518518518 0.7661458333333333 0.24722222222222223 0.7604166666666666 0.24166666666666667 0.7588541666666667 0.2351851851851852 0.7614583333333333 0.23055555555555557 0.7729166666666667 0.23333333333333334
1 0.803125 0.1175925925925926 0.8046875 0.12129629629629629 0.8036458333333333 0.13703703703703704 0.7932291666666667 0.16018518518518518 0.7895833333333333 0.16018518518518518 0.7895833333333333 0.15555555555555556 0.7947916666666667 0.1361111111111111 0.7958333333333333 0.12314814814814815 0.8 0.11574074074074074 0.8026041666666667 0.1175925925925926
1 0.665625 0.12314814814814815 0.6677083333333333 0.1259259259259259 0.6671875 0.14074074074074075 0.6619791666666667 0.16666666666666666 0.6583333333333333 0.16574074074074074 0.6567708333333333 0.1574074074074074 0.6583333333333333 0.14074074074074075 0.6651041666666667 0.12314814814814815
1 0.7796875 0.3962962962962963 0.7828125 0.4027777777777778 0.7807291666666667 0.4203703703703704 0.7822916666666667 0.42777777777777776 0.771875 0.4287037037037037 0.7661458333333333 0.43703703703703706 0.7604166666666666 0.43425925925925923 0.7609375 0.4222222222222222 0.7651041666666667 0.40555555555555556 0.76875 0.3990740740740741 0.7723958333333333 0.4027777777777778 0.7791666666666667 0.3962962962962963
1 0.8703125 0.13148148148148148 0.8713541666666667 0.14351851851851852 0.8697916666666666 0.15185185185185185 0.8640625 0.16111111111111112 0.8625 0.16944444444444445 0.859375 0.17222222222222222 0.8572916666666667 0.1685185185185185 0.8583333333333333 0.15092592592592594 0.8651041666666667 0.13240740740740742 0.8697916666666666 0.13148148148148148
1 0.7515625 0.10925925925925926 0.75 0.1037037037037037 0.7526041666666666 0.07777777777777778 0.7572916666666667 0.06296296296296296 0.7619791666666667 0.06111111111111111 0.7630208333333334 0.07407407407407407 0.7604166666666666 0.08333333333333333 0.759375 0.09814814814814815 0.7546875 0.10833333333333334 0.7520833333333333 0.10833333333333334
1 0.8348958333333333 0.33425925925925926 0.8380208333333333 0.3388888888888889 0.8385416666666666 0.3453703703703704 0.8322916666666667 0.3574074074074074 0.8286458333333333 0.375 0.8223958333333333 0.37962962962962965 0.8177083333333334 0.37962962962962965 0.8177083333333334 0.3768518518518518 0.8260416666666667 0.35555555555555557 0.8296875 0.337037037037037 0.834375 0.33425925925925926
1 0.24895833333333334 0.7111111111111111 0.2557291666666667 0.7203703703703703 0.2635416666666667 0.7425925925925926 0.2625 0.75 0.25885416666666666 0.7537037037037037 0.25625 0.7462962962962963 0.246875 0.7425925925925926 0.2421875 0.7342592592592593 0.24114583333333334 0.7157407407407408 0.24375 0.7111111111111111 0.2484375 0.7111111111111111
1 0.2552083333333333 0.9268518518518518 0.2625 0.9324074074074075 0.26614583333333336 0.9388888888888889 0.2682291666666667 0.9601851851851851 0.265625 0.9666666666666667 0.2515625 0.9666666666666667 0.24322916666666666 0.9490740740740741 0.24322916666666666 0.9351851851851852 0.24947916666666667 0.9277777777777778 0.2546875 0.9268518518518518
1 0.253125 0.4759259259259259 0.2635416666666667 0.49074074074074076 0.2635416666666667 0.5175925925925926 0.265625 0.5287037037037037 0.2604166666666667 0.524074074074074 0.246875 0.49444444444444446 0.246875 0.4759259259259259 0.2526041666666667 0.4759259259259259
1 0.16875 0.8018518518518518 0.17239583333333333 0.8083333333333333 0.17552083333333332 0.8277777777777777 0.1734375 0.8324074074074074 0.16822916666666668 0.8342592592592593 0.16145833333333334 0.8333333333333334 0.1546875 0.825 0.15052083333333333 0.8277777777777777 0.15052083333333333 0.8166666666666667 0.1484375 0.8138888888888889 0.15104166666666666 0.8055555555555556 0.15989583333333332 0.8009259259259259 0.16822916666666668 0.8018518518518518
1 0.17604166666666668 0.005555555555555556 0.18125 0.01574074074074074 0.18125 0.03611111111111111 0.1796875 0.03888888888888889 0.175 0.030555555555555555 0.17083333333333334 0.014814814814814815 0.17552083333333332 0.005555555555555556
1 0.0640625 0.16296296296296298 0.06822916666666666 0.1712962962962963 0.0703125 0.18981481481481483 0.07395833333333333 0.19907407407407407 0.06770833333333333 0.2064814814814815 0.0640625 0.20277777777777778 0.05572916666666667 0.1787037037037037 0.05625 0.1638888888888889 0.06354166666666666 0.16296296296296298
1 0.23802083333333332 0.4925925925925926 0.2453125 0.49722222222222223 0.24739583333333334 0.5018518518518519 0.24895833333333334 0.5175925925925926 0.2552083333333333 0.5370370370370371 0.2546875 0.5435185185185185 0.2515625 0.5407407407407407 0.24791666666666667 0.5305555555555556 0.234375 0.5166666666666667 0.23072916666666668 0.4888888888888889 0.23489583333333333 0.487962962962963 0.2375 0.4925925925925926
1 0.175 0.8296296296296296 0.18333333333333332 0.8416666666666667 0.18177083333333333 0.850925925925926 0.17708333333333334 0.8611111111111112 0.16875 0.8694444444444445 0.16458333333333333 0.8694444444444445 0.15729166666666666 0.8555555555555555 0.15729166666666666 0.8453703703703703 0.16145833333333334 0.8351851851851851 0.17447916666666666 0.8305555555555556
1 0.4666666666666667 0.5453703703703704 0.471875 0.5574074074074075 0.4734375 0.5675925925925925 0.46875 0.5796296296296296 0.4666666666666667 0.5990740740740741 0.46458333333333335 0.6 0.4630208333333333 0.5981481481481481 0.4625 0.5796296296296296 0.45677083333333335 0.5694444444444444 0.45677083333333335 0.5648148148148148 0.45729166666666665 0.5583333333333333 0.46197916666666666 0.5462962962962963 0.4661458333333333 0.5453703703703704
1 0.8421875 0.5888888888888889 0.8453125 0.5907407407407408 0.846875 0.6 0.8447916666666667 0.6148148148148148 0.8416666666666667 0.6222222222222222 0.8307291666666666 0.6268518518518519 0.8244791666666667 0.637962962962963 0.8203125 0.6361111111111111 0.81875 0.6305555555555555 0.8260416666666667 0.612037037037037 0.8276041666666667 0.600925925925926 0.8307291666666666 0.5944444444444444 0.8416666666666667 0.5888888888888889
1 0.5786458333333333 0.2175925925925926 0.58125 0.22870370370370371 0.5796875 0.25555555555555554 0.571875 0.2722222222222222 0.5708333333333333 0.23055555555555557 0.575 0.21944444444444444 0.578125 0.2175925925925926
1 0.14375 0.9092592592592592 0.15208333333333332 0.9148148148148149 0.16041666666666668 0.9305555555555556 0.16927083333333334 0.9388888888888889 0.16979166666666667 0.9435185185185185 0.16458333333333333 0.95 0.1546875 0.95 0.1421875 0.9351851851851852 0.13645833333333332 0.9222222222222223 0.13541666666666666 0.9138888888888889 0.1375 0.9101851851851852 0.14322916666666666 0.9092592592592592
1 0.19322916666666667 0.024074074074074074 0.196875 0.027777777777777776 0.20052083333333334 0.03796296296296296 0.19947916666666668 0.049074074074074076 0.20208333333333334 0.058333333333333334 0.19947916666666668 0.06481481481481481 0.18802083333333333 0.03611111111111111 0.18854166666666666 0.027777777777777776 0.19270833333333334 0.024074074074074074
1 0.12291666666666666 0.062037037037037036 0.1265625 0.07037037037037037 0.12916666666666668 0.08425925925925926 0.1296875 0.09814814814814815 0.12708333333333333 0.10185185185185185 0.12395833333333334 0.09907407407407408 0.11197916666666667 0.06851851851851852 0.11614583333333334 0.053703703703703705 0.11979166666666667 0.053703703703703705 0.12239583333333333 0.062037037037037036
1 0.9776041666666667 0.5462962962962963 0.984375 0.5462962962962963 0.984375 0.5518518518518518 0.9802083333333333 0.5583333333333333 0.9770833333333333 0.5740740740740741 0.9713541666666666 0.5777777777777777 0.9598958333333333 0.5925925925925926 0.95625 0.5916666666666667 0.9541666666666667 0.5851851851851851 0.9552083333333333 0.5768518518518518 0.9651041666666667 0.5601851851851852 0.9776041666666667 0.5472222222222223
1 0.2864583333333333 0.9027777777777778 0.29322916666666665 0.9009259259259259 0.29739583333333336 0.9037037037037037 0.3067708333333333 0.9212962962962963 0.3046875 0.9287037037037037 0.3078125 0.9351851851851852 0.3072916666666667 0.9416666666666667 0.30364583333333334 0.9435185185185185 0.29635416666666664 0.9342592592592592 0.29010416666666666 0.9462962962962963 0.2859375 0.9472222222222222 0.2864583333333333 0.9342592592592592 0.2838541666666667 0.9148148148148149 0.2864583333333333 0.9037037037037037
1 0.8453125 0.43148148148148147 0.8479166666666667 0.43333333333333335 0.8479166666666667 0.43796296296296294 0.8348958333333333 0.48148148148148145 0.8302083333333333 0.48148148148148145 0.8239583333333333 0.4740740740740741 0.8239583333333333 0.46944444444444444 0.8286458333333333 0.462037037037037 0.8338541666666667 0.4425925925925926 0.8447916666666667 0.4324074074074074
1 0.3692708333333333 0.8 0.3776041666666667 0.8046296296296296 0.3807291666666667 0.8148148148148148 0.38697916666666665 0.8231481481481482 0.38645833333333335 0.8314814814814815 0.3796875 0.8425925925925926 0.3765625 0.8435185185185186 0.36770833333333336 0.8212962962962963 0.3671875 0.8101851851851852 0.3692708333333333 0.8009259259259259
1 0.1765625 0.03888888888888889 0.18072916666666666 0.044444444444444446 0.18229166666666666 0.05740740740740741 0.18541666666666667 0.06574074074074074 0.17916666666666667 0.07222222222222222 0.17708333333333334 0.07037037037037037 0.171875 0.04722222222222222 0.17239583333333333 0.03981481481481482 0.17604166666666668 0.03888888888888889
1 0.36614583333333334 0.05648148148148148 0.3692708333333333 0.05740740740740741 0.3729166666666667 0.06481481481481481 0.3729166666666667 0.09259259259259259 0.3697916666666667 0.09537037037037037 0.36302083333333335 0.07222222222222222 0.36614583333333334 0.05740740740740741
1 0.29270833333333335 0.7694444444444445 0.29635416666666664 0.7759259259259259 0.29635416666666664 0.7861111111111111 0.3 0.7935185185185185 0.3 0.799074074074074 0.2942708333333333 0.8009259259259259 0.2864583333333333 0.8175925925925925 0.284375 0.8148148148148148 0.284375 0.7981481481481482 0.2791666666666667 0.7861111111111111 0.2786458333333333 0.7731481481481481 0.28229166666666666 0.7657407407407407 0.2921875 0.7694444444444445
1 0.55 0.16666666666666666 0.5546875 0.17777777777777778 0.5546875 0.18888888888888888 0.5494791666666666 0.20185185185185187 0.5489583333333333 0.20833333333333334 0.5447916666666667 0.21388888888888888 0.5432291666666667 0.21388888888888888 0.5432291666666667 0.2074074074074074 0.5453125 0.19444444444444445 0.5453125 0.175 0.5463541666666667 0.1685185185185185 0.5494791666666666 0.16666666666666666
1 0.18229166666666666 0.8675925925925926 0.18802083333333333 0.8731481481481481 0.1859375 0.8833333333333333 0.1921875 0.8972222222222223 0.19270833333333334 0.9046296296296297 0.1875 0.9120370370370371 0.17604166666666668 0.9157407407407407 0.1734375 0.9148148148148149 0.17291666666666666 0.9111111111111111 0.1765625 0.899074074074074 0.17083333333333334 0.887962962962963 0.16458333333333333 0.8842592592592593 0.16458333333333333 0.8796296296296297 0.175 0.8685185185185185 0.18177083333333333 0.8675925925925926
1 0.29322916666666665 0.6657407407407407 0.29635416666666664 0.6675925925925926 0.2984375 0.675 0.2994791666666667 0.6925925925925925 0.30364583333333334 0.7148148148148148 0.303125 0.7212962962962963 0.2859375 0.7 0.28177083333333336 0.6851851851851852 0.28177083333333336 0.6611111111111111 0.2864583333333333 0.6592592592592592 0.28958333333333336 0.6657407407407407 0.29270833333333335 0.6657407407407407
1 0.30364583333333334 0.6898148148148148 0.309375 0.6925925925925925 0.3140625 0.6990740740740741 0.3171875 0.7111111111111111 0.325 0.7092592592592593 0.32395833333333335 0.7166666666666667 0.3177083333333333 0.7268518518518519 0.3171875 0.7361111111111112 0.3140625 0.7388888888888889 0.31302083333333336 0.7333333333333333 0.30520833333333336 0.7231481481481481 0.30052083333333335 0.6962962962962963 0.303125 0.6907407407407408
1 0.1578125 0.05092592592592592 0.16458333333333333 0.06574074074074074 0.16822916666666668 0.08148148148148149 0.16770833333333332 0.09166666666666666 0.16510416666666666 0.09351851851851851 0.1640625 0.08703703703703704 0.1546875 0.06944444444444445 0.1546875 0.05648148148148148 0.15729166666666666 0.05185185185185185
1 0.6869791666666667 0.2712962962962963 0.6911458333333333 0.2935185185185185 0.6869791666666667 0.30277777777777776 0.6854166666666667 0.32222222222222224 0.6838541666666667 0.32314814814814813 0.6807291666666667 0.32222222222222224 0.6760416666666667 0.2972222222222222 0.6786458333333333 0.2861111111111111 0.6828125 0.28055555555555556 0.6833333333333333 0.2722222222222222 0.6864583333333333 0.2712962962962963
1 0.5880208333333333 0.023148148148148147 0.5921875 0.03518518518518519 0.5927083333333333 0.05 0.5869791666666667 0.06759259259259259 0.5848958333333333 0.06851851851851852 0.5838541666666667 0.06481481481481481 0.5833333333333334 0.03888888888888889 0.5854166666666667 0.026851851851851852 0.5875 0.024074074074074074
1 0.10416666666666667 0.11574074074074074 0.11145833333333334 0.12685185185185185 0.11458333333333333 0.13703703703703704 0.11510416666666666 0.14722222222222223 0.1125 0.15 0.1046875 0.13796296296296295 0.1015625 0.12129629629629629 0.1015625 0.11666666666666667 0.10364583333333334 0.11574074074074074
1 0.5458333333333333 0.9601851851851851 0.5505208333333333 0.9666666666666667 0.5541666666666667 0.9777777777777777 0.553125 0.9944444444444445 0.5494791666666666 0.9990740740740741 0.5390625 0.9990740740740741 0.5401041666666667 0.9907407407407407 0.5328125 0.9851851851851852 0.5317708333333333 0.9814814814814815 0.5385416666666667 0.9611111111111111 0.5427083333333333 0.9583333333333334 0.5453125 0.9601851851851851
1 0.7140625 0.2777777777777778 0.7182291666666667 0.3037037037037037 0.7166666666666667 0.30925925925925923 0.7109375 0.3148148148148148 0.7067708333333333 0.3333333333333333 0.7046875 0.3351851851851852 0.7015625 0.3333333333333333 0.7005208333333334 0.32407407407407407 0.7036458333333333 0.32037037037037036 0.7057291666666666 0.3111111111111111 0.7072916666666667 0.28703703703703703 0.7104166666666667 0.28425925925925927 0.7109375 0.27870370370370373 0.7135416666666666 0.2777777777777778
1 0.28802083333333334 0.13148148148148148 0.290625 0.13518518518518519 0.2953125 0.15648148148148147 0.3 0.1675925925925926 0.3 0.17222222222222222 0.29635416666666664 0.175 0.29270833333333335 0.16574074074074074 0.28958333333333336 0.17777777777777778 0.2859375 0.17592592592592593 0.28489583333333335 0.13425925925925927 0.2875 0.13148148148148148
1 0.050520833333333334 0.17685185185185184 0.057291666666666664 0.18333333333333332 0.0640625 0.20555555555555555 0.07083333333333333 0.20925925925925926 0.0734375 0.21388888888888888 0.07395833333333333 0.2175925925925926 0.07083333333333333 0.21944444444444444 0.06666666666666667 0.21481481481481482 0.0671875 0.22314814814814815 0.06458333333333334 0.22685185185185186 0.046875 0.18796296296296297 0.04583333333333333 0.18055555555555555 0.05 0.17685185185185184
1 0.18697916666666667 0.9185185185185185 0.1921875 0.9277777777777778 0.19322916666666667 0.9407407407407408 0.18020833333333333 0.962037037037037 0.17708333333333334 0.9601851851851851 0.17604166666666668 0.950925925925926 0.16979166666666667 0.9416666666666667 0.1703125 0.9231481481481482 0.17447916666666666 0.9166666666666666 0.18645833333333334 0.9185185185185185
1 0.13333333333333333 0.03148148148148148 0.13854166666666667 0.03148148148148148 0.14947916666666666 0.05925925925925926 0.1484375 0.06481481481481481 0.14322916666666666 0.06666666666666667 0.13385416666666666 0.04537037037037037 0.13177083333333334 0.03796296296296296 0.13333333333333333 0.032407407407407406
1 0.85625 0.14351851851851852 0.8578125 0.15555555555555556 0.8526041666666667 0.1712962962962963 0.85 0.17314814814814813 0.8473958333333333 0.1712962962962963 0.8484375 0.15462962962962962 0.8557291666666667 0.14351851851851852
1 0.540625 0.3907407407407407 0.54375 0.4046296296296296 0.54375 0.43333333333333335 0.5401041666666667 0.4398148148148148 0.5359375 0.43703703703703706 0.5302083333333333 0.4537037037037037 0.5276041666666667 0.4527777777777778 0.5276041666666667 0.44722222222222224 0.53125 0.43148148148148147 0.5307291666666667 0.4064814814814815 0.5328125 0.4 0.5401041666666667 0.3907407407407407
1 0.3625 0.7564814814814815 0.3723958333333333 0.7601851851851852 0.37447916666666664 0.7638888888888888 0.3770833333333333 0.7944444444444444 0.37083333333333335 0.8 0.3671875 0.7962962962962963 0.359375 0.7694444444444445 0.35989583333333336 0.7583333333333333 0.3619791666666667 0.7574074074074074
1 0.4088541666666667 0.046296296296296294 0.4114583333333333 0.046296296296296294 0.415625 0.062037037037037036 0.415625 0.08333333333333333 0.41458333333333336 0.08796296296296297 0.4114583333333333 0.08518518518518518 0.4078125 0.06759259259259259 0.4088541666666667 0.04722222222222222
1 0.8536458333333333 0.17685185185185184 0.85625 0.18518518518518517 0.8557291666666667 0.1935185185185185 0.8453125 0.21851851851851853 0.8416666666666667 0.21666666666666667 0.84375 0.2 0.8489583333333334 0.18518518518518517 0.8494791666666667 0.17777777777777778 0.853125 0.17685185185185184
1 0.8057291666666667 0.5879629629629629 0.8140625 0.5768518518518518 0.8192708333333333 0.5740740740740741 0.8239583333333333 0.5740740740740741 0.8265625 0.5805555555555556 0.825 0.5981481481481481 0.8166666666666667 0.6055555555555555 0.8078125 0.6185185185185185 0.8036458333333333 0.6185185185185185 0.8057291666666667 0.5888888888888889
1 0.5015625 0.5805555555555556 0.5078125 0.5888888888888889 0.5088541666666667 0.6037037037037037 0.5046875 0.6203703703703703 0.4979166666666667 0.6287037037037037 0.4947916666666667 0.6231481481481481 0.49166666666666664 0.5888888888888889 0.4942708333333333 0.5824074074074074 0.5010416666666667 0.5805555555555556
1 0.5536458333333333 0.18796296296296297 0.5567708333333333 0.1935185185185185 0.5578125 0.20092592592592592 0.55625 0.23055555555555557 0.5505208333333333 0.24074074074074073 0.5484375 0.2388888888888889 0.5484375 0.20185185185185187 0.553125 0.18888888888888888
1 0.7098958333333333 0.5879629629629629 0.7125 0.5564814814814815 0.7166666666666667 0.5435185185185185 0.7203125 0.5388888888888889 0.7244791666666667 0.5398148148148149 0.7270833333333333 0.55 0.7270833333333333 0.5592592592592592 0.7130208333333333 0.5888888888888889 0.7104166666666667 0.5879629629629629
1 0.184375 0.017592592592592594 0.18854166666666666 0.028703703703703703 0.1890625 0.049074074074074076 0.17916666666666667 0.03981481481481482 0.18020833333333333 0.018518518518518517 0.18125 0.01574074074074074 0.18385416666666668 0.017592592592592594
1 0.3177083333333333 0.8768518518518519 0.3234375 0.8814814814814815 0.33229166666666665 0.8972222222222223 0.334375 0.9074074074074074 0.3328125 0.9157407407407407 0.33489583333333334 0.9194444444444444 0.33489583333333334 0.925 0.3296875 0.9324074074074075 0.3265625 0.9324074074074075 0.3255208333333333 0.9231481481481482 0.3171875 0.9148148148148149 0.3151041666666667 0.9092592592592592 0.315625 0.8935185185185185 0.31145833333333334 0.8861111111111111 0.3109375 0.8805555555555555 0.3140625 0.8759259259259259 0.3171875 0.8768518518518519
1 0.0625 0.10185185185185185 0.0671875 0.10462962962962963 0.07135416666666666 0.11296296296296296 0.07239583333333334 0.125 0.07760416666666667 0.13796296296296295 0.07760416666666667 0.14351851851851852 0.07447916666666667 0.14351851851851852 0.0609375 0.11944444444444445 0.05677083333333333 0.10555555555555556 0.058333333333333334 0.10185185185185185 0.06197916666666667 0.10185185185185185
1 0.5947916666666667 0.075 0.011458333333333333 0.04814814814814815
1 0.6067708333333334 0.024074074074074074 0.6098958333333333 0.03796296296296296 0.60625 0.05740740740740741 0.6026041666666667 0.06574074074074074 0.5994791666666667 0.058333333333333334 0.5984375 0.03611111111111111 0.6041666666666666 0.024074074074074074 0.60625 0.024074074074074074
1 0.19791666666666666 0.8712962962962963 0.20989583333333334 0.8916666666666667 0.22708333333333333 0.8925925925925926 0.22447916666666667 0.9009259259259259 0.21927083333333333 0.9055555555555556 0.21302083333333333 0.9185185185185185 0.19166666666666668 0.9083333333333333 0.19322916666666667 0.9009259259259259 0.18541666666666667 0.8824074074074074 0.19010416666666666 0.8712962962962963 0.19739583333333333 0.8712962962962963
1 0.8046875 0.21666666666666667 0.8104166666666667 0.17962962962962964 0.8177083333333334 0.1675925925925926 0.8208333333333333 0.1685185185185185 0.8213541666666667 0.18518518518518517 0.8098958333333334 0.2064814814814815 0.8088541666666667 0.21666666666666667 0.8052083333333333 0.21666666666666667
1 0.20677083333333332 0.9537037037037037 0.21770833333333334 0.9694444444444444 0.21822916666666667 0.9740740740740741 0.22395833333333334 0.9833333333333333 0.22708333333333333 0.9944444444444445 0.22604166666666667 0.9990740740740741 0.21197916666666666 0.9990740740740741 0.20104166666666667 0.9805555555555555 0.19947916666666668 0.9740740740740741 0.20104166666666667 0.9583333333333334 0.20625 0.9537037037037037
1 0.9671875 0.5287037037037037 0.9703125 0.5324074074074074 0.9729166666666667 0.55 0.9661458333333334 0.5611111111111111 0.9536458333333333 0.5722222222222222 0.9463541666666667 0.5685185185185185 0.9453125 0.5611111111111111 0.9536458333333333 0.5398148148148149 0.9666666666666667 0.5287037037037037
1 0.27447916666666666 0.899074074074074 0.2760416666666667 0.9111111111111111 0.2838541666666667 0.9231481481481482 0.28541666666666665 0.9361111111111111 0.2833333333333333 0.9407407407407408 0.2796875 0.9398148148148148 0.2760416666666667 0.9287037037037037 0.27239583333333334 0.9388888888888889 0.2677083333333333 0.937962962962963 0.2635416666666667 0.9305555555555556 0.26197916666666665 0.9175925925925926 0.2640625 0.9074074074074074 0.26875 0.9 0.27395833333333336 0.899074074074074