0 0.027083333333333334 0.23981481481481481 0.043229166666666666 0.25 0.0609375 0.26666666666666666 0.07916666666666666 0.2962962962962963 0.08177083333333333 0.30462962962962964 0.08125 0.31574074074074077 0.06770833333333333 0.34444444444444444 0.057291666666666664 0.3472222222222222 0.0020833333333333333 0.4111111111111111 0 0.4111111111111111 0 0.2611111111111111 0.018229166666666668 0.24259259259259258 0.0265625 0.23981481481481481
1 0.26666666666666666 0.9490740740740741 0.27395833333333336 0.95 0.27708333333333335 0.9592592592592593 0.28177083333333336 0.9648148148148148 0.2833333333333333 0.9777777777777777 0.2833333333333333 0.9833333333333333 0.28125 0.9851851851851852 0.2640625 0.9787037037037037 0.2609375 0.9629629629629629 0.26666666666666666 0.95
1 0.421875 0.8194444444444444 0.4354166666666667 0.8314814814814815 0.4354166666666667 0.8453703703703703 0.4401041666666667 0.8555555555555555 0.4395833333333333 0.8592592592592593 0.434375 0.8592592592592593 0.4265625 0.8537037037037037 0.41458333333333336 0.8583333333333333 0.4114583333333333 0.8546296296296296 0.4114583333333333 0.8518518518518519 0.41770833333333335 0.8472222222222222 0.41822916666666665 0.8222222222222222 0.42135416666666664 0.8203703703703704
1 0.17239583333333333 0.7453703703703703 0.18802083333333333 0.7620370370370371 0.19479166666666667 0.7925925925925926 0.19375 0.8 0.18802083333333333 0.799074074074074 0.1796875 0.7861111111111111 0.16822916666666668 0.7759259259259259 0.1671875 0.7481481481481481 0.171875 0.7453703703703703
1 0.3177083333333333 0.9166666666666666 0.3223958333333333 0.9222222222222223 0.32708333333333334 0.9425925925925925 0.3255208333333333 0.9527777777777777 0.321875 0.9564814814814815 0.3182291666666667 0.9555555555555556 0.3171875 0.9490740740740741 0.3026041666666667 0.9259259259259259 0.303125 0.9203703703703704 0.31197916666666664 0.9120370370370371 0.3140625 0.9111111111111111 0.3171875 0.9166666666666666
1 0.6578125 0.23796296296296296 0.6604166666666667 0.24074074074074073 0.6614583333333334 0.25277777777777777 0.6578125 0.26944444444444443 0.6572916666666667 0.2824074074074074 0.6552083333333333 0.2851851851851852 0.653125 0.2833333333333333 0.6510416666666666 0.26851851851851855 0.6552083333333333 0.24074074074074073 0.6572916666666667 0.2388888888888889
1 0.09635416666666667 0.08333333333333333 0.09895833333333333 0.08425925925925926 0.103125 0.09259259259259259 0.11041666666666666 0.11481481481481481 0.11145833333333334 0.12037037037037036 0.10885416666666667 0.12407407407407407 0.10572916666666667 0.12222222222222222 0.1015625 0.11018518518518519 0.09322916666666667 0.09722222222222222 0.09270833333333334 0.09074074074074075 0.09583333333333334 0.08333333333333333
1 0.5984375 0.09907407407407408 0.6 0.11666666666666667 0.5953125 0.13518518518518519 0.590625 0.11481481481481481 0.5953125 0.1 0.5979166666666667 0.1
1 0.8453125 0.4685185185185185 0.8479166666666667 0.4759259259259259 0.8479166666666667 0.487962962962963 0.8291666666666667 0.5185185185185185 0.8255208333333334 0.5120370370370371 0.8223958333333333 0.5111111111111111 0.8213541666666667 0.5064814814814815 0.8354166666666667 0.4722222222222222 0.8447916666666667 0.4685185185185185
1 0.8453125 0.1175925925925926 0.8489583333333334 0.11851851851851852 0.8489583333333334 0.125 0.8416666666666667 0.1574074074074074 0.8380208333333333 0.15925925925925927 0.8354166666666667 0.15555555555555556 0.8375 0.13333333333333333 0.8453125 0.11851851851851852
1 0.16822916666666668 0.012962962962962963 0.171875 0.014814814814814815 0.17552083333333332 0.024074074074074074 0.178125 0.046296296296296294 0.175 0.04814814814814815 0.171875 0.037037037037037035 0.16666666666666666 0.027777777777777776 0.16510416666666666 0.018518518518518517 0.16770833333333332 0.013888888888888888
1 0.8494791666666667 0.9305555555555556 0.8520833333333333 0.9342592592592592 0.8520833333333333 0.9407407407407408 0.8494791666666667 0.9453703703703704 0.8494791666666667 0.9601851851851851 0.8416666666666667 0.9666666666666667 0.8385416666666666 0.9731481481481481 0.8317708333333333 0.9712962962962963 0.83125 0.9648148148148148 0.8286458333333333 0.9611111111111111 0.8125 0.9675925925925926 0.8072916666666666 0.9638888888888889 0.80625 0.9592592592592593 0.8161458333333333 0.9555555555555556 0.8385416666666666 0.9324074074074075 0.8489583333333334 0.9305555555555556
1 0.7479166666666667 0.1638888888888889 0.7515625 0.1287037037037037 0.7552083333333334 0.12314814814814815 0.7583333333333333 0.12407407407407407 0.7598958333333333 0.13796296296296295 0.75625 0.15462962962962962 0.7484375 0.16296296296296298
1 0.9145833333333333 0.512962962962963 0.9166666666666666 0.5157407407407407 0.9161458333333333 0.537962962962963 0.9072916666666667 0.5481481481481482 0.8994791666666667 0.5648148148148148 0.8953125 0.5638888888888889 0.8921875 0.5574074074074075 0.9026041666666667 0.525 0.9140625 0.5138888888888888
1 0.19270833333333334 0.012962962962962963 0.196875 0.021296296296296296 0.20052083333333334 0.03981481481481482 0.2 0.04722222222222222 0.196875 0.05462962962962963 0.1921875 0.049074074074074076 0.18802083333333333 0.026851851851851852 0.1890625 0.014814814814814815 0.1921875 0.012962962962962963
1 0.2875 0.9166666666666666 0.30052083333333335 0.9277777777777778 0.30416666666666664 0.9351851851851852 0.30416666666666664 0.9472222222222222 0.30625 0.9564814814814815 0.30052083333333335 0.9666666666666667 0.29791666666666666 0.9666666666666667 0.29583333333333334 0.9555555555555556 0.2833333333333333 0.9388888888888889 0.2833333333333333 0.9305555555555556 0.28020833333333334 0.9203703703703704 0.2828125 0.9157407407407407 0.2869791666666667 0.9166666666666666
1 0.6890625 0.11388888888888889 0.6921875 0.11481481481481481 0.6927083333333334 0.11851851851851852 0.6921875 0.13333333333333333 0.6890625 0.14166666666666666 0.6895833333333333 0.15092592592592594 0.68125 0.1574074074074074 0.684375 0.14444444444444443 0.6838541666666667 0.12777777777777777 0.6890625 0.11481481481481481
1 0.04635416666666667 0.17037037037037037 0.0546875 0.18888888888888888 0.0640625 0.22314814814814815 0.058333333333333334 0.22592592592592592 0.05260416666666667 0.2101851851851852 0.046875 0.20833333333333334 0.043229166666666666 0.20092592592592592 0.04114583333333333 0.18055555555555555 0.043229166666666666 0.17222222222222222 0.04583333333333333 0.1712962962962963
1 0.06041666666666667 0.18333333333333332 0.06927083333333334 0.1935185185185185 0.078125 0.21666666666666667 0.07916666666666666 0.22407407407407406 0.0734375 0.22685185185185186 0.0640625 0.20925925925925926 0.05677083333333333 0.20277777777777778 0.05572916666666667 0.19166666666666668 0.059895833333333336 0.18425925925925926
1 0.12291666666666666 0.10740740740740741 0.1265625 0.10925925925925926 0.134375 0.12685185185185185 0.134375 0.14351851851851852 0.13072916666666667 0.14351851851851852 0.12239583333333333 0.11851851851851852 0.12291666666666666 0.10833333333333334
1 0.6645833333333333 0.15462962962962962 0.6666666666666666 0.175 0.6619791666666667 0.18796296296296297 0.6609375 0.19907407407407407 0.6578125 0.2 0.65625 0.19537037037037036 0.65625 0.16944444444444445 0.6609375 0.16203703703703703 0.6614583333333334 0.15648148148148147 0.6640625 0.15555555555555556
1 0.5880208333333333 0.007407407407407408 0.5911458333333334 0.010185185185185186 0.5927083333333333 0.017592592592592594 0.5927083333333333 0.027777777777777776 0.5885416666666666 0.05 0.5848958333333333 0.05092592592592592 0.5848958333333333 0.025 0.5880208333333333 0.008333333333333333
1 0.1546875 0.02962962962962963 0.15989583333333332 0.03611111111111111 0.16666666666666666 0.05648148148148148 0.17135416666666667 0.06296296296296296 0.16458333333333333 0.07222222222222222 0.16145833333333334 0.07222222222222222 0.15572916666666667 0.05 0.15 0.03611111111111111 0.15104166666666666 0.030555555555555555 0.15416666666666667 0.02962962962962963
1 0.121875 0.8657407407407407 0.14270833333333333 0.8935185185185185 0.14114583333333333 0.9 0.13333333333333333 0.8953703703703704 0.13072916666666667 0.9 0.13125 0.9055555555555556 0.140625 0.9203703703703704 0.14114583333333333 0.925 0.13854166666666667 0.9287037037037037 0.13333333333333333 0.9259259259259259 0.12395833333333334 0.9092592592592592 0.11614583333333334 0.9074074074074074 0.10364583333333334 0.8916666666666667 0.10416666666666667 0.8787037037037037 0.1015625 0.8694444444444445 0.10416666666666667 0.8611111111111112 0.10833333333333334 0.8611111111111112 0.1125 0.8694444444444445 0.12135416666666667 0.8657407407407407
1 0.140625 0.07314814814814814 0.14479166666666668 0.07407407407407407 0.1515625 0.08425925925925926 0.15625 0.10555555555555556 0.15416666666666667 0.11481481481481481 0.15104166666666666 0.11388888888888889 0.14895833333333333 0.1037037037037037 0.140625 0.08333333333333333 0.140625 0.07407407407407407
1 0.051041666666666666 0.12222222222222222 0.058333333333333334 0.13333333333333333 0.06041666666666667 0.14722222222222223 0.06614583333333333 0.16111111111111112 0.06458333333333334 0.1685185185185185 0.0609375 0.1648148148148148 0.04791666666666667 0.13703703703703704 0.046875 0.1259259259259259 0.050520833333333334 0.12222222222222222
1 0.26510416666666664 0.8564814814814815 0.2682291666666667 0.8898148148148148 0.26197916666666665 0.8972222222222223 0.25677083333333334 0.899074074074074 0.25104166666666666 0.8972222222222223 0.2546875 0.8888888888888888 0.253125 0.8657407407407407 0.25833333333333336 0.8555555555555555 0.26458333333333334 0.8564814814814815
1 0.2755208333333333 0.6638888888888889 0.2864583333333333 0.6787037037037037 0.2890625 0.6916666666666667 0.2890625 0.6990740740740741 0.2828125 0.7138888888888889 0.2796875 0.7129629629629629 0.26875 0.675 0.26875 0.6685185185185185 0.275 0.6638888888888889
1 0.5020833333333333 0.8212962962962963 0.5083333333333333 0.8268518518518518 0.5104166666666666 0.8351851851851851 0.5067708333333333 0.8490740740740741 0.49583333333333335 0.8629629629629629 0.49166666666666664 0.8592592592592593 0.49270833333333336 0.8462962962962963 0.490625 0.8314814814814815 0.4947916666666667 0.8240740740740741 0.5015625 0.8212962962962963
1 0.20989583333333334 0.08425925925925926 0.2 0.05740740740740741 0.2015625 0.049074074074074076 0.20520833333333333 0.04537037037037037 0.2078125 0.04722222222222222 0.20989583333333334 0.058333333333333334 0.21197916666666666 0.07777777777777778 0.21041666666666667 0.08425925925925926
1 0.10260416666666666 0.12962962962962962 0.10572916666666667 0.1287037037037037 0.1203125 0.16018518518518518 0.11979166666666667 0.1638888888888889 0.1125 0.1712962962962963 0.11041666666666666 0.16944444444444445 0.10572916666666667 0.15462962962962962 0.10260416666666666 0.13055555555555556
1 0.12291666666666666 0.08888888888888889 0.1296875 0.08981481481481482 0.134375 0.10740740740740741 0.14166666666666666 0.11851851851851852 0.140625 0.12314814814814815 0.13333333333333333 0.12314814814814815 0.1265625 0.11018518518518519 0.1234375 0.10833333333333334 0.12291666666666666 0.08981481481481482
1 0.4244791666666667 0.5990740740740741 0.428125 0.6111111111111112 0.42864583333333334 0.6203703703703703 0.4328125 0.6287037037037037 0.4328125 0.6388888888888888 0.4317708333333333 0.6425925925925926 0.425 0.6388888888888888 0.41822916666666665 0.6509259259259259 0.41875 0.6046296296296296 0.4203125 0.5981481481481481 0.4239583333333333 0.5990740740740741
1 0.30885416666666665 0.12314814814814815 0.31197916666666664 0.12314814814814815 0.31614583333333335 0.13333333333333333 0.31927083333333334 0.16018518518518518 0.31927083333333334 0.1638888888888889 0.3171875 0.16574074074074074 0.3109375 0.16296296296296298 0.3072916666666667 0.1361111111111111 0.30885416666666665 0.12407407407407407
1 0.6088541666666667 0.003703703703703704 0.6135416666666667 0.021296296296296296 0.6083333333333333 0.05092592592592592 0.6052083333333333 0.05462962962962963 0.6041666666666666 0.022222222222222223 0.6052083333333333 0.012037037037037037 0.6088541666666667 0.004629629629629629
1 0.0640625 0.12222222222222222 0.06770833333333333 0.12314814814814815 0.08072916666666667 0.16111111111111112 0.078125 0.1685185185185185 0.07447916666666667 0.1685185185185185 0.0703125 0.1537037037037037 0.06197916666666667 0.13796296296296295 0.0640625 0.12314814814814815
1 0.16458333333333333 0.08611111111111111 0.16927083333333334 0.09537037037037037 0.175 0.12314814814814815 0.1703125 0.1259259259259259 0.1609375 0.10092592592592593 0.16041666666666668 0.09166666666666666 0.1640625 0.08703703703703704
1 0.20260416666666667 0.700925925925926 0.20572916666666666 0.7064814814814815 0.21354166666666666 0.7101851851851851 0.21979166666666666 0.7277777777777777 0.22291666666666668 0.7453703703703703 0.2171875 0.7527777777777778 0.21354166666666666 0.7518518518518519 0.20833333333333334 0.7444444444444445 0.19947916666666668 0.7268518518518519 0.19947916666666668 0.7129629629629629 0.19739583333333333 0.7027777777777777 0.19895833333333332 0.7 0.20208333333333334 0.700925925925926
1 0.6473958333333333 0.016666666666666666 0.6520833333333333 0.025 0.6473958333333333 0.05740740740740741 0.64375 0.05740740740740741 0.64375 0.027777777777777776 0.646875 0.017592592592592594
1 0.7109375 0.29444444444444445 0.7161458333333334 0.3138888888888889 0.7088541666666667 0.3277777777777778 0.70625 0.3416666666666667 0.7026041666666667 0.34629629629629627 0.7 0.3453703703703704 0.6979166666666666 0.33796296296296297 0.6927083333333334 0.33425925925925926 0.7026041666666667 0.32037037037037036 0.7078125 0.2962962962962963 0.7104166666666667 0.29444444444444445
1 0.04114583333333333 0.2175925925925926 0.046875 0.2212962962962963 0.0515625 0.23796296296296296 0.057291666666666664 0.24814814814814815 0.0578125 0.25555555555555554 0.05364583333333333 0.25925925925925924 0.04010416666666667 0.24259259259259258 0.0375 0.21851851851851853 0.040625 0.2175925925925926
1 0.7953125 0.2 0.8005208333333333 0.1712962962962963 0.8072916666666666 0.15833333333333333 0.8104166666666667 0.16111111111111112 0.8104166666666667 0.17685185185185184 0.8010416666666667 0.19722222222222222 0.7958333333333333 0.2
1 0.8661458333333333 0.2074074074074074 0.8661458333333333 0.23055555555555557 0.8536458333333333 0.2574074074074074 0.8515625 0.2574074074074074 0.8505208333333333 0.2537037037037037 0.8557291666666667 0.24166666666666667 0.8557291666666667 0.22962962962962963 0.8609375 0.21296296296296297 0.865625 0.2074074074074074
1 0.8890625 0.5282407407407408 0.023958333333333335 0.04537037037037037
1 0.56484375 0.39814814814814814 0.015104166666666667 0.04814814814814815
1 0.9427083333333334 0.5268518518518519 0.94375 0.5324074074074074 0.9421875 0.5435185185185185 0.9255208333333333 0.5777777777777777 0.9177083333333333 0.5694444444444444 0.9161458333333333 0.5601851851851852 0.9260416666666667 0.5472222222222223 0.9265625 0.5370370370370371 0.9338541666666667 0.5361111111111111 0.9385416666666667 0.5268518518518519 0.9421875 0.5268518518518519
1 0.8369791666666667 0.8851851851851852 0.8416666666666667 0.8935185185185185 0.8416666666666667 0.9111111111111111 0.8390625 0.9185185185185185 0.8177083333333334 0.9333333333333333 0.8140625 0.9324074074074075 0.8135416666666667 0.925 0.8036458333333333 0.9157407407407407 0.8036458333333333 0.9120370370370371 0.8119791666666667 0.9064814814814814 0.8307291666666666 0.8861111111111111 0.8364583333333333 0.8851851851851852
1 0.5119791666666667 0.29074074074074074 0.5171875 0.3037037037037037 0.5130208333333334 0.337037037037037 0.5067708333333333 0.33611111111111114 0.5052083333333334 0.3277777777777778 0.5052083333333334 0.30462962962962964 0.5088541666666667 0.2916666666666667 0.5114583333333333 0.29074074074074074
1 0.5260416666666666 0.2972222222222222 0.5260416666666666 0.27870370370370373 0.5223958333333333 0.26944444444444443 0.5223958333333333 0.2611111111111111 0.5260416666666666 0.25092592592592594 0.5291666666666667 0.24814814814814815 0.5354166666666667 0.26481481481481484 0.5302083333333333 0.2814814814814815 0.5296875 0.29259259259259257 0.5265625 0.2962962962962963
1 0.3416666666666667 0.8935185185185185 0.3489583333333333 0.9037037037037037 0.3484375 0.9148148148148149 0.35208333333333336 0.9361111111111111 0.35208333333333336 0.9425925925925925 0.3458333333333333 0.9472222222222222 0.34270833333333334 0.9361111111111111 0.3328125 0.9296296296296296 0.32708333333333334 0.9120370370370371 0.32760416666666664 0.9064814814814814 0.33125 0.9 0.3411458333333333 0.8935185185185185
1 0.5119791666666667 0.3972222222222222 0.5114583333333333 0.3527777777777778 0.5151041666666667 0.3398148148148148 0.51875 0.3416666666666667 0.5223958333333333 0.36203703703703705 0.5197916666666667 0.3685185185185185 0.515625 0.39537037037037037 0.5125 0.3972222222222222
1 0.71875 0.8935185185185185 0.7244791666666667 0.8925925925925926 0.7286458333333333 0.887962962962963 0.7328125 0.8907407407407407 0.7354166666666667 0.9055555555555556 0.7338541666666667 0.9222222222222223 0.7286458333333333 0.9287037037037037 0.7270833333333333 0.9361111111111111 0.7015625 0.9324074074074075 0.7 0.9287037037037037 0.7010416666666667 0.9259259259259259 0.7171875 0.9092592592592592 0.7208333333333333 0.8972222222222223 0.7192708333333333 0.8944444444444445
1 0.5989583333333334 0.058333333333333334 0.6020833333333333 0.062037037037037036 0.6036458333333333 0.07037037037037037 0.6036458333333333 0.0787037037037037 0.5989583333333334 0.09907407407407408 0.5953125 0.09722222222222222 0.5947916666666667 0.0712962962962963 0.5989583333333334 0.05925925925925926
1 0.7307291666666667 0.37962962962962965 0.7354166666666667 0.37222222222222223 0.7380208333333333 0.37222222222222223 0.7395833333333334 0.3787037037037037 0.7375 0.4009259259259259 0.73125 0.4212962962962963 0.7239583333333334 0.41759259259259257 0.7307291666666667 0.38055555555555554
1 0.6166666666666667 0.018518518518518517 0.6192708333333333 0.024074074074074074 0.6197916666666666 0.03148148148148148 0.615625 0.04537037037037037 0.6125 0.044444444444444446 0.6114583333333333 0.032407407407407406 0.6135416666666667 0.020370370370370372 0.6161458333333333 0.018518518518518517
1 0.6296875 0 0.6338541666666667 0.003703703703703704 0.6302083333333334 0.030555555555555555 0.6276041666666666 0.030555555555555555 0.6270833333333333 0.007407407407407408 0.6296875 0.000925925925925926
1 0.25052083333333336 0.9453703703703704 0.2604166666666667 0.9731481481481481 0.2609375 0.9851851851851852 0.2557291666666667 0.9907407407407407 0.25104166666666666 0.9898148148148148 0.24791666666666667 0.9787037037037037 0.24114583333333334 0.9740740740740741 0.2375 0.9583333333333334 0.22864583333333333 0.9555555555555556 0.2296875 0.950925925925926 0.24114583333333334 0.9444444444444444 0.25 0.9453703703703704
1 0.965625 0.5583333333333333 0.9666666666666667 0.5685185185185185 0.9640625 0.5796296296296296 0.95625 0.5962962962962963 0.95 0.600925925925926 0.9411458333333333 0.5935185185185186 0.9395833333333333 0.5861111111111111 0.9489583333333333 0.5638888888888889 0.953125 0.5601851851851852 0.9651041666666667 0.5583333333333333
1 0.821875 0.85 0.825 0.8555555555555555 0.825 0.8685185185185185 0.8213541666666667 0.8814814814814815 0.803125 0.8935185185185185 0.796875 0.8935185185185185 0.7953125 0.8898148148148148 0.7984375 0.8740740740740741 0.8104166666666667 0.8527777777777777 0.8213541666666667 0.85