0 0.4828125 0.44166666666666665 0.49270833333333336 0.45740740740740743 0.5026041666666666 0.48518518518518516 0.5119791666666667 0.5 0.5125 0.5120370370370371 0.5229166666666667 0.5388888888888889 0.525 0.5592592592592592 0.5223958333333333 0.5712962962962963 0.5161458333333333 0.5814814814814815 0.50625 0.5888888888888889 0.49166666666666664 0.5935185185185186 0.48854166666666665 0.5916666666666667 0.4859375 0.5824074074074074 0.48072916666666665 0.575925925925926 0.4765625 0.5537037037037037 0.4583333333333333 0.5120370370370371 0.45364583333333336 0.48333333333333334 0.45364583333333336 0.4666666666666667 0.45989583333333334 0.45092592592592595 0.4765625 0.44166666666666665 0.4822916666666667 0.44166666666666665
0 0.6286458333333333 0.29444444444444445 0.6338541666666667 0.30092592592592593 0.6369791666666667 0.3148148148148148 0.6421875 0.32314814814814813 0.64375 0.33796296296296297 0.6432291666666666 0.35555555555555557 0.6307291666666667 0.37037037037037035 0.6229166666666667 0.36574074074074076 0.6119791666666666 0.3509259259259259 0.6072916666666667 0.32037037037037036 0.6119791666666666 0.29907407407407405 0.61875 0.29444444444444445 0.628125 0.29444444444444445
0 0.0578125 0.3712962962962963 0.0640625 0.37407407407407406 0.07447916666666667 0.37222222222222223 0.08125 0.37592592592592594 0.084375 0.3972222222222222 0.08385416666666666 0.4046296296296296 0.08177083333333333 0.4111111111111111 0.06510416666666667 0.4287037037037037 0.04010416666666667 0.4648148148148148 0.03177083333333333 0.4703703703703704 0.015104166666666667 0.4703703703703704 0 0.46296296296296297 0 0.41574074074074074 0.026041666666666668 0.387037037037037 0.051041666666666666 0.37222222222222223 0.057291666666666664 0.3712962962962963
0 0.515625 0.17777777777777778 0.5234375 0.18333333333333332 0.5276041666666667 0.21296296296296297 0.5260416666666666 0.24444444444444444 0.5239583333333333 0.2490740740740741 0.515625 0.25555555555555554 0.509375 0.25555555555555554 0.5010416666666667 0.24722222222222223 0.49947916666666664 0.21296296296296297 0.5052083333333334 0.1824074074074074 0.5083333333333333 0.17777777777777778 0.5151041666666667 0.17777777777777778
0 0.5973958333333333 0.29907407407407405 0.6072916666666667 0.32222222222222224 0.6104166666666667 0.3388888888888889 0.6104166666666667 0.35185185185185186 0.6057291666666667 0.3787037037037037 0.6026041666666667 0.3824074074074074 0.5994791666666667 0.38055555555555554 0.5875 0.36018518518518516 0.578125 0.3527777777777778 0.5765625 0.34629629629629627 0.5765625 0.31851851851851853 0.5807291666666666 0.3037037037037037 0.584375 0.3 0.596875 0.29907407407407405
0 0.7661458333333333 0.7555555555555555 0.8182291666666667 0.7712962962962963 0.8375 0.7824074074074074 0.8697916666666666 0.7916666666666666 0.8869791666666667 0.8018518518518518 0.921875 0.8138888888888889 0.9244791666666666 0.8175925925925925 0.9244791666666666 0.8416666666666667 0.9276041666666667 0.8481481481481481 0.9286458333333333 0.8638888888888889 0.9395833333333333 0.8481481481481481 0.9380208333333333 0.8453703703703703 0.9421875 0.8351851851851851 0.9427083333333334 0.8277777777777777 0.95625 0.8305555555555556 0.9807291666666667 0.8416666666666667 0.9838541666666667 0.8453703703703703 0.9838541666666667 0.850925925925926 0.975 0.8648148148148148 0.9723958333333333 0.8731481481481481 0.9625 0.8870370370370371 0.9625 0.8925925925925926 0.9697916666666667 0.9388888888888889 0.9776041666666667 0.9546296296296296 0.9848958333333333 0.9638888888888889 0.9880208333333333 0.9805555555555555 0.9953125 0.9916666666666667 0.9916666666666667 0.9990740740740741 0.9255208333333333 0.9990740740740741 0.9145833333333333 0.9962962962962963 0.9125 0.9944444444444445 0.9114583333333334 0.9694444444444444 0.909375 0.9768518518518519 0.9104166666666667 0.9805555555555555 0.9072916666666667 0.9824074074074074 0.9067708333333333 0.9879629629629629 0.9026041666666667 0.9953703703703703 0.8416666666666667 0.9944444444444445 0.83125 0.9907407407407407 0.8260416666666667 0.9833333333333333 0.8083333333333333 0.9768518518518519 0.7994791666666666 0.9703703703703703 0.7614583333333333 0.9629629629629629 0.7505208333333333 0.9564814814814815 0.740625 0.9416666666666667 0.73125 0.9351851851851852 0.7192708333333333 0.9351851851851852 0.6880208333333333 0.9175925925925926 0.6755208333333333 0.9 0.671875 0.8657407407407407 0.6734375 0.8379629629629629 0.6786458333333333 0.8101851851851852 0.684375 0.7953703703703704 0.69375 0.7814814814814814 0.7072916666666667 0.7675925925925926 0.7395833333333334 0.7712962962962963 0.7479166666666667 0.7833333333333333 0.7583333333333333 0.7601851851851852 0.765625 0.7555555555555555
0 0.26614583333333336 0.5361111111111111 0.27291666666666664 0.5527777777777778 0.27291666666666664 0.5648148148148148 0.26927083333333335 0.5777777777777777 0.26145833333333335 0.5861111111111111 0.25 0.6101851851851852 0.2453125 0.6074074074074074 0.2421875 0.5916666666666667 0.24322916666666666 0.5712962962962963 0.24791666666666667 0.562962962962963 0.2552083333333333 0.562037037037037 0.25833333333333336 0.5537037037037037 0.2578125 0.5444444444444444 0.26145833333333335 0.537962962962963 0.265625 0.5361111111111111
0 0.01875 0.4777777777777778 0.03958333333333333 0.49444444444444446 0.043229166666666666 0.5009259259259259 0.04375 0.5064814814814815 0.0328125 0.5361111111111111 0.016666666666666666 0.5611111111111111 0.005208333333333333 0.5675925925925925 0 0.5638888888888889 0 0.4787037037037037 0.018229166666666668 0.4777777777777778
0 0.3145833333333333 0.026851851851851852 0.3255208333333333 0.03148148148148148 0.328125 0.037037037037037035 0.33541666666666664 0.037037037037037035 0.3380208333333333 0.06018518518518518 0.33697916666666666 0.09907407407407408 0.33177083333333335 0.10740740740740741 0.3296875 0.1175925925925926 0.32135416666666666 0.12962962962962962 0.3177083333333333 0.1259259259259259 0.3145833333333333 0.11666666666666667 0.3020833333333333 0.11481481481481481 0.29583333333333334 0.11018518518518519 0.2859375 0.05740740740740741 0.2859375 0.049074074074074076 0.2890625 0.041666666666666664 0.30364583333333334 0.02962962962962963 0.3140625 0.026851851851851852
0 0.5536458333333333 0.3333333333333333 0.5770833333333333 0.362962962962963 0.584375 0.3814814814814815 0.5885416666666666 0.37962962962962965 0.5901041666666667 0.3907407407407407 0.5979166666666667 0.4009259259259259 0.603125 0.41388888888888886 0.6041666666666666 0.42962962962962964 0.6020833333333333 0.44537037037037036 0.5958333333333333 0.4564814814814815 0.5833333333333334 0.4638888888888889 0.5734375 0.46111111111111114 0.5625 0.44074074074074077 0.55625 0.43703703703703706 0.5328125 0.39351851851851855 0.528125 0.38055555555555554 0.5286458333333334 0.35648148148148145 0.5359375 0.3388888888888889 0.5458333333333333 0.33240740740740743 0.553125 0.3333333333333333
0 0.18020833333333333 0.6935185185185185 0.184375 0.6972222222222222 0.19375 0.6981481481481482 0.19583333333333333 0.7037037037037037 0.17916666666666667 0.7416666666666667 0.175 0.7444444444444445 0.17135416666666667 0.7425925925925926 0.16666666666666666 0.7305555555555555 0.16770833333333332 0.6990740740740741 0.17083333333333334 0.6916666666666667 0.1796875 0.6935185185185185
0 0.9208333333333333 0.5675925925925925 0.9364583333333333 0.575925925925926 0.9432291666666667 0.5888888888888889 0.9432291666666667 0.5981481481481481 0.9333333333333333 0.6240740740740741 0.9213541666666667 0.637962962962963 0.8927083333333333 0.6407407407407407 0.8838541666666667 0.6462962962962963 0.8796875 0.6462962962962963 0.8734375 0.637962962962963 0.8666666666666667 0.6175925925925926 0.865625 0.6018518518518519 0.86875 0.5916666666666667 0.8796875 0.575 0.8864583333333333 0.5694444444444444 0.8994791666666667 0.5666666666666667 0.9203125 0.5675925925925925
0 0.5848958333333333 0.9435185185185185 0.5885416666666666 0.9472222222222222 0.5921875 0.975 0.5927083333333333 0.9944444444444445 0.5760416666666667 0.9962962962962963 0.5734375 0.9990740740740741 0.5140625 0.9990740740740741 0.5114583333333333 0.9842592592592593 0.5119791666666667 0.9648148148148148 0.5177083333333333 0.9518518518518518 0.5260416666666666 0.9472222222222222 0.553125 0.9490740740740741 0.584375 0.9435185185185185
0 0.64375 0.649074074074074 0.6927083333333334 0.6666666666666666 0.6984375 0.6824074074074075 0.7208333333333333 0.6916666666666667 0.728125 0.7 0.7328125 0.7398148148148148 0.7317708333333334 0.7638888888888888 0.7291666666666666 0.7666666666666667 0.7052083333333333 0.7648148148148148 0.6958333333333333 0.775 0.6869791666666667 0.775 0.6552083333333333 0.762962962962963 0.6395833333333333 0.7648148148148148 0.61875 0.7509259259259259 0.61875 0.7287037037037037 0.615625 0.7157407407407408 0.6177083333333333 0.6944444444444444 0.6265625 0.6611111111111111 0.6328125 0.65 0.6432291666666666 0.649074074074074
0 0.47708333333333336 0.23055555555555557 0.48072916666666665 0.23981481481481481 0.484375 0.26851851851851855 0.48385416666666664 0.2898148148148148 0.47760416666666666 0.30833333333333335 0.4666666666666667 0.29259259259259257 0.4625 0.2796296296296296 0.4635416666666667 0.2361111111111111 0.4765625 0.23055555555555557
0 0.746875 0.5046296296296297 0.7640625 0.5111111111111111 0.7807291666666667 0.5222222222222223 0.8161458333333333 0.5601851851851852 0.8213541666666667 0.5842592592592593 0.8177083333333334 0.6194444444444445 0.8140625 0.6259259259259259 0.8072916666666666 0.6259259259259259 0.8015625 0.6314814814814815 0.79375 0.6305555555555555 0.7848958333333333 0.6166666666666667 0.7463541666666667 0.5879629629629629 0.740625 0.5861111111111111 0.7286458333333333 0.5898148148148148 0.7234375 0.5851851851851851 0.715625 0.5574074074074075 0.715625 0.5425925925925926 0.7203125 0.5185185185185185 0.7296875 0.5074074074074074 0.7463541666666667 0.5046296296296297
0 0.209375 0.32037037037037036 0.21614583333333334 0.337037037037037 0.21770833333333334 0.3509259259259259 0.21666666666666667 0.3685185185185185 0.20833333333333334 0.38333333333333336 0.19427083333333334 0.3925925925925926 0.18802083333333333 0.3907407407407407 0.18541666666666667 0.38425925925925924 0.184375 0.3768518518518518 0.17864583333333334 0.3638888888888889 0.17864583333333334 0.3472222222222222 0.18854166666666666 0.32222222222222224 0.20364583333333333 0.3148148148148148 0.20625 0.3148148148148148 0.20885416666666667 0.32037037037037036
0 0.15416666666666667 0.4462962962962963 0.15572916666666667 0.44907407407407407 0.165625 0.44814814814814813 0.17135416666666667 0.45092592592592595 0.17552083333333332 0.45555555555555555 0.17708333333333334 0.46296296296296297 0.175 0.4759259259259259 0.15833333333333333 0.49907407407407406 0.15364583333333334 0.4981481481481482 0.15 0.4898148148148148 0.15 0.4759259259259259 0.153125 0.4666666666666667 0.15052083333333333 0.4601851851851852 0.15 0.45092592592592595 0.15104166666666666 0.4462962962962963 0.15364583333333334 0.4462962962962963
0 0.10885416666666667 0.5685185185185185 0.11302083333333333 0.575925925925926 0.12291666666666666 0.5833333333333334 0.12447916666666667 0.5916666666666667 0.11302083333333333 0.6212962962962963 0.0984375 0.6407407407407407 0.09166666666666666 0.6398148148148148 0.0890625 0.6287037037037037 0.0921875 0.6111111111111112 0.0984375 0.6064814814814815 0.10104166666666667 0.5981481481481481 0.0921875 0.5879629629629629 0.08854166666666667 0.5898148148148148 0.08802083333333334 0.5851851851851851 0.10833333333333334 0.5685185185185185
0 0.0265625 0.9537037037037037 0.03333333333333333 0.9564814814814815 0.04114583333333333 0.9675925925925926 0.050520833333333334 0.9712962962962963 0.05416666666666667 0.975925925925926 0.05260416666666667 0.9935185185185185 0.04895833333333333 0.9990740740740741 0 0.9972222222222222 0 0.9555555555555556 0.026041666666666668 0.9537037037037037
0 0.7494791666666667 0.2777777777777778 0.7588541666666667 0.2814814814814815 0.7614583333333333 0.2861111111111111 0.76875 0.3212962962962963 0.7739583333333333 0.3611111111111111 0.7723958333333333 0.37962962962962965 0.7692708333333333 0.3851851851851852 0.7619791666666667 0.38981481481481484 0.7385416666666667 0.38333333333333336 0.7359375 0.37592592592592594 0.7354166666666667 0.3592592592592593 0.7302083333333333 0.32407407407407407 0.7307291666666667 0.30092592592592593 0.7375 0.2796296296296296 0.7489583333333333 0.2777777777777778
0 0.971875 0.5138888888888888 0.9994791666666667 0.524074074074074 0.9994791666666667 0.5861111111111111 0.9885416666666667 0.5916666666666667 0.9791666666666666 0.6037037037037037 0.9708333333333333 0.6064814814814815 0.9567708333333333 0.6 0.9447916666666667 0.5861111111111111 0.9385416666666667 0.5703703703703704 0.9380208333333333 0.5435185185185185 0.940625 0.5324074074074074 0.9484375 0.5212962962962963 0.9588541666666667 0.5138888888888888 0.9713541666666666 0.5138888888888888
0 0.759375 0.6268518518518519 0.7901041666666667 0.6388888888888888 0.8244791666666667 0.6583333333333333 0.8375 0.6759259259259259 0.8552083333333333 0.6935185185185185 0.8630208333333333 0.7111111111111111 0.8651041666666667 0.7379629629629629 0.859375 0.7694444444444445 0.8567708333333334 0.7768518518518519 0.8536458333333333 0.7787037037037037 0.834375 0.7768518518518519 0.8229166666666666 0.7657407407407407 0.7692708333333333 0.7268518518518519 0.7583333333333333 0.7277777777777777 0.7484375 0.7111111111111111 0.7369791666666666 0.700925925925926 0.734375 0.6944444444444444 0.7338541666666667 0.6814814814814815 0.7369791666666666 0.6564814814814814 0.7401041666666667 0.6453703703703704 0.7505208333333333 0.6268518518518519 0.7588541666666667 0.6268518518518519
0 0.5869791666666667 0.5361111111111111 0.6213541666666667 0.5462962962962963 0.6395833333333333 0.5648148148148148 0.6546875 0.575 0.6578125 0.5805555555555556 0.6609375 0.6027777777777777 0.659375 0.6287037037037037 0.6546875 0.637962962962963 0.6416666666666667 0.6453703703703704 0.6333333333333333 0.6444444444444445 0.6296875 0.6388888888888888 0.5963541666666666 0.6268518518518519 0.5791666666666667 0.6240740740740741 0.5708333333333333 0.6259259259259259 0.5640625 0.6157407407407407 0.5536458333333333 0.6092592592592593 0.5520833333333334 0.5944444444444444 0.5567708333333333 0.5583333333333333 0.559375 0.55 0.5682291666666667 0.5351851851851852 0.5864583333333333 0.5361111111111111
0 0.5260416666666666 0.3888888888888889 0.5432291666666667 0.4185185185185185 0.5447916666666667 0.44722222222222224 0.5421875 0.4740740740740741 0.5395833333333333 0.4777777777777778 0.5182291666666666 0.462037037037037 0.49947916666666664 0.43333333333333335 0.5015625 0.4064814814814815 0.5052083333333334 0.39814814814814814 0.5255208333333333 0.3888888888888889
0 0.5765625 0.6555555555555556 0.5802083333333333 0.6592592592592592 0.5916666666666667 0.6888888888888889 0.5921875 0.6990740740740741 0.5890625 0.7157407407407408 0.5765625 0.7305555555555555 0.5567708333333333 0.7416666666666667 0.5401041666666667 0.7601851851851852 0.5322916666666667 0.7583333333333333 0.5276041666666667 0.7472222222222222 0.5223958333333333 0.7101851851851851 0.5270833333333333 0.6851851851851852 0.5369791666666667 0.6712962962962963 0.5760416666666667 0.6555555555555556
0 0.54375 0.08888888888888889 0.5484375 0.09907407407407408 0.5484375 0.18611111111111112 0.5447916666666667 0.19537037037037036 0.5411458333333333 0.19722222222222222 0.5291666666666667 0.1962962962962963 0.525 0.18703703703703703 0.5244791666666667 0.12777777777777777 0.5260416666666666 0.10185185185185185 0.5395833333333333 0.08888888888888889 0.5432291666666667 0.08888888888888889
0 0.6526041666666667 0.3611111111111111 0.6822916666666666 0.3925925925925926 0.7135416666666666 0.4425925925925926 0.715625 0.4564814814814815 0.7140625 0.48055555555555557 0.7036458333333333 0.49722222222222223 0.6973958333333333 0.5018518518518519 0.678125 0.49907407407407406 0.66875 0.4777777777777778 0.6421875 0.44537037037037036 0.6338541666666667 0.4425925925925926 0.6296875 0.43703703703703706 0.6223958333333334 0.412962962962963 0.6229166666666667 0.39537037037037037 0.6260416666666667 0.3814814814814815 0.6401041666666667 0.36018518518518516 0.6473958333333333 0.35833333333333334 0.6520833333333333 0.3611111111111111
0 0.25833333333333336 0.31296296296296294 0.26927083333333335 0.32592592592592595 0.2760416666666667 0.3435185185185185 0.27760416666666665 0.3537037037037037 0.25625 0.37777777777777777 0.24791666666666667 0.39444444444444443 0.2359375 0.387037037037037 0.2265625 0.35833333333333334 0.2265625 0.34444444444444444 0.2359375 0.32685185185185184 0.2578125 0.3138888888888889
0 0.12291666666666666 0.8416666666666667 0.13697916666666668 0.8407407407407408 0.14166666666666666 0.8481481481481481 0.14375 0.8546296296296296 0.14375 0.8648148148148148 0.140625 0.8814814814814815 0.12760416666666666 0.9064814814814814 0.1265625 0.912962962962963 0.11145833333333334 0.9351851851851852 0.10208333333333333 0.9398148148148148 0.09791666666666667 0.9222222222222223 0.0984375 0.8925925925925926 0.10208333333333333 0.8638888888888889 0.10572916666666667 0.8592592592592593 0.11041666666666666 0.8629629629629629 0.11458333333333333 0.8574074074074074 0.12135416666666667 0.8555555555555555 0.12291666666666666 0.8425925925925926
0 0.4921875 0 0.515625 0 0.5192708333333333 0.017592592592592594 0.5166666666666667 0.053703703703703705 0.515625 0.05740740740740741 0.5119791666666667 0.05648148148148148 0.5083333333333333 0.05 0.50625 0.053703703703703705 0.5072916666666667 0.06666666666666667 0.5020833333333333 0.08333333333333333 0.5026041666666666 0.08981481481481482 0.49166666666666664 0.1 0.47708333333333336 0.13148148148148148 0.4703125 0.1361111111111111 0.45625 0.13518518518518519 0.44583333333333336 0.13055555555555556 0.44166666666666665 0.1259259259259259 0.4401041666666667 0.11481481481481481 0.44114583333333335 0.06111111111111111 0.4828125 0.009259259259259259 0.4921875 0.000925925925925926
1 0.7302083333333333 0.2101851851851852 0.7348958333333333 0.2175925925925926 0.734375 0.2388888888888889 0.7307291666666667 0.2518518518518518 0.728125 0.25555555555555554 0.7239583333333334 0.25555555555555554 0.7234375 0.25277777777777777 0.7234375 0.22592592592592592 0.7265625 0.21203703703703702 0.7296875 0.2111111111111111
1 0.11145833333333334 0.22870370370370371 0.11302083333333333 0.22777777777777777 0.11875 0.23796296296296296 0.12291666666666666 0.25462962962962965 0.12135416666666667 0.262037037037037 0.115625 0.2611111111111111 0.11041666666666666 0.23981481481481481 0.11145833333333334 0.22962962962962963
1 0.5880208333333333 0.13240740740740742 0.5901041666666667 0.14166666666666666 0.5880208333333333 0.17314814814814813 0.5848958333333333 0.1712962962962963 0.5828125 0.1527777777777778 0.5833333333333334 0.14074074074074075 0.5875 0.13333333333333333
1 0.3463541666666667 0.7583333333333333 0.3541666666666667 0.7685185185185185 0.35833333333333334 0.7814814814814814 0.3572916666666667 0.8083333333333333 0.35572916666666665 0.8166666666666667 0.35260416666666666 0.8212962962962963 0.35104166666666664 0.8101851851851852 0.3453125 0.8 0.3390625 0.7731481481481481 0.340625 0.7592592592592593 0.3458333333333333 0.7583333333333333
1 0.6614583333333334 0.12407407407407407 0.6630208333333333 0.14444444444444443 0.6578125 0.16296296296296298 0.6552083333333333 0.16111111111111112 0.6552083333333333 0.14814814814814814 0.6578125 0.12685185185185185 0.6609375 0.12407407407407407
1 0.47421875 0.41203703703703703 0.05572916666666667 0.10925925925925926
1 0.03697916666666667 0.31203703703703706 0.04375 0.3351851851851852 0.043229166666666666 0.35 0.03958333333333333 0.3472222222222222 0.030208333333333334 0.3212962962962963 0.03125 0.31296296296296294 0.036458333333333336 0.31203703703703706
1 0.128125 0.6787037037037037 0.13697916666666668 0.687037037037037 0.14010416666666667 0.7027777777777777 0.1484375 0.7148148148148148 0.14895833333333333 0.7203703703703703 0.14739583333333334 0.7231481481481481 0.14322916666666666 0.7231481481481481 0.13489583333333333 0.7166666666666667 0.12864583333333332 0.7064814814814815 0.1265625 0.6981481481481482 0.12135416666666667 0.6953703703703704 0.12135416666666667 0.6796296296296296 0.12760416666666666 0.6787037037037037
1 0.15208333333333332 0.15 0.15572916666666667 0.16666666666666666 0.15572916666666667 0.17962962962962964 0.15416666666666667 0.18333333333333332 0.15052083333333333 0.1824074074074074 0.1484375 0.175 0.14739583333333334 0.1537037037037037 0.1515625 0.15
1 0.043229166666666666 0.3037037037037037 0.05 0.3148148148148148 0.053125 0.3287037037037037 0.0578125 0.337037037037037 0.058333333333333334 0.3425925925925926 0.05677083333333333 0.3453703703703704 0.05260416666666667 0.3453703703703704 0.04114583333333333 0.3333333333333333 0.03854166666666667 0.3101851851851852 0.04010416666666667 0.3037037037037037 0.042708333333333334 0.3037037037037037
1 0.12317708333333334 0.38425925925925924 0.019270833333333334 0.044444444444444446
1 0.7963541666666667 0.44907407407407407 0.8005208333333333 0.44907407407407407 0.8020833333333334 0.45740740740740743 0.8 0.48333333333333334 0.790625 0.5046296296296297 0.7869791666666667 0.5009259259259259 0.7895833333333333 0.47129629629629627 0.7963541666666667 0.45
1 0.5744791666666667 0.26481481481481484 0.5786458333333333 0.26481481481481484 0.5828125 0.2740740740740741 0.5828125 0.29074074074074074 0.5776041666666667 0.3148148148148148 0.575 0.30925925925925923 0.5729166666666666 0.2861111111111111 0.5744791666666667 0.2657407407407407
1 0.0203125 0.2564814814814815 0.029166666666666667 0.2796296296296296 0.029166666666666667 0.29074074074074074 0.027604166666666666 0.29259259259259257 0.025520833333333333 0.29259259259259257 0.01875 0.2796296296296296 0.009375 0.26851851851851855 0.015104166666666667 0.2564814814814815 0.019791666666666666 0.2564814814814815
1 0.9854166666666667 0.6097222222222223 0.029166666666666667 0.05648148148148148
1 0.81328125 0.44305555555555554 0.016145833333333335 0.05648148148148148
1 0.10572916666666667 0.18796296296296297 0.10885416666666667 0.18888888888888888 0.11614583333333334 0.20185185185185187 0.11822916666666666 0.21388888888888888 0.11354166666666667 0.21851851851851853 0.10885416666666667 0.21574074074074073 0.10260416666666666 0.1962962962962963 0.10520833333333333 0.18888888888888888
1 0.26197916666666665 0.6435185185185185 0.2708333333333333 0.6546296296296297 0.28020833333333334 0.6768518518518518 0.27760416666666665 0.700925925925926 0.2760416666666667 0.7074074074074074 0.27291666666666664 0.7101851851851851 0.2630208333333333 0.6796296296296296 0.2578125 0.6694444444444444 0.25729166666666664 0.6444444444444445 0.26145833333333335 0.6435185185185185
1 0.121875 0.6944444444444444 0.1265625 0.6953703703703704 0.13385416666666666 0.7129629629629629 0.13802083333333334 0.7342592592592593 0.13697916666666668 0.7407407407407407 0.125 0.737037037037037 0.11614583333333334 0.725 0.11354166666666667 0.6990740740740741 0.115625 0.6944444444444444 0.12135416666666667 0.6944444444444444
1 0.5114583333333333 0.09490740740740741 0.00625 0.03981481481481482
1 0.4708333333333333 0.4166666666666667 0.4739583333333333 0.42314814814814816 0.47604166666666664 0.4388888888888889 0.475 0.4425925925925926 0.46979166666666666 0.44537037037037036 0.465625 0.44537037037037036 0.4635416666666667 0.43703703703703706 0.4661458333333333 0.4185185185185185 0.4703125 0.4166666666666667
1 0.5765625 0.13240740740740742 0.5796875 0.13703703703703704 0.58125 0.15 0.578125 0.17037037037037037 0.575 0.16666666666666666 0.5734375 0.15092592592592594 0.5734375 0.1361111111111111 0.5760416666666667 0.13240740740740742
1 0.5078125 0.3175925925925926 0.5104166666666666 0.3296296296296296 0.509375 0.35833333333333334 0.5052083333333334 0.3611111111111111 0.5015625 0.36944444444444446 0.5 0.36574074074074076 0.5005208333333333 0.3277777777777778 0.5046875 0.3175925925925926 0.5072916666666667 0.3175925925925926
1 0.709375 0.37592592592592594 0.7130208333333333 0.37777777777777777 0.7161458333333334 0.4 0.7098958333333333 0.41203703703703703 0.70625 0.4287037037037037 0.7005208333333334 0.4222222222222222 0.7041666666666667 0.39351851851851855 0.709375 0.3768518518518518
1 0.08125 0.2675925925925926 0.08489583333333334 0.2712962962962963 0.09635416666666667 0.2953703703703704 0.09583333333333334 0.3037037037037037 0.09270833333333334 0.30833333333333335 0.09010416666666667 0.3074074074074074 0.08125 0.28888888888888886 0.07916666666666666 0.2833333333333333 0.08072916666666667 0.26851851851851855
1 0.12760416666666666 0.35 0.13385416666666666 0.3592592592592593 0.14114583333333333 0.38981481481481484 0.14010416666666667 0.39537037037037037 0.12864583333333332 0.3768518518518518 0.12291666666666666 0.362962962962963 0.1234375 0.3527777777777778 0.12708333333333333 0.35
1 0.140625 0.18703703703703703 0.14427083333333332 0.19166666666666668 0.15052083333333333 0.2101851851851852 0.15052083333333333 0.21574074074074073 0.14739583333333334 0.22314814814814815 0.14322916666666666 0.2222222222222222 0.1390625 0.20555555555555555 0.1375 0.1935185185185185 0.14010416666666667 0.18703703703703703
1 0.05364583333333333 0.8361111111111111 0.06302083333333333 0.8444444444444444 0.0671875 0.8527777777777777 0.0671875 0.8574074074074074 0.0640625 0.8638888888888889 0.0546875 0.8703703703703703 0.05 0.8694444444444445 0.04114583333333333 0.8592592592592593 0.0296875 0.8546296296296296 0.028125 0.8453703703703703 0.028125 0.8277777777777777 0.03229166666666667 0.8194444444444444 0.046875 0.8185185185185185 0.053125 0.8361111111111111
1 0.6947916666666667 0.5388888888888889 0.6979166666666666 0.55 0.6979166666666666 0.5657407407407408 0.6921875 0.5787037037037037 0.6828125 0.5888888888888889 0.6802083333333333 0.5824074074074074 0.6822916666666666 0.5555555555555556 0.6890625 0.5407407407407407 0.6942708333333333 0.5388888888888889
1 0.5619791666666667 0.4740740740740741 0.5661458333333333 0.4842592592592593 0.5666666666666667 0.49722222222222223 0.5640625 0.5296296296296297 0.5609375 0.5314814814814814 0.5557291666666667 0.5277777777777778 0.5526041666666667 0.49074074074074076 0.5572916666666666 0.4759259259259259 0.5614583333333333 0.4740740740740741
1 0.2520833333333333 0.7037037037037037 0.2552083333333333 0.7101851851851851 0.25677083333333334 0.725925925925926 0.2557291666666667 0.7407407407407407 0.253125 0.7444444444444445 0.24114583333333334 0.7388888888888889 0.23802083333333332 0.7314814814814815 0.24114583333333334 0.7064814814814815 0.2515625 0.7037037037037037
1 0.5265625 0.30462962962962964 0.5302083333333333 0.30925925925925923 0.5307291666666667 0.3314814814814815 0.5296875 0.34814814814814815 0.5255208333333333 0.35648148148148145 0.5208333333333334 0.34444444444444444 0.5192708333333333 0.31851851851851853 0.5208333333333334 0.3074074074074074 0.5260416666666666 0.30462962962962964
1 0.34010416666666665 0.8296296296296296 0.3453125 0.8342592592592593 0.35052083333333334 0.8444444444444444 0.35052083333333334 0.8490740740740741 0.346875 0.8574074074074074 0.3463541666666667 0.8759259259259259 0.3416666666666667 0.8851851851851852 0.3411458333333333 0.8666666666666667 0.33645833333333336 0.8537037037037037 0.3307291666666667 0.8462962962962963 0.3302083333333333 0.8416666666666667 0.334375 0.825925925925926 0.3380208333333333 0.825925925925926 0.33958333333333335 0.8296296296296296
1 0.06145833333333333 0.24166666666666667 0.06822916666666666 0.24814814814814815 0.07447916666666667 0.26666666666666666 0.0765625 0.2796296296296296 0.071875 0.2833333333333333 0.0671875 0.2824074074074074 0.065625 0.2675925925925926 0.0578125 0.25277777777777777 0.0578125 0.2462962962962963 0.0609375 0.24166666666666667
1 0.5328125 0.9083333333333333 0.5390625 0.9092592592592592 0.5494791666666666 0.937962962962963 0.5489583333333333 0.9462962962962963 0.546875 0.95 0.5390625 0.9490740740740741 0.5307291666666667 0.9527777777777777 0.53125 0.9157407407407407 0.5328125 0.9092592592592592
1 0.56875 0.17037037037037037 0.5713541666666667 0.1787037037037037 0.5713541666666667 0.19814814814814816 0.5677083333333334 0.2101851851851852 0.5619791666666667 0.2037037037037037 0.5619791666666667 0.19814814814814816 0.5645833333333333 0.175 0.5682291666666667 0.17037037037037037
1 0.6890625 0.3425925925925926 0.6890625 0.3175925925925926 0.6953125 0.30092592592592593 0.6989583333333333 0.3148148148148148 0.6989583333333333 0.32222222222222224 0.6958333333333333 0.3416666666666667 0.6895833333333333 0.3425925925925926
1 0.49635416666666665 0.8787037037037037 0.5067708333333333 0.9 0.5067708333333333 0.9111111111111111 0.5046875 0.9259259259259259 0.5026041666666666 0.9296296296296296 0.4979166666666667 0.9287037037037037 0.4901041666666667 0.9212962962962963 0.48854166666666665 0.9148148148148149 0.4895833333333333 0.8851851851851852 0.49583333333333335 0.8787037037037037
1 0.2875 0.8518518518518519 0.29635416666666664 0.85 0.3026041666666667 0.8537037037037037 0.3104166666666667 0.8731481481481481 0.30885416666666665 0.8833333333333333 0.3104166666666667 0.8907407407407407 0.31666666666666665 0.9027777777777778 0.3145833333333333 0.9157407407407407 0.3104166666666667 0.924074074074074 0.3067708333333333 0.9259259259259259 0.2994791666666667 0.899074074074074 0.2864583333333333 0.875 0.2875 0.8527777777777777