0 0.3958333333333333 0.38981481481481484 0.4010416666666667 0.39351851851851855 0.40208333333333335 0.40370370370370373 0.4088541666666667 0.4148148148148148 0.41041666666666665 0.42962962962962964 0.41458333333333336 0.43796296296296294 0.41510416666666666 0.44537037037037036 0.403125 0.4537037037037037 0.375 0.45740740740740743 0.3671875 0.4638888888888889 0.3619791666666667 0.4638888888888889 0.35572916666666665 0.45 0.3546875 0.4212962962962963 0.35885416666666664 0.39537037037037037 0.3625 0.38981481481481484 0.36875 0.38796296296296295 0.3953125 0.38981481481481484
0 0.9177083333333333 0.6407407407407407 0.9677083333333333 0.6787037037037037 0.9854166666666667 0.7064814814814815 0.9994791666666667 0.7194444444444444 0.9994791666666667 0.8018518518518518 0.996875 0.8027777777777778 0.9729166666666667 0.8 0.9666666666666667 0.7935185185185185 0.9614583333333333 0.7805555555555556 0.9364583333333333 0.7564814814814815 0.9140625 0.7379629629629629 0.9 0.737037037037037 0.8890625 0.7268518518518519 0.8859375 0.7148148148148148 0.8796875 0.7018518518518518 0.878125 0.6916666666666667 0.8791666666666667 0.6731481481481482 0.8828125 0.6601851851851852 0.8901041666666667 0.6435185185185185 0.8958333333333334 0.637962962962963 0.9171875 0.6407407407407407
0 0.0984375 0.47314814814814815 0.11927083333333334 0.4740740740740741 0.12864583333333332 0.4824074074074074 0.13020833333333334 0.49166666666666664 0.1234375 0.5055555555555555 0.10833333333333334 0.5259259259259259 0.096875 0.5296296296296297 0.090625 0.5212962962962963 0.08958333333333333 0.5138888888888888 0.09635416666666667 0.5027777777777778 0.09270833333333334 0.4842592592592593 0.09427083333333333 0.4759259259259259 0.09791666666666667 0.4740740740740741
0 0.6161458333333333 0.899074074074074 0.6208333333333333 0.9138888888888889 0.6208333333333333 0.9222222222222223 0.6166666666666667 0.9388888888888889 0.621875 0.9731481481481481 0.6197916666666666 0.9898148148148148 0.6166666666666667 0.9990740740740741 0.60625 0.9990740740740741 0.6020833333333333 0.9907407407407407 0.5989583333333334 0.9731481481481481 0.6041666666666666 0.9092592592592592 0.6083333333333333 0.9 0.615625 0.899074074074074
0 0.640625 0.8944444444444445 0.6473958333333333 0.9101851851851852 0.6505208333333333 0.9324074074074075 0.65 0.9425925925925925 0.653125 0.9462962962962963 0.6510416666666666 0.9555555555555556 0.6510416666666666 0.9768518518518519 0.6484375 0.9990740740740741 0.6369791666666667 0.9990740740740741 0.6328125 0.9805555555555555 0.6291666666666667 0.9425925925925925 0.6260416666666667 0.9333333333333333 0.6260416666666667 0.9203703703703704 0.6296875 0.9 0.6338541666666667 0.8935185185185185 0.6401041666666667 0.8944444444444445
0 0.6265625 0.030555555555555555 0.63125 0.03611111111111111 0.6317708333333333 0.049074074074074076 0.625 0.06666666666666667 0.6234375 0.08055555555555556 0.6197916666666666 0.08888888888888889 0.6161458333333333 0.09166666666666666 0.6057291666666667 0.09074074074074075 0.5979166666666667 0.08611111111111111 0.5958333333333333 0.08055555555555556 0.5963541666666666 0.0712962962962963 0.6010416666666667 0.05092592592592592 0.609375 0.03148148148148148 0.6125 0.027777777777777776 0.6260416666666667 0.030555555555555555
0 0.17760416666666667 0.35833333333333334 0.19322916666666667 0.362962962962963 0.20572916666666666 0.37222222222222223 0.21302083333333333 0.3824074074074074 0.21458333333333332 0.38981481481481484 0.21302083333333333 0.4074074074074074 0.20260416666666667 0.43148148148148147 0.19739583333333333 0.4388888888888889 0.19947916666666668 0.45 0.19583333333333333 0.45555555555555555 0.1921875 0.45092592592592595 0.1796875 0.4666666666666667 0.1609375 0.4638888888888889 0.15364583333333334 0.45925925925925926 0.14739583333333334 0.44907407407407407 0.13854166666666667 0.42685185185185187 0.13125 0.41759259259259257 0.13645833333333332 0.4027777777777778 0.1578125 0.3638888888888889 0.16770833333333332 0.3574074074074074 0.17708333333333334 0.35833333333333334
0 0.7364583333333333 0.25462962962962965 0.75625 0.27685185185185185 0.7609375 0.2861111111111111 0.7609375 0.2898148148148148 0.7515625 0.3111111111111111 0.7453125 0.3175925925925926 0.7328125 0.3148148148148148 0.7208333333333333 0.30462962962962964 0.7177083333333333 0.2962962962962963 0.7171875 0.2861111111111111 0.71875 0.28055555555555556 0.7338541666666667 0.2537037037037037 0.7359375 0.25462962962962965
0 0.2869791666666667 0.1398148148148148 0.2947916666666667 0.14722222222222223 0.296875 0.1574074074074074 0.29635416666666664 0.1648148148148148 0.27708333333333335 0.19907407407407407 0.2755208333333333 0.21296296296296297 0.2671875 0.22037037037037038 0.24427083333333333 0.21944444444444444 0.23958333333333334 0.20833333333333334 0.24010416666666667 0.1925925925925926 0.24791666666666667 0.16666666666666666 0.25833333333333336 0.15 0.27447916666666666 0.1398148148148148 0.2864583333333333 0.1398148148148148
0 0.9619791666666667 0.5111111111111111 0.9901041666666667 0.5388888888888889 0.9994791666666667 0.5518518518518518 0.9994791666666667 0.5944444444444444 0.9838541666666667 0.587037037037037 0.965625 0.5888888888888889 0.9588541666666667 0.5777777777777777 0.9552083333333333 0.5638888888888889 0.9510416666666667 0.5277777777777778 0.953125 0.5185185185185185 0.9567708333333333 0.512962962962963 0.9614583333333333 0.5111111111111111
0 0.6572916666666667 0.575 0.6713541666666667 0.5777777777777777 0.715625 0.600925925925926 0.7229166666666667 0.6111111111111112 0.7427083333333333 0.6259259259259259 0.7484375 0.6342592592592593 0.7536458333333333 0.6537037037037037 0.7515625 0.687037037037037 0.7447916666666666 0.700925925925926 0.7296875 0.7064814814814815 0.7166666666666667 0.7046296296296296 0.7072916666666667 0.6907407407407408 0.684375 0.6759259259259259 0.6671875 0.6675925925925926 0.6505208333333333 0.6685185185185185 0.6442708333333333 0.6611111111111111 0.6354166666666666 0.6398148148148148 0.6369791666666667 0.612037037037037 0.6421875 0.5888888888888889 0.6484375 0.5777777777777777 0.6567708333333333 0.575
0 0.5125 0.8629629629629629 0.51875 0.8740740740740741 0.525 0.9009259259259259 0.5307291666666667 0.9018518518518519 0.5333333333333333 0.9092592592592592 0.5328125 0.9361111111111111 0.5307291666666667 0.9425925925925925 0.5317708333333333 0.9564814814814815 0.5244791666666667 0.9685185185185186 0.51875 0.9657407407407408 0.5166666666666667 0.9472222222222222 0.5088541666666667 0.9305555555555556 0.5015625 0.8981481481481481 0.5 0.8833333333333333 0.5010416666666667 0.8694444444444445 0.5041666666666667 0.8629629629629629 0.5119791666666667 0.8629629629629629
0 0.7322916666666667 0.12037037037037036 0.7359375 0.125 0.7380208333333333 0.13425925925925927 0.7411458333333333 0.1712962962962963 0.7401041666666667 0.1925925925925926 0.7380208333333333 0.19814814814814816 0.7328125 0.20277777777777778 0.7161458333333334 0.20092592592592592 0.7098958333333333 0.19722222222222222 0.70625 0.1648148148148148 0.7088541666666667 0.1259259259259259 0.7125 0.11944444444444445 0.7276041666666667 0.11666666666666667 0.7317708333333334 0.12037037037037036
0 0.7161458333333334 0.04351851851851852 0.7234375 0.053703703703703705 0.728125 0.06944444444444445 0.73125 0.08425925925925926 0.7328125 0.10555555555555556 0.7276041666666667 0.11481481481481481 0.7140625 0.1175925925925926 0.7067708333333333 0.12777777777777777 0.703125 0.12685185185185185 0.6989583333333333 0.11944444444444445 0.6932291666666667 0.1 0.6916666666666667 0.08888888888888889 0.6921875 0.06944444444444445 0.69375 0.05925925925925926 0.6989583333333333 0.04537037037037037 0.70625 0.03888888888888889 0.7119791666666667 0.03888888888888889 0.715625 0.04351851851851852
0 0.8380208333333333 0.2361111111111111 0.8416666666666667 0.26666666666666666 0.8380208333333333 0.2759259259259259 0.8354166666666667 0.27685185185185185 0.825 0.2611111111111111 0.8192708333333333 0.262037037037037 0.8140625 0.26851851851851855 0.8072916666666666 0.2675925925925926 0.8005208333333333 0.2537037037037037 0.8005208333333333 0.24722222222222223 0.8041666666666667 0.23333333333333334 0.8166666666666667 0.22314814814814815 0.834375 0.22592592592592592 0.8375 0.2361111111111111
0 0.4197916666666667 0.8787037037037037 0.42083333333333334 0.887962962962963 0.41822916666666665 0.9037037037037037 0.40625 0.9277777777777778 0.39791666666666664 0.9574074074074074 0.39166666666666666 0.9657407407407408 0.3875 0.9796296296296296 0.384375 0.9814814814814815 0.38125 0.9777777777777777 0.3802083333333333 0.9685185185185186 0.3828125 0.9453703703703704 0.3859375 0.9342592592592592 0.39479166666666665 0.9185185185185185 0.4 0.8981481481481481 0.40729166666666666 0.8824074074074074 0.41354166666666664 0.8768518518518519 0.4192708333333333 0.8787037037037037
1 0.28020833333333334 0.9212962962962963 0.2859375 0.925 0.2890625 0.9351851851851852 0.2942708333333333 0.9407407407407408 0.29322916666666665 0.9527777777777777 0.29583333333333334 0.9601851851851851 0.29270833333333335 0.9648148148148148 0.28958333333333336 0.9648148148148148 0.2864583333333333 0.9574074074074074 0.28229166666666666 0.9555555555555556 0.2760416666666667 0.9666666666666667 0.2713541666666667 0.9351851851851852 0.2760416666666667 0.9222222222222223 0.2796875 0.9212962962962963
1 0.09479166666666666 0.16944444444444445 0.09895833333333333 0.1712962962962963 0.10572916666666667 0.18055555555555555 0.10833333333333334 0.18888888888888888 0.1078125 0.19907407407407407 0.11041666666666666 0.2101851851851852 0.109375 0.21481481481481482 0.10677083333333333 0.21388888888888888 0.09895833333333333 0.19814814814814816 0.09322916666666667 0.19166666666666668 0.0921875 0.1824074074074074 0.09479166666666666 0.17037037037037037
1 0.10572916666666667 0.5638888888888889 0.12083333333333333 0.5740740740740741 0.1265625 0.5925925925925926 0.13854166666666667 0.6157407407407407 0.13697916666666668 0.6185185185185185 0.13333333333333333 0.6175925925925926 0.1265625 0.6074074074074074 0.12447916666666667 0.612037037037037 0.11979166666666667 0.6101851851851852 0.11354166666666667 0.5962962962962963 0.10572916666666667 0.5879629629629629 0.1046875 0.5777777777777777 0.10104166666666667 0.5694444444444444 0.10208333333333333 0.5648148148148148 0.10520833333333333 0.5648148148148148
1 0.6177083333333333 0.09722222222222222 0.6197916666666666 0.10462962962962963 0.6197916666666666 0.11481481481481481 0.615625 0.1361111111111111 0.6098958333333333 0.14351851851851852 0.6109375 0.10925925925925926 0.6130208333333333 0.10185185185185185 0.6171875 0.09722222222222222
1 0.3541666666666667 0.8814814814814815 0.359375 0.8861111111111111 0.3578125 0.8935185185185185 0.36041666666666666 0.9166666666666666 0.36354166666666665 0.9268518518518518 0.3614583333333333 0.9333333333333333 0.35885416666666664 0.9333333333333333 0.3578125 0.9268518518518518 0.3546875 0.9222222222222223 0.34739583333333335 0.9231481481481482 0.3463541666666667 0.9111111111111111 0.34322916666666664 0.9018518518518519 0.3453125 0.8842592592592593 0.3489583333333333 0.8796296296296297 0.3536458333333333 0.8814814814814815
1 0.53046875 0.18935185185185185 0.0109375 0.05277777777777778
1 0.8427083333333333 0.19166666666666668 0.84375 0.20092592592592592 0.8421875 0.2101851851851852 0.8354166666666667 0.22314814814814815 0.8307291666666666 0.21666666666666667 0.8390625 0.1925925925925926 0.8421875 0.19166666666666668
1 0.14791666666666667 0.032407407407407406 0.15104166666666666 0.04814814814814815 0.15052083333333333 0.062037037037037036 0.146875 0.06111111111111111 0.1421875 0.04351851851851852 0.1421875 0.03518518518518519 0.14739583333333334 0.032407407407407406
1 0.5286458333333334 0.25833333333333336 0.528125 0.21574074074074073 0.5322916666666667 0.20185185185185187 0.5375 0.22314814814814815 0.5359375 0.24814814814814815 0.5291666666666667 0.25833333333333336
1 0.7729166666666667 0.16296296296296298 0.7755208333333333 0.1685185185185185 0.7755208333333333 0.17685185185185184 0.76875 0.19814814814814816 0.76875 0.2064814814814815 0.7661458333333333 0.20925925925925926 0.7625 0.2074074074074074 0.7651041666666667 0.17592592592592593 0.76875 0.1648148148148148 0.7723958333333333 0.16296296296296298
1 0.15052083333333333 0.08148148148148149 0.14895833333333333 0.0712962962962963 0.15052083333333333 0.06111111111111111 0.15416666666666667 0.06111111111111111 0.1578125 0.06759259259259259 0.1578125 0.08055555555555556 0.16302083333333334 0.09166666666666666 0.16302083333333334 0.09537037037037037 0.1578125 0.09907407407407408 0.15104166666666666 0.08148148148148149
1 0.33229166666666665 0.9 0.3385416666666667 0.9046296296296297 0.34479166666666666 0.9314814814814815 0.3385416666666667 0.9425925925925925 0.33541666666666664 0.9398148148148148 0.3333333333333333 0.9305555555555556 0.328125 0.925 0.32447916666666665 0.9083333333333333 0.3255208333333333 0.9 0.33177083333333335 0.9
1 0.296875 0.21296296296296297 0.3015625 0.22592592592592592 0.3015625 0.23425925925925925 0.30416666666666664 0.24259259259259258 0.30364583333333334 0.24537037037037038 0.2989583333333333 0.24722222222222223 0.29791666666666666 0.25555555555555554 0.29635416666666664 0.25555555555555554 0.29322916666666665 0.24166666666666667 0.29010416666666666 0.2175925925925926 0.29010416666666666 0.20833333333333334 0.2916666666666667 0.2064814814814815 0.29635416666666664 0.21296296296296297
1 0.06875 0.475 0.08333333333333333 0.487962962962963 0.0859375 0.5018518518518519 0.090625 0.5111111111111111 0.08854166666666667 0.5194444444444445 0.08385416666666666 0.5185185185185185 0.07083333333333333 0.5018518518518519 0.0671875 0.4861111111111111 0.06354166666666666 0.48055555555555557 0.06458333333333334 0.4759259259259259 0.06822916666666666 0.475
1 0.15677083333333333 0.03888888888888889 0.16197916666666667 0.06388888888888888 0.16145833333333334 0.07037037037037037 0.1546875 0.06296296296296296 0.15052083333333333 0.06388888888888888 0.14947916666666666 0.037037037037037035 0.15416666666666667 0.03425925925925926 0.15625 0.03888888888888889
1 0.0921875 0.19166666666666668 0.109375 0.21296296296296297 0.10625 0.21481481481481482 0.10520833333333333 0.22037037037037038 0.11041666666666666 0.23333333333333334 0.10572916666666667 0.24074074074074073 0.09322916666666667 0.21944444444444444 0.09166666666666666 0.2037037037037037 0.0890625 0.1962962962962963 0.09166666666666666 0.19166666666666668
1 0.8463541666666666 0.4564814814814815 0.8489583333333334 0.45925925925925926 0.8473958333333333 0.48333333333333334 0.83125 0.5064814814814815 0.8229166666666666 0.4981481481481482 0.8229166666666666 0.49444444444444446 0.8348958333333333 0.47129629629629627 0.8359375 0.45740740740740743 0.8458333333333333 0.4564814814814815
1 0.6036458333333333 0.24074074074074073 0.6072916666666667 0.22037037037037038 0.6052083333333333 0.21296296296296297 0.6057291666666667 0.20185185185185187 0.6130208333333333 0.18611111111111112 0.615625 0.18611111111111112 0.6161458333333333 0.21296296296296297 0.6135416666666667 0.21666666666666667 0.6083333333333333 0.24074074074074073 0.60625 0.24351851851851852 0.6041666666666666 0.24166666666666667
1 0.12447916666666667 0.044444444444444446 0.13645833333333332 0.07407407407407407 0.1328125 0.07962962962962963 0.128125 0.07777777777777778 0.11927083333333334 0.05462962962962963 0.11979166666666667 0.04814814814814815 0.12395833333333334 0.044444444444444446
1 0.029166666666666667 0.49537037037037035 0.03958333333333333 0.5009259259259259 0.04479166666666667 0.5101851851851852 0.04791666666666667 0.5222222222222223 0.059375 0.5361111111111111 0.06041666666666667 0.5398148148148149 0.05572916666666667 0.5398148148148149 0.04635416666666667 0.5314814814814814 0.04635416666666667 0.55 0.043229166666666666 0.5481481481481482 0.0390625 0.5305555555555556 0.028125 0.512962962962963 0.024479166666666666 0.4981481481481482 0.028645833333333332 0.49537037037037035
1 0.6786458333333333 0.7861111111111111 0.6817708333333333 0.7870370370370371 0.6869791666666667 0.8009259259259259 0.6901041666666666 0.8231481481481482 0.6890625 0.8342592592592593 0.6869791666666667 0.8333333333333334 0.6864583333333333 0.825925925925926 0.6822916666666666 0.8222222222222222 0.6651041666666667 0.8462962962962963 0.659375 0.8453703703703703 0.6734375 0.8185185185185185 0.6739583333333333 0.8046296296296296 0.6786458333333333 0.7870370370370371
1 0.140625 0.07314814814814814 0.14791666666666667 0.08518518518518518 0.15104166666666666 0.09814814814814815 0.146875 0.11388888888888889 0.14270833333333333 0.1111111111111111 0.13802083333333334 0.0787037037037037 0.13802083333333334 0.075 0.14010416666666667 0.07314814814814814
1 0.925 0.5268518518518519 0.9302083333333333 0.5324074074074074 0.9296875 0.5425925925925926 0.9265625 0.55 0.9109375 0.575925925925926 0.9072916666666667 0.5768518518518518 0.9046875 0.5712962962962963 0.9114583333333334 0.549074074074074 0.9244791666666666 0.5277777777777778
1 0.475 0.4444444444444444 0.48072916666666665 0.4601851851851852 0.47708333333333336 0.4981481481481482 0.4739583333333333 0.4981481481481482 0.46822916666666664 0.4685185185185185 0.46875 0.4537037037037037 0.471875 0.44537037037037036 0.4744791666666667 0.4444444444444444
1 0.5010416666666667 0.8333333333333334 0.5083333333333333 0.8453703703703703 0.49895833333333334 0.8796296296296297 0.4953125 0.8824074074074074 0.49322916666666666 0.8768518518518519 0.49375 0.8592592592592593 0.49114583333333334 0.8555555555555555 0.4921875 0.8388888888888889 0.4947916666666667 0.8333333333333334 0.5005208333333333 0.8333333333333334
1 0.4703125 0.175 0.4734375 0.175 0.4786458333333333 0.18888888888888888 0.478125 0.2111111111111111 0.47708333333333336 0.21666666666666667 0.4734375 0.2175925925925926 0.46822916666666664 0.20185185185185187 0.4703125 0.17592592592592593
1 0.3026041666666667 0.8953703703703704 0.30885416666666665 0.8972222222222223 0.3182291666666667 0.9138888888888889 0.3171875 0.9287037037037037 0.3229166666666667 0.9425925925925925 0.3177083333333333 0.9527777777777777 0.3151041666666667 0.9518518518518518 0.3140625 0.9462962962962963 0.30104166666666665 0.9231481481481482 0.3015625 0.9111111111111111 0.29635416666666664 0.9037037037037037 0.29635416666666664 0.8981481481481481 0.3020833333333333 0.8953703703703704
1 0.11875 0.1037037037037037 0.12239583333333333 0.11203703703703703 0.1234375 0.13055555555555556 0.12864583333333332 0.1425925925925926 0.12291666666666666 0.15185185185185185 0.11979166666666667 0.15185185185185185 0.11979166666666667 0.1398148148148148 0.1140625 0.1259259259259259 0.1125 0.11388888888888889 0.1125 0.10555555555555556 0.11822916666666666 0.1037037037037037
1 0.6020833333333333 0.009259259259259259 0.6046875 0.010185185185185186 0.6067708333333334 0.017592592592592594 0.6026041666666667 0.04722222222222222 0.5989583333333334 0.049074074074074076 0.5989583333333334 0.020370370370370372 0.6020833333333333 0.010185185185185186
1 0.06041666666666667 0.1675925925925926 0.06927083333333334 0.1787037037037037 0.07447916666666667 0.19814814814814816 0.08125 0.20925925925925926 0.08125 0.21296296296296297 0.0796875 0.21296296296296297 0.071875 0.2064814814814815 0.07239583333333334 0.21944444444444444 0.07083333333333333 0.2222222222222222 0.0640625 0.19907407407407407 0.059895833333333336 0.1925925925925926 0.057291666666666664 0.1787037037037037 0.06041666666666667 0.1685185185185185
1 0.5708333333333333 0.13796296296296295 0.5744791666666667 0.1398148148148148 0.5765625 0.14907407407407408 0.5739583333333333 0.17592592592592593 0.5671875 0.18888888888888888 0.565625 0.18518518518518517 0.5661458333333333 0.1537037037037037 0.5708333333333333 0.1388888888888889
1 0.6994791666666667 0.30833333333333335 0.7026041666666667 0.3101851851851852 0.703125 0.3314814814814815 0.69375 0.36203703703703705 0.6890625 0.3638888888888889 0.6854166666666667 0.3509259259259259 0.6890625 0.34444444444444444 0.6927083333333334 0.3175925925925926 0.6989583333333333 0.30925925925925923
1 0.22552083333333334 0.14583333333333334 0.017708333333333333 0.041666666666666664
1 0.6265625 0.08981481481481482 0.625 0.08611111111111111 0.6255208333333333 0.06666666666666667 0.6296875 0.05 0.6333333333333333 0.05 0.6338541666666667 0.058333333333333334 0.6296875 0.08518518518518518 0.6270833333333333 0.08888888888888889
1 0.04739583333333333 0.17777777777777778 0.05677083333333333 0.19537037037037036 0.0546875 0.2 0.058333333333333334 0.21388888888888888 0.05416666666666667 0.21944444444444444 0.051041666666666666 0.21666666666666667 0.03958333333333333 0.18611111111111112 0.0421875 0.17592592592592593 0.046875 0.17777777777777778
1 0.0328125 0.19537037037037036 0.041666666666666664 0.2212962962962963 0.05416666666666667 0.23055555555555557 0.0421875 0.22870370370370371 0.04114583333333333 0.23425925925925925 0.043229166666666666 0.24074074074074073 0.040625 0.24351851851851852 0.029166666666666667 0.21296296296296297 0.027083333333333334 0.19907407407407407 0.028645833333333332 0.19537037037037036 0.03229166666666667 0.19537037037037036
1 0.07083333333333333 0.10462962962962963 0.07447916666666667 0.10277777777777777 0.08333333333333333 0.11388888888888889 0.08541666666666667 0.13333333333333333 0.09010416666666667 0.14629629629629629 0.08854166666666667 0.15092592592592594 0.08541666666666667 0.14722222222222223 0.07447916666666667 0.12222222222222222 0.07083333333333333 0.10555555555555556
1 0.9505208333333334 0.5407407407407407 0.9546875 0.5601851851851852 0.9401041666666666 0.5833333333333334 0.9317708333333333 0.5796296296296296 0.9302083333333333 0.5703703703703704 0.9390625 0.5472222222222223 0.9458333333333333 0.5398148148148149 0.95 0.5407407407407407
1 0.4515625 0.37222222222222223 0.45729166666666665 0.38333333333333336 0.4588541666666667 0.3962962962962963 0.45729166666666665 0.40185185185185185 0.4578125 0.41388888888888886 0.45625 0.4166666666666667 0.45260416666666664 0.4148148148148148 0.44895833333333335 0.42314814814814816 0.4473958333333333 0.41944444444444445 0.44947916666666665 0.39814814814814814 0.44583333333333336 0.39537037037037037 0.4421875 0.4 0.4421875 0.3962962962962963 0.4453125 0.39166666666666666 0.446875 0.3731481481481482 0.4510416666666667 0.37222222222222223
1 0.1734375 0.02962962962962963 0.17864583333333334 0.044444444444444446 0.17864583333333334 0.05740740740740741 0.17552083333333332 0.058333333333333334 0.16822916666666668 0.040740740740740744 0.16927083333333334 0.03148148148148148 0.17135416666666667 0.027777777777777776 0.17291666666666666 0.02962962962962963
1 0.3729166666666667 0.9 0.378125 0.9083333333333333 0.3802083333333333 0.9203703703703704 0.3802083333333333 0.9287037037037037 0.3729166666666667 0.9527777777777777 0.3697916666666667 0.9537037037037037 0.36875 0.937037037037037 0.3614583333333333 0.9185185185185185 0.3619791666666667 0.9120370370370371 0.3651041666666667 0.9064814814814814 0.3723958333333333 0.9009259259259259
1 0.45260416666666664 0.5268518518518519 0.45625 0.5268518518518519 0.46197916666666666 0.5453703703703704 0.46145833333333336 0.5611111111111111 0.45729166666666665 0.5768518518518518 0.45260416666666664 0.5777777777777777 0.4515625 0.5731481481481482 0.453125 0.5583333333333333 0.44895833333333335 0.5435185185185185 0.44947916666666665 0.5324074074074074 0.45260416666666664 0.5277777777777778
1 0.046875 0.12222222222222222 0.06041666666666667 0.15833333333333333 0.06041666666666667 0.16296296296296298 0.053125 0.15555555555555556 0.05364583333333333 0.1648148148148148 0.051041666666666666 0.16666666666666666 0.0390625 0.13333333333333333 0.04010416666666667 0.12222222222222222 0.04635416666666667 0.12222222222222222
1 0.6640625 0.7611111111111111 0.6708333333333333 0.7611111111111111 0.6734375 0.7648148148148148 0.6734375 0.774074074074074 0.6703125 0.7870370370370371 0.6640625 0.8027777777777778 0.6609375 0.8027777777777778 0.6583333333333333 0.7962962962962963 0.6520833333333333 0.8027777777777778 0.6489583333333333 0.8 0.6541666666666667 0.7842592592592592 0.6572916666666667 0.7657407407407407 0.6635416666666667 0.7611111111111111
1 0.2635416666666667 0.9212962962962963 0.26875 0.9222222222222223 0.275 0.9564814814814815 0.2791666666666667 0.9564814814814815 0.2791666666666667 0.9629629629629629 0.2760416666666667 0.9675925925925926 0.2703125 0.9592592592592593 0.26458333333333334 0.9601851851851851 0.26197916666666665 0.9638888888888889 0.2515625 0.9388888888888889 0.2515625 0.9314814814814815 0.25416666666666665 0.924074074074074 0.25833333333333336 0.9194444444444444 0.2630208333333333 0.9212962962962963
1 0.7807291666666667 0.13055555555555556 0.7864583333333334 0.12962962962962962 0.7885416666666667 0.13518518518518519 0.7859375 0.1537037037037037 0.7802083333333333 0.1685185185185185 0.7760416666666666 0.17222222222222222 0.775 0.16296296296296298 0.7807291666666667 0.13148148148148148
1 0.246875 0.9481481481481482 0.2520833333333333 0.9546296296296296 0.2546875 0.9731481481481481 0.25416666666666665 0.9824074074074074 0.24739583333333334 0.9888888888888889 0.2375 0.987037037037037 0.23385416666666667 0.9824074074074074 0.23072916666666668 0.9629629629629629 0.23072916666666668 0.9527777777777777 0.23333333333333334 0.9490740740740741 0.24635416666666668 0.9481481481481482
1 0.8041666666666667 0.33425925925925926 0.8119791666666667 0.34074074074074073 0.8125 0.3472222222222222 0.8088541666666667 0.3592592592592593 0.8036458333333333 0.36666666666666664 0.8 0.3824074074074074 0.796875 0.38333333333333336 0.79375 0.37962962962962965 0.7901041666666667 0.38055555555555554 0.7895833333333333 0.37592592592592594 0.7953125 0.3592592592592593 0.7973958333333333 0.3453703703703704 0.8036458333333333 0.33425925925925926