0 0.1140625 0.712037037037037 0.1203125 0.7166666666666667 0.13020833333333334 0.7379629629629629 0.13072916666666667 0.7472222222222222 0.128125 0.7666666666666667 0.12395833333333334 0.7759259259259259 0.115625 0.7833333333333333 0.07604166666666666 0.8583333333333333 0.0671875 0.8861111111111111 0.058854166666666666 0.8935185185185185 0.04791666666666667 0.8962962962962963 0.036458333333333336 0.8888888888888888 0.03125 0.8787037037037037 0.0125 0.8564814814814815 0.007291666666666667 0.8462962962962963 0.008333333333333333 0.8361111111111111 0.0296875 0.7935185185185185 0.05520833333333333 0.7555555555555555 0.06875 0.7462962962962963 0.08385416666666666 0.7231481481481481 0.09427083333333333 0.7129629629629629 0.11354166666666667 0.712037037037037
0 0.8208333333333333 0.337037037037037 0.8286458333333333 0.34444444444444444 0.83125 0.362962962962963 0.8223958333333333 0.36944444444444446 0.8359375 0.38981481481481484 0.8395833333333333 0.41944444444444445 0.8395833333333333 0.4388888888888889 0.8291666666666667 0.45185185185185184 0.8109375 0.44907407407407407 0.7994791666666666 0.4388888888888889 0.7973958333333333 0.4324074074074074 0.7979166666666667 0.4101851851851852 0.79375 0.37962962962962965 0.7958333333333333 0.362962962962963 0.8010416666666667 0.3611111111111111 0.809375 0.36574074074074076 0.8166666666666667 0.362962962962963 0.7989583333333333 0.3527777777777778 0.7984375 0.34444444444444444 0.8010416666666667 0.3388888888888889 0.8057291666666667 0.33611111111111114 0.8203125 0.337037037037037
0 0.603125 0.3425925925925926 0.63125 0.40370370370370373 0.6302083333333334 0.41574074074074074 0.6369791666666667 0.44907407407407407 0.6395833333333333 0.46944444444444444 0.6390625 0.47962962962962963 0.6484375 0.5074074074074074 0.6479166666666667 0.5222222222222223 0.6442708333333333 0.5296296296296297 0.6213541666666667 0.5416666666666666 0.6161458333333333 0.5398148148148149 0.6088541666666667 0.5305555555555556 0.6057291666666667 0.5101851851851852 0.5973958333333333 0.487962962962963 0.5947916666666667 0.475 0.5859375 0.45925925925925926 0.5807291666666666 0.4583333333333333 0.5770833333333333 0.43333333333333335 0.5708333333333333 0.4185185185185185 0.5692708333333333 0.40555555555555556 0.5708333333333333 0.35462962962962963 0.578125 0.3472222222222222 0.5854166666666667 0.34444444444444444 0.6026041666666667 0.3425925925925926
1 0.5588541666666667 0.287962962962963 0.5630208333333333 0.29814814814814816 0.5619791666666667 0.32685185185185184 0.5541666666666667 0.33611111111111114 0.553125 0.30185185185185187 0.55625 0.28703703703703703 0.5583333333333333 0.287962962962963
1 0.14375 0.27314814814814814 0.14739583333333334 0.27314814814814814 0.153125 0.2824074074074074 0.15833333333333333 0.3 0.1578125 0.3037037037037037 0.15416666666666667 0.29907407407407405 0.15052083333333333 0.3101851851851852 0.14375 0.2740740740740741
1 0.07760416666666667 0.37037037037037035 0.084375 0.38333333333333336 0.0859375 0.3962962962962963 0.09270833333333334 0.4 0.09322916666666667 0.40370370370370373 0.08854166666666667 0.40185185185185185 0.08697916666666666 0.4046296296296296 0.08802083333333334 0.4111111111111111 0.08489583333333334 0.41203703703703703 0.08333333333333333 0.40555555555555556 0.07708333333333334 0.3972222222222222 0.071875 0.3768518518518518 0.0734375 0.3712962962962963 0.07708333333333334 0.3712962962962963
1 0.6427083333333333 0.16666666666666666 0.6447916666666667 0.17962962962962964 0.640625 0.20185185185185187 0.6375 0.19722222222222222 0.6364583333333333 0.17592592592592593 0.6401041666666667 0.16574074074074074 0.6421875 0.16666666666666666
1 0.5046875 0.5685185185185185 0.5098958333333333 0.5777777777777777 0.5125 0.5907407407407408 0.5119791666666667 0.6092592592592593 0.5067708333333333 0.6185185185185185 0.5052083333333334 0.6185185185185185 0.5015625 0.6083333333333333 0.4984375 0.5888888888888889 0.5 0.5712962962962963 0.5041666666666667 0.5685185185185185
1 0.640625 0.20925925925925926 0.64375 0.2111111111111111 0.6463541666666667 0.21851851851851853 0.6458333333333334 0.23148148148148148 0.6411458333333333 0.2490740740740741 0.6375 0.2490740740740741 0.6359375 0.23055555555555557 0.6369791666666667 0.21851851851851853 0.6401041666666667 0.2101851851851852
1 0.14947916666666666 0.225 0.15416666666666667 0.23333333333333334 0.15520833333333334 0.24537037037037038 0.159375 0.25462962962962965 0.1546875 0.26296296296296295 0.15208333333333332 0.2611111111111111 0.15208333333333332 0.25462962962962965 0.14635416666666667 0.24259259259259258 0.14375 0.23055555555555557 0.14479166666666668 0.22407407407407406 0.14895833333333333 0.225
1 0.6036458333333333 0.24351851851851852 0.6020833333333333 0.2175925925925926 0.6057291666666667 0.2074074074074074 0.6088541666666667 0.20833333333333334 0.6125 0.21666666666666667 0.6109375 0.22962962962962963 0.6125 0.24444444444444444 0.6088541666666667 0.2462962962962963 0.6041666666666666 0.24351851851851852
1 0.6088541666666667 0.25925925925925924 0.6135416666666667 0.2611111111111111 0.6161458333333333 0.27037037037037037 0.6161458333333333 0.2777777777777778 0.6125 0.29074074074074074 0.6052083333333333 0.28425925925925927 0.6046875 0.2722222222222222 0.6088541666666667 0.2601851851851852
1 0.6541666666666667 0.13333333333333333 0.6557291666666667 0.15092592592592594 0.6510416666666666 0.17037037037037037 0.6484375 0.16666666666666666 0.6484375 0.14351851851851852 0.6494791666666667 0.13425925925925927 0.6536458333333334 0.13333333333333333
1 0.6505208333333333 0.21481481481481482 0.6546875 0.21481481481481482 0.6578125 0.22592592592592592 0.6546875 0.24444444444444444 0.65 0.25833333333333336 0.6484375 0.25462962962962965 0.6484375 0.2324074074074074 0.6505208333333333 0.21574074074074073
1 0.016666666666666666 0.4222222222222222 0.026041666666666668 0.4351851851851852 0.03229166666666667 0.44907407407407407 0.023958333333333335 0.4546296296296296 0.011458333333333333 0.43425925925925923 0.0109375 0.42592592592592593 0.016145833333333335 0.4222222222222222
1 0.19947916666666668 0.25555555555555554 0.21354166666666666 0.2824074074074074 0.21302083333333333 0.28703703703703703 0.20572916666666666 0.2824074074074074 0.203125 0.2935185185185185 0.1984375 0.28055555555555556 0.1953125 0.25925925925925924 0.19635416666666666 0.25555555555555554 0.19895833333333332 0.25555555555555554
1 0.10052083333333334 0.3388888888888889 0.10572916666666667 0.3435185185185185 0.109375 0.36018518518518516 0.1140625 0.3685185185185185 0.11197916666666667 0.37407407407407406 0.10572916666666667 0.36666666666666664 0.10572916666666667 0.3768518518518518 0.10416666666666667 0.37962962962962965 0.10208333333333333 0.37962962962962965 0.10208333333333333 0.3731481481481482 0.09375 0.3425925925925926 0.09479166666666666 0.33796296296296297 0.1 0.3388888888888889
1 0.16458333333333333 0.2601851851851852 0.16875 0.262037037037037 0.17552083333333332 0.27870370370370373 0.17916666666666667 0.3 0.175 0.30277777777777776 0.16927083333333334 0.2953703703703704 0.16302083333333334 0.2722222222222222 0.1640625 0.2611111111111111
1 0.6057291666666667 0.2833333333333333 0.6083333333333333 0.28703703703703703 0.609375 0.2972222222222222 0.6020833333333333 0.3296296296296296 0.5994791666666667 0.3277777777777778 0.6005208333333333 0.28703703703703703 0.6015625 0.2833333333333333 0.6052083333333333 0.2833333333333333
1 0.6625 0.18425925925925926 0.6645833333333333 0.18611111111111112 0.6661458333333333 0.20092592592592592 0.6614583333333334 0.22592592592592592 0.6588541666666666 0.2222222222222222 0.6578125 0.21481481481481482 0.6583333333333333 0.19444444444444445 0.6619791666666667 0.18425925925925926
1 0.8322916666666667 0.5083333333333333 0.8359375 0.49074074074074076 0.8364583333333333 0.47685185185185186 0.8447916666666667 0.46574074074074073 0.85 0.47962962962962963 0.8453125 0.5027777777777778 0.8453125 0.5120370370370371 0.8416666666666667 0.5157407407407407 0.8411458333333334 0.5027777777777778 0.8385416666666666 0.5 0.8348958333333333 0.5111111111111111 0.8328125 0.5083333333333333
1 0.6265625 0.19814814814814816 0.6322916666666667 0.20833333333333334 0.6286458333333333 0.23425925925925925 0.625 0.23703703703703705 0.6234375 0.23148148148148148 0.6229166666666667 0.2064814814814815 0.6260416666666667 0.19907407407407407
1 0.5046875 0.05555555555555555 0.5067708333333333 0.06296296296296296 0.5067708333333333 0.07685185185185185 0.5052083333333334 0.08425925925925926 0.5020833333333333 0.08611111111111111 0.5005208333333333 0.06111111111111111 0.5015625 0.05648148148148148 0.5041666666666667 0.05555555555555555
1 0.24114583333333334 0.19074074074074074 0.246875 0.20277777777777778 0.24895833333333334 0.22037037037037038 0.24114583333333334 0.22592592592592592 0.24114583333333334 0.21851851851851853 0.23697916666666666 0.20277777777777778 0.23697916666666666 0.1925925925925926 0.240625 0.19074074074074074
1 0.55 0.27314814814814814 0.553125 0.2740740740740741 0.5567708333333333 0.2861111111111111 0.5536458333333333 0.3 0.553125 0.3175925925925926 0.5473958333333333 0.3175925925925926 0.5473958333333333 0.2833333333333333 0.55 0.2740740740740741
1 0.18229166666666666 0.20462962962962963 0.18697916666666667 0.21296296296296297 0.19270833333333334 0.23981481481481481 0.1890625 0.24444444444444444 0.18333333333333332 0.23703703703703705 0.178125 0.21944444444444444 0.178125 0.21203703703703702 0.18177083333333333 0.20462962962962963
1 0.9307291666666667 0.5435185185185185 0.9354166666666667 0.55 0.9286458333333333 0.5703703703703704 0.9276041666666667 0.5833333333333334 0.9255208333333333 0.587037037037037 0.9213541666666667 0.587037037037037 0.91875 0.5722222222222222 0.9057291666666667 0.5824074074074074 0.9020833333333333 0.5777777777777777 0.9151041666666667 0.5648148148148148 0.925 0.5453703703703704 0.9302083333333333 0.5435185185185185
1 0.3255208333333333 0.5222222222222223 0.3296875 0.5222222222222223 0.3380208333333333 0.549074074074074 0.33958333333333335 0.5611111111111111 0.34375 0.5675925925925925 0.33489583333333334 0.5722222222222222 0.33229166666666665 0.5768518518518518 0.32708333333333334 0.575 0.328125 0.5574074074074075 0.32135416666666666 0.5462962962962963 0.3255208333333333 0.5231481481481481
1 0.14895833333333333 0.512962962962963 0.16302083333333334 0.5361111111111111 0.15677083333333333 0.5611111111111111 0.15364583333333334 0.5601851851851852 0.14895833333333333 0.5361111111111111 0.14270833333333333 0.5342592592592592 0.140625 0.525 0.13958333333333334 0.5111111111111111 0.1484375 0.512962962962963
1 0.2359375 0.19166666666666668 0.24375 0.2222222222222222 0.2421875 0.22685185185185186 0.2375 0.22037037037037038 0.2328125 0.2064814814814815 0.23229166666666667 0.1962962962962963 0.23541666666666666 0.19166666666666668
1 0.8640625 0.24074074074074073 0.86875 0.22407407407407406 0.8682291666666667 0.21666666666666667 0.8744791666666667 0.20277777777777778 0.8770833333333333 0.20185185185185187 0.8802083333333334 0.2101851851851852 0.8791666666666667 0.21666666666666667 0.8692708333333333 0.24351851851851852 0.8651041666666667 0.24444444444444444 0.8645833333333334 0.24166666666666667
1 0.7036458333333333 0.9666666666666667 0.7098958333333333 0.9777777777777777 0.7098958333333333 0.9990740740740741 0.6953125 0.9990740740740741 0.6953125 0.9898148148148148 0.6927083333333334 0.9833333333333333 0.696875 0.9768518518518519 0.6994791666666667 0.9666666666666667 0.703125 0.9666666666666667
1 0.5395833333333333 0.29444444444444445 0.5364583333333334 0.29259259259259257 0.5328125 0.3 0.5296875 0.2972222222222222 0.5307291666666667 0.26851851851851855 0.5359375 0.2537037037037037 0.5395833333333333 0.25555555555555554 0.5395833333333333 0.2935185185185185
1 0.8583333333333333 0.2462962962962963 0.8604166666666667 0.25092592592592594 0.8604166666666667 0.2601851851851852 0.8578125 0.27685185185185185 0.8494791666666667 0.2916666666666667 0.846875 0.2898148148148148 0.8494791666666667 0.2675925925925926 0.8484375 0.25833333333333336 0.853125 0.24814814814814815 0.8578125 0.2462962962962963
1 0.6369791666666667 0.12407407407407407 0.6395833333333333 0.125 0.6427083333333333 0.13333333333333333 0.6380208333333334 0.16111111111111112 0.6354166666666666 0.16018518518518518 0.6333333333333333 0.1425925925925926 0.6333333333333333 0.13518518518518519 0.6364583333333333 0.125
1 0.175 0.23981481481481481 0.18333333333333332 0.25462962962962965 0.18229166666666666 0.2740740740740741 0.17864583333333334 0.2722222222222222 0.17135416666666667 0.24722222222222223 0.17135416666666667 0.24074074074074073 0.17447916666666666 0.23981481481481481
1 0.18125 0.2722222222222222 0.18333333333333332 0.2574074074074074 0.18541666666666667 0.25462962962962965 0.18958333333333333 0.25555555555555554 0.19427083333333334 0.26481481481481484 0.2 0.2851851851851852 0.19947916666666668 0.2898148148148148 0.1921875 0.2935185185185185 0.18645833333333334 0.2777777777777778 0.18177083333333333 0.27314814814814814
1 0.6713541666666667 0.19722222222222222 0.6729166666666667 0.20462962962962963 0.6697916666666667 0.21851851851851853 0.6692708333333334 0.2324074074074074 0.6682291666666667 0.23703703703703705 0.665625 0.23796296296296296 0.6630208333333333 0.2324074074074074 0.6625 0.2212962962962963 0.6671875 0.2 0.6708333333333333 0.19722222222222222
1 0.4354166666666667 0.2064814814814815 0.4390625 0.20555555555555555 0.4453125 0.2222222222222222 0.44375 0.2490740740740741 0.43697916666666664 0.25092592592592594 0.434375 0.22314814814814815 0.4354166666666667 0.2074074074074074
1 0.9635416666666666 0.6462962962962963 0.9708333333333333 0.6537037037037037 0.9713541666666666 0.662962962962963 0.9526041666666667 0.700925925925926 0.9479166666666666 0.6990740740740741 0.9427083333333334 0.687962962962963 0.9552083333333333 0.6527777777777778 0.9630208333333333 0.6462962962962963
1 0.6473958333333333 0.13055555555555556 0.6505208333333333 0.1361111111111111 0.6473958333333333 0.16203703703703703 0.64375 0.16666666666666666 0.6416666666666667 0.1648148148148148 0.6411458333333333 0.14351851851851852 0.6427083333333333 0.1361111111111111 0.646875 0.13148148148148148
1 0.0125 0.44074074074074077 0.022395833333333334 0.45555555555555555 0.023958333333333335 0.462037037037037 0.034375 0.46944444444444444 0.0328125 0.47314814814814815 0.029166666666666667 0.47314814814814815 0.0265625 0.4685185185185185 0.022916666666666665 0.4685185185185185 0.022395833333333334 0.48703703703703705 0.019791666666666666 0.48518518518518516 0.015625 0.4703703703703704 0.007291666666666667 0.4546296296296296 0.0067708333333333336 0.44166666666666665 0.011979166666666667 0.44074074074074077
1 0.19583333333333333 0.21666666666666667 0.18802083333333333 0.19907407407407407 0.18645833333333334 0.18888888888888888 0.18854166666666666 0.18518518518518517 0.1921875 0.18518518518518517 0.20052083333333334 0.21203703703703702 0.19635416666666666 0.21574074074074073
1 0.5989583333333334 0.27685185185185185 0.6015625 0.2851851851851852 0.6020833333333333 0.3277777777777778 0.5984375 0.32685185185185184 0.5947916666666667 0.3138888888888889 0.5942708333333333 0.28888888888888886 0.5953125 0.2814814814814815 0.5984375 0.2777777777777778
1 0.64375 0.27314814814814814 0.6458333333333334 0.2814814814814815 0.6458333333333334 0.29259259259259257 0.6411458333333333 0.3138888888888889 0.6385416666666667 0.31203703703703706 0.6375 0.28888888888888886 0.6401041666666667 0.275 0.6432291666666666 0.27314814814814814
1 0.7911458333333333 0.5148148148148148 0.7932291666666667 0.5175925925925926 0.7932291666666667 0.5296296296296297 0.7833333333333333 0.5740740740740741 0.7791666666666667 0.5694444444444444 0.7791666666666667 0.5648148148148148 0.7828125 0.5564814814814815 0.7807291666666667 0.5509259259259259 0.7817708333333333 0.5351851851851852 0.7880208333333333 0.5157407407407407 0.790625 0.5148148148148148
1 0.0375 0.4101851851851852 0.053125 0.43796296296296294 0.0515625 0.4425925925925926 0.043229166666666666 0.45092592592592595 0.0359375 0.4287037037037037 0.030729166666666665 0.42314814814814816 0.03229166666666667 0.4111111111111111 0.03697916666666667 0.4101851851851852
1 0.6447916666666667 0.31851851851851853 0.6479166666666667 0.32222222222222224 0.6510416666666666 0.337037037037037 0.6463541666666667 0.35 0.64375 0.3675925925925926 0.6421875 0.3685185185185185 0.6401041666666667 0.3675925925925926 0.6411458333333333 0.3435185185185185 0.6369791666666667 0.337037037037037 0.6442708333333333 0.31851851851851853
1 0.33177083333333335 0.09907407407407408 0.33697916666666666 0.1259259259259259 0.3338541666666667 0.12685185185185185 0.33125 0.13240740740740742 0.32916666666666666 0.13055555555555556 0.32708333333333334 0.10925925925925926 0.328125 0.10185185185185185 0.33125 0.09907407407407408
1 0.5708333333333333 0.35 0.5708333333333333 0.325 0.5744791666666667 0.31296296296296294 0.578125 0.31666666666666665 0.5802083333333333 0.3314814814814815 0.578125 0.3435185185185185 0.5713541666666667 0.35
1 0.6192708333333333 0.30092592592592593 0.621875 0.3037037037037037 0.6234375 0.3138888888888889 0.621875 0.33425925925925926 0.6125 0.3416666666666667 0.6145833333333334 0.3074074074074074 0.61875 0.30185185185185187
1 0.6171875 0.9351851851851852 0.6239583333333333 0.95 0.6244791666666667 0.9648148148148148 0.6229166666666667 0.9712962962962963 0.6276041666666666 0.9768518518518519 0.6265625 0.9851851851851852 0.6229166666666667 0.9851851851851852 0.6208333333333333 0.9805555555555555 0.6145833333333334 0.9768518518518519 0.6052083333333333 0.975925925925926 0.6005208333333333 0.9703703703703703 0.6052083333333333 0.9648148148148148 0.6114583333333333 0.9453703703703704 0.6119791666666666 0.937037037037037 0.6166666666666667 0.9351851851851852
1 0.059375 0.3675925925925926 0.0640625 0.3731481481481482 0.07083333333333333 0.37407407407407406 0.07552083333333333 0.38981481481481484 0.07552083333333333 0.39537037037037037 0.06927083333333334 0.4009259259259259 0.06770833333333333 0.41203703703703703 0.065625 0.4101851851851852 0.06197916666666667 0.3851851851851852 0.05677083333333333 0.37407407407407406 0.05625 0.36944444444444446 0.058854166666666666 0.3675925925925926
1 0.3182291666666667 0.9194444444444444 0.321875 0.9277777777777778 0.32760416666666664 0.9287037037037037 0.33125 0.937037037037037 0.3380208333333333 0.937962962962963 0.3390625 0.9425925925925925 0.3375 0.9490740740740741 0.3296875 0.9537037037037037 0.32135416666666666 0.9722222222222222 0.3177083333333333 0.9703703703703703 0.31875 0.9629629629629629 0.3140625 0.95 0.3104166666666667 0.9287037037037037 0.31197916666666664 0.9212962962962963 0.3177083333333333 0.9194444444444444
1 0.6541666666666667 0.32037037037037036 0.6583333333333333 0.31296296296296294 0.6614583333333334 0.32222222222222224 0.6651041666666667 0.32314814814814813 0.66875 0.3138888888888889 0.6713541666666667 0.32037037037037036 0.671875 0.3296296296296296 0.6713541666666667 0.3388888888888889 0.6651041666666667 0.36574074074074076 0.6609375 0.38055555555555554 0.6578125 0.38333333333333336 0.6588541666666666 0.3675925925925926 0.6536458333333334 0.36018518518518516 0.6526041666666667 0.3277777777777778 0.6541666666666667 0.3212962962962963