0 0 0.26851851851851855 0.015625 0.26851851851851855 0.050520833333333334 0.2851851851851852 0.0578125 0.29259259259259257 0.06510416666666667 0.3055555555555556 0.06354166666666666 0.3287037037037037 0.06145833333333333 0.33425925925925926 0.057291666666666664 0.3398148148148148 0.0484375 0.3416666666666667 0.034375 0.35462962962962963 0.028125 0.3648148148148148 0.024479166666666666 0.38333333333333336 0.0203125 0.387037037037037 0.0125 0.38425925925925924 0 0.387037037037037 0 0.26944444444444443
0 0.7421875 0.08703703703703704 0.7458333333333333 0.09166666666666666 0.7484375 0.10092592592592593 0.7515625 0.14629629629629629 0.7432291666666667 0.16666666666666666 0.7395833333333334 0.17037037037037037 0.7229166666666667 0.16944444444444445 0.7192708333333333 0.16574074074074074 0.7166666666666667 0.12129629629629629 0.7197916666666667 0.09722222222222222 0.7239583333333334 0.08703703703703704 0.7416666666666667 0.08703703703703704
0 0.3729166666666667 0.6203703703703703 0.384375 0.6333333333333333 0.3927083333333333 0.6638888888888889 0.3932291666666667 0.6768518518518518 0.384375 0.6962962962962963 0.3796875 0.7027777777777777 0.3692708333333333 0.7055555555555556 0.3333333333333333 0.7351851851851852 0.321875 0.7462962962962963 0.3140625 0.7592592592592593 0.296875 0.7620370370370371 0.29270833333333335 0.7611111111111111 0.28854166666666664 0.7555555555555555 0.278125 0.7268518518518519 0.275 0.7046296296296296 0.27708333333333335 0.6888888888888889 0.29791666666666666 0.6638888888888889 0.32760416666666664 0.6398148148148148 0.3651041666666667 0.6194444444444445 0.3723958333333333 0.6203703703703703
0 0.875 0.7277777777777777 0.8869791666666667 0.7305555555555555 0.93125 0.7537037037037037 0.9421875 0.7546296296296297 0.9546875 0.7731481481481481 0.9697916666666667 0.7824074074074074 0.9807291666666667 0.7944444444444444 0.990625 0.8212962962962963 0.99375 0.8638888888888889 0.9921875 0.8722222222222222 0.9885416666666667 0.8777777777777778 0.9666666666666667 0.8842592592592593 0.95 0.8814814814814815 0.9416666666666667 0.8703703703703703 0.9182291666666667 0.850925925925926 0.9145833333333333 0.8444444444444444 0.9239583333333333 0.8055555555555556 0.9328125 0.7972222222222223 0.9385416666666667 0.7861111111111111 0.9375 0.7685185185185185 0.9328125 0.7592592592592593 0.9244791666666666 0.7611111111111111 0.9177083333333333 0.7731481481481481 0.9166666666666666 0.7787037037037037 0.9203125 0.7925925925925926 0.9203125 0.8046296296296296 0.9166666666666666 0.812037037037037 0.9114583333333334 0.8333333333333334 0.9078125 0.8388888888888889 0.9015625 0.8388888888888889 0.8885416666666667 0.8324074074074074 0.8729166666666667 0.8333333333333334 0.8630208333333333 0.8277777777777777 0.8541666666666666 0.8064814814814815 0.8515625 0.7768518518518519 0.853125 0.7416666666666667 0.8614583333333333 0.7268518518518519 0.8744791666666667 0.7277777777777777
0 0.5640625 0.15833333333333333 0.5786458333333333 0.1787037037037037 0.59375 0.22777777777777777 0.5927083333333333 0.23981481481481481 0.5885416666666666 0.2490740740740741 0.575 0.25555555555555554 0.5677083333333334 0.25555555555555554 0.5604166666666667 0.24814814814814815 0.5552083333333333 0.22870370370370371 0.5421875 0.2064814814814815 0.540625 0.19814814814814816 0.5395833333333333 0.1787037037037037 0.5442708333333334 0.16111111111111112 0.5505208333333333 0.15648148148148147 0.5635416666666667 0.15833333333333333
0 0.5151041666666667 0.5935185185185186 0.5333333333333333 0.5962962962962963 0.5364583333333334 0.5925925925925926 0.5520833333333334 0.6037037037037037 0.5604166666666667 0.600925925925926 0.5703125 0.6083333333333333 0.5744791666666667 0.6157407407407407 0.5786458333333333 0.637962962962963 0.5786458333333333 0.6675925925925926 0.5744791666666667 0.6851851851851852 0.5604166666666667 0.6972222222222222 0.5515625 0.6962962962962963 0.5411458333333333 0.687962962962963 0.5260416666666666 0.6861111111111111 0.4973958333333333 0.6861111111111111 0.49114583333333334 0.6935185185185185 0.48072916666666665 0.6944444444444444 0.46510416666666665 0.6777777777777778 0.4630208333333333 0.6694444444444444 0.4625 0.6351851851851852 0.46770833333333334 0.6018518518518519 0.4791666666666667 0.5944444444444444 0.5145833333333333 0.5935185185185186
0 0.590625 0.03888888888888889 0.5953125 0.04259259259259259 0.6067708333333334 0.062037037037037036 0.6140625 0.08796296296296297 0.6203125 0.10185185185185185 0.6197916666666666 0.11203703703703703 0.6166666666666667 0.11944444444444445 0.6067708333333334 0.12685185185185185 0.5994791666666667 0.12777777777777777 0.5927083333333333 0.12685185185185185 0.5875 0.11944444444444445 0.5796875 0.0962962962962963 0.5734375 0.08425925925925926 0.5713541666666667 0.0712962962962963 0.571875 0.05555555555555555 0.5755208333333334 0.046296296296296294 0.584375 0.03888888888888889 0.5901041666666667 0.03888888888888889
0 0.6088541666666667 0 0.640625 0 0.640625 0.016666666666666666 0.6385416666666667 0.028703703703703703 0.6270833333333333 0.05925925925925926 0.6161458333333333 0.058333333333333334 0.6052083333333333 0.05 0.6052083333333333 0.018518518518518517 0.6088541666666667 0.000925925925925926
0 0.7625 0.18703703703703703 0.7703125 0.18888888888888888 0.7765625 0.19537037037037036 0.7796875 0.21481481481481482 0.7802083333333333 0.23425925925925925 0.7828125 0.24351851851851852 0.7822916666666667 0.24814814814814815 0.7760416666666666 0.2518518518518518 0.7828125 0.2657407407407407 0.7833333333333333 0.29074074074074074 0.7802083333333333 0.3 0.7739583333333333 0.30648148148148147 0.7520833333333333 0.3 0.7473958333333334 0.2962962962962963 0.7442708333333333 0.2861111111111111 0.7442708333333333 0.22685185185185186 0.7489583333333333 0.22407407407407406 0.7619791666666667 0.23703703703703705 0.7645833333333333 0.2351851851851852 0.7625 0.22962962962962963 0.753125 0.2222222222222222 0.7479166666666667 0.21203703703703702 0.7484375 0.19814814814814816 0.7526041666666666 0.18796296296296297 0.7619791666666667 0.18703703703703703
1 0.8432291666666667 0.16296296296296298 0.846875 0.17037037037037037 0.846875 0.17962962962962964 0.8385416666666666 0.19722222222222222 0.8380208333333333 0.20555555555555555 0.8354166666666667 0.20925925925925926 0.8333333333333334 0.20277777777777778 0.8348958333333333 0.18425925925925926 0.8401041666666667 0.1648148148148148 0.8427083333333333 0.16296296296296298
1 0.5041666666666667 0.30648148148148147 0.5088541666666667 0.3175925925925926 0.509375 0.32407407407407407 0.5046875 0.362962962962963 0.5020833333333333 0.36203703703703705 0.5020833333333333 0.3537037037037037 0.4979166666666667 0.3425925925925926 0.4973958333333333 0.3351851851851852 0.4979166666666667 0.31666666666666665 0.5005208333333333 0.3074074074074074 0.5036458333333333 0.30648148148148147
1 0.6302083333333334 0.08333333333333333 0.6369791666666667 0.07314814814814814 0.6380208333333334 0.0787037037037037 0.6348958333333333 0.08425925925925926 0.6385416666666667 0.08888888888888889 0.6369791666666667 0.10833333333333334 0.6328125 0.1287037037037037 0.6296875 0.13518518518518519 0.628125 0.13148148148148148 0.6265625 0.10092592592592593 0.6302083333333334 0.08425925925925926
1 0.3645833333333333 0.9333333333333333 0.36666666666666664 0.9351851851851852 0.36770833333333336 0.9435185185185185 0.36302083333333335 0.9722222222222222 0.3458333333333333 0.9537037037037037 0.34479166666666666 0.9416666666666667 0.35260416666666666 0.9333333333333333 0.3640625 0.9333333333333333
1 0.10208333333333333 0.09351851851851851 0.10833333333333334 0.10185185185185185 0.11458333333333333 0.12962962962962962 0.1140625 0.13518518518518519 0.10677083333333333 0.13703703703703704 0.10052083333333334 0.12129629629629629 0.0984375 0.09814814814814815 0.1015625 0.09444444444444444
1 0.5260416666666666 0.22407407407407406 0.5291666666666667 0.22685185185185186 0.5328125 0.24074074074074073 0.5286458333333334 0.2657407407407407 0.5291666666666667 0.2777777777777778 0.5255208333333333 0.27870370370370373 0.5239583333333333 0.2759259259259259 0.525 0.2675925925925926 0.5213541666666667 0.24166666666666667 0.5213541666666667 0.23425925925925925 0.5255208333333333 0.225
1 0.8067708333333333 0.3648148148148148 0.809375 0.3685185185185185 0.809375 0.38333333333333336 0.7984375 0.4185185185185185 0.7942708333333334 0.41944444444444445 0.7885416666666667 0.4111111111111111 0.7963541666666667 0.3814814814814815 0.80625 0.36574074074074076
1 0.03229166666666667 0.1361111111111111 0.03697916666666667 0.1361111111111111 0.040625 0.14074074074074075 0.044270833333333336 0.15462962962962962 0.05 0.16666666666666666 0.04791666666666667 0.17685185185185184 0.03958333333333333 0.1675925925925926 0.03125 0.15185185185185185 0.03229166666666667 0.13703703703703704
1 0.85625 0.1050925925925926 0.015625 0.04537037037037037
1 0.7557291666666667 0.037037037037037035 0.759375 0.04537037037037037 0.7609375 0.05648148148148148 0.7572916666666667 0.07685185185185185 0.7494791666666667 0.08425925925925926 0.746875 0.0824074074074074 0.7479166666666667 0.058333333333333334 0.7552083333333334 0.037037037037037035
1 0.14322916666666666 0.019444444444444445 0.1515625 0.05092592592592592 0.15104166666666666 0.05648148148148148 0.14739583333333334 0.053703703703703705 0.14375 0.06296296296296296 0.14166666666666666 0.06018518518518518 0.14010416666666667 0.044444444444444446 0.1359375 0.028703703703703703 0.14010416666666667 0.017592592592592594 0.14270833333333333 0.019444444444444445
1 0.5395833333333333 0.22777777777777777 0.5447916666666667 0.24444444444444444 0.540625 0.2814814814814815 0.5395833333333333 0.2833333333333333 0.5369791666666667 0.2777777777777778 0.534375 0.2518518518518518 0.5354166666666667 0.23425925925925925 0.5390625 0.22870370370370371
1 0.11614583333333334 0.06666666666666667 0.109375 0.05925925925925926 0.10885416666666667 0.041666666666666664 0.11302083333333333 0.040740740740740744 0.11875 0.05092592592592592 0.11666666666666667 0.06574074074074074
1 0.41875 0.3314814814814815 0.42864583333333334 0.35185185185185186 0.42864583333333334 0.3675925925925926 0.4244791666666667 0.3675925925925926 0.421875 0.37222222222222223 0.42083333333333334 0.38425925925925924 0.41822916666666665 0.38796296296296295 0.4171875 0.3675925925925926 0.4125 0.36203703703703705 0.4119791666666667 0.35555555555555557 0.4140625 0.33611111111111114 0.41822916666666665 0.3314814814814815
1 0.03229166666666667 0.16018518518518518 0.040625 0.175 0.043229166666666666 0.20277777777777778 0.04010416666666667 0.20462962962962963 0.028645833333333332 0.175 0.028125 0.16296296296296298 0.03177083333333333 0.16018518518518518
1 0.19427083333333334 0.899074074074074 0.203125 0.9037037037037037 0.20885416666666667 0.9138888888888889 0.2078125 0.9277777777777778 0.19947916666666668 0.9314814814814815 0.190625 0.9287037037037037 0.18229166666666666 0.9074074074074074 0.1828125 0.9009259259259259 0.1859375 0.8972222222222223 0.19375 0.899074074074074
1 0.3296875 0.8212962962962963 0.33125 0.837037037037037 0.3338541666666667 0.8444444444444444 0.3385416666666667 0.850925925925926 0.34739583333333335 0.8555555555555555 0.3484375 0.8592592592592593 0.34479166666666666 0.8611111111111112 0.3307291666666667 0.8574074074074074 0.325 0.8638888888888889 0.32083333333333336 0.8611111111111112 0.3177083333333333 0.8518518518518519 0.3177083333333333 0.837037037037037 0.31979166666666664 0.8231481481481482 0.32916666666666666 0.8212962962962963
1 0.13958333333333334 0.09074074074074075 0.14427083333333332 0.09537037037037037 0.1546875 0.12407407407407407 0.15416666666666667 0.1287037037037037 0.14375 0.13703703703703704 0.14270833333333333 0.12222222222222222 0.13854166666666667 0.11018518518518519 0.13958333333333334 0.09166666666666666
1 0.14427083333333332 0.06481481481481481 0.15260416666666668 0.07407407407407407 0.15416666666666667 0.08703703703703704 0.159375 0.09907407407407408 0.1578125 0.10555555555555556 0.1546875 0.10740740740740741 0.15052083333333333 0.10648148148148148 0.15052083333333333 0.09814814814814815 0.14270833333333333 0.07777777777777778 0.14166666666666666 0.06759259259259259 0.14375 0.06481481481481481
1 0.08229166666666667 0.10092592592592593 0.08958333333333333 0.10833333333333334 0.09166666666666666 0.12222222222222222 0.096875 0.13333333333333333 0.09635416666666667 0.13796296296296295 0.09166666666666666 0.1425925925925926 0.08177083333333333 0.11944444444444445 0.07708333333333334 0.11944444444444445 0.07552083333333333 0.09907407407407408 0.078125 0.0962962962962963 0.08177083333333333 0.10092592592592593
1 0.934375 0.44074074074074077 0.9359375 0.45 0.9338541666666667 0.45555555555555555 0.9328125 0.4703703703703704 0.9286458333333333 0.48055555555555557 0.9213541666666667 0.48703703703703705 0.9182291666666667 0.5009259259259259 0.9161458333333333 0.49907407407407406 0.9145833333333333 0.4861111111111111 0.9083333333333333 0.49537037037037035 0.903125 0.49444444444444446 0.915625 0.462037037037037 0.9276041666666667 0.44351851851851853 0.9338541666666667 0.44074074074074077
1 0.29270833333333335 0.8861111111111111 0.30052083333333335 0.9027777777777778 0.30520833333333336 0.9074074074074074 0.303125 0.9148148148148149 0.30572916666666666 0.925 0.30104166666666665 0.9305555555555556 0.29791666666666666 0.9296296296296296 0.29375 0.9185185185185185 0.2864583333333333 0.9194444444444444 0.28020833333333334 0.9074074074074074 0.28229166666666666 0.8898148148148148 0.2890625 0.8851851851851852 0.2921875 0.8861111111111111
1 0.7583333333333333 0.0824074074074074 0.7614583333333333 0.08981481481481482 0.7614583333333333 0.0962962962962963 0.7520833333333333 0.1259259259259259 0.7494791666666667 0.12314814814814815 0.7505208333333333 0.1 0.7536458333333333 0.08703703703703704 0.7578125 0.08333333333333333
1 0.403125 0.33055555555555555 0.40520833333333334 0.33796296296296297 0.4041666666666667 0.3768518518518518 0.4010416666666667 0.37592592592592594 0.3958333333333333 0.36203703703703705 0.39375 0.34074074074074073 0.39375 0.33425925925925926 0.39739583333333334 0.3277777777777778 0.40260416666666665 0.33055555555555555
1 0.26927083333333335 0.887962962962963 0.275 0.899074074074074 0.28020833333333334 0.9 0.28229166666666666 0.9092592592592592 0.28958333333333336 0.9222222222222223 0.28958333333333336 0.9268518518518518 0.2859375 0.9333333333333333 0.2828125 0.9324074074074075 0.2755208333333333 0.9212962962962963 0.26875 0.9231481481481482 0.26197916666666665 0.9138888888888889 0.2625 0.8935185185185185 0.2640625 0.8898148148148148 0.26875 0.887962962962963
1 0.5627604166666667 0.0962962962962963 0.008854166666666666 0.04259259259259259
1 0.06770833333333333 0.1675925925925926 0.07552083333333333 0.18888888888888888 0.075 0.1925925925925926 0.07239583333333334 0.1925925925925926 0.06770833333333333 0.19907407407407407 0.0609375 0.18796296296296297 0.05677083333333333 0.16944444444444445 0.057291666666666664 0.1574074074074074 0.0640625 0.15925925925925927 0.0671875 0.1675925925925926
1 0.4734375 0.23796296296296296 0.4765625 0.2388888888888889 0.4828125 0.2537037037037037 0.48072916666666665 0.2777777777777778 0.47604166666666664 0.28703703703703703 0.4734375 0.26666666666666666 0.46979166666666666 0.2638888888888889 0.4666666666666667 0.2675925925925926 0.4734375 0.2388888888888889
1 0.11979166666666667 0.06388888888888888 0.1234375 0.06759259259259259 0.12708333333333333 0.07685185185185185 0.128125 0.08611111111111111 0.13489583333333333 0.09814814814814815 0.12916666666666668 0.09814814814814815 0.1265625 0.10462962962962963 0.12552083333333333 0.0962962962962963 0.11510416666666666 0.07037037037037037 0.11666666666666667 0.06481481481481481 0.11927083333333334 0.06388888888888888
1 0.3692708333333333 0.7277777777777777 0.3734375 0.7351851851851852 0.3765625 0.7472222222222222 0.3854166666666667 0.7574074074074074 0.3854166666666667 0.7620370370370371 0.38385416666666666 0.762962962962963 0.3734375 0.7574074074074074 0.37083333333333335 0.7638888888888888 0.37135416666666665 0.7722222222222223 0.3697916666666667 0.775 0.36614583333333334 0.7712962962962963 0.3625 0.7453703703703703 0.359375 0.7351851851851852 0.359375 0.7305555555555555 0.3619791666666667 0.7277777777777777 0.36875 0.7277777777777777
1 0.7322916666666667 0.8555555555555555 0.7317708333333334 0.875 0.7276041666666667 0.8888888888888888 0.7166666666666667 0.8953703703703704 0.7098958333333333 0.887962962962963 0.7114583333333333 0.8722222222222222 0.7265625 0.8546296296296296 0.7317708333333334 0.8555555555555555
1 0.49895833333333334 0.2212962962962963 0.5015625 0.22592592592592592 0.5036458333333333 0.24259259259259258 0.5015625 0.2657407407407407 0.4979166666666667 0.27314814814814814 0.4942708333333333 0.2574074074074074 0.49322916666666666 0.2324074074074074 0.4984375 0.2212962962962963
1 0.7015625 0.24074074074074073 0.7036458333333333 0.26851851851851855 0.6979166666666666 0.2759259259259259 0.6921875 0.2953703703703704 0.6854166666666667 0.29444444444444445 0.6848958333333334 0.2916666666666667 0.6880208333333333 0.2861111111111111 0.6953125 0.24814814814814815 0.6979166666666666 0.24074074074074073 0.7010416666666667 0.24074074074074073
1 0.9588541666666667 0.49907407407407406 0.9614583333333333 0.5101851851851852 0.9604166666666667 0.5231481481481481 0.953125 0.5314814814814814 0.9489583333333333 0.5425925925925926 0.9458333333333333 0.5444444444444444 0.9354166666666667 0.5361111111111111 0.9354166666666667 0.5324074074074074 0.9411458333333333 0.5222222222222223 0.9401041666666666 0.5138888888888888 0.946875 0.5046296296296297 0.9583333333333334 0.49907407407407406
1 0.1578125 0.03425925925925926 0.16145833333333334 0.03888888888888889 0.16510416666666666 0.05648148148148148 0.16979166666666667 0.06759259259259259 0.16927083333333334 0.0712962962962963 0.16666666666666666 0.0712962962962963 0.16458333333333333 0.06574074074074074 0.16354166666666667 0.07407407407407407 0.16197916666666667 0.075 0.15416666666666667 0.05 0.15364583333333334 0.037037037037037035 0.15729166666666666 0.03425925925925926
1 0.31354166666666666 0.8629629629629629 0.32447916666666665 0.8675925925925926 0.3296875 0.875 0.3296875 0.8925925925925926 0.3338541666666667 0.9046296296296297 0.32916666666666666 0.9138888888888889 0.3265625 0.9138888888888889 0.3260416666666667 0.9074074074074074 0.3140625 0.887962962962963 0.3078125 0.8712962962962963 0.30833333333333335 0.8648148148148148 0.31302083333333336 0.8629629629629629
1 0.20364583333333333 0.9425925925925925 0.20989583333333334 0.95 0.21822916666666667 0.9527777777777777 0.21927083333333333 0.9657407407407408 0.22708333333333333 0.9842592592592593 0.22604166666666667 0.9916666666666667 0.22083333333333333 0.9990740740740741 0.20989583333333334 0.9990740740740741 0.20677083333333332 0.9805555555555555 0.2 0.9694444444444444 0.1984375 0.9601851851851851 0.19270833333333334 0.9546296296296296 0.19375 0.9472222222222222 0.203125 0.9425925925925925
1 0.08489583333333334 0.05925925925925926 0.08854166666666667 0.06481481481481481 0.09375 0.0824074074074074 0.09479166666666666 0.09166666666666666 0.09270833333333334 0.09537037037037037 0.08802083333333334 0.09444444444444444 0.07708333333333334 0.07037037037037037 0.0765625 0.06388888888888888 0.078125 0.06018518518518518 0.08072916666666667 0.05740740740740741 0.084375 0.05925925925925926
1 0.515625 0.3037037037037037 0.51875 0.30277777777777776 0.5223958333333333 0.3138888888888889 0.5223958333333333 0.3453703703703704 0.51875 0.3425925925925926 0.5166666666666667 0.34629629629629627 0.5151041666666667 0.3592592592592593 0.5135416666666667 0.35462962962962963 0.5140625 0.33796296296296297 0.5114583333333333 0.33240740740740743 0.5114583333333333 0.3148148148148148 0.515625 0.30462962962962964
1 0.18854166666666666 0.9666666666666667 0.20260416666666667 0.975925925925926 0.20416666666666666 0.9879629629629629 0.19947916666666668 0.9972222222222222 0.19114583333333332 0.9935185185185185 0.17447916666666666 0.9740740740740741 0.17395833333333333 0.9694444444444444 0.1765625 0.9666666666666667 0.18802083333333333 0.9666666666666667
1 0.49322916666666666 0.12962962962962962 0.4979166666666667 0.1111111111111111 0.5010416666666667 0.11018518518518519 0.5052083333333334 0.12222222222222222 0.5020833333333333 0.1425925925925926 0.5015625 0.16203703703703703 0.49895833333333334 0.16111111111111112 0.49375 0.13055555555555556
1 0.8122395833333333 0.5657407407407408 0.027604166666666666 0.053703703703703705
1 0.25416666666666665 0.9101851851851852 0.2604166666666667 0.9157407407407407 0.265625 0.925 0.2671875 0.9490740740740741 0.2640625 0.9527777777777777 0.24427083333333333 0.950925925925926 0.24166666666666667 0.9222222222222223 0.24791666666666667 0.9120370370370371 0.25364583333333335 0.9101851851851852
1 0.5111979166666667 0.2537037037037037 0.0109375 0.053703703703703705
1 0.178125 0.03148148148148148 0.17864583333333334 0.03611111111111111 0.17135416666666667 0.03888888888888889 0.16354166666666667 0.012037037037037037 0.16458333333333333 0.001851851851851852 0.16875 0.002777777777777778 0.171875 0.008333333333333333 0.17395833333333333 0.023148148148148147 0.17760416666666667 0.03148148148148148
1 0.6098958333333333 0.14722222222222223 0.009375 0.04259259259259259
1 0.56875 0.7685185185185185 0.5739583333333333 0.7675925925925926 0.5755208333333334 0.7722222222222223 0.5755208333333334 0.787962962962963 0.5786458333333333 0.8055555555555556 0.5770833333333333 0.8101851851851852 0.5708333333333333 0.8092592592592592 0.5635416666666667 0.7916666666666666 0.5630208333333333 0.7833333333333333 0.56875 0.7694444444444445
1 0.7515625 0.14537037037037037 0.7546875 0.1537037037037037 0.7546875 0.16203703703703703 0.7447916666666666 0.19166666666666668 0.7411458333333333 0.19166666666666668 0.7427083333333333 0.16944444444444445 0.7442708333333333 0.15925925925925927 0.7510416666666667 0.14629629629629629
1 0.6385416666666667 0.12962962962962962 0.6411458333333333 0.14351851851851852 0.6375 0.1648148148148148 0.6322916666666667 0.175 0.6296875 0.175 0.63125 0.14537037037037037 0.6354166666666666 0.12962962962962962 0.6380208333333334 0.12962962962962962
1 0.5015625 0.9324074074074075 0.5052083333333334 0.9351851851851852 0.5078125 0.9425925925925925 0.5010416666666667 0.9666666666666667 0.5020833333333333 0.9712962962962963 0.5078125 0.9768518518518519 0.5083333333333333 0.9824074074074074 0.50625 0.9842592592592593 0.5010416666666667 0.9824074074074074 0.4901041666666667 0.9703703703703703 0.4901041666666667 0.9574074074074074 0.4875 0.95 0.4875 0.9453703703703704 0.4921875 0.9416666666666667 0.49635416666666665 0.9333333333333333 0.5010416666666667 0.9324074074074075
1 0.36822916666666666 0.03148148148148148 0.37083333333333335 0.03888888888888889 0.3723958333333333 0.05555555555555555 0.3723958333333333 0.06388888888888888 0.3697916666666667 0.06851851851851852 0.3671875 0.06481481481481481 0.36302083333333335 0.04351851851851852 0.3645833333333333 0.032407407407407406 0.36770833333333336 0.03148148148148148
1 0.5911458333333334 0 0.596875 0 0.5947916666666667 0.021296296296296296 0.5921875 0.025925925925925925 0.5911458333333334 0.000925925925925926
1 0.9098958333333333 0.4101851851851852 0.9145833333333333 0.42407407407407405 0.9135416666666667 0.4351851851851852 0.9114583333333334 0.4388888888888889 0.903125 0.4425925925925926 0.8973958333333333 0.4537037037037037 0.89375 0.4537037037037037 0.89375 0.43425925925925923 0.9005208333333333 0.42407407407407405 0.9041666666666667 0.41203703703703703 0.909375 0.4101851851851852