0 0.04739583333333333 0.35462962962962963 0.057291666666666664 0.3648148148148148 0.058854166666666666 0.3731481481481482 0.0578125 0.3888888888888889 0.027083333333333334 0.4166666666666667 0.011458333333333333 0.43796296296296294 0.005208333333333333 0.44166666666666665 0 0.44074074074074077 0 0.3814814814814815 0.035416666666666666 0.35462962962962963 0.046875 0.35462962962962963
0 0.7411458333333333 0.5148148148148148 0.7625 0.5259259259259259 0.7864583333333334 0.5472222222222223 0.8 0.562962962962963 0.8052083333333333 0.5740740740740741 0.821875 0.5962962962962963 0.8244791666666667 0.6259259259259259 0.8166666666666667 0.6472222222222223 0.80625 0.6527777777777778 0.7859375 0.6444444444444445 0.7807291666666667 0.6333333333333333 0.7677083333333333 0.6194444444444445 0.7421875 0.5953703703703703 0.7302083333333333 0.5898148148148148 0.7166666666666667 0.5657407407407408 0.7166666666666667 0.5481481481481482 0.7234375 0.5212962962962963 0.7307291666666667 0.512962962962963 0.740625 0.5148148148148148
0 0.8463541666666666 0.7416666666666667 0.8552083333333333 0.7435185185185185 0.9317708333333333 0.7833333333333333 0.946875 0.787962962962963 0.9625 0.7981481481481482 0.9994791666666667 0.8138888888888889 0.9994791666666667 0.8861111111111111 0.9979166666666667 0.8870370370370371 0.9994791666666667 0.887962962962963 0.9994791666666667 0.9037037037037037 0.9942708333333333 0.9064814814814814 0.9869791666666666 0.9185185185185185 0.9916666666666667 0.9462962962962963 0.9994791666666667 0.9546296296296296 0.9994791666666667 0.9666666666666667 0.9770833333333333 0.9611111111111111 0.9619791666666667 0.95 0.9239583333333333 0.9324074074074075 0.8916666666666667 0.912962962962963 0.8765625 0.9185185185185185 0.8703125 0.9175925925925926 0.8619791666666666 0.9111111111111111 0.85 0.8907407407407407 0.8151041666666666 0.8694444444444445 0.8114583333333333 0.8555555555555555 0.8098958333333334 0.7888888888888889 0.8260416666666667 0.7546296296296297 0.8354166666666667 0.7462962962962963 0.8458333333333333 0.7416666666666667
0 0.009375 0.5888888888888889 0.025520833333333333 0.6064814814814815 0.028645833333333332 0.6175925925925926 0.021354166666666667 0.6370370370370371 0.0171875 0.6555555555555556 0.010416666666666666 0.6648148148148149 0.003125 0.6685185185185185 0 0.6685185185185185 0 0.5925925925925926 0.0046875 0.5879629629629629 0.008854166666666666 0.5888888888888889
0 0.4010416666666667 0.41759259259259257 0.4078125 0.4212962962962963 0.41458333333333336 0.42962962962962964 0.4203125 0.4546296296296296 0.4203125 0.4685185185185185 0.41822916666666665 0.475 0.40572916666666664 0.48148148148148145 0.39739583333333334 0.4925925925925926 0.384375 0.5027777777777778 0.3802083333333333 0.5111111111111111 0.37604166666666666 0.5083333333333333 0.375 0.49166666666666664 0.371875 0.48055555555555557 0.3729166666666667 0.44907407407407407 0.39010416666666664 0.4222222222222222 0.4005208333333333 0.41759259259259257
0 0.16145833333333334 0.3398148148148148 0.17447916666666666 0.35185185185185186 0.175 0.36944444444444446 0.17135416666666667 0.37592592592592594 0.16145833333333334 0.38055555555555554 0.15364583333333334 0.3888888888888889 0.14114583333333333 0.40555555555555556 0.13385416666666666 0.4212962962962963 0.12083333333333333 0.425 0.10885416666666667 0.4212962962962963 0.0984375 0.4009259259259259 0.09895833333333333 0.39537037037037037 0.10364583333333334 0.38796296296296295 0.10885416666666667 0.37222222222222223 0.12604166666666666 0.3490740740740741 0.1375 0.3472222222222222 0.15208333333333332 0.3398148148148148 0.1609375 0.3398148148148148
0 0.27708333333333335 0.5166666666666667 0.2859375 0.5203703703703704 0.29322916666666665 0.5277777777777778 0.303125 0.549074074074074 0.30416666666666664 0.5583333333333333 0.30052083333333335 0.5842592592592593 0.29322916666666665 0.5925925925925926 0.28541666666666665 0.5935185185185186 0.2786458333333333 0.6027777777777777 0.25677083333333334 0.6407407407407407 0.25052083333333336 0.6611111111111111 0.23958333333333334 0.6648148148148149 0.23125 0.6722222222222223 0.22395833333333334 0.6712962962962963 0.2125 0.6537037037037037 0.20625 0.6370370370370371 0.20625 0.625 0.209375 0.6157407407407407 0.22447916666666667 0.5898148148148148 0.2265625 0.5787037037037037 0.240625 0.5537037037037037 0.26614583333333336 0.5222222222222223 0.2765625 0.5166666666666667
0 0.8052083333333333 0.33611111111111114 0.81875 0.34444444444444444 0.8395833333333333 0.36666666666666664 0.8442708333333333 0.4074074074074074 0.8427083333333333 0.4148148148148148 0.8333333333333334 0.42685185185185187 0.8119791666666667 0.42314814814814816 0.8005208333333333 0.4111111111111111 0.7994791666666666 0.375 0.7963541666666667 0.34629629629629627 0.7989583333333333 0.3333333333333333 0.8046875 0.33611111111111114
0 0.6041666666666666 0.47129629629629627 0.6442708333333333 0.5277777777777778 0.6494791666666667 0.5444444444444444 0.6614583333333334 0.5666666666666667 0.6645833333333333 0.5777777777777777 0.6630208333333333 0.600925925925926 0.6546875 0.6157407407407407 0.646875 0.6231481481481481 0.6359375 0.6231481481481481 0.6229166666666667 0.6166666666666667 0.6197916666666666 0.612037037037037 0.6171875 0.5990740740740741 0.6135416666666667 0.5916666666666667 0.5890625 0.5518518518518518 0.5817708333333333 0.5453703703703704 0.578125 0.537962962962963 0.5760416666666667 0.5194444444444445 0.578125 0.49537037037037035 0.5911458333333334 0.47685185185185186 0.6036458333333333 0.47129629629629627
0 0.4317708333333333 0.3101851851851852 0.4395833333333333 0.3175925925925926 0.44583333333333336 0.3296296296296296 0.4473958333333333 0.33611111111111114 0.44635416666666666 0.35555555555555557 0.43802083333333336 0.362962962962963 0.41822916666666665 0.4046296296296296 0.4088541666666667 0.4083333333333333 0.40520833333333334 0.4083333333333333 0.39010416666666664 0.3972222222222222 0.3880208333333333 0.3861111111111111 0.390625 0.36944444444444446 0.3963541666666667 0.3527777777777778 0.4109375 0.32314814814814813 0.42135416666666664 0.3101851851851852 0.43125 0.3101851851851852
0 0.5130208333333334 0.6685185185185185 0.5395833333333333 0.6694444444444444 0.5463541666666667 0.674074074074074 0.5505208333333333 0.6814814814814815 0.5536458333333333 0.6888888888888889 0.55625 0.7101851851851851 0.5541666666666667 0.7435185185185185 0.5380208333333333 0.7620370370370371 0.528125 0.7620370370370371 0.521875 0.7574074074074074 0.5046875 0.7583333333333333 0.47708333333333336 0.7657407407407407 0.4708333333333333 0.7759259259259259 0.4630208333333333 0.7796296296296297 0.4557291666666667 0.7777777777777778 0.45 0.7694444444444445 0.44583333333333336 0.7675925925925926 0.4401041666666667 0.7555555555555555 0.43802083333333336 0.7277777777777777 0.4390625 0.6907407407407408 0.4432291666666667 0.6861111111111111 0.4635416666666667 0.6777777777777778 0.5125 0.6685185185185185
1 0.4583333333333333 0.44351851851851853 0.4661458333333333 0.462037037037037 0.4635416666666667 0.48703703703703705 0.45625 0.4962962962962963 0.45364583333333336 0.49444444444444446 0.4552083333333333 0.48703703703703705 0.45260416666666664 0.44537037037037036 0.4578125 0.44351851851851853
1 0.6546875 0.1388888888888889 0.6578125 0.14722222222222223 0.6588541666666666 0.1638888888888889 0.653125 0.18981481481481483 0.6505208333333333 0.18981481481481483 0.6494791666666667 0.16111111111111112 0.6510416666666666 0.14074074074074075 0.6541666666666667 0.1388888888888889
1 0.15729166666666666 0.19074074074074074 0.16614583333333333 0.21944444444444444 0.165625 0.2222222222222222 0.15885416666666666 0.22592592592592592 0.15208333333333332 0.20185185185185187 0.15260416666666668 0.19074074074074074 0.15677083333333333 0.19074074074074074
1 0.5119791666666667 0.27870370370370373 0.5161458333333333 0.29259259259259257 0.5161458333333333 0.31851851851851853 0.5140625 0.3175925925925926 0.5119791666666667 0.3101851851851852 0.5083333333333333 0.32592592592592595 0.50625 0.325 0.5083333333333333 0.2796296296296296 0.5114583333333333 0.27870370370370373
1 0.3807291666666667 0.03148148148148148 0.3848958333333333 0.03796296296296296 0.38385416666666666 0.06574074074074074 0.37916666666666665 0.05277777777777778 0.37864583333333335 0.03333333333333333 0.3802083333333333 0.03148148148148148
1 0.5765625 0.3212962962962963 0.5802083333333333 0.3314814814814815 0.5802083333333333 0.3453703703703704 0.5744791666666667 0.36574074074074076 0.5708333333333333 0.36574074074074076 0.5708333333333333 0.33611111111111114 0.5734375 0.32314814814814813 0.5760416666666667 0.3212962962962963
1 0.2828125 0.10092592592592593 0.290625 0.11574074074074074 0.28802083333333334 0.12777777777777777 0.2859375 0.12962962962962962 0.28229166666666666 0.125 0.2791666666666667 0.11388888888888889 0.2796875 0.10648148148148148 0.28229166666666666 0.10185185185185185
1 0.6994791666666667 0.3685185185185185 0.7026041666666667 0.37962962962962965 0.703125 0.39166666666666666 0.6927083333333334 0.4212962962962963 0.690625 0.4185185185185185 0.6911458333333333 0.4101851851851852 0.6890625 0.4046296296296296 0.6895833333333333 0.38981481481481484 0.6958333333333333 0.37037037037037035 0.6989583333333333 0.3685185185185185
1 0.51875 0.36018518518518516 0.5234375 0.37222222222222223 0.5234375 0.40185185185185185 0.5166666666666667 0.4074074074074074 0.5151041666666667 0.41388888888888886 0.5130208333333334 0.40370370370370373 0.5135416666666667 0.37037037037037035 0.5151041666666667 0.36203703703703705 0.5182291666666666 0.36018518518518516
1 0.7359375 0.2824074074074074 0.7380208333333333 0.30833333333333335 0.7338541666666667 0.3148148148148148 0.73125 0.33796296296296297 0.728125 0.3351851851851852 0.7291666666666666 0.325 0.7276041666666667 0.3212962962962963 0.7239583333333334 0.32222222222222224 0.7239583333333334 0.3175925925925926 0.728125 0.30925925925925923 0.7291666666666666 0.29444444444444445 0.7333333333333333 0.2833333333333333 0.7354166666666667 0.2824074074074074
1 0.44375 0.4388888888888889 0.4473958333333333 0.4388888888888889 0.45260416666666664 0.44907407407407407 0.45364583333333336 0.45555555555555555 0.45364583333333336 0.4861111111111111 0.44947916666666665 0.4888888888888889 0.4473958333333333 0.48703703703703705 0.4421875 0.4722222222222222 0.440625 0.4601851851851852 0.44375 0.4398148148148148
1 0.46822916666666664 0.7925925925925926 0.46875 0.8 0.47291666666666665 0.8101851851851852 0.47239583333333335 0.8351851851851851 0.46822916666666664 0.8425925925925926 0.4635416666666667 0.8407407407407408 0.4635416666666667 0.8305555555555556 0.45989583333333334 0.812037037037037 0.4630208333333333 0.7935185185185185 0.46770833333333334 0.7925925925925926
1 0.6635416666666667 0.1824074074074074 0.008333333333333333 0.03888888888888889
1 0.1265625 0.2611111111111111 0.1328125 0.27314814814814814 0.13385416666666666 0.2861111111111111 0.13854166666666667 0.2953703703703704 0.1359375 0.2972222222222222 0.13333333333333333 0.29444444444444445 0.13020833333333334 0.30185185185185187 0.12864583333333332 0.29444444444444445 0.12447916666666667 0.29074074074074074 0.12552083333333333 0.2833333333333333 0.12395833333333334 0.262037037037037 0.12604166666666666 0.2611111111111111
1 0.19427083333333334 0.22685185185185186 0.2015625 0.2388888888888889 0.20260416666666667 0.2675925925925926 0.19947916666666668 0.2657407407407407 0.18958333333333333 0.23796296296296296 0.190625 0.22777777777777777 0.19375 0.22685185185185186
1 0.18177083333333333 0.7481481481481481 0.1921875 0.7555555555555555 0.2015625 0.7722222222222223 0.19791666666666666 0.787962962962963 0.19270833333333334 0.7870370370370371 0.18385416666666668 0.7796296296296297 0.17864583333333334 0.7796296296296297 0.17604166666666668 0.7759259259259259 0.1734375 0.7648148148148148 0.175 0.7509259259259259 0.18125 0.7481481481481481
1 0.29270833333333335 0.1175925925925926 0.29375 0.13518518518518519 0.29635416666666664 0.1425925925925926 0.29375 0.14537037037037037 0.28958333333333336 0.1398148148148148 0.2875 0.12962962962962962 0.28802083333333334 0.11851851851851852 0.28958333333333336 0.11574074074074074 0.2921875 0.1175925925925926
1 0.271875 0.12037037037037036 0.2765625 0.11944444444444445 0.2791666666666667 0.12685185185185185 0.28020833333333334 0.14074074074074075 0.2828125 0.14537037037037037 0.2828125 0.15 0.27447916666666666 0.1537037037037037 0.275 0.14722222222222223 0.2703125 0.1259259259259259 0.271875 0.12129629629629629
1 0.7682291666666666 0.4601851851851852 0.7723958333333333 0.4601851851851852 0.7734375 0.4675925925925926 0.7723958333333333 0.48148148148148145 0.7666666666666667 0.4981481481481482 0.765625 0.5092592592592593 0.7671875 0.5148148148148148 0.7645833333333333 0.5157407407407407 0.7619791666666667 0.5120370370370371 0.7604166666666666 0.49537037037037035 0.7572916666666667 0.49444444444444446 0.7520833333333333 0.5018518518518519 0.7489583333333333 0.4981481481481482 0.75 0.49166666666666664 0.7598958333333333 0.48333333333333334 0.7614583333333333 0.47314814814814815 0.7682291666666666 0.46111111111111114
1 0.30364583333333334 0.6712962962962963 0.31145833333333334 0.6787037037037037 0.31614583333333335 0.6953703703703704 0.32135416666666666 0.7046296296296296 0.3203125 0.7083333333333334 0.3125 0.7037037037037037 0.3098958333333333 0.7092592592592593 0.3098958333333333 0.7231481481481481 0.3072916666666667 0.7287037037037037 0.3046875 0.7055555555555556 0.2984375 0.6787037037037037 0.30052083333333335 0.6712962962962963 0.303125 0.6712962962962963
1 0.65625 0.11851851851851852 0.6578125 0.1175925925925926 0.6645833333333333 0.13333333333333333 0.6614583333333334 0.15092592592592594 0.6578125 0.15 0.6526041666666667 0.13703703703703704 0.6526041666666667 0.12685185185185185 0.65625 0.11944444444444445
1 0.7765625 0.44722222222222224 0.7791666666666667 0.44907407407407407 0.7796875 0.45925925925925926 0.7723958333333333 0.49444444444444446 0.7697916666666667 0.49074074074074076 0.7723958333333333 0.4675925925925926 0.7708333333333334 0.4601851851851852 0.7760416666666666 0.44722222222222224
1 0.5057291666666667 0.6185185185185185 0.5119791666666667 0.6287037037037037 0.5145833333333333 0.6388888888888888 0.5114583333333333 0.6638888888888889 0.5088541666666667 0.6675925925925926 0.5041666666666667 0.6648148148148149 0.5046875 0.65 0.5 0.6361111111111111 0.5015625 0.6222222222222222 0.5052083333333334 0.6185185185185185
1 0.33489583333333334 0.06481481481481481 0.3385416666666667 0.0712962962962963 0.340625 0.08796296296296297 0.33489583333333334 0.09537037037037037 0.33229166666666665 0.09444444444444444 0.33229166666666665 0.0712962962962963 0.334375 0.06574074074074074
1 0.33645833333333336 0.625 0.3421875 0.6296296296296297 0.34739583333333335 0.6462962962962963 0.3536458333333333 0.6527777777777778 0.3536458333333333 0.6564814814814814 0.346875 0.662962962962963 0.3390625 0.6814814814814815 0.3375 0.6814814814814815 0.3375 0.6768518518518518 0.340625 0.6648148148148149 0.334375 0.6555555555555556 0.3302083333333333 0.6407407407407407 0.33177083333333335 0.6268518518518519 0.3359375 0.625
1 0.5572916666666666 0.2833333333333333 0.5604166666666667 0.2851851851851852 0.5635416666666667 0.29907407407407405 0.5630208333333333 0.3175925925925926 0.5604166666666667 0.32407407407407407 0.5578125 0.3287037037037037 0.5552083333333333 0.32407407407407407 0.5546875 0.29907407407407405 0.5567708333333333 0.28425925925925927
1 0.14114583333333333 0.25833333333333336 0.153125 0.2962962962962963 0.15104166666666666 0.3 0.14739583333333334 0.3 0.14479166666666668 0.2953703703703704 0.14322916666666666 0.2851851851851852 0.1359375 0.2759259259259259 0.13802083333333334 0.2601851851851852 0.140625 0.25833333333333336
1 0.16822916666666668 0.18425925925925926 0.1734375 0.19074074074074074 0.18020833333333333 0.21296296296296297 0.1796875 0.21666666666666667 0.175 0.21203703703703702 0.17239583333333333 0.2222222222222222 0.16979166666666667 0.2212962962962963 0.16979166666666667 0.2037037037037037 0.16666666666666666 0.1925925925925926 0.16770833333333332 0.18518518518518517
1 0.3572916666666667 0.5675925925925925 0.3625 0.5740740740740741 0.36770833333333336 0.5981481481481481 0.3645833333333333 0.6185185185185185 0.3625 0.6185185185185185 0.35572916666666665 0.6018518518518519 0.35052083333333334 0.5740740740740741 0.35208333333333336 0.5666666666666667 0.3567708333333333 0.5675925925925925
1 0.8598958333333333 0.16944444444444445 0.8604166666666667 0.18055555555555555 0.8546875 0.20185185185185187 0.8557291666666667 0.2074074074074074 0.8520833333333333 0.2074074074074074 0.8489583333333334 0.21296296296296297 0.8463541666666666 0.21203703703703702 0.8453125 0.2064814814814815 0.8515625 0.1787037037037037 0.859375 0.16944444444444445
1 0.21666666666666667 0.17685185185185184 0.221875 0.18518518518518517 0.22864583333333333 0.2101851851851852 0.22708333333333333 0.21203703703703702 0.2234375 0.2064814814814815 0.2203125 0.2175925925925926 0.2171875 0.21666666666666667 0.21770833333333334 0.20092592592592592 0.21510416666666668 0.18796296296296297 0.21614583333333334 0.17777777777777778
1 0.659375 0.9342592592592592 0.6666666666666666 0.950925925925926 0.6661458333333333 0.9657407407407408 0.6588541666666666 0.9740740740740741 0.6578125 0.9814814814814815 0.646875 0.9787037037037037 0.64375 0.9851851851851852 0.6401041666666667 0.9842592592592593 0.6401041666666667 0.9796296296296296 0.6515625 0.9462962962962963 0.6510416666666666 0.9416666666666667 0.6447916666666667 0.9388888888888889 0.6489583333333333 0.9351851851851852 0.6588541666666666 0.9342592592592592
1 0.6536458333333334 0.09722222222222222 0.6572916666666667 0.10092592592592593 0.6588541666666666 0.10833333333333334 0.6567708333333333 0.11944444444444445 0.6510416666666666 0.12962962962962962 0.6510416666666666 0.10648148148148148 0.6536458333333334 0.09814814814814815
1 0.19270833333333334 0.17314814814814813 0.19583333333333333 0.17407407407407408 0.19947916666666668 0.18055555555555555 0.19947916666666668 0.19814814814814816 0.20208333333333334 0.20555555555555555 0.19947916666666668 0.21388888888888888 0.196875 0.21296296296296297 0.19166666666666668 0.18981481481481483 0.1921875 0.17407407407407408
1 0.4390625 0.6296296296296297 0.4427083333333333 0.6277777777777778 0.44583333333333336 0.6314814814814815 0.4505208333333333 0.6555555555555556 0.4432291666666667 0.6694444444444444 0.4395833333333333 0.6685185185185185 0.4359375 0.6481481481481481 0.4359375 0.6407407407407407 0.4390625 0.6305555555555555
1 0.11302083333333333 0.27685185185185185 0.1171875 0.2814814814814815 0.121875 0.2972222222222222 0.12916666666666668 0.30925925925925923 0.1265625 0.3138888888888889 0.12395833333333334 0.3074074074074074 0.12135416666666667 0.30648148148148147 0.11927083333333334 0.30925925925925923 0.11875 0.3175925925925926 0.11666666666666667 0.3194444444444444 0.11510416666666666 0.30648148148148147 0.10885416666666667 0.2861111111111111 0.10989583333333333 0.2796296296296296 0.1125 0.27685185185185185
1 0.5291666666666667 0.3675925925925926 0.5359375 0.38055555555555554 0.5369791666666667 0.38796296296296295 0.528125 0.4111111111111111 0.5255208333333333 0.4111111111111111 0.5270833333333333 0.4009259259259259 0.5239583333333333 0.3851851851851852 0.525 0.3712962962962963 0.5286458333333334 0.3675925925925926
1 0.5953125 0.2324074074074074 0.5994791666666667 0.24166666666666667 0.5994791666666667 0.25277777777777777 0.596875 0.26851851851851855 0.5916666666666667 0.2796296296296296 0.5895833333333333 0.27870370370370373 0.5895833333333333 0.24074074074074073 0.5921875 0.2324074074074074 0.5947916666666667 0.2324074074074074
1 0.5536458333333333 0.39351851851851855 0.5572916666666666 0.3962962962962963 0.5583333333333333 0.4009259259259259 0.559375 0.4351851851851852 0.5552083333333333 0.4361111111111111 0.5510416666666667 0.44537037037037036 0.5484375 0.44537037037037036 0.55 0.43796296296296294 0.55 0.40185185185185185 0.553125 0.39444444444444443
1 0.8729166666666667 0.17592592592592593 0.8770833333333333 0.17777777777777778 0.8796875 0.18888888888888888 0.8791666666666667 0.19444444444444445 0.8744791666666667 0.20277777777777778 0.8682291666666667 0.225 0.8625 0.22314814814814815 0.8661458333333333 0.19537037037037036 0.8729166666666667 0.17685185185185184
1 0.6713541666666667 0.8138888888888889 0.6765625 0.8175925925925925 0.6791666666666667 0.8305555555555556 0.6791666666666667 0.8379629629629629 0.6723958333333333 0.8555555555555555 0.6713541666666667 0.8740740740740741 0.66875 0.8777777777777778 0.6625 0.8768518518518519 0.6598958333333333 0.8611111111111112 0.6609375 0.8388888888888889 0.6703125 0.8222222222222222 0.6713541666666667 0.8148148148148148
1 0.5588541666666667 0.462037037037037 0.5635416666666667 0.41388888888888886 0.5671875 0.41388888888888886 0.5723958333333333 0.42962962962962964 0.5723958333333333 0.45740740740740743 0.5703125 0.46111111111111114 0.5671875 0.44907407407407407 0.5614583333333333 0.462037037037037 0.559375 0.462037037037037
1 0.48385416666666664 0.6537037037037037 0.4859375 0.6259259259259259 0.484375 0.6203703703703703 0.48072916666666665 0.6231481481481481 0.48020833333333335 0.6194444444444445 0.4875 0.5981481481481481 0.49114583333333334 0.5981481481481481 0.496875 0.6092592592592593 0.4984375 0.6268518518518519 0.49635416666666665 0.6351851851851852 0.4890625 0.6444444444444445 0.4875 0.6518518518518519 0.484375 0.6537037037037037
1 0.6708333333333333 0.18611111111111112 0.6744791666666666 0.19907407407407407 0.6713541666666667 0.2222222222222222 0.66875 0.22592592592592592 0.6651041666666667 0.22314814814814815 0.6640625 0.19907407407407407 0.6677083333333333 0.18611111111111112 0.6703125 0.18611111111111112
1 0.6229166666666667 0.33240740740740743 0.6255208333333333 0.3527777777777778 0.6229166666666667 0.35833333333333334 0.6223958333333334 0.37407407407407406 0.6161458333333333 0.3787037037037037 0.6130208333333333 0.3851851851851852 0.6130208333333333 0.34444444444444444 0.61875 0.3314814814814815 0.6223958333333334 0.33240740740740743
1 0.30364583333333334 0.15462962962962962 0.30833333333333335 0.1685185185185185 0.31197916666666664 0.18981481481481483 0.3109375 0.1935185185185185 0.30572916666666666 0.18981481481481483 0.303125 0.16944444444444445 0.3 0.15925925925925927 0.30052083333333335 0.15462962962962962 0.303125 0.15462962962962962
1 0.29010416666666666 0.6712962962962963 0.2942708333333333 0.6759259259259259 0.30364583333333334 0.6990740740740741 0.30364583333333334 0.7027777777777777 0.2947916666666667 0.7027777777777777 0.2942708333333333 0.7203703703703703 0.29010416666666666 0.7287037037037037 0.28854166666666664 0.7268518518518519 0.28802083333333334 0.7027777777777777 0.28177083333333336 0.6935185185185185 0.2838541666666667 0.675 0.2859375 0.6712962962962963 0.28958333333333336 0.6712962962962963