0 0.078125 0.14444444444444443 0.0984375 0.15833333333333333 0.10520833333333333 0.15555555555555556 0.10677083333333333 0.16018518518518518 0.10364583333333334 0.1638888888888889 0.10416666666666667 0.17037037037037037 0.12239583333333333 0.2074074074074074 0.12604166666666666 0.2222222222222222 0.12552083333333333 0.22685185185185186 0.12239583333333333 0.22777777777777777 0.115625 0.2222222222222222 0.11197916666666667 0.23148148148148148 0.11666666666666667 0.24351851851851852 0.115625 0.24814814814814815 0.09427083333333333 0.26666666666666666 0.07864583333333333 0.2898148148148148 0.06197916666666667 0.3055555555555556 0.049479166666666664 0.32222222222222224 0.0375 0.3490740740740741 0.030208333333333334 0.36018518518518516 0.016145833333333335 0.3638888888888889 0.0015625 0.3787037037037037 0 0.3787037037037037 0 0.22037037037037038 0.007291666666666667 0.21388888888888888 0.0109375 0.2 0.0390625 0.1675925925925926 0.07135416666666666 0.14351851851851852 0.07760416666666667 0.14444444444444443
0 0.8317708333333333 0.22685185185185186 0.8380208333333333 0.24814814814814815 0.8369791666666667 0.25833333333333336 0.8385416666666666 0.2722222222222222 0.8348958333333333 0.2796296296296296 0.83125 0.2796296296296296 0.8229166666666666 0.26481481481481484 0.81875 0.2657407407407407 0.8109375 0.2740740740740741 0.8036458333333333 0.27314814814814814 0.7989583333333333 0.25833333333333336 0.7989583333333333 0.25 0.8026041666666667 0.23796296296296296 0.8130208333333333 0.22592592592592592 0.828125 0.22037037037037038 0.83125 0.22685185185185186
0 0.9026041666666667 0.7157407407407408 0.9244791666666666 0.7231481481481481 0.971875 0.7481481481481481 0.9869791666666666 0.7675925925925926 0.9994791666666667 0.7768518518518519 0.9994791666666667 0.7962962962962963 0.9953125 0.8027777777777778 0.9953125 0.8277777777777777 0.996875 0.8351851851851851 0.9994791666666667 0.837037037037037 0.9994791666666667 0.8666666666666667 0.9932291666666667 0.8703703703703703 0.9796875 0.8694444444444445 0.9739583333333334 0.8648148148148148 0.9651041666666667 0.85 0.9276041666666667 0.8240740740740741 0.9307291666666667 0.8018518518518518 0.9291666666666667 0.7935185185185185 0.9244791666666666 0.7870370370370371 0.9182291666666667 0.7870370370370371 0.9130208333333333 0.7953703703703704 0.909375 0.8037037037037037 0.9098958333333333 0.8175925925925925 0.9078125 0.8212962962962963 0.89375 0.8138888888888889 0.8828125 0.7898148148148149 0.8807291666666667 0.7805555555555556 0.8786458333333333 0.762962962962963 0.8802083333333334 0.7305555555555555 0.8828125 0.725 0.8932291666666666 0.7157407407407408 0.9020833333333333 0.7157407407407408
0 0.058333333333333334 0.3435185185185185 0.08802083333333334 0.36666666666666664 0.09114583333333333 0.3768518518518518 0.07604166666666666 0.4083333333333333 0.0671875 0.41944444444444445 0.0640625 0.4287037037037037 0.0578125 0.43425925925925923 0.04375 0.4287037037037037 0.03697916666666667 0.4212962962962963 0.0328125 0.4148148148148148 0.030208333333333334 0.4009259259259259 0.024479166666666666 0.387037037037037 0.028125 0.36944444444444446 0.0359375 0.35648148148148145 0.049479166666666664 0.3425925925925926 0.0578125 0.3435185185185185
0 0.9598958333333333 0.512962962962963 0.9776041666666667 0.5268518518518519 0.9994791666666667 0.5537037037037037 0.9994791666666667 0.5972222222222222 0.9807291666666667 0.5879629629629629 0.9713541666666666 0.5925925925925926 0.965625 0.5916666666666667 0.9598958333333333 0.5842592592592593 0.9583333333333334 0.575925925925926 0.953125 0.5666666666666667 0.9489583333333333 0.5333333333333333 0.9510416666666667 0.5222222222222223 0.95625 0.5138888888888888 0.959375 0.5138888888888888
0 0.36302083333333335 0.027777777777777776 0.3645833333333333 0.030555555555555555 0.3640625 0.06018518518518518 0.3625 0.06296296296296296 0.35833333333333334 0.06111111111111111 0.3541666666666667 0.06388888888888888 0.3489583333333333 0.075 0.3453125 0.07777777777777778 0.3234375 0.075 0.32083333333333336 0.06851851851851852 0.32083333333333336 0.058333333333333334 0.32447916666666665 0.046296296296296294 0.33125 0.032407407407407406 0.34375 0.025 0.3625 0.027777777777777776
0 0.7713541666666667 0.2175925925925926 0.78125 0.22407407407407406 0.7854166666666667 0.23333333333333334 0.784375 0.24722222222222223 0.7791666666666667 0.26481481481481484 0.7713541666666667 0.26944444444444443 0.7640625 0.27870370370370373 0.7583333333333333 0.2777777777777778 0.7515625 0.2712962962962963 0.7510416666666667 0.2759259259259259 0.7557291666666667 0.2824074074074074 0.7557291666666667 0.287962962962963 0.7473958333333334 0.3074074074074074 0.7411458333333333 0.3111111111111111 0.7307291666666667 0.3074074074074074 0.7171875 0.29444444444444445 0.715625 0.2861111111111111 0.7166666666666667 0.275 0.7354166666666667 0.24444444444444444 0.7390625 0.24259259259259258 0.7541666666666667 0.22037037037037038 0.7609375 0.21574074074074073 0.7708333333333334 0.2175925925925926
0 0.6541666666666667 0.10740740740740741 0.6619791666666667 0.1111111111111111 0.6661458333333333 0.11851851851851852 0.66875 0.12962962962962962 0.665625 0.14537037037037037 0.6609375 0.14629629629629629 0.6578125 0.14166666666666666 0.6484375 0.1398148148148148 0.64375 0.13703703703703704 0.6411458333333333 0.13148148148148148 0.6401041666666667 0.11851851851851852 0.6432291666666666 0.11388888888888889 0.6536458333333334 0.10833333333333334
0 0.7104166666666667 0.04722222222222222 0.7182291666666667 0.05277777777777778 0.7244791666666667 0.06851851851851852 0.7296875 0.10925925925925926 0.7270833333333333 0.11851851851851852 0.7125 0.12129629629629629 0.7041666666666667 0.13333333333333333 0.7 0.12962962962962962 0.6963541666666667 0.12037037037037036 0.6901041666666666 0.08796296296296297 0.6953125 0.05462962962962963 0.7020833333333333 0.04722222222222222 0.7098958333333333 0.04722222222222222
0 0.5432291666666667 0.43703703703703706 0.5640625 0.44537037037037036 0.575 0.45555555555555555 0.5802083333333333 0.48055555555555557 0.5796875 0.49537037037037035 0.5822916666666667 0.5018518518518519 0.578125 0.5101851851851852 0.5682291666666667 0.5120370370370371 0.5463541666666667 0.5111111111111111 0.5369791666666667 0.5074074074074074 0.5286458333333334 0.5111111111111111 0.5244791666666667 0.5083333333333333 0.5208333333333334 0.49722222222222223 0.5208333333333334 0.4888888888888889 0.5291666666666667 0.44907407407407407 0.5333333333333333 0.4388888888888889 0.5427083333333333 0.43703703703703706
0 0.6239583333333333 0.03425925925925926 0.6302083333333334 0.04259259259259259 0.6302083333333334 0.053703703703703705 0.6270833333333333 0.06666666666666667 0.6223958333333334 0.07314814814814814 0.61875 0.09166666666666666 0.6140625 0.09537037037037037 0.596875 0.09166666666666666 0.5942708333333333 0.08518518518518518 0.5947916666666667 0.07222222222222222 0.6015625 0.05 0.609375 0.03611111111111111 0.6145833333333334 0.032407407407407406 0.6234375 0.03425925925925926
0 0.7270833333333333 0.12129629629629629 0.7348958333333333 0.13148148148148148 0.7385416666666667 0.17037037037037037 0.7380208333333333 0.19444444444444445 0.734375 0.20555555555555555 0.7322916666666667 0.2064814814814815 0.709375 0.20277777777777778 0.7072916666666667 0.19907407407407407 0.70625 0.18888888888888888 0.7052083333333333 0.15185185185185185 0.7072916666666667 0.12962962962962962 0.7125 0.12222222222222222 0.7265625 0.12129629629629629
0 0.25 0.2175925925925926 0.25833333333333336 0.22314814814814815 0.265625 0.23333333333333334 0.271875 0.24444444444444444 0.27291666666666664 0.25833333333333336 0.26979166666666665 0.2740740740740741 0.2630208333333333 0.287962962962963 0.2578125 0.28703703703703703 0.2557291666666667 0.29074074074074074 0.25416666666666665 0.3055555555555556 0.24947916666666667 0.31203703703703706 0.2265625 0.30925925925925923 0.21927083333333333 0.2972222222222222 0.2171875 0.28425925925925927 0.20885416666666667 0.26481481481481484 0.20989583333333334 0.25925925925925924 0.2296875 0.22314814814814815 0.24479166666666666 0.21574074074074073 0.24947916666666667 0.2175925925925926
1 0.08541666666666667 0.11944444444444445 0.0890625 0.11851851851851852 0.09479166666666666 0.1259259259259259 0.10052083333333334 0.14166666666666666 0.10052083333333334 0.15 0.09427083333333333 0.1527777777777778 0.08541666666666667 0.12777777777777777 0.08541666666666667 0.12037037037037036
1 0.2598958333333333 0.9259259259259259 0.271875 0.9425925925925925 0.2713541666666667 0.95 0.27447916666666666 0.9648148148148148 0.271875 0.9694444444444444 0.26458333333333334 0.9694444444444444 0.26197916666666665 0.975 0.26197916666666665 0.9666666666666667 0.25729166666666664 0.9648148148148148 0.2515625 0.9481481481481482 0.2515625 0.9324074074074075 0.259375 0.9259259259259259
1 0.353125 0.9194444444444444 0.36822916666666666 0.9481481481481482 0.365625 0.9546296296296296 0.36614583333333334 0.9666666666666667 0.36041666666666666 0.9731481481481481 0.353125 0.9712962962962963 0.353125 0.9564814814814815 0.3421875 0.9388888888888889 0.3453125 0.925 0.35260416666666666 0.9194444444444444
1 0.8083333333333333 0.3435185185185185 0.8114583333333333 0.35 0.8104166666666667 0.36203703703703705 0.796875 0.3861111111111111 0.7885416666666667 0.37962962962962965 0.7973958333333333 0.3638888888888889 0.8015625 0.3472222222222222 0.8057291666666667 0.3425925925925926 0.8078125 0.3435185185185185
1 0.5885416666666666 0.040740740740740744 0.5927083333333333 0.05185185185185185 0.5916666666666667 0.06666666666666667 0.5885416666666666 0.0787037037037037 0.584375 0.08055555555555556 0.5848958333333333 0.05 0.5880208333333333 0.041666666666666664
1 0.5614583333333333 0.18703703703703703 0.5651041666666666 0.19814814814814816 0.5651041666666666 0.20555555555555555 0.5625 0.2222222222222222 0.5567708333333333 0.23796296296296296 0.5546875 0.23333333333333334 0.5541666666666667 0.2 0.5572916666666666 0.18981481481481483 0.5609375 0.18703703703703703
1 0.7697916666666667 0.16944444444444445 0.7723958333333333 0.1712962962962963 0.7729166666666667 0.18518518518518517 0.7651041666666667 0.21388888888888888 0.7609375 0.21296296296296297 0.7630208333333334 0.1814814814814815 0.7661458333333333 0.17037037037037037 0.7692708333333333 0.16944444444444445
1 0.016145833333333335 0.5018518518518519 0.026041666666666668 0.5055555555555555 0.0328125 0.512962962962963 0.0375 0.5277777777777778 0.0484375 0.5453703703703704 0.043229166666666666 0.549074074074074 0.043229166666666666 0.5555555555555556 0.03958333333333333 0.5546296296296296 0.03697916666666667 0.5444444444444444 0.027604166666666666 0.537962962962963 0.0203125 0.525 0.013020833333333334 0.5083333333333333 0.013020833333333334 0.5046296296296297 0.015625 0.5018518518518519
1 0.24583333333333332 0.1814814814814815 0.25364583333333335 0.1962962962962963 0.2552083333333333 0.21944444444444444 0.24479166666666666 0.21481481481481482 0.24270833333333333 0.2111111111111111 0.240625 0.19166666666666668 0.2421875 0.1824074074074074 0.2453125 0.1814814814814815
1 0.8453125 0.46111111111111114 0.8484375 0.46574074074074073 0.8479166666666667 0.48148148148148145 0.8395833333333333 0.5009259259259259 0.83125 0.5064814814814815 0.8244791666666667 0.5157407407407407 0.821875 0.5148148148148148 0.821875 0.5120370370370371 0.83125 0.47685185185185186 0.8369791666666667 0.4675925925925926 0.8447916666666667 0.462037037037037
1 0.6307291666666667 0.1398148148148148 0.6333333333333333 0.15 0.6333333333333333 0.16574074074074074 0.6296875 0.17222222222222222 0.6265625 0.18703703703703703 0.6229166666666667 0.1925925925925926 0.6239583333333333 0.1712962962962963 0.621875 0.16111111111111112 0.625 0.14814814814814814 0.6302083333333334 0.1398148148148148
1 0.4010416666666667 0.12685185185185185 0.40625 0.12962962962962962 0.40989583333333335 0.14351851851851852 0.4078125 0.1685185185185185 0.4046875 0.16944444444444445 0.4010416666666667 0.16111111111111112 0.39895833333333336 0.14907407407407408 0.4010416666666667 0.12777777777777777
1 0.06354166666666666 0.12129629629629629 0.06927083333333334 0.12962962962962962 0.071875 0.1398148148148148 0.06770833333333333 0.14629629629629629 0.06510416666666667 0.14537037037037037 0.06041666666666667 0.13518518518518519 0.058854166666666666 0.12129629629629629 0.06302083333333333 0.12129629629629629
1 0.8666666666666667 0.45925925925925926 0.8682291666666667 0.462037037037037 0.8682291666666667 0.47314814814814815 0.8645833333333334 0.487962962962963 0.8609375 0.4935185185185185 0.8598958333333333 0.5046296296296297 0.8557291666666667 0.4981481481481482 0.8479166666666667 0.5018518518518519 0.8458333333333333 0.49722222222222223 0.8619791666666666 0.46296296296296297 0.8661458333333333 0.45925925925925926
1 0.28072916666666664 0.9277777777777778 0.2859375 0.9314814814814815 0.28802083333333334 0.9398148148148148 0.29322916666666665 0.9462962962962963 0.29375 0.950925925925926 0.2916666666666667 0.9564814814814815 0.2947916666666667 0.9611111111111111 0.2947916666666667 0.9666666666666667 0.28958333333333336 0.9722222222222222 0.28177083333333336 0.962037037037037 0.2760416666666667 0.9740740740740741 0.2734375 0.975 0.27239583333333334 0.9722222222222222 0.2760416666666667 0.9601851851851851 0.27239583333333334 0.9527777777777777 0.271875 0.9453703703703704 0.27447916666666666 0.9314814814814815 0.28020833333333334 0.9277777777777778
1 0.48072916666666665 0.49074074074074076 0.4875 0.475 0.490625 0.4722222222222222 0.49635416666666665 0.48703703703703705 0.4953125 0.5064814814814815 0.49166666666666664 0.5138888888888888 0.490625 0.525 0.48802083333333335 0.5305555555555556 0.48489583333333336 0.5296296296296297 0.4869791666666667 0.5018518518518519 0.484375 0.4962962962962963 0.48072916666666665 0.49722222222222223 0.48072916666666665 0.49166666666666664
1 0.8223958333333333 0.2657407407407407 0.8276041666666667 0.2712962962962963 0.8307291666666666 0.2824074074074074 0.8296875 0.2916666666666667 0.8239583333333333 0.3037037037037037 0.8140625 0.2972222222222222 0.8104166666666667 0.2916666666666667 0.8140625 0.27685185185185185 0.821875 0.2657407407407407
1 0.5927083333333333 0.8175925925925925 0.022916666666666665 0.044444444444444446
1 0.0140625 0.5342592592592592 0.023958333333333335 0.5425925925925926 0.030729166666666665 0.5592592592592592 0.0453125 0.5703703703703704 0.04479166666666667 0.5740740740740741 0.041666666666666664 0.575 0.0375 0.5685185185185185 0.028125 0.5657407407407408 0.027083333333333334 0.5712962962962963 0.030729166666666665 0.5851851851851851 0.027083333333333334 0.5879629629629629 0.024479166666666666 0.5851851851851851 0.0234375 0.5740740740740741 0.0171875 0.5638888888888889 0.0067708333333333336 0.537962962962963 0.0078125 0.5324074074074074 0.013541666666666667 0.5342592592592592
1 0.17135416666666667 0.04537037037037037 0.17708333333333334 0.05277777777777778 0.17864583333333334 0.07222222222222222 0.18177083333333333 0.08425925925925926 0.17864583333333334 0.08518518518518518 0.16875 0.06296296296296296 0.16770833333333332 0.053703703703703705 0.17083333333333334 0.046296296296296294
1 0.07135416666666666 0.5074074074074074 0.07604166666666666 0.5064814814814815 0.08125 0.5120370370370371 0.08958333333333333 0.5148148148148148 0.09583333333333334 0.5407407407407407 0.103125 0.5601851851851852 0.10208333333333333 0.5638888888888889 0.09895833333333333 0.5638888888888889 0.0765625 0.5333333333333333 0.07395833333333333 0.5259259259259259 0.07447916666666667 0.5194444444444445 0.07083333333333333 0.5120370370370371 0.07135416666666666 0.5083333333333333
1 0.1578125 0.040740740740740744 0.16145833333333334 0.03888888888888889 0.16354166666666667 0.04259259259259259 0.16822916666666668 0.062037037037037036 0.165625 0.07685185185185185 0.16197916666666667 0.07592592592592592 0.1609375 0.06388888888888888 0.1578125 0.05462962962962963 0.1578125 0.041666666666666664
1 0.4041666666666667 0.43148148148148147 0.4140625 0.4425925925925926 0.4140625 0.4601851851851852 0.40989583333333335 0.48703703703703705 0.40729166666666666 0.49074074074074076 0.4046875 0.4888888888888889 0.40625 0.4777777777777778 0.40572916666666664 0.45925925925925926 0.4041666666666667 0.4564814814814815 0.39739583333333334 0.4648148148148148 0.4005208333333333 0.44166666666666665 0.4036458333333333 0.4324074074074074
1 0.60625 0 0.6114583333333333 0 0.609375 0.014814814814814815 0.6057291666666667 0.014814814814814815 0.60625 0.000925925925925926
1 0.16979166666666667 0.08981481481481482 0.175 0.09722222222222222 0.184375 0.11944444444444445 0.18072916666666666 0.12314814814814815 0.17916666666666667 0.12962962962962962 0.175 0.1259259259259259 0.16822916666666668 0.10740740740740741 0.16666666666666666 0.09166666666666666 0.16927083333333334 0.08981481481481482
1 0.7427083333333333 0.10833333333333334 0.7458333333333333 0.11481481481481481 0.7463541666666667 0.12685185185185185 0.7447916666666666 0.1388888888888889 0.7380208333333333 0.1527777777777778 0.7364583333333333 0.15 0.7375 0.12314814814814815 0.740625 0.10833333333333334 0.7421875 0.10833333333333334
1 0.6114583333333333 0 0.6197916666666666 0 0.6151041666666667 0.025925925925925925 0.6130208333333333 0.027777777777777776 0.6109375 0.012037037037037037 0.6114583333333333 0.000925925925925926
1 0.1171875 0.21944444444444444 0.1265625 0.23148148148148148 0.13020833333333334 0.24537037037037038 0.13541666666666666 0.25277777777777777 0.134375 0.2564814814814815 0.12916666666666668 0.25833333333333336 0.13072916666666667 0.26481481481481484 0.1296875 0.26851851851851855 0.1125 0.23425925925925925 0.1125 0.22962962962962963 0.11666666666666667 0.21944444444444444
1 0.30104166666666665 0.899074074074074 0.30625 0.9018518518518519 0.3171875 0.925 0.3182291666666667 0.9481481481481482 0.3140625 0.9564814814814815 0.3104166666666667 0.9564814814814815 0.3067708333333333 0.9425925925925925 0.29739583333333336 0.9268518518518518 0.29739583333333336 0.9138888888888889 0.2953125 0.9037037037037037 0.296875 0.899074074074074 0.30052083333333335 0.899074074074074
1 0.6958333333333333 0.30462962962962964 0.6989583333333333 0.3074074074074074 0.7015625 0.3314814814814815 0.6947916666666667 0.3425925925925926 0.6911458333333333 0.36203703703703705 0.6890625 0.3648148148148148 0.6854166666666667 0.3638888888888889 0.6854166666666667 0.35462962962962963 0.6885416666666667 0.3435185185185185 0.6911458333333333 0.3138888888888889 0.6953125 0.3055555555555556
1 0.6369791666666667 0.03518518518518519 0.6411458333333333 0.03611111111111111 0.6416666666666667 0.044444444444444446 0.6369791666666667 0.075 0.6338541666666667 0.06759259259259259 0.634375 0.04814814814814815 0.6369791666666667 0.03611111111111111
1 0.115625 0.11203703703703703 0.121875 0.11944444444444445 0.125 0.14074074074074075 0.1234375 0.15 0.11458333333333333 0.13796296296296295 0.1125 0.12962962962962962 0.1109375 0.11481481481481481 0.11510416666666666 0.11203703703703703
1 0.9408854166666667 0.5648148148148148 0.025520833333333333 0.04259259259259259
1 0.5046875 0.275 0.509375 0.2759259259259259 0.5109375 0.2861111111111111 0.509375 0.30277777777777776 0.5104166666666666 0.3138888888888889 0.5052083333333334 0.3314814814814815 0.5015625 0.33240740740740743 0.5041666666666667 0.3074074074074074 0.5010416666666667 0.287962962962963 0.5046875 0.2759259259259259
1 0.8380208333333333 0.1962962962962963 0.8416666666666667 0.20462962962962963 0.8416666666666667 0.21203703703703702 0.8395833333333333 0.21944444444444444 0.8317708333333333 0.22962962962962963 0.8302083333333333 0.21574074074074073 0.8348958333333333 0.19722222222222222 0.8375 0.1962962962962963
1 0.5119791666666667 0.22407407407407406 0.515625 0.22407407407407406 0.5197916666666667 0.23333333333333334 0.5229166666666667 0.25925925925925924 0.5223958333333333 0.2657407407407407 0.5166666666666667 0.26296296296296295 0.5151041666666667 0.26481481481481484 0.5151041666666667 0.27314814814814814 0.5109375 0.2759259259259259 0.5104166666666666 0.23796296296296296 0.5119791666666667 0.225
1 0.1828125 0.024074074074074074 0.18645833333333334 0.03333333333333333 0.18958333333333333 0.05277777777777778 0.18645833333333334 0.058333333333333334 0.178125 0.04351851851851852 0.17760416666666667 0.028703703703703703 0.18229166666666666 0.024074074074074074
1 0.35572916666666665 0.8898148148148148 0.3625 0.9027777777777778 0.36041666666666666 0.9148148148148149 0.36354166666666665 0.9314814814814815 0.3625 0.9351851851851852 0.35833333333333334 0.9314814814814815 0.353125 0.9185185185185185 0.3489583333333333 0.9185185185185185 0.34427083333333336 0.925 0.3421875 0.9166666666666666 0.3421875 0.8972222222222223 0.3494791666666667 0.8907407407407407 0.35520833333333335 0.8898148148148148
1 0.42864583333333334 0.5564814814814815 0.43072916666666666 0.5601851851851852 0.4328125 0.575 0.4375 0.5851851851851851 0.4375 0.5916666666666667 0.4348958333333333 0.5962962962962963 0.4317708333333333 0.5907407407407408 0.42604166666666665 0.600925925925926 0.4239583333333333 0.6111111111111112 0.41822916666666665 0.6157407407407407 0.421875 0.5981481481481481 0.421875 0.5666666666666667 0.42552083333333335 0.5564814814814815 0.428125 0.5564814814814815
1 0.04010416666666667 0.12407407407407407 0.052083333333333336 0.1537037037037037 0.0515625 0.1574074074074074 0.046875 0.16111111111111112 0.043229166666666666 0.15925925925925927 0.034375 0.1361111111111111 0.034895833333333334 0.12962962962962962 0.03958333333333333 0.12407407407407407
1 0.6265625 0.06759259259259259 0.6296875 0.07592592592592592 0.6296875 0.08148148148148149 0.6265625 0.09907407407407408 0.6229166666666667 0.10833333333333334 0.6208333333333333 0.10092592592592593 0.6203125 0.08148148148148149 0.6229166666666667 0.07037037037037037 0.6260416666666667 0.06759259259259259
1 0.6078125 0.8212962962962963 0.6104166666666667 0.8287037037037037 0.6098958333333333 0.8583333333333333 0.6078125 0.8629629629629629 0.6020833333333333 0.8638888888888889 0.5958333333333333 0.8694444444444445 0.5942708333333333 0.8592592592592593 0.5979166666666667 0.8462962962962963 0.5984375 0.8277777777777777 0.6020833333333333 0.8185185185185185 0.6072916666666667 0.8212962962962963
1 0.24427083333333333 0.9527777777777777 0.25 0.9592592592592593 0.2520833333333333 0.9694444444444444 0.253125 0.987037037037037 0.2515625 0.9953703703703703 0.2484375 0.9962962962962963 0.234375 0.9944444444444445 0.22916666666666666 0.9722222222222222 0.22916666666666666 0.9592592592592593 0.23072916666666668 0.9555555555555556 0.24375 0.9527777777777777
1 0.7822916666666667 0.13055555555555556 0.7864583333333334 0.1425925925925926 0.7864583333333334 0.1537037037037037 0.7802083333333333 0.16944444444444445 0.775 0.17314814814814813 0.7739583333333333 0.1675925925925926 0.7770833333333333 0.1574074074074074 0.778125 0.13518518518518519 0.7817708333333333 0.13148148148148148
1 0.42604166666666665 0.9740740740740741 0.43385416666666665 0.9768518518518519 0.4354166666666667 0.9824074074074074 0.4348958333333333 0.9879629629629629 0.43072916666666666 0.9916666666666667 0.42864583333333334 0.9990740740740741 0.4114583333333333 0.9990740740740741 0.4125 0.975925925925926 0.4140625 0.9731481481481481 0.42552083333333335 0.9740740740740741
1 0.2552083333333333 0.2824074074074074 0.25833333333333336 0.2824074074074074 0.2703125 0.30277777777777776 0.2671875 0.3074074074074074 0.27291666666666664 0.3175925925925926 0.26666666666666666 0.31851851851851853 0.26510416666666664 0.33055555555555555 0.26197916666666665 0.3314814814814815 0.26145833333333335 0.31666666666666665 0.2557291666666667 0.30185185185185187 0.2552083333333333 0.2833333333333333
1 0.1265625 0.07222222222222222 0.13333333333333333 0.0824074074074074 0.134375 0.09166666666666666 0.1390625 0.10185185185185185 0.13802083333333334 0.10555555555555556 0.13333333333333333 0.10462962962962963 0.13020833333333334 0.11018518518518519 0.12291666666666666 0.08518518518518518 0.12291666666666666 0.07314814814814814 0.12604166666666666 0.07222222222222222
1 0.325 0.9064814814814814 0.3338541666666667 0.9148148148148149 0.3380208333333333 0.9342592592592592 0.3380208333333333 0.9388888888888889 0.3333333333333333 0.9490740740740741 0.3302083333333333 0.9490740740740741 0.32708333333333334 0.9407407407407408 0.3182291666666667 0.9287037037037037 0.31666666666666665 0.9148148148148149 0.31875 0.9092592592592592 0.32447916666666665 0.9064814814814814