0 0.13645833333333332 0.3712962962962963 0.14895833333333333 0.38333333333333336 0.15052083333333333 0.38981481481481484 0.14895833333333333 0.4027777777777778 0.14375 0.4111111111111111 0.13697916666666668 0.41388888888888886 0.1140625 0.43703703703703706 0.10885416666666667 0.44907407407407407 0.103125 0.4537037037037037 0.08854166666666667 0.44537037037037036 0.08385416666666666 0.4388888888888889 0.07760416666666667 0.4212962962962963 0.07708333333333334 0.4046296296296296 0.10677083333333333 0.37592592592592594 0.11979166666666667 0.3768518518518518 0.1359375 0.3712962962962963
0 0.8005208333333333 0.35648148148148145 0.8239583333333333 0.3712962962962963 0.8369791666666667 0.387037037037037 0.840625 0.43425925925925923 0.8302083333333333 0.44722222222222224 0.8104166666666667 0.44351851851851853 0.7989583333333333 0.43148148148148147 0.7989583333333333 0.4101851851851852 0.7942708333333334 0.36666666666666664 0.7963541666666667 0.3574074074074074 0.8 0.35648148148148145
0 0.30885416666666665 0.1925925925925926 0.31666666666666665 0.19537037037037036 0.3203125 0.2 0.321875 0.20555555555555555 0.32083333333333336 0.2222222222222222 0.3015625 0.23981481481481481 0.2916666666666667 0.2564814814814815 0.27447916666666666 0.25555555555555554 0.26666666666666666 0.24814814814814815 0.26510416666666664 0.24351851851851852 0.26458333333333334 0.2212962962962963 0.2828125 0.19814814814814816 0.30833333333333335 0.1925925925925926
0 0.47708333333333336 0.006481481481481481 0.4875 0.010185185185185186 0.49114583333333334 0.01574074074074074 0.49114583333333334 0.02962962962962963 0.4822916666666667 0.03518518518518519 0.47760416666666666 0.04259259259259259 0.4625 0.03888888888888889 0.459375 0.03148148148148148 0.459375 0.022222222222222223 0.4625 0.013888888888888888 0.46770833333333334 0.008333333333333333 0.4765625 0.006481481481481481
0 0.6229166666666667 0.4027777777777778 0.6286458333333333 0.4074074074074074 0.6375 0.4212962962962963 0.6505208333333333 0.45555555555555555 0.65625 0.46296296296296297 0.6552083333333333 0.47314814814814815 0.6619791666666667 0.49722222222222223 0.6619791666666667 0.5138888888888888 0.6583333333333333 0.5222222222222223 0.6375 0.5314814814814814 0.6322916666666667 0.5296296296296297 0.6260416666666667 0.5222222222222223 0.61875 0.49444444444444446 0.6083333333333333 0.4675925925925926 0.6026041666666667 0.46111111111111114 0.6 0.4527777777777778 0.5989583333333334 0.42685185185185187 0.6020833333333333 0.41388888888888886 0.6125 0.40370370370370373 0.6223958333333334 0.4027777777777778
1 0.51875 0.3907407407407407 0.5223958333333333 0.4111111111111111 0.521875 0.42407407407407405 0.5182291666666666 0.43425925925925923 0.5192708333333333 0.44166666666666665 0.5151041666666667 0.4425925925925926 0.5114583333333333 0.4388888888888889 0.5145833333333333 0.42962962962962964 0.5130208333333334 0.4101851851851852 0.5140625 0.39537037037037037 0.515625 0.39166666666666666 0.5182291666666666 0.39166666666666666
1 0.15104166666666666 0.22870370370370371 0.15885416666666666 0.23981481481481481 0.1640625 0.26296296296296295 0.16354166666666667 0.2675925925925926 0.16041666666666668 0.27037037037037037 0.1546875 0.25833333333333336 0.15052083333333333 0.24444444444444444 0.15052083333333333 0.22962962962962963
1 0.6270833333333333 0.15833333333333333 0.6286458333333333 0.16111111111111112 0.6291666666666667 0.1787037037037037 0.6244791666666667 0.20277777777777778 0.6229166666666667 0.20277777777777778 0.6213541666666667 0.17407407407407408 0.6265625 0.15833333333333333
1 0.46979166666666666 0.6981481481481482 0.47708333333333336 0.7064814814814815 0.48072916666666665 0.7148148148148148 0.48125 0.7212962962962963 0.47708333333333336 0.7388888888888889 0.4744791666666667 0.7305555555555555 0.47291666666666665 0.7305555555555555 0.4703125 0.7527777777777778 0.46770833333333334 0.7564814814814815 0.4661458333333333 0.7555555555555555 0.4671875 0.7351851851851852 0.4640625 0.7027777777777777 0.465625 0.6972222222222222 0.46927083333333336 0.6981481481481482
1 0.11979166666666667 0.2898148148148148 0.1265625 0.30277777777777776 0.1296875 0.3148148148148148 0.13020833333333334 0.32407407407407407 0.12708333333333333 0.3277777777777778 0.11979166666666667 0.31851851851851853 0.115625 0.3037037037037037 0.11927083333333334 0.2898148148148148
1 0.24791666666666667 0.14722222222222223 0.253125 0.1574074074074074 0.2526041666666667 0.17777777777777778 0.24791666666666667 0.17962962962962964 0.24479166666666666 0.1675925925925926 0.24479166666666666 0.15185185185185185 0.24739583333333334 0.14814814814814814
1 0.16822916666666668 0.2351851851851852 0.17604166666666668 0.2462962962962963 0.17604166666666668 0.25925925925925924 0.17864583333333334 0.2657407407407407 0.17864583333333334 0.27314814814814814 0.16927083333333334 0.262037037037037 0.16666666666666666 0.2537037037037037 0.165625 0.24722222222222223 0.16770833333333332 0.2361111111111111
1 0.878125 0.4638888888888889 0.8807291666666667 0.46944444444444444 0.8796875 0.49166666666666664 0.8729166666666667 0.5138888888888888 0.8697916666666666 0.5166666666666667 0.8697916666666666 0.5027777777777778 0.8677083333333333 0.5083333333333333 0.8625 0.512962962962963 0.8604166666666667 0.5083333333333333 0.8682291666666667 0.49166666666666664 0.8671875 0.4740740740740741 0.871875 0.4648148148148148 0.8776041666666666 0.4638888888888889
1 0.4109375 0.17685185185185184 0.41458333333333336 0.17777777777777778 0.41770833333333335 0.1935185185185185 0.4166666666666667 0.2101851851851852 0.4140625 0.21203703703703702 0.40989583333333335 0.19907407407407407 0.4088541666666667 0.18518518518518517 0.4109375 0.17777777777777778
1 0.04114583333333333 0.39537037037037037 0.04583333333333333 0.40185185185185185 0.0484375 0.4111111111111111 0.050520833333333334 0.4287037037037037 0.050520833333333334 0.4351851851851852 0.0484375 0.4361111111111111 0.04583333333333333 0.4351851851851852 0.03854166666666667 0.4166666666666667 0.03229166666666667 0.4074074074074074 0.0328125 0.3972222222222222 0.040625 0.39537037037037037
1 0.24791666666666667 0.1814814814814815 0.25833333333333336 0.21296296296296297 0.25104166666666666 0.20833333333333334 0.24739583333333334 0.22037037037037038 0.24375 0.1935185185185185 0.24427083333333333 0.18333333333333332 0.24739583333333334 0.1824074074074074
1 0.5255208333333333 0.37962962962962965 0.5296875 0.3787037037037037 0.5328125 0.39444444444444443 0.5328125 0.4009259259259259 0.5296875 0.40925925925925927 0.5296875 0.425 0.5260416666666666 0.4287037037037037 0.5239583333333333 0.42592592592592593 0.5239583333333333 0.4148148148148148 0.5203125 0.4027777777777778 0.5203125 0.3925925925925926 0.5255208333333333 0.38055555555555554
1 0.007291666666666667 0.6055555555555555 0.011458333333333333 0.6055555555555555 0.023958333333333335 0.6157407407407407 0.027604166666666666 0.6314814814814815 0.03958333333333333 0.6537037037037037 0.0359375 0.6555555555555556 0.030208333333333334 0.6509259259259259 0.024479166666666666 0.6527777777777778 0.0203125 0.65 0.013541666666666667 0.6361111111111111 0.008333333333333333 0.6305555555555555 0.0067708333333333336 0.6231481481481481 0.007291666666666667 0.6064814814814815
1 0.2375 0.18518518518518517 0.2421875 0.1925925925925926 0.24427083333333333 0.2064814814814815 0.24791666666666667 0.21203703703703702 0.24791666666666667 0.2175925925925926 0.24479166666666666 0.21296296296296297 0.24114583333333334 0.22314814814814815 0.2390625 0.22314814814814815 0.2390625 0.21296296296296297 0.234375 0.2 0.234375 0.18611111111111112 0.23697916666666666 0.18518518518518517
1 0.20729166666666668 0.25925925925925924 0.21354166666666666 0.2675925925925926 0.21770833333333334 0.2851851851851852 0.21770833333333334 0.2898148148148148 0.21458333333333332 0.2962962962962963 0.21197916666666666 0.2962962962962963 0.20625 0.2824074074074074 0.20208333333333334 0.2574074074074074 0.20677083333333332 0.25925925925925924
1 0.40520833333333334 0.17962962962962964 0.4078125 0.1824074074074074 0.40989583333333335 0.19166666666666668 0.4078125 0.21666666666666667 0.40520833333333334 0.21481481481481482 0.4015625 0.19444444444444445 0.40208333333333335 0.18425925925925926 0.4046875 0.17962962962962964
1 0.671875 0.19166666666666668 0.6744791666666666 0.1962962962962963 0.6713541666666667 0.21203703703703702 0.6708333333333333 0.22962962962962963 0.6682291666666667 0.2361111111111111 0.6645833333333333 0.23055555555555557 0.6645833333333333 0.2 0.6682291666666667 0.19074074074074074 0.6713541666666667 0.19166666666666668
1 0.071875 0.35833333333333334 0.07604166666666666 0.36203703703703705 0.08802083333333334 0.38981481481481484 0.08177083333333333 0.3972222222222222 0.078125 0.3962962962962963 0.075 0.3861111111111111 0.06875 0.37592592592592594 0.06822916666666666 0.36574074074074076 0.07135416666666666 0.35833333333333334
1 0.6333333333333333 0.12407407407407407 0.6354166666666666 0.14074074074074075 0.6296875 0.1527777777777778 0.6265625 0.1527777777777778 0.6265625 0.13703703703703704 0.6296875 0.125 0.6328125 0.12407407407407407
1 0.196875 0.2101851851851852 0.20260416666666667 0.2175925925925926 0.20416666666666666 0.22407407407407406 0.20416666666666666 0.2388888888888889 0.2 0.24351851851851852 0.19427083333333334 0.2222222222222222 0.19427083333333334 0.21296296296296297 0.19635416666666666 0.2101851851851852
1 0.11614583333333334 0.3277777777777778 0.11979166666666667 0.3351851851851852 0.1203125 0.3425925925925926 0.1265625 0.3509259259259259 0.12447916666666667 0.35462962962962963 0.11927083333333334 0.35185185185185186 0.1171875 0.36574074074074076 0.11510416666666666 0.3648148148148148 0.11145833333333334 0.3490740740740741 0.10677083333333333 0.3398148148148148 0.109375 0.3296296296296296 0.115625 0.3277777777777778
1 0.60625 0.29444444444444445 0.6104166666666667 0.3074074074074074 0.6098958333333333 0.32685185185185184 0.603125 0.3398148148148148 0.6010416666666667 0.33796296296296297 0.5989583333333334 0.30833333333333335 0.603125 0.2953703703703704 0.6057291666666667 0.29444444444444445
1 0.20625 0.18796296296296297 0.21458333333333332 0.21296296296296297 0.21041666666666667 0.2222222222222222 0.20572916666666666 0.21666666666666667 0.20260416666666667 0.1925925925925926 0.203125 0.18888888888888888 0.20572916666666666 0.18796296296296297
1 0.34010416666666665 0.12222222222222222 0.3375 0.11388888888888889 0.33645833333333336 0.1 0.33697916666666666 0.09537037037037037 0.34010416666666665 0.09259259259259259 0.34322916666666664 0.09537037037037037 0.34479166666666666 0.1175925925925926 0.34479166666666666 0.12314814814814815 0.340625 0.12222222222222222
1 0.184375 0.23796296296296296 0.1921875 0.25555555555555554 0.19270833333333334 0.262037037037037 0.1890625 0.2722222222222222 0.1859375 0.2722222222222222 0.18541666666666667 0.26296296296296295 0.17864583333333334 0.24537037037037038 0.18125 0.2361111111111111 0.18385416666666668 0.23796296296296296
1 0.09635416666666667 0.33055555555555555 0.09895833333333333 0.33240740740740743 0.10520833333333333 0.35833333333333334 0.103125 0.3648148148148148 0.10052083333333334 0.3638888888888889 0.09375 0.35185185185185186 0.0921875 0.33611111111111114 0.09583333333333334 0.33055555555555555
1 0.19270833333333334 0.20925925925925926 0.1875 0.18796296296296297 0.18802083333333333 0.1814814814814815 0.190625 0.1787037037037037 0.19583333333333333 0.18703703703703703 0.20052083333333334 0.20555555555555555 0.19635416666666666 0.2111111111111111 0.19322916666666667 0.20925925925925926
1 0.5260416666666666 0.35833333333333334 0.5302083333333333 0.37777777777777777 0.5229166666666667 0.38796296296296295 0.5192708333333333 0.38333333333333336 0.51875 0.3712962962962963 0.5255208333333333 0.35833333333333334
1 0.37135416666666665 0.09166666666666666 0.36875 0.07407407407407407 0.3723958333333333 0.06296296296296296 0.3770833333333333 0.07685185185185185 0.3770833333333333 0.08981481481481482 0.371875 0.09166666666666666
1 0.05625 0.3925925925925926 0.06041666666666667 0.40925925925925927 0.07135416666666666 0.4212962962962963 0.06979166666666667 0.425 0.06145833333333333 0.4203703703703704 0.06041666666666667 0.4388888888888889 0.0515625 0.41759259259259257 0.04739583333333333 0.40185185185185185 0.04739583333333333 0.39351851851851855 0.050520833333333334 0.38796296296296295 0.053125 0.38796296296296295 0.05572916666666667 0.3925925925925926
1 0.4390625 0.20462962962962963 0.44427083333333334 0.22314814814814815 0.44427083333333334 0.24259259259259258 0.4354166666666667 0.24814814814814815 0.43854166666666666 0.23425925925925925 0.4359375 0.21944444444444444 0.43645833333333334 0.2101851851851852 0.43854166666666666 0.20555555555555555
1 0.4546875 0.22685185185185186 0.4557291666666667 0.23425925925925925 0.45364583333333336 0.2657407407407407 0.44947916666666665 0.25925925925925924 0.44583333333333336 0.23055555555555557 0.44947916666666665 0.2175925925925926 0.45416666666666666 0.22685185185185186
1 0.4734375 0.55 0.48072916666666665 0.5611111111111111 0.4822916666666667 0.5675925925925925 0.48072916666666665 0.5972222222222222 0.47708333333333336 0.5916666666666667 0.4739583333333333 0.6046296296296296 0.471875 0.6037037037037037 0.47239583333333335 0.5824074074074074 0.46979166666666666 0.575925925925926 0.46875 0.5638888888888889 0.4708333333333333 0.5518518518518518 0.47291666666666665 0.5509259259259259
1 0.6473958333333333 0.11203703703703703 0.6505208333333333 0.11388888888888889 0.6526041666666667 0.12037037037037036 0.6510416666666666 0.1388888888888889 0.646875 0.14537037037037037 0.6453125 0.14074074074074075 0.6447916666666667 0.11944444444444445 0.6473958333333333 0.11296296296296296
1 0.1578125 0.21481481481481482 0.1625 0.22685185185185186 0.16197916666666667 0.23148148148148148 0.15833333333333333 0.23425925925925925 0.15364583333333334 0.23055555555555557 0.15208333333333332 0.22314814814814815 0.15364583333333334 0.21296296296296297 0.15729166666666666 0.21481481481481482
1 0.51875 0.5268518518518519 0.5255208333333333 0.5398148148148149 0.5260416666666666 0.5509259259259259 0.5161458333333333 0.5842592592592593 0.5140625 0.5833333333333334 0.5145833333333333 0.5611111111111111 0.5104166666666666 0.5537037037037037 0.5151041666666667 0.5277777777777778 0.5182291666666666 0.5268518518518519
1 0.6619791666666667 0.3037037037037037 0.6609375 0.3416666666666667 0.6578125 0.3490740740740741 0.6541666666666667 0.3490740740740741 0.6536458333333334 0.3138888888888889 0.6578125 0.30462962962962964 0.6614583333333334 0.3037037037037037
1 0.646875 0.18981481481481483 0.6489583333333333 0.2074074074074074 0.64375 0.22962962962962963 0.6411458333333333 0.225 0.6395833333333333 0.20277777777777778 0.6427083333333333 0.19166666666666668 0.6463541666666667 0.18981481481481483
1 0.2828125 0.13518518518518519 0.2875 0.15 0.2869791666666667 0.16203703703703703 0.28958333333333336 0.1712962962962963 0.2828125 0.1787037037037037 0.28125 0.17592592592592593 0.2786458333333333 0.1425925925925926 0.28229166666666666 0.1361111111111111
1 0.7203125 0.3398148148148148 0.7223958333333333 0.3416666666666667 0.7223958333333333 0.35555555555555557 0.7171875 0.39351851851851855 0.7151041666666667 0.39351851851851855 0.7135416666666666 0.38796296296296295 0.7130208333333333 0.35648148148148145 0.7135416666666666 0.3509259259259259 0.7197916666666667 0.34074074074074073
1 0.36614583333333334 0.06296296296296296 0.37083333333333335 0.08796296296296297 0.3697916666666667 0.09259259259259259 0.36614583333333334 0.09166666666666666 0.3625 0.075 0.3625 0.06481481481481481 0.365625 0.06296296296296296