1 0.8364583333333333 0.24074074074074073 0.8359375 0.23425925925925925 0.8390625 0.21666666666666667 0.8411458333333334 0.20925925925925926 0.8473958333333333 0.2 0.85 0.20185185185185187 0.85 0.20925925925925926 0.8421875 0.23148148148148148 0.8416666666666667 0.24074074074074073 0.8369791666666667 0.24074074074074073
1 0.5395833333333333 0.462037037037037 0.5432291666666667 0.4740740740740741 0.5432291666666667 0.4861111111111111 0.5427083333333333 0.49537037037037035 0.5380208333333333 0.5046296296296297 0.5364583333333334 0.5074074074074074 0.5338541666666666 0.5046296296296297 0.5328125 0.47962962962962963 0.5338541666666666 0.4666666666666667 0.5390625 0.46296296296296297
1 0.6369791666666667 0.17592592592592593 0.640625 0.18888888888888888 0.6390625 0.21944444444444444 0.6375 0.2222222222222222 0.6338541666666667 0.21944444444444444 0.6317708333333333 0.1935185185185185 0.6369791666666667 0.17685185185185184
1 0.5953125 0.2601851851851852 0.5994791666666667 0.2657407407407407 0.6015625 0.2740740740740741 0.5973958333333333 0.3 0.5947916666666667 0.30277777777777776 0.5901041666666667 0.2851851851851852 0.5916666666666667 0.26666666666666666 0.5947916666666667 0.2611111111111111
1 0.6473958333333333 0.13240740740740742 0.6494791666666667 0.14722222222222223 0.64375 0.1675925925925926 0.6421875 0.1648148148148148 0.6411458333333333 0.14166666666666666 0.64375 0.13425925925925927 0.646875 0.13240740740740742
1 0.6125 0.4462962962962963 0.6171875 0.46296296296296297 0.6135416666666667 0.47129629629629627 0.6088541666666667 0.5 0.60625 0.5027777777777778 0.60625 0.4759259259259259 0.6020833333333333 0.46111111111111114 0.6067708333333334 0.44814814814814813 0.6119791666666666 0.4462962962962963
1 0.6161458333333333 0.2490740740740741 0.6197916666666666 0.262037037037037 0.6197916666666666 0.2722222222222222 0.6161458333333333 0.28888888888888886 0.6135416666666667 0.2916666666666667 0.6114583333333333 0.2916666666666667 0.6098958333333333 0.28703703703703703 0.609375 0.26481481481481484 0.6125 0.25 0.615625 0.2490740740740741
1 0.571875 0.5472222222222223 0.5765625 0.5583333333333333 0.5776041666666667 0.5666666666666667 0.5734375 0.5953703703703703 0.5708333333333333 0.6 0.5635416666666667 0.5666666666666667 0.5640625 0.5611111111111111 0.5713541666666667 0.5472222222222223
1 0.4703125 0.5055555555555555 0.4739583333333333 0.5055555555555555 0.4791666666666667 0.5148148148148148 0.47604166666666664 0.5481481481481482 0.4739583333333333 0.5518518518518518 0.4708333333333333 0.55 0.46770833333333334 0.524074074074074 0.46770833333333334 0.5148148148148148 0.4703125 0.5064814814814815
1 0.11979166666666667 0.2972222222222222 0.12291666666666666 0.2972222222222222 0.13125 0.30925925925925923 0.13489583333333333 0.3287037037037037 0.13385416666666666 0.33611111111111114 0.1296875 0.3388888888888889 0.12864583333333332 0.33055555555555555 0.12239583333333333 0.3148148148148148 0.11979166666666667 0.29814814814814816
1 0.453125 0.22407407407407406 0.45677083333333335 0.23425925925925925 0.45625 0.2675925925925926 0.453125 0.2638888888888889 0.4473958333333333 0.23703703703703705 0.44947916666666665 0.22777777777777777 0.45260416666666664 0.22407407407407406
1 0.13854166666666667 0.3037037037037037 0.14427083333333332 0.3101851851851852 0.14895833333333333 0.32685185185185184 0.14791666666666667 0.3314814814814815 0.14375 0.33240740740740743 0.140625 0.3388888888888889 0.13125 0.3101851851851852 0.13333333333333333 0.29907407407407405 0.13802083333333334 0.3037037037037037
1 0.48072916666666665 0.5296296296296297 0.48802083333333335 0.5361111111111111 0.490625 0.55 0.490625 0.5648148148148148 0.4859375 0.5805555555555556 0.48385416666666664 0.5842592592592593 0.4822916666666667 0.5824074074074074 0.47760416666666666 0.5537037037037037 0.478125 0.5342592592592592 0.48020833333333335 0.5305555555555556
1 0.609375 0.36018518518518516 0.6125 0.3685185185185185 0.6104166666666667 0.3861111111111111 0.603125 0.37962962962962965 0.6010416666666667 0.3712962962962963 0.6020833333333333 0.36203703703703705 0.6088541666666667 0.36018518518518516
1 0.8473958333333333 0.4703703703703704 0.8494791666666667 0.47314814814814815 0.8484375 0.48703703703703705 0.8416666666666667 0.512962962962963 0.8385416666666666 0.5166666666666667 0.8369791666666667 0.5148148148148148 0.8369791666666667 0.5037037037037037 0.8338541666666667 0.5046296296296297 0.83125 0.5111111111111111 0.828125 0.5074074074074074 0.8348958333333333 0.49074074074074076 0.8364583333333333 0.47685185185185186 0.8421875 0.46944444444444444 0.846875 0.4703703703703704
1 0.22708333333333333 0.1814814814814815 0.23125 0.1814814814814815 0.23489583333333333 0.18796296296296297 0.234375 0.20277777777777778 0.23645833333333333 0.21203703703703702 0.23645833333333333 0.21574074074074073 0.23385416666666667 0.21851851851851853 0.23229166666666667 0.20277777777777778 0.225 0.1962962962962963 0.22708333333333333 0.1824074074074074
1 0.23229166666666667 0.2 0.23541666666666666 0.20925925925925926 0.23645833333333333 0.23055555555555557 0.23489583333333333 0.2324074074074074 0.23229166666666667 0.23055555555555557 0.225 0.2074074074074074 0.22552083333333334 0.19814814814814816 0.23177083333333334 0.2
1 0.10989583333333333 0.2490740740740741 0.11770833333333333 0.26851851851851855 0.11875 0.29074074074074074 0.11614583333333334 0.2935185185185185 0.10364583333333334 0.262037037037037 0.10572916666666667 0.25092592592592594 0.109375 0.2490740740740741
1 0.9994791666666667 0.6046296296296296 0.9994791666666667 0.6444444444444445 0.9942708333333333 0.6425925925925926 0.9911458333333333 0.6453703703703704 0.9880208333333333 0.6592592592592592 0.984375 0.6583333333333333 0.9807291666666667 0.6527777777777778 0.978125 0.6425925925925926 0.9859375 0.6157407407407407 0.9947916666666666 0.6055555555555555 0.9989583333333333 0.6046296296296296
1 0.5776041666666667 0.45555555555555555 0.5807291666666666 0.47962962962962963 0.5796875 0.4981481481481482 0.5786458333333333 0.5055555555555555 0.571875 0.5148148148148148 0.5682291666666667 0.5083333333333333 0.5708333333333333 0.5027777777777778 0.5708333333333333 0.49166666666666664 0.5677083333333334 0.48703703703703705 0.5671875 0.47962962962962963 0.5739583333333333 0.4564814814814815 0.5770833333333333 0.45555555555555555
1 0.5385416666666667 0.55 0.5421875 0.549074074074074 0.5463541666666667 0.5537037037037037 0.5479166666666667 0.5694444444444444 0.54375 0.5953703703703703 0.5369791666666667 0.6018518518518519 0.5348958333333333 0.600925925925926 0.5338541666666666 0.562037037037037 0.5385416666666667 0.5509259259259259
1 0.30052083333333335 0.13425925925925927 0.30364583333333334 0.13148148148148148 0.3072916666666667 0.14814814814814814 0.3067708333333333 0.1638888888888889 0.30364583333333334 0.16574074074074074 0.3020833333333333 0.16296296296296298 0.2994791666666667 0.15092592592592594 0.30052083333333335 0.13518518518518519
1 0.4630208333333333 0.21851851851851853 0.4666666666666667 0.23055555555555557 0.46979166666666666 0.25555555555555554 0.4666666666666667 0.25555555555555554 0.46197916666666666 0.24074074074074073 0.4578125 0.2351851851851852 0.4588541666666667 0.22314814814814815 0.4625 0.21851851851851853
1 0.09427083333333333 0.34074074074074073 0.09895833333333333 0.362962962962963 0.09791666666666667 0.37592592592592594 0.09583333333333334 0.3787037037037037 0.09427083333333333 0.3768518518518518 0.09375 0.35833333333333334 0.08697916666666666 0.35462962962962963 0.08854166666666667 0.34074074074074073 0.090625 0.33796296296296297 0.09375 0.34074074074074073
1 0.53125 0.4351851851851852 0.5348958333333333 0.4351851851851852 0.5421875 0.44814814814814813 0.5395833333333333 0.4638888888888889 0.5333333333333333 0.46944444444444444 0.5328125 0.48148148148148145 0.5322916666666667 0.4666666666666667 0.5260416666666666 0.4564814814814815 0.5276041666666667 0.44537037037037036 0.53125 0.4361111111111111
1 0.203125 0.18888888888888888 0.20729166666666668 0.1962962962962963 0.21041666666666667 0.225 0.2140625 0.23425925925925925 0.20989583333333334 0.24351851851851852 0.20104166666666667 0.20925925925925926 0.2 0.19907407407407407 0.20260416666666667 0.18888888888888888
1 0.4078125 0.5425925925925926 0.41770833333333335 0.5537037037037037 0.41770833333333335 0.5675925925925925 0.42135416666666664 0.5777777777777777 0.42135416666666664 0.587037037037037 0.41822916666666665 0.587037037037037 0.41458333333333336 0.5768518518518518 0.4109375 0.5842592592592593 0.4088541666666667 0.5981481481481481 0.4046875 0.5981481481481481 0.40677083333333336 0.5907407407407408 0.40729166666666666 0.575 0.4046875 0.5453703703703704 0.40729166666666666 0.5435185185185185
1 0.6630208333333333 0.2601851851851852 0.6645833333333333 0.262037037037037 0.6651041666666667 0.2712962962962963 0.6645833333333333 0.28888888888888886 0.6614583333333334 0.30462962962962964 0.6588541666666666 0.30648148148148147 0.65625 0.3037037037037037 0.65625 0.275 0.6598958333333333 0.262037037037037 0.6625 0.2601851851851852
1 0.03177083333333333 0.40185185185185185 0.044270833333333336 0.41388888888888886 0.04791666666666667 0.4287037037037037 0.04791666666666667 0.4324074074074074 0.03958333333333333 0.4444444444444444 0.036458333333333336 0.44351851851851853 0.03125 0.4212962962962963 0.026041666666666668 0.4111111111111111 0.026041666666666668 0.40555555555555556 0.03125 0.40185185185185185
1 0.6401041666666667 0.14444444444444443 0.6421875 0.1648148148148148 0.6369791666666667 0.18333333333333332 0.634375 0.15648148148148147 0.6359375 0.14629629629629629 0.6395833333333333 0.14444444444444443
1 0.265625 0.1638888888888889 0.26979166666666665 0.16574074074074074 0.275 0.19537037037037036 0.2734375 0.19907407407407407 0.26875 0.2 0.265625 0.1648148148148148
1 0.45989583333333334 0.5472222222222223 0.4630208333333333 0.549074074074074 0.46770833333333334 0.562962962962963 0.46770833333333334 0.575925925925926 0.4625 0.5861111111111111 0.46145833333333336 0.5981481481481481 0.4588541666666667 0.5981481481481481 0.4588541666666667 0.5777777777777777 0.45677083333333335 0.5675925925925925 0.4578125 0.55 0.459375 0.5481481481481482
1 0.6651041666666667 0.19907407407407407 0.6677083333333333 0.21296296296296297 0.6645833333333333 0.24074074074074073 0.6614583333333334 0.24444444444444444 0.6588541666666666 0.21296296296296297 0.6645833333333333 0.19907407407407407
1 0.6182291666666667 0.3138888888888889 0.61875 0.3175925925925926 0.6135416666666667 0.33240740740740743 0.6078125 0.3277777777777778 0.609375 0.3111111111111111 0.6125 0.30277777777777776 0.6151041666666667 0.30277777777777776 0.6177083333333333 0.3138888888888889
1 0.4083333333333333 0.16111111111111112 0.4125 0.17314814814814813 0.41302083333333334 0.18518518518518517 0.4125 0.18981481481481483 0.4083333333333333 0.19166666666666668 0.40520833333333334 0.17222222222222222 0.4078125 0.16111111111111112
1 0.103125 0.3453703703703704 0.1078125 0.35185185185185186 0.10885416666666667 0.3611111111111111 0.11354166666666667 0.36944444444444446 0.1125 0.37407407407407406 0.10885416666666667 0.37037037037037035 0.10625 0.37222222222222223 0.103125 0.3824074074074074 0.10052083333333334 0.37962962962962965 0.10052083333333334 0.3712962962962963 0.0953125 0.3509259259259259 0.09583333333333334 0.3435185185185185 0.10260416666666666 0.3453703703703704
1 0.0078125 0.45185185185185184 0.022395833333333334 0.47962962962962963 0.020833333333333332 0.4842592592592593 0.0234375 0.4981481481481482 0.01875 0.5027777777777778 0.00625 0.49074074074074076 0.003125 0.4777777777777778 0 0.4740740740740741 0 0.4564814814814815 0.0036458333333333334 0.45185185185185184 0.007291666666666667 0.45185185185185184
1 0.8635416666666667 0.2037037037037037 0.865625 0.20555555555555555 0.8677083333333333 0.22314814814814815 0.8598958333333333 0.2462962962962963 0.8557291666666667 0.24444444444444444 0.8557291666666667 0.23796296296296296 0.8588541666666667 0.22314814814814815 0.8583333333333333 0.21296296296296297 0.8630208333333333 0.2037037037037037
1 0.5880208333333333 0.32685185185185184 0.5916666666666667 0.33796296296296297 0.5885416666666666 0.37037037037037035 0.5838541666666667 0.3712962962962963 0.5802083333333333 0.34814814814814815 0.58125 0.337037037037037 0.5875 0.3277777777777778
1 0.49921875 0.24537037037037038 0.0067708333333333336 0.04259259259259259
1 0.5817708333333333 0.5638888888888889 0.5848958333333333 0.5666666666666667 0.5875 0.5805555555555556 0.5848958333333333 0.6055555555555555 0.578125 0.6027777777777777 0.5739583333333333 0.5935185185185186 0.5770833333333333 0.5703703703703704 0.5786458333333333 0.5648148148148148 0.58125 0.5638888888888889
1 0.36875 0.06574074074074074 0.37083333333333335 0.08148148148148149 0.3692708333333333 0.09351851851851851 0.36614583333333334 0.09351851851851851 0.3645833333333333 0.07685185185185185 0.3651041666666667 0.06666666666666667 0.36822916666666666 0.06574074074074074
1 0.4979166666666667 0.549074074074074 0.5041666666666667 0.5601851851851852 0.503125 0.5787037037037037 0.49895833333333334 0.5842592592592593 0.4979166666666667 0.5907407407407408 0.4947916666666667 0.5907407407407408 0.49114583333333334 0.5611111111111111 0.4921875 0.5509259259259259 0.4973958333333333 0.549074074074074
1 0.6057291666666667 0.3287037037037037 0.609375 0.325 0.6130208333333333 0.33425925925925926 0.6109375 0.3398148148148148 0.609375 0.36018518518518516 0.6041666666666666 0.3611111111111111 0.603125 0.3416666666666667 0.6057291666666667 0.3296296296296296
1 0.63125 0.17962962962962964 0.6317708333333333 0.20277777777777778 0.6296875 0.2222222222222222 0.625 0.2212962962962963 0.625 0.2037037037037037 0.6229166666666667 0.19537037037037036 0.6255208333333333 0.19444444444444445 0.6260416666666667 0.18703703703703703 0.6307291666666667 0.17962962962962964
1 0.5776041666666667 0.6037037037037037 0.5822916666666667 0.6037037037037037 0.5854166666666667 0.6083333333333333 0.5875 0.6222222222222222 0.578125 0.6611111111111111 0.5744791666666667 0.662962962962963 0.5765625 0.6388888888888888 0.5729166666666666 0.6324074074074074 0.571875 0.6222222222222222 0.5776041666666667 0.6046296296296296
1 0.6229166666666667 0.1935185185185185 0.6255208333333333 0.20833333333333334 0.6229166666666667 0.2324074074074074 0.6192708333333333 0.23425925925925925 0.6166666666666667 0.21296296296296297 0.6197916666666666 0.19444444444444445 0.6223958333333334 0.19444444444444445
1 0.6140625 0.33055555555555555 0.6177083333333333 0.3388888888888889 0.6182291666666667 0.3472222222222222 0.6166666666666667 0.36666666666666664 0.6125 0.37222222222222223 0.6088541666666667 0.3574074074074074 0.6114583333333333 0.3314814814814815 0.6135416666666667 0.33055555555555555
1 0.6463541666666667 0.18888888888888888 0.6479166666666667 0.20277777777777778 0.64375 0.22870370370370371 0.6416666666666667 0.22685185185185186 0.6401041666666667 0.20277777777777778 0.6427083333333333 0.18981481481481483 0.6458333333333334 0.18888888888888888
1 0.6260416666666667 0.23796296296296296 0.6296875 0.2518518518518518 0.6265625 0.2712962962962963 0.6229166666666667 0.2814814814814815 0.6197916666666666 0.2777777777777778 0.6197916666666666 0.25462962962962965 0.6229166666666667 0.23981481481481481 0.6255208333333333 0.2388888888888889
1 0.4078125 0.6314814814814815 0.4114583333333333 0.6314814814814815 0.41510416666666666 0.6361111111111111 0.4192708333333333 0.65 0.41770833333333335 0.6685185185185185 0.41041666666666665 0.6861111111111111 0.40989583333333335 0.6685185185185185 0.4078125 0.6592592592592592 0.4078125 0.6324074074074074