0 0.5921875 0.2740740740740741 0.6020833333333333 0.2898148148148148 0.6104166666666667 0.3175925925925926 0.6161458333333333 0.32407407407407407 0.6140625 0.3314814814814815 0.6197916666666666 0.3537037037037037 0.6197916666666666 0.36018518518518516 0.6161458333333333 0.3731481481481482 0.6010416666666667 0.37962962962962965 0.5880208333333333 0.375 0.5817708333333333 0.35833333333333334 0.5817708333333333 0.35185185185185186 0.5760416666666667 0.3416666666666667 0.5765625 0.337037037037037 0.5708333333333333 0.3111111111111111 0.5703125 0.2935185185185185 0.5729166666666666 0.2796296296296296 0.5770833333333333 0.275 0.5916666666666667 0.2740740740740741
0 0.6708333333333333 0.5657407407407408 0.7505208333333333 0.5814814814814815 0.7546875 0.5833333333333334 0.7598958333333333 0.5972222222222222 0.7692708333333333 0.6064814814814815 0.7734375 0.6203703703703703 0.7791666666666667 0.6296296296296297 0.7828125 0.6453703703703704 0.7932291666666667 0.6583333333333333 0.8005208333333333 0.6888888888888889 0.803125 0.7148148148148148 0.803125 0.7268518518518519 0.8015625 0.7305555555555555 0.7901041666666667 0.7518518518518519 0.7828125 0.7574074074074074 0.7723958333333333 0.7564814814814815 0.7588541666666667 0.7407407407407407 0.7484375 0.737037037037037 0.7369791666666666 0.7435185185185185 0.6994791666666667 0.7351851851851852 0.6932291666666667 0.7305555555555555 0.6838541666666667 0.7361111111111112 0.675 0.7361111111111112 0.6515625 0.7175925925925926 0.6494791666666667 0.7111111111111111 0.6489583333333333 0.6611111111111111 0.6520833333333333 0.6444444444444445 0.653125 0.625 0.6598958333333333 0.5935185185185186 0.6604166666666667 0.5675925925925925 0.6703125 0.5657407407407408
0 0.5260416666666666 0.33611111111111114 0.5333333333333333 0.34814814814814815 0.5447916666666667 0.3851851851851852 0.5489583333333333 0.38981481481481484 0.546875 0.3972222222222222 0.5473958333333333 0.4027777777777778 0.553125 0.425 0.5536458333333333 0.4398148148148148 0.5510416666666667 0.45185185185185184 0.546875 0.45740740740740743 0.5348958333333333 0.462037037037037 0.5255208333333333 0.46111111111111114 0.5145833333333333 0.45 0.5125 0.43148148148148147 0.5046875 0.4009259259259259 0.5010416666666667 0.37037037037037035 0.5015625 0.3527777777777778 0.5052083333333334 0.34074074074074073 0.5255208333333333 0.33611111111111114
0 0.4786458333333333 0.6361111111111111 0.4947916666666667 0.6398148148148148 0.5088541666666667 0.6583333333333333 0.5229166666666667 0.6611111111111111 0.528125 0.6675925925925926 0.5328125 0.6824074074074075 0.5364583333333334 0.7101851851851851 0.5348958333333333 0.7379629629629629 0.5223958333333333 0.7481481481481481 0.51875 0.7611111111111111 0.5119791666666667 0.7675925925925926 0.5020833333333333 0.7657407407407407 0.4979166666666667 0.7611111111111111 0.4864583333333333 0.7620370370370371 0.4244791666666667 0.7768518518518519 0.4140625 0.7796296296296297 0.40572916666666664 0.7935185185185185 0.4010416666666667 0.7962962962962963 0.39479166666666665 0.7962962962962963 0.3859375 0.787962962962963 0.3536458333333333 0.7925925925925926 0.34479166666666666 0.7861111111111111 0.33958333333333335 0.7620370370370371 0.3380208333333333 0.737037037037037 0.3411458333333333 0.6712962962962963 0.35052083333333334 0.6638888888888889 0.3770833333333333 0.6601851851851852 0.45260416666666664 0.6398148148148148 0.478125 0.6361111111111111
0 0.20260416666666667 0.837037037037037 0.20885416666666667 0.8444444444444444 0.21666666666666667 0.8601851851851852 0.2234375 0.8907407407407407 0.2234375 0.9046296296296297 0.203125 0.9435185185185185 0.18697916666666667 0.95 0.1484375 0.9888888888888889 0.1390625 0.9842592592592593 0.1125 0.9527777777777777 0.1015625 0.937037037037037 0.096875 0.9287037037037037 0.096875 0.925 0.1296875 0.8898148148148148 0.14947916666666666 0.8740740740740741 0.1546875 0.8657407407407407 0.16197916666666667 0.8638888888888889 0.19166666666666668 0.8379629629629629 0.20208333333333334 0.837037037037037
0 0.8010416666666667 0.3296296296296296 0.828125 0.3490740740740741 0.8338541666666667 0.3574074074074074 0.8369791666666667 0.37592592592592594 0.8369791666666667 0.39166666666666666 0.8395833333333333 0.40185185185185185 0.8348958333333333 0.41388888888888886 0.8291666666666667 0.41944444444444445 0.8083333333333333 0.4148148148148148 0.8083333333333333 0.39444444444444443 0.7973958333333333 0.38333333333333336 0.7927083333333333 0.337037037037037 0.7963541666666667 0.3287037037037037 0.8005208333333333 0.3296296296296296
0 0.12291666666666666 0.3611111111111111 0.13125 0.3648148148148148 0.13802083333333334 0.3731481481481482 0.140625 0.3814814814814815 0.1390625 0.39351851851851855 0.13697916666666668 0.39814814814814814 0.12552083333333333 0.40555555555555556 0.09479166666666666 0.44907407407407407 0.08385416666666666 0.44907407407407407 0.06979166666666667 0.4388888888888889 0.06354166666666666 0.425 0.0625 0.4 0.08645833333333333 0.37037037037037035 0.09270833333333334 0.3675925925925926 0.10572916666666667 0.36944444444444446 0.115625 0.36203703703703705 0.12239583333333333 0.3611111111111111
0 0.4859375 0.2101851851851852 0.49166666666666664 0.21296296296296297 0.49895833333333334 0.22314814814814815 0.5015625 0.24722222222222223 0.4921875 0.262037037037037 0.48020833333333335 0.26944444444444443 0.46979166666666666 0.29074074074074074 0.45625 0.2861111111111111 0.45364583333333336 0.28055555555555556 0.45416666666666666 0.2657407407407407 0.459375 0.24537037037037038 0.46822916666666664 0.22777777777777777 0.47604166666666664 0.21574074074074073 0.48541666666666666 0.2101851851851852
0 0.4390625 0.30277777777777776 0.4473958333333333 0.30925925925925923 0.453125 0.31851851851851853 0.4546875 0.3425925925925926 0.45260416666666664 0.3509259259259259 0.44583333333333336 0.3592592592592593 0.4317708333333333 0.387037037037037 0.425 0.38425925925925924 0.4234375 0.387037037037037 0.4203125 0.40370370370370373 0.41458333333333336 0.41574074074074074 0.40677083333333336 0.4148148148148148 0.39375 0.4064814814814815 0.38958333333333334 0.3972222222222222 0.39010416666666664 0.3787037037037037 0.39947916666666666 0.3592592592592593 0.4005208333333333 0.3490740740740741 0.41510416666666666 0.3212962962962963 0.428125 0.30277777777777776 0.43854166666666666 0.30277777777777776
1 0.8536458333333333 0.16574074074074074 0.8552083333333333 0.1712962962962963 0.8520833333333333 0.1925925925925926 0.8427083333333333 0.20462962962962963 0.8411458333333334 0.2037037037037037 0.8411458333333334 0.19814814814814816 0.8447916666666667 0.18518518518518517 0.8453125 0.175 0.8510416666666667 0.16574074074074074 0.853125 0.16574074074074074
1 0.56875 0.44907407407407407 0.5734375 0.44814814814814813 0.5776041666666667 0.46111111111111114 0.575 0.4888888888888889 0.5677083333333334 0.4935185185185185 0.5640625 0.46296296296296297 0.56875 0.45
1 0.3567708333333333 0.9287037037037037 0.36041666666666666 0.9314814814814815 0.3640625 0.9518518518518518 0.35520833333333335 0.9685185185185186 0.35104166666666664 0.9666666666666667 0.3536458333333333 0.9555555555555556 0.3453125 0.9388888888888889 0.34427083333333336 0.9203703703703704 0.3453125 0.9166666666666666 0.3484375 0.9175925925925926 0.35260416666666666 0.9277777777777778 0.35625 0.9287037037037037
1 0.571875 0.23148148148148148 0.5776041666666667 0.24166666666666667 0.578125 0.25092592592592594 0.5755208333333334 0.2722222222222222 0.5708333333333333 0.2777777777777778 0.5677083333333334 0.275 0.5682291666666667 0.2611111111111111 0.5661458333333333 0.24814814814814815 0.5713541666666667 0.23148148148148148
1 0.7109375 0.2740740740740741 0.7125 0.2796296296296296 0.7114583333333333 0.29814814814814816 0.7088541666666667 0.3138888888888889 0.7067708333333333 0.31666666666666665 0.703125 0.3138888888888889 0.7052083333333333 0.29814814814814816 0.7036458333333333 0.2824074074074074 0.7083333333333334 0.2740740740740741 0.7104166666666667 0.2740740740740741
1 0.5625 0.1814814814814815 0.5640625 0.1824074074074074 0.5661458333333333 0.20185185185185187 0.5604166666666667 0.22685185185185186 0.5588541666666667 0.22407407407407406 0.559375 0.2101851851851852 0.55625 0.19907407407407407 0.5598958333333334 0.1824074074074074 0.5619791666666667 0.1814814814814815
1 0.2375 0.125 0.24270833333333333 0.12777777777777777 0.24322916666666666 0.1398148148148148 0.2484375 0.15092592592592594 0.2484375 0.15462962962962962 0.2375 0.1537037037037037 0.23541666666666666 0.1361111111111111 0.23541666666666666 0.12962962962962962 0.2375 0.1259259259259259
1 0.5848958333333333 0.24444444444444444 0.5895833333333333 0.25925925925925924 0.5875 0.2722222222222222 0.5854166666666667 0.27314814814814814 0.5822916666666667 0.2722222222222222 0.578125 0.2611111111111111 0.5802083333333333 0.24722222222222223 0.584375 0.24444444444444444
1 0.7203125 0.24166666666666667 0.7234375 0.24259259259259258 0.725 0.25925925925925924 0.7203125 0.27685185185185185 0.7197916666666667 0.2898148148148148 0.7166666666666667 0.2935185185185185 0.7151041666666667 0.2833333333333333 0.7151041666666667 0.2574074074074074 0.7203125 0.24259259259259258
1 0.4046875 0.43425925925925923 0.4083333333333333 0.4324074074074074 0.41510416666666666 0.44814814814814813 0.4109375 0.48055555555555557 0.40572916666666664 0.462037037037037 0.4015625 0.4546296296296296 0.4015625 0.4462962962962963 0.4046875 0.4351851851851852
1 0.10416666666666667 0.23055555555555557 0.11041666666666666 0.2351851851851852 0.11666666666666667 0.2564814814814815 0.11822916666666666 0.2712962962962963 0.11614583333333334 0.2759259259259259 0.11354166666666667 0.2740740740740741 0.10625 0.2574074074074074 0.10364583333333334 0.2462962962962963 0.10416666666666667 0.23148148148148148
1 0.334375 0.15185185185185185 0.3380208333333333 0.16018518518518518 0.3421875 0.19074074074074074 0.3380208333333333 0.19166666666666668 0.33541666666666664 0.18888888888888888 0.33489583333333334 0.175 0.33125 0.15555555555555556 0.3338541666666667 0.1527777777777778
1 0.08020833333333334 0.32037037037037036 0.09791666666666667 0.35185185185185186 0.08958333333333333 0.3509259259259259 0.08489583333333334 0.362962962962963 0.0828125 0.35 0.07604166666666666 0.33240740740740743 0.07604166666666666 0.3212962962962963 0.0796875 0.32037037037037036
1 0.4328125 0.4064814814814815 0.43645833333333334 0.412962962962963 0.43697916666666664 0.4388888888888889 0.4359375 0.4527777777777778 0.4322916666666667 0.4564814814814815 0.4317708333333333 0.4444444444444444 0.428125 0.43796296296296294 0.42552083333333335 0.42407407407407405 0.4276041666666667 0.4064814814814815 0.4322916666666667 0.4064814814814815
1 0.17291666666666666 0.20462962962962963 0.17604166666666668 0.20925925925925926 0.17916666666666667 0.225 0.184375 0.2361111111111111 0.18229166666666666 0.23981481481481481 0.1796875 0.23333333333333334 0.17708333333333334 0.23333333333333334 0.175 0.24537037037037038 0.17291666666666666 0.24444444444444444 0.17291666666666666 0.23796296296296296 0.16770833333333332 0.21666666666666667 0.16822916666666668 0.2064814814814815 0.17239583333333333 0.20462962962962963
1 0.22708333333333333 0.1638888888888889 0.23385416666666667 0.17314814814814813 0.23541666666666666 0.18611111111111112 0.22864583333333333 0.18611111111111112 0.22708333333333333 0.18333333333333332 0.22447916666666667 0.1712962962962963 0.22447916666666667 0.16666666666666666 0.2265625 0.1648148148148148
1 0.7901041666666667 0.32037037037037036 0.7932291666666667 0.3287037037037037 0.7895833333333333 0.34074074074074073 0.7864583333333334 0.337037037037037 0.7838541666666666 0.3453703703703704 0.7802083333333333 0.3425925925925926 0.7828125 0.32685185185185184 0.7859375 0.32037037037037036 0.7895833333333333 0.32037037037037036
1 0 0.4203703703703704 0.004166666666666667 0.42314814814814816 0.011979166666666667 0.44074074074074077 0.021875 0.4462962962962963 0.019270833333333334 0.45092592592592595 0.014583333333333334 0.44814814814814813 0.016666666666666666 0.4564814814814815 0.015625 0.45925925925925926 0.011979166666666667 0.45925925925925926 0.009375 0.45092592592592595 0 0.4398148148148148 0 0.4212962962962963
1 0.11875 0.22314814814814815 0.1234375 0.2324074074074074 0.1296875 0.2537037037037037 0.1296875 0.2657407407407407 0.1265625 0.2657407407407407 0.1203125 0.25833333333333336 0.1125 0.24166666666666667 0.1109375 0.23148148148148148 0.11197916666666667 0.22037037037037038 0.115625 0.21851851851851853 0.11822916666666666 0.22314814814814815
1 0.8 0.3861111111111111 0.80625 0.3907407407407407 0.8088541666666667 0.4 0.80625 0.4111111111111111 0.7994791666666666 0.4203703703703704 0.8005208333333333 0.4425925925925926 0.7984375 0.4425925925925926 0.7963541666666667 0.4324074074074074 0.7895833333333333 0.43148148148148147 0.7932291666666667 0.4185185185185185 0.7927083333333333 0.4074074074074074 0.7958333333333333 0.4 0.796875 0.38981481481481484 0.7994791666666666 0.387037037037037
1 0.2859375 0.937962962962963 0.2947916666666667 0.9435185185185185 0.2989583333333333 0.9537037037037037 0.30520833333333336 0.9537037037037037 0.3151041666666667 0.9592592592592593 0.3171875 0.9629629629629629 0.31614583333333335 0.9657407407407408 0.3104166666666667 0.9712962962962963 0.3 0.9703703703703703 0.2942708333333333 0.9944444444444445 0.2864583333333333 0.9953703703703703 0.2890625 0.9851851851851852 0.2869791666666667 0.9657407407407408 0.2828125 0.962037037037037 0.2760416666666667 0.9740740740740741 0.275 0.9722222222222222 0.275 0.9657407407407408 0.2791666666666667 0.9555555555555556 0.28072916666666664 0.9416666666666667 0.28541666666666665 0.9388888888888889
1 0.5677083333333334 0.3861111111111111 0.5739583333333333 0.3972222222222222 0.5703125 0.4305555555555556 0.565625 0.43425925925925923 0.5630208333333333 0.4324074074074074 0.5614583333333333 0.4027777777777778 0.5671875 0.387037037037037
1 0.3671875 0.4648148148148148 0.37395833333333334 0.4759259259259259 0.375 0.49074074074074076 0.37916666666666665 0.4981481481481482 0.3734375 0.5083333333333333 0.3703125 0.5212962962962963 0.3692708333333333 0.5 0.36354166666666665 0.48333333333333334 0.3645833333333333 0.4675925925925926 0.36666666666666664 0.4648148148148148
1 0.5567708333333333 0.5305555555555556 0.5484375 0.5018518518518519 0.55 0.487962962962963 0.5557291666666667 0.48055555555555557 0.5583333333333333 0.48055555555555557 0.5625 0.4925925925925926 0.5572916666666666 0.5296296296296297
1 0.24270833333333333 0.9537037037037037 0.24895833333333334 0.9611111111111111 0.2515625 0.9703703703703703 0.25104166666666666 0.9777777777777777 0.253125 0.9814814814814815 0.26927083333333335 0.9814814814814815 0.2682291666666667 0.9898148148148148 0.2557291666666667 0.9990740740740741 0.23854166666666668 0.9990740740740741 0.23541666666666666 0.9796296296296296 0.22447916666666667 0.9694444444444444 0.22760416666666666 0.9601851851851851 0.2421875 0.9537037037037037
1 0.2859375 0.10462962962962963 0.290625 0.11388888888888889 0.2942708333333333 0.13333333333333333 0.2859375 0.14074074074074075 0.2864583333333333 0.1287037037037037 0.2828125 0.11018518518518519 0.28541666666666665 0.10555555555555556
1 0.49505208333333334 0.3523148148148148 0.011979166666666667 0.049074074074074076
1 0.38333333333333336 0.45555555555555555 0.38697916666666665 0.4564814814814815 0.39427083333333335 0.4703703703703704 0.396875 0.48703703703703705 0.3921875 0.4935185185185185 0.39010416666666664 0.5111111111111111 0.38697916666666665 0.512962962962963 0.38645833333333335 0.49444444444444446 0.3796875 0.4703703703703704 0.38333333333333336 0.4564814814814815
1 0.6755208333333333 0.7944444444444444 0.6786458333333333 0.8 0.6796875 0.8231481481481482 0.6682291666666667 0.8527777777777777 0.6614583333333334 0.8611111111111112 0.6572916666666667 0.8592592592592593 0.6578125 0.8472222222222222 0.6645833333333333 0.8175925925925925 0.6703125 0.8064814814814815 0.6713541666666667 0.7962962962962963 0.675 0.7944444444444444
1 0.0234375 0.3907407407407407 0.03854166666666667 0.42407407407407405 0.033854166666666664 0.42777777777777776 0.021354166666666667 0.4185185185185185 0.0171875 0.4074074074074074 0.0171875 0.39351851851851855 0.019791666666666666 0.38981481481481484 0.022916666666666665 0.3907407407407407
1 0.2708333333333333 0.5787037037037037 0.2786458333333333 0.5879629629629629 0.2833333333333333 0.5981481481481481 0.28020833333333334 0.6185185185185185 0.27708333333333335 0.6222222222222222 0.26979166666666665 0.6074074074074074 0.265625 0.5851851851851851 0.2677083333333333 0.5787037037037037 0.2703125 0.5787037037037037
1 0.615625 0.21388888888888888 0.61875 0.23425925925925925 0.6125 0.2564814814814815 0.6109375 0.25462962962962965 0.6098958333333333 0.23333333333333334 0.6125 0.21481481481481482 0.6151041666666667 0.21388888888888888
1 0.640625 0.12222222222222222 0.6401041666666667 0.0962962962962963 0.64375 0.08333333333333333 0.6473958333333333 0.08333333333333333 0.6489583333333333 0.09907407407407408 0.6447916666666667 0.12222222222222222 0.6411458333333333 0.12222222222222222
1 0.359375 0.03796296296296296 0.3625 0.05277777777777778 0.3619791666666667 0.062037037037037036 0.35885416666666664 0.07037037037037037 0.35572916666666665 0.07037037037037037 0.35625 0.05648148148148148 0.3546875 0.04814814814814815 0.35520833333333335 0.040740740740740744 0.35885416666666664 0.03796296296296296
1 0.17916666666666667 0.1925925925925926 0.18541666666666667 0.2175925925925926 0.18541666666666667 0.22685185185185186 0.18177083333333333 0.22685185185185186 0.17395833333333333 0.2064814814814815 0.175 0.19444444444444445 0.17864583333333334 0.1925925925925926
1 0.058333333333333334 0.3416666666666667 0.0671875 0.3435185185185185 0.07604166666666666 0.37037037037037035 0.07447916666666667 0.37962962962962965 0.06822916666666666 0.38333333333333336 0.06510416666666667 0.36944444444444446 0.0578125 0.3509259259259259 0.058333333333333334 0.3425925925925926
1 0.8432291666666667 0.1787037037037037 0.8427083333333333 0.19814814814814816 0.8348958333333333 0.21574074074074073 0.8338541666666667 0.2074074074074074 0.8296875 0.20185185185185187 0.8375 0.1814814814814815 0.8427083333333333 0.1787037037037037
1 0.6578125 0.23333333333333334 0.6619791666666667 0.24722222222222223 0.659375 0.26851851851851855 0.6572916666666667 0.275 0.6510416666666666 0.2824074074074074 0.6510416666666666 0.24537037037037038 0.6541666666666667 0.2351851851851852 0.6572916666666667 0.23333333333333334
1 0.8671875 0.17962962962962964 0.8723958333333334 0.1824074074074074 0.8739583333333333 0.18981481481481483 0.8692708333333333 0.19814814814814816 0.8651041666666667 0.21666666666666667 0.8630208333333333 0.21851851851851853 0.8583333333333333 0.21666666666666667 0.8583333333333333 0.2101851851851852 0.8619791666666666 0.18888888888888888 0.8666666666666667 0.17962962962962964
1 0.5817708333333333 0.47685185185185186 0.5880208333333333 0.4898148148148148 0.5885416666666666 0.5027777777777778 0.5848958333333333 0.5175925925925926 0.578125 0.5324074074074074 0.5755208333333334 0.5296296296296297 0.5744791666666667 0.49166666666666664 0.58125 0.47685185185185186
1 0.6515625 0.3574074074074074 0.6526041666666667 0.37592592592592594 0.65 0.4046296296296296 0.6479166666666667 0.4101851851851852 0.64375 0.40555555555555556 0.6395833333333333 0.3907407407407407 0.6427083333333333 0.38425925925925924 0.6442708333333333 0.3685185185185185 0.6510416666666666 0.3574074074074074
1 0.15989583333333332 0.17777777777777778 0.16614583333333333 0.19074074074074074 0.165625 0.21388888888888888 0.1625 0.21296296296296297 0.15416666666666667 0.1925925925925926 0.15416666666666667 0.1814814814814815 0.15729166666666666 0.17685185185185184 0.159375 0.17777777777777778
1 0.5723958333333333 0.3680555555555556 0.0125 0.05277777777777778
1 0.6026041666666667 0.19722222222222222 0.60625 0.2074074074074074 0.60625 0.22407407407407406 0.603125 0.23703703703703705 0.6 0.24074074074074073 0.5973958333333333 0.23796296296296296 0.5958333333333333 0.22407407407407406 0.6 0.2 0.6020833333333333 0.19722222222222222
1 0.6565104166666667 0.37037037037037035 0.009895833333333333 0.04814814814814815
1 0.6166666666666667 0.14351851851851852 0.6213541666666667 0.1527777777777778 0.6213541666666667 0.16111111111111112 0.6161458333333333 0.1824074074074074 0.6130208333333333 0.18611111111111112 0.6114583333333333 0.18518518518518517 0.6119791666666666 0.1537037037037037 0.6161458333333333 0.14351851851851852
1 0.8208333333333333 0.2 0.8244791666666667 0.20925925925925926 0.8244791666666667 0.2175925925925926 0.8140625 0.24351851851851852 0.8098958333333334 0.24259259259259258 0.8114583333333333 0.22407407407407406 0.8140625 0.20925925925925926 0.8171875 0.20092592592592592 0.8203125 0.2
1 0.6890625 0.23333333333333334 0.6927083333333334 0.2351851851851852 0.6958333333333333 0.24722222222222223 0.6927083333333334 0.27314814814814814 0.6885416666666667 0.2759259259259259 0.6864583333333333 0.2490740740740741 0.6890625 0.24166666666666667 0.6890625 0.23425925925925925
1 0.328125 0.06759259259259259 0.33229166666666665 0.07777777777777778 0.33125 0.0962962962962963 0.32708333333333334 0.09537037037037037 0.32447916666666665 0.08148148148148149 0.32395833333333335 0.07037037037037037 0.32760416666666664 0.06759259259259259