0 0.42604166666666665 0.8453703703703703 0.4296875 0.8490740740740741 0.42864583333333334 0.8675925925925926 0.4239583333333333 0.8796296296296297 0.41510416666666666 0.8935185185185185 0.41510416666666666 0.9037037037037037 0.40989583333333335 0.9101851851851852 0.4078125 0.9222222222222223 0.4015625 0.9296296296296296 0.39791666666666664 0.9435185185185185 0.39427083333333335 0.9472222222222222 0.390625 0.937962962962963 0.39375 0.9027777777777778 0.4005208333333333 0.8935185185185185 0.4125 0.8583333333333333 0.41770833333333335 0.85 0.42552083333333335 0.8453703703703703
0 0.1765625 0.13518518518518519 0.18125 0.15092592592592594 0.1796875 0.1638888888888889 0.15572916666666667 0.1935185185185185 0.1484375 0.20833333333333334 0.13854166666666667 0.21203703703703702 0.12239583333333333 0.20925925925925926 0.1125 0.1962962962962963 0.11197916666666667 0.18796296296296297 0.121875 0.1574074074074074 0.13333333333333333 0.14351851851851852 0.14010416666666667 0.1398148148148148 0.1484375 0.1388888888888889 0.159375 0.13240740740740742 0.17604166666666668 0.13518518518518519
0 0.56875 0.14351851851851852 0.575 0.15648148148148147 0.578125 0.17222222222222222 0.578125 0.18425925925925926 0.5744791666666667 0.2101851851851852 0.5708333333333333 0.21944444444444444 0.5677083333333334 0.2212962962962963 0.5473958333333333 0.18703703703703703 0.5463541666666667 0.1814814814814815 0.5520833333333334 0.14629629629629629 0.5682291666666667 0.14351851851851852
0 0.7427083333333333 0.08425925925925926 0.7510416666666667 0.09814814814814815 0.7536458333333333 0.1398148148148148 0.7520833333333333 0.16111111111111112 0.7479166666666667 0.17037037037037037 0.7442708333333333 0.17222222222222222 0.7229166666666667 0.1675925925925926 0.7197916666666667 0.16111111111111112 0.7192708333333333 0.14722222222222223 0.709375 0.14166666666666666 0.70625 0.13055555555555556 0.7078125 0.11018518518518519 0.7177083333333333 0.10925925925925926 0.7239583333333334 0.08611111111111111 0.7296875 0.08333333333333333 0.7421875 0.08425925925925926
0 0.6489583333333333 0.8657407407407407 0.6520833333333333 0.8712962962962963 0.6578125 0.8972222222222223 0.6552083333333333 0.9074074074074074 0.6588541666666666 0.9166666666666666 0.65625 0.9740740740740741 0.6526041666666667 0.9777777777777777 0.6473958333333333 0.9777777777777777 0.6421875 0.9685185185185186 0.6416666666666667 0.9481481481481482 0.634375 0.9037037037037037 0.6369791666666667 0.8722222222222222 0.6427083333333333 0.8638888888888889 0.6484375 0.8657407407407407
0 0.3416666666666667 0.23148148148148148 0.3515625 0.2388888888888889 0.3536458333333333 0.24444444444444444 0.3536458333333333 0.2564814814814815 0.35104166666666664 0.2712962962962963 0.3453125 0.28055555555555556 0.33541666666666664 0.2898148148148148 0.3307291666666667 0.28888888888888886 0.328125 0.2777777777777778 0.32864583333333336 0.26944444444444443 0.3338541666666667 0.2518518518518518 0.33489583333333334 0.24166666666666667 0.3385416666666667 0.23333333333333334 0.3411458333333333 0.2324074074074074
0 0.6713541666666667 0.06666666666666667 0.6786458333333333 0.0787037037037037 0.6807291666666667 0.09351851851851851 0.6791666666666667 0.10833333333333334 0.6755208333333333 0.11018518518518519 0.66875 0.1037037037037037 0.6552083333333333 0.10092592592592593 0.6520833333333333 0.08796296296296297 0.6536458333333334 0.07685185185185185 0.6645833333333333 0.06759259259259259 0.6708333333333333 0.06666666666666667
0 0.025 0.2777777777777778 0.0359375 0.2824074074074074 0.043229166666666666 0.2898148148148148 0.04479166666666667 0.2962962962962963 0.03958333333333333 0.3074074074074074 0.022395833333333334 0.3277777777777778 0.015625 0.32592592592592595 0.011979166666666667 0.31851851851851853 0.00625 0.3138888888888889 0.005729166666666666 0.3074074074074074 0.0078125 0.30092592592592593 0.007291666666666667 0.28888888888888886 0.015625 0.3 0.016666666666666666 0.2953703703703704 0.013541666666666667 0.2814814814814815 0.024479166666666666 0.2777777777777778
0 0.3145833333333333 0.075 0.33489583333333334 0.0824074074074074 0.3385416666666667 0.09444444444444444 0.3380208333333333 0.10648148148148148 0.321875 0.125 0.32083333333333336 0.13703703703703704 0.3182291666666667 0.14351851851851852 0.29635416666666664 0.13703703703703704 0.290625 0.12129629629629629 0.29270833333333335 0.10185185185185185 0.2984375 0.08333333333333333 0.30364583333333334 0.07592592592592592 0.3140625 0.075
0 0.27239583333333334 0 0.30416666666666664 0 0.3067708333333333 0.011111111111111112 0.30104166666666665 0.03425925925925926 0.28177083333333336 0.027777777777777776 0.26875 0.03518518518518519 0.25833333333333336 0.03611111111111111 0.2515625 0.006481481481481481 0.25833333333333336 0.008333333333333333 0.25677083333333334 0.011111111111111112 0.2578125 0.012962962962962963 0.2635416666666667 0.012962962962962963 0.27239583333333334 0.000925925925925926
0 0.3854166666666667 0.24814814814814815 0.4015625 0.2611111111111111 0.40625 0.2722222222222222 0.4078125 0.2824074074074074 0.4046875 0.30648148148148147 0.4010416666666667 0.3148148148148148 0.3927083333333333 0.31851851851851853 0.3854166666666667 0.3314814814814815 0.3770833333333333 0.3509259259259259 0.371875 0.36944444444444446 0.35625 0.37962962962962965 0.3458333333333333 0.3768518518518518 0.33489583333333334 0.36574074074074076 0.3328125 0.35462962962962963 0.334375 0.33240740740740743 0.34375 0.3138888888888889 0.34479166666666666 0.30092592592592593 0.35 0.2953703703703704 0.3625 0.26944444444444443 0.3765625 0.2490740740740741 0.3848958333333333 0.24814814814814815
0 0.7854166666666667 0.5305555555555556 0.8229166666666666 0.5537037037037037 0.8390625 0.5777777777777777 0.8489583333333334 0.5861111111111111 0.8526041666666667 0.5944444444444444 0.8546875 0.6185185185185185 0.8520833333333333 0.6398148148148148 0.8453125 0.6537037037037037 0.834375 0.6583333333333333 0.825 0.6546296296296297 0.8151041666666666 0.6416666666666667 0.7817708333333333 0.6203703703703703 0.775 0.6166666666666667 0.765625 0.6175925925925926 0.7583333333333333 0.612037037037037 0.7536458333333333 0.5953703703703703 0.7536458333333333 0.575 0.7583333333333333 0.549074074074074 0.7640625 0.5370370370370371 0.7755208333333333 0.5277777777777778 0.7848958333333333 0.5305555555555556
0 0.9317708333333333 0.6166666666666667 0.9526041666666667 0.6222222222222222 0.9776041666666667 0.6351851851851852 0.9994791666666667 0.6509259259259259 0.9994791666666667 0.75 0.9895833333333334 0.7388888888888889 0.9473958333333333 0.7101851851851851 0.928125 0.7064814814814815 0.9145833333333333 0.6861111111111111 0.9104166666666667 0.675 0.9109375 0.6342592592592593 0.9203125 0.6185185185185185 0.93125 0.6166666666666667
0 0.3375 0.7361111111111112 0.34427083333333336 0.7398148148148148 0.3484375 0.7555555555555555 0.35625 0.7685185185185185 0.35260416666666666 0.7824074074074074 0.34270833333333334 0.8037037037037037 0.3015625 0.85 0.2859375 0.8481481481481481 0.284375 0.8416666666666667 0.2864583333333333 0.8342592592592593 0.2859375 0.8240740740740741 0.27760416666666665 0.8138888888888889 0.27395833333333336 0.8009259259259259 0.27291666666666664 0.7805555555555556 0.27447916666666666 0.775 0.284375 0.7601851851851852 0.3067708333333333 0.7425925925925926 0.321875 0.7342592592592593 0.33697916666666666 0.7361111111111112
0 0.8494791666666667 0.4962962962962963 0.8682291666666667 0.5046296296296297 0.8973958333333333 0.5342592592592592 0.8979166666666667 0.5509259259259259 0.8942708333333333 0.5638888888888889 0.8916666666666667 0.5851851851851851 0.8822916666666667 0.5953703703703703 0.8770833333333333 0.5972222222222222 0.8453125 0.5787037037037037 0.8265625 0.5546296296296296 0.8203125 0.55 0.8223958333333333 0.5296296296296297 0.8276041666666667 0.5148148148148148 0.8369791666666667 0.5092592592592593 0.84375 0.4981481481481482 0.8489583333333334 0.4962962962962963
0 0.6244791666666667 0.8694444444444445 0.6270833333333333 0.8759259259259259 0.6291666666666667 0.8916666666666667 0.625 0.9203703703703704 0.6296875 0.9425925925925925 0.6260416666666667 0.9611111111111111 0.6239583333333333 0.9657407407407408 0.6197916666666666 0.9675925925925926 0.6151041666666667 0.9666666666666667 0.6114583333333333 0.962037037037037 0.6052083333333333 0.9314814814814815 0.6078125 0.9231481481481482 0.6098958333333333 0.8861111111111111 0.6119791666666666 0.8768518518518519 0.61875 0.8685185185185185 0.6239583333333333 0.8694444444444445
0 0.1125 0.525 0.12291666666666666 0.5314814814814814 0.15989583333333332 0.5666666666666667 0.17604166666666668 0.600925925925926 0.18645833333333334 0.6175925925925926 0.18697916666666667 0.6240740740740741 0.18020833333333333 0.6481481481481481 0.16927083333333334 0.675 0.14010416666666667 0.7305555555555555 0.13333333333333333 0.7574074074074074 0.12239583333333333 0.7777777777777778 0.1125 0.7861111111111111 0.08020833333333334 0.8472222222222222 0.07135416666666666 0.8601851851851852 0.007291666666666667 0.7972222222222223 0 0.7935185185185185 0 0.7055555555555556 0.07083333333333333 0.5833333333333334 0.09010416666666667 0.5527777777777778 0.0984375 0.5444444444444444 0.10260416666666666 0.5305555555555556 0.11197916666666667 0.525
0 0.5598958333333334 0.025 0.5661458333333333 0.03333333333333333 0.5666666666666667 0.03796296296296296 0.5645833333333333 0.046296296296296294 0.5635416666666667 0.06944444444444445 0.5604166666666667 0.0787037037037037 0.5552083333333333 0.08148148148148149 0.5505208333333333 0.08888888888888889 0.5442708333333334 0.07407407407407407 0.5458333333333333 0.03518518518518519 0.5505208333333333 0.024074074074074074 0.559375 0.025
0 0.7317708333333334 0.8981481481481481 0.7411458333333333 0.9046296296296297 0.7432291666666667 0.9111111111111111 0.7427083333333333 0.9388888888888889 0.7390625 0.9574074074074074 0.7411458333333333 0.9611111111111111 0.75 0.9629629629629629 0.7510416666666667 0.9685185185185186 0.7411458333333333 0.9907407407407407 0.7302083333333333 0.9990740740740741 0.7203125 0.9990740740740741 0.71875 0.9944444444444445 0.7213541666666666 0.9861111111111112 0.7192708333333333 0.9722222222222222 0.7192708333333333 0.924074074074074 0.7239583333333334 0.9074074074074074 0.728125 0.899074074074074 0.73125 0.8981481481481481
0 0.24895833333333334 0.16111111111111112 0.2546875 0.16666666666666666 0.25833333333333336 0.175 0.26197916666666665 0.1962962962962963 0.26197916666666665 0.2037037037037037 0.2552083333333333 0.2222222222222222 0.2552083333333333 0.23333333333333334 0.2526041666666667 0.2388888888888889 0.23385416666666667 0.23796296296296296 0.23072916666666668 0.2351851851851852 0.22760416666666666 0.22962962962962963 0.2234375 0.20925925925925926 0.2234375 0.19074074074074074 0.23385416666666667 0.1648148148148148 0.23854166666666668 0.16111111111111112 0.2484375 0.16111111111111112
0 0.2375 0.5787037037037037 0.23958333333333334 0.5814814814814815 0.24114583333333334 0.5953703703703703 0.240625 0.6083333333333333 0.23385416666666667 0.6222222222222222 0.22239583333333332 0.637962962962963 0.21666666666666667 0.6583333333333333 0.21302083333333333 0.6620370370370371 0.20625 0.6601851851851852 0.2 0.6398148148148148 0.20208333333333334 0.6138888888888889 0.20677083333333332 0.5953703703703703 0.20989583333333334 0.5879629629629629 0.21354166666666666 0.5851851851851851 0.22447916666666667 0.5833333333333334 0.23229166666666667 0.5768518518518518 0.23697916666666666 0.5787037037037037
0 0.70625 0.36944444444444446 0.728125 0.38981481481481484 0.734375 0.4009259259259259 0.7348958333333333 0.42592592592592593 0.7296875 0.4462962962962963 0.7296875 0.4527777777777778 0.7270833333333333 0.45740740740740743 0.7083333333333334 0.4527777777777778 0.6895833333333333 0.43425925925925923 0.6786458333333333 0.4324074074074074 0.6755208333333333 0.425 0.6755208333333333 0.4101851851851852 0.684375 0.38055555555555554 0.6916666666666667 0.3685185185185185 0.6958333333333333 0.36574074074074076 0.7057291666666666 0.36944444444444446
0 0.9635416666666666 0.7814814814814814 0.9708333333333333 0.7861111111111111 0.9682291666666667 0.7898148148148149 0.9697916666666667 0.7925925925925926 0.9713541666666666 0.787962962962963 0.9770833333333333 0.7916666666666666 0.9807291666666667 0.8018518518518518 0.9817708333333334 0.8157407407407408 0.9802083333333333 0.8277777777777777 0.9598958333333333 0.8296296296296296 0.9416666666666667 0.8240740740740741 0.9296875 0.8138888888888889 0.9265625 0.8064814814814815 0.9432291666666667 0.7870370370370371 0.95 0.7898148148148149 0.95625 0.8074074074074075 0.9630208333333333 0.8092592592592592 0.9682291666666667 0.8 0.9635416666666666 0.7861111111111111 0.9604166666666667 0.7824074074074074 0.9630208333333333 0.7814814814814814
0 0.290625 0.02962962962962963 0.2953125 0.03611111111111111 0.30364583333333334 0.07407407407407407 0.2989583333333333 0.08148148148148149 0.2875 0.11296296296296296 0.27239583333333334 0.12314814814814815 0.2552083333333333 0.11203703703703703 0.24479166666666666 0.06296296296296296 0.259375 0.03888888888888889 0.28229166666666666 0.027777777777777776 0.29010416666666666 0.02962962962962963
0 0.06354166666666666 0.48148148148148145 0.07083333333333333 0.487962962962963 0.07604166666666666 0.5037037037037037 0.07552083333333333 0.5342592592592592 0.07083333333333333 0.5425925925925926 0.06458333333333334 0.5407407407407407 0.059375 0.5342592592592592 0.057291666666666664 0.5296296296296297 0.05625 0.5175925925925926 0.04791666666666667 0.5 0.04739583333333333 0.4898148148148148 0.04895833333333333 0.4861111111111111 0.06302083333333333 0.48148148148148145
0 0.6942708333333333 0.5277777777777778 0.70625 0.5351851851851852 0.7338541666666667 0.5601851851851852 0.7369791666666666 0.575925925925926 0.7375 0.5935185185185186 0.7354166666666667 0.6101851851851852 0.7375 0.6194444444444445 0.7317708333333334 0.6277777777777778 0.7239583333333334 0.6231481481481481 0.709375 0.6212962962962963 0.6859375 0.6055555555555555 0.6770833333333334 0.6064814814814815 0.6713541666666667 0.600925925925926 0.6692708333333334 0.5814814814814815 0.6765625 0.562037037037037 0.6786458333333333 0.5481481481481482 0.6885416666666667 0.5287037037037037 0.69375 0.5277777777777778
0 0.5291666666666667 0.011111111111111112 0.5375 0.01574074074074074 0.5380208333333333 0.04537037037037037 0.5359375 0.05925925925925926 0.5234375 0.075 0.5213541666666667 0.07407407407407407 0.5182291666666666 0.06388888888888888 0.5171875 0.032407407407407406 0.5223958333333333 0.012037037037037037 0.5286458333333334 0.011111111111111112
0 0.9833333333333333 0.4824074074074074 0.9942708333333333 0.4925925925925926 0.9994791666666667 0.5055555555555555 0.9994791666666667 0.5592592592592592 0.984375 0.5648148148148148 0.9765625 0.5601851851851852 0.9739583333333334 0.55 0.96875 0.5407407407407407 0.9682291666666667 0.5185185185185185 0.965625 0.5120370370370371 0.9661458333333334 0.49722222222222223 0.96875 0.49074074074074076 0.9765625 0.48333333333333334 0.9828125 0.4824074074074074
0 0.5234375 0.8342592592592593 0.5291666666666667 0.850925925925926 0.5322916666666667 0.8731481481481481 0.5364583333333334 0.8694444444444445 0.5395833333333333 0.8712962962962963 0.5411458333333333 0.8768518518518519 0.5395833333333333 0.9277777777777778 0.5333333333333333 0.9398148148148148 0.5286458333333334 0.9388888888888889 0.525 0.9138888888888889 0.51875 0.9037037037037037 0.5119791666666667 0.8759259259259259 0.5104166666666666 0.8583333333333333 0.5114583333333333 0.8379629629629629 0.5182291666666666 0.8324074074074074 0.5229166666666667 0.8342592592592593
0 0.6177083333333333 0.31574074074074077 0.6229166666666667 0.3175925925925926 0.6296875 0.32592592592592595 0.6453125 0.35555555555555557 0.6447916666666667 0.37962962962962965 0.6401041666666667 0.3972222222222222 0.6411458333333333 0.40555555555555556 0.6369791666666667 0.412962962962963 0.6333333333333333 0.4111111111111111 0.6307291666666667 0.4027777777777778 0.6182291666666667 0.3972222222222222 0.603125 0.375 0.596875 0.36944444444444446 0.5958333333333333 0.34814814814814815 0.6020833333333333 0.32407407407407407 0.6088541666666667 0.3175925925925926 0.6171875 0.31574074074074077
0 0.5989583333333334 0.05092592592592592 0.6052083333333333 0.05648148148148148 0.6130208333333333 0.07314814814814814 0.6244791666666667 0.11296296296296296 0.6223958333333334 0.13148148148148148 0.61875 0.13703703703703704 0.6114583333333333 0.1398148148148148 0.5942708333333333 0.1361111111111111 0.590625 0.12222222222222222 0.5776041666666667 0.09537037037037037 0.5776041666666667 0.07777777777777778 0.5802083333333333 0.06111111111111111 0.5869791666666667 0.05185185185185185 0.5984375 0.05092592592592592
0 0.7604166666666666 0.4675925925925926 0.7729166666666667 0.5018518518518519 0.775 0.524074074074074 0.7729166666666667 0.5296296296296297 0.7682291666666666 0.5333333333333333 0.7625 0.5324074074074074 0.7572916666666667 0.5203703703703704 0.7515625 0.5194444444444445 0.7359375 0.5083333333333333 0.7317708333333334 0.4981481481481482 0.7333333333333333 0.4861111111111111 0.7375 0.4759259259259259 0.7447916666666666 0.48055555555555557 0.7484375 0.47962962962962963 0.7552083333333334 0.4675925925925926 0.7598958333333333 0.4675925925925926
0 0.61875 0 0.6427083333333333 0 0.6421875 0.016666666666666666 0.6380208333333334 0.03611111111111111 0.6338541666666667 0.04722222222222222 0.6265625 0.05740740740740741 0.6088541666666667 0.053703703703703705 0.6057291666666667 0.046296296296296294 0.6114583333333333 0.01574074074074074 0.61875 0.000925925925925926
0 0.7489583333333333 0.22314814814814815 0.75625 0.22870370370370371 0.7682291666666666 0.24537037037037038 0.778125 0.25277777777777777 0.784375 0.262037037037037 0.7864583333333334 0.27314814814814814 0.7864583333333334 0.287962962962963 0.7822916666666667 0.3 0.7765625 0.30462962962962964 0.7588541666666667 0.30092592592592593 0.7473958333333334 0.2898148148148148 0.7458333333333333 0.22685185185185186 0.7484375 0.22314814814814815
0 0.7182291666666667 0 0.725 0 0.7348958333333333 0.011111111111111112 0.7395833333333334 0.025 0.746875 0.06111111111111111 0.7463541666666667 0.08148148148148149 0.7447916666666666 0.08425925925925926 0.73125 0.0824074074074074 0.7234375 0.08703703703703704 0.7203125 0.09259259259259259 0.7145833333333333 0.08703703703703704 0.7041666666666667 0.05648148148148148 0.703125 0.04259259259259259 0.7072916666666667 0.013888888888888888 0.7130208333333333 0.004629629629629629 0.7182291666666667 0.000925925925925926
1 0.40260416666666665 0.5055555555555555 0.4078125 0.5138888888888888 0.41041666666666665 0.5388888888888889 0.41041666666666665 0.5564814814814815 0.4078125 0.5657407407407408 0.4046875 0.5638888888888889 0.40520833333333334 0.5564814814814815 0.40260416666666665 0.5425925925925926 0.39739583333333334 0.5342592592592592 0.3953125 0.525 0.39739583333333334 0.5074074074074074 0.39895833333333336 0.5046296296296297 0.40208333333333335 0.5055555555555555
1 0.765625 0.14629629629629629 0.7692708333333333 0.14722222222222223 0.7708333333333334 0.15092592592592594 0.7703125 0.16296296296296298 0.765625 0.18518518518518517 0.759375 0.18518518518518517 0.7614583333333333 0.16111111111111112 0.7651041666666667 0.14722222222222223
1 0.7515625 0.29259259259259257 0.7541666666666667 0.30277777777777776 0.75 0.31574074074074077 0.7479166666666667 0.3388888888888889 0.7442708333333333 0.33796296296296297 0.7427083333333333 0.32314814814814813 0.7411458333333333 0.32222222222222224 0.7375 0.3296296296296296 0.7333333333333333 0.32407407407407407 0.740625 0.3138888888888889 0.7427083333333333 0.3 0.7479166666666667 0.2916666666666667 0.7510416666666667 0.29259259259259257
1 0.8505208333333333 0.15925925925925927 0.8536458333333333 0.1648148148148148 0.8546875 0.17407407407407408 0.8479166666666667 0.18888888888888888 0.8453125 0.20185185185185187 0.8421875 0.20555555555555555 0.8401041666666667 0.2 0.8416666666666667 0.18425925925925926 0.8473958333333333 0.16111111111111112 0.85 0.15925925925925927
1 0.140625 0.03148148148148148 0.14375 0.03518518518518519 0.146875 0.04814814814814815 0.14427083333333332 0.05740740740740741 0.140625 0.05740740740740741 0.13385416666666666 0.03981481481481482 0.13645833333333332 0.03148148148148148 0.14010416666666667 0.03148148148148148
1 0.7515625 0.35648148148148145 0.753125 0.35185185185185186 0.7598958333333333 0.35 0.7583333333333333 0.3351851851851852 0.7682291666666666 0.32407407407407407 0.7729166666666667 0.32407407407407407 0.7729166666666667 0.33055555555555555 0.7635416666666667 0.3648148148148148 0.759375 0.3675925925925926 0.7578125 0.36574074074074076 0.7583333333333333 0.3574074074074074 0.7520833333333333 0.35648148148148145
1 0.9427083333333334 0.5435185185185185 0.9510416666666667 0.524074074074074 0.9625 0.5138888888888888 0.9671875 0.5157407407407407 0.96875 0.5305555555555556 0.9682291666666667 0.5361111111111111 0.9625 0.5425925925925926 0.9557291666666666 0.5564814814814815 0.94375 0.5537037037037037 0.9427083333333334 0.5444444444444444
1 0.8817708333333333 0.4388888888888889 0.8833333333333333 0.44074074074074077 0.8817708333333333 0.46296296296296297 0.8734375 0.4888888888888889 0.8666666666666667 0.47685185185185186 0.859375 0.47129629629629627 0.8588541666666667 0.4675925925925926 0.88125 0.4388888888888889
1 0.3734375 0.49166666666666664 0.3802083333333333 0.5 0.37916666666666665 0.525 0.3770833333333333 0.5324074074074074 0.37083333333333335 0.524074074074074 0.365625 0.5046296296296297 0.36614583333333334 0.49537037037037035 0.36875 0.49074074074074076 0.3729166666666667 0.49166666666666664
1 0.37395833333333334 0.7907407407407407 0.37552083333333336 0.8018518518518518 0.3848958333333333 0.8175925925925925 0.3828125 0.8314814814814815 0.3765625 0.8407407407407408 0.37447916666666664 0.8333333333333334 0.36666666666666664 0.8268518518518518 0.3645833333333333 0.8148148148148148 0.3645833333333333 0.8046296296296296 0.36822916666666666 0.7935185185185185 0.3734375 0.7907407407407407
1 0.7239583333333334 0.2916666666666667 0.7234375 0.2861111111111111 0.7265625 0.2796296296296296 0.7307291666666667 0.2601851851851852 0.7348958333333333 0.2490740740740741 0.7375 0.2490740740740741 0.7395833333333334 0.2601851851851852 0.7359375 0.27870370370370373 0.7359375 0.2962962962962963 0.734375 0.29907407407407405 0.7328125 0.2972222222222222 0.7307291666666667 0.2833333333333333 0.7244791666666667 0.29074074074074074
1 0.005208333333333333 0.21296296296296297 0.013541666666666667 0.21944444444444444 0.017708333333333333 0.22962962962962963 0.024479166666666666 0.25833333333333336 0.022916666666666665 0.26296296296296295 0.0078125 0.2388888888888889 0.0026041666666666665 0.22037037037037038 0.0026041666666666665 0.21574074074074073 0.0046875 0.21296296296296297
1 0.0890625 0.5101851851851852 0.096875 0.5305555555555556 0.096875 0.5398148148148149 0.09166666666666666 0.55 0.08697916666666666 0.5472222222222223 0.0828125 0.5268518518518519 0.084375 0.5111111111111111 0.08854166666666667 0.5101851851851852
1 0.12291666666666666 0.07314814814814814 0.12708333333333333 0.08333333333333333 0.13229166666666667 0.1111111111111111 0.1296875 0.11296296296296296 0.11510416666666666 0.08425925925925926 0.11666666666666667 0.07592592592592592 0.12239583333333333 0.07407407407407407
1 0.3729166666666667 0.612037037037037 0.38229166666666664 0.612037037037037 0.3890625 0.6231481481481481 0.38697916666666665 0.65 0.3802083333333333 0.6546296296296297 0.3765625 0.6657407407407407 0.3723958333333333 0.6675925925925926 0.37395833333333334 0.649074074074074 0.3729166666666667 0.6129629629629629
1 0.050520833333333334 0.15833333333333333 0.06145833333333333 0.17777777777777778 0.0625 0.18333333333333332 0.06927083333333334 0.19166666666666668 0.06822916666666666 0.1962962962962963 0.0625 0.19444444444444445 0.0640625 0.2037037037037037 0.0609375 0.2064814814814815 0.04583333333333333 0.175 0.044270833333333336 0.1648148148148148 0.046875 0.15925925925925927 0.05 0.15833333333333333
1 0.44479166666666664 0.45925925925925926 0.44947916666666665 0.4638888888888889 0.45208333333333334 0.47314814814814815 0.4515625 0.49074074074074076 0.44583333333333336 0.5120370370370371 0.4427083333333333 0.5120370370370371 0.4427083333333333 0.4935185185185185 0.43802083333333336 0.4703703703703704 0.4390625 0.46296296296296297 0.4421875 0.4583333333333333 0.44427083333333334 0.45925925925925926
1 0.45260416666666664 0.017592592592592594 0.45625 0.019444444444444445 0.459375 0.03148148148148148 0.4609375 0.05462962962962963 0.45989583333333334 0.062037037037037036 0.453125 0.06574074074074074 0.4510416666666667 0.06388888888888888 0.45260416666666664 0.018518518518518517
1 0.8265625 0.47685185185185186 0.8416666666666667 0.44351851851851853 0.8489583333333334 0.4398148148148148 0.8541666666666666 0.4425925925925926 0.8463541666666666 0.47129629629629627 0.8380208333333333 0.4898148148148148 0.8348958333333333 0.49074074074074076 0.83125 0.4824074074074074 0.8276041666666667 0.4842592592592593 0.8265625 0.4777777777777778
1 0.0625 0.12407407407407407 0.06927083333333334 0.13333333333333333 0.0734375 0.14537037037037037 0.071875 0.15092592592592594 0.06770833333333333 0.15462962962962962 0.05677083333333333 0.1361111111111111 0.058333333333333334 0.12685185185185185 0.06197916666666667 0.12407407407407407
1 0.890625 0.475 0.8932291666666666 0.4842592592592593 0.8901041666666667 0.49722222222222223 0.8765625 0.512962962962963 0.8729166666666667 0.5083333333333333 0.8765625 0.48518518518518516 0.8822916666666667 0.47685185185185186 0.8901041666666667 0.475
1 0.29791666666666666 0.8898148148148148 0.3 0.8972222222222223 0.3067708333333333 0.9055555555555556 0.3072916666666667 0.9083333333333333 0.30416666666666664 0.9148148148148149 0.3078125 0.9203703703703704 0.3078125 0.925 0.303125 0.9296296296296296 0.29583333333333334 0.9203703703703704 0.29010416666666666 0.9324074074074075 0.2875 0.9333333333333333 0.28489583333333335 0.9314814814814815 0.2828125 0.9148148148148149 0.284375 0.8935185185185185 0.2890625 0.8870370370370371 0.29739583333333336 0.8898148148148148
1 0.7640625 0.07685185185185185 0.7651041666666667 0.08703703703703704 0.7552083333333334 0.11666666666666667 0.7515625 0.11574074074074074 0.7515625 0.08611111111111111 0.75625 0.07592592592592592 0.7619791666666667 0.07407407407407407 0.7635416666666667 0.07685185185185185
1 0.35260416666666666 0.5064814814814815 0.3614583333333333 0.5185185185185185 0.3625 0.5324074074074074 0.365625 0.5416666666666666 0.359375 0.5611111111111111 0.3484375 0.5324074074074074 0.3484375 0.5092592592592593 0.35208333333333336 0.5064814814814815
1 0.44583333333333336 0.7833333333333333 0.4484375 0.7861111111111111 0.4473958333333333 0.7962962962962963 0.45 0.8055555555555556 0.4588541666666667 0.8166666666666667 0.45989583333333334 0.8231481481481482 0.45625 0.825 0.44583333333333336 0.8175925925925925 0.4395833333333333 0.8324074074074074 0.4354166666666667 0.8324074074074074 0.43802083333333336 0.812037037037037 0.434375 0.7888888888888889 0.4453125 0.7833333333333333
1 0.37083333333333335 0.025925925925925925 0.375 0.03611111111111111 0.3776041666666667 0.05 0.3770833333333333 0.05648148148148148 0.3734375 0.06111111111111111 0.3697916666666667 0.06018518518518518 0.365625 0.03888888888888889 0.36614583333333334 0.028703703703703703 0.3703125 0.025925925925925925
1 0.45677083333333335 0.3101851851851852 0.45989583333333334 0.30833333333333335 0.46458333333333335 0.32037037037037036 0.46458333333333335 0.3453703703703704 0.45989583333333334 0.36574074074074076 0.45677083333333335 0.36574074074074076 0.4583333333333333 0.3490740740740741 0.4552083333333333 0.32592592592592595 0.45677083333333335 0.3111111111111111
1 0.3885416666666667 0.5009259259259259 0.39479166666666665 0.5185185185185185 0.39791666666666664 0.5370370370370371 0.39375 0.5398148148148149 0.390625 0.5333333333333333 0.38697916666666665 0.5527777777777778 0.38385416666666666 0.5564814814814815 0.38125 0.5546296296296296 0.3828125 0.5361111111111111 0.3802083333333333 0.5083333333333333 0.38229166666666664 0.5 0.3880208333333333 0.5009259259259259
1 0.1109375 0.06666666666666667 0.11458333333333333 0.0712962962962963 0.11822916666666666 0.09074074074074075 0.11614583333333334 0.10925925925925926 0.1125 0.10833333333333334 0.1078125 0.08888888888888889 0.10677083333333333 0.0712962962962963 0.11041666666666666 0.06666666666666667
1 0.8697916666666666 0.1925925925925926 0.8739583333333333 0.19814814814814816 0.8697916666666666 0.24074074074074073 0.8583333333333333 0.24166666666666667 0.8546875 0.23703703703703705 0.8557291666666667 0.22777777777777777 0.8625 0.2074074074074074 0.8692708333333333 0.1935185185185185
1 0.09583333333333334 0.08888888888888889 0.10260416666666666 0.08703703703703704 0.10677083333333333 0.09444444444444444 0.1109375 0.11203703703703703 0.11614583333333334 0.12037037037037036 0.115625 0.12685185185185185 0.1125 0.1259259259259259 0.10572916666666667 0.13333333333333333 0.10208333333333333 0.10925925925925926 0.09635416666666667 0.08981481481481482
1 0.2828125 0.5805555555555556 0.28958333333333336 0.5879629629629629 0.29375 0.5981481481481481 0.2942708333333333 0.6092592592592593 0.2984375 0.6212962962962963 0.2984375 0.6259259259259259 0.29375 0.6342592592592593 0.2786458333333333 0.6055555555555555 0.27760416666666665 0.5842592592592593 0.2791666666666667 0.5796296296296296 0.28229166666666666 0.5805555555555556
1 0.7348958333333333 0.7287037037037037 0.7385416666666667 0.7324074074074074 0.7401041666666667 0.7472222222222222 0.7390625 0.7546296296296297 0.7171875 0.7824074074074074 0.7151041666666667 0.7805555555555556 0.7151041666666667 0.7759259259259259 0.7197916666666667 0.7611111111111111 0.71875 0.7518518518518519 0.721875 0.7398148148148148 0.7260416666666667 0.7305555555555555 0.734375 0.7287037037037037
1 0.5989583333333334 0 0.6020833333333333 0.002777777777777778 0.6046875 0.013888888888888888 0.6005208333333333 0.04351851851851852 0.5989583333333334 0.04722222222222222 0.5953125 0.046296296296296294 0.5973958333333333 0.030555555555555555 0.5953125 0.014814814814814815 0.5989583333333334 0.000925925925925926
1 0.5958333333333333 0.016666666666666666 0.5979166666666667 0.025 0.5979166666666667 0.04259259259259259 0.5947916666666667 0.05 0.5901041666666667 0.049074074074074076 0.5895833333333333 0.03611111111111111 0.5916666666666667 0.022222222222222223 0.5953125 0.016666666666666666
1 0.07447916666666667 0.15 0.0828125 0.16111111111111112 0.08645833333333333 0.17407407407407408 0.09270833333333334 0.1787037037037037 0.09479166666666666 0.18425925925925926 0.084375 0.18055555555555555 0.08333333333333333 0.18611111111111112 0.08541666666666667 0.19537037037037036 0.08489583333333334 0.19907407407407407 0.08229166666666667 0.19907407407407407 0.07916666666666666 0.18333333333333332 0.06979166666666667 0.15925925925925927 0.06979166666666667 0.1537037037037037 0.07395833333333333 0.15092592592592594
1 0.32083333333333336 0.562037037037037 0.328125 0.5694444444444444 0.3307291666666667 0.5851851851851851 0.3302083333333333 0.5972222222222222 0.33489583333333334 0.6129629629629629 0.3307291666666667 0.6129629629629629 0.3260416666666667 0.6083333333333333 0.3177083333333333 0.5916666666666667 0.3171875 0.5657407407407408 0.3203125 0.562962962962963
1 0.0328125 0.1537037037037037 0.036458333333333336 0.1537037037037037 0.0453125 0.16111111111111112 0.0453125 0.1685185185185185 0.0515625 0.18888888888888888 0.05 0.19814814814814816 0.04739583333333333 0.20277777777777778 0.04583333333333333 0.20185185185185187 0.041666666666666664 0.1814814814814815 0.03229166666666667 0.16666666666666666 0.0328125 0.15462962962962962
1 0.3770833333333333 0.387037037037037 0.39010416666666664 0.4101851851851852 0.39010416666666664 0.4212962962962963 0.38697916666666665 0.42407407407407405 0.38333333333333336 0.4212962962962963 0.38229166666666664 0.42407407407407405 0.3802083333333333 0.44722222222222224 0.3765625 0.44722222222222224 0.3765625 0.41759259259259257 0.371875 0.40370370370370373 0.3729166666666667 0.39166666666666666 0.3765625 0.387037037037037
1 0.32083333333333336 0.8759259259259259 0.3302083333333333 0.8796296296296297 0.3338541666666667 0.8842592592592593 0.33489583333333334 0.9111111111111111 0.3302083333333333 0.9175925925925926 0.3260416666666667 0.9175925925925926 0.32395833333333335 0.9074074074074074 0.31979166666666664 0.9037037037037037 0.31614583333333335 0.8935185185185185 0.3104166666666667 0.8888888888888888 0.3109375 0.8814814814814815 0.3203125 0.8768518518518519
1 0.8994791666666667 0.4898148148148148 0.9005208333333333 0.5046296296296297 0.8901041666666667 0.5231481481481481 0.8848958333333333 0.5203703703703704 0.8838541666666667 0.5120370370370371 0.89375 0.49074074074074076 0.8989583333333333 0.4898148148148148
1 0.09791666666666667 0.06944444444444445 0.10208333333333333 0.0787037037037037 0.10625 0.09351851851851851 0.10572916666666667 0.09722222222222222 0.10416666666666667 0.09166666666666666 0.10104166666666667 0.09166666666666666 0.09895833333333333 0.09537037037037037 0.0953125 0.09259259259259259 0.08958333333333333 0.08055555555555556 0.08854166666666667 0.07407407407407407 0.09114583333333333 0.06481481481481481 0.09739583333333333 0.06944444444444445
1 0.026041666666666668 0.21944444444444444 0.034375 0.23333333333333334 0.03697916666666667 0.24814814814814815 0.044270833333333336 0.2611111111111111 0.0421875 0.26666666666666666 0.03958333333333333 0.26666666666666666 0.03229166666666667 0.25277777777777777 0.020833333333333332 0.24351851851851852 0.017708333333333333 0.22962962962962963 0.021875 0.21944444444444444 0.025520833333333333 0.21944444444444444
1 0.20729166666666668 0.9388888888888889 0.21979166666666666 0.9453703703703704 0.225 0.9527777777777777 0.22291666666666668 0.9601851851851851 0.22916666666666666 0.9824074074074074 0.22916666666666666 0.9879629629629629 0.2265625 0.9944444444444445 0.22135416666666666 0.9990740740740741 0.21354166666666666 0.9990740740740741 0.2015625 0.9666666666666667 0.20052083333333334 0.9592592592592593 0.19479166666666667 0.9527777777777777 0.19479166666666667 0.9490740740740741 0.20677083333333332 0.9388888888888889
1 0.07447916666666667 0.06944444444444445 0.07760416666666667 0.0712962962962963 0.08125 0.08055555555555556 0.08229166666666667 0.09351851851851851 0.08854166666666667 0.11018518518518519 0.08333333333333333 0.11203703703703703 0.071875 0.08796296296296297 0.07083333333333333 0.07592592592592592 0.07395833333333333 0.07037037037037037
1 0.9114583333333334 0.5157407407407407 0.9130208333333333 0.5185185185185185 0.9114583333333334 0.5388888888888889 0.8973958333333333 0.5537037037037037 0.8984375 0.5324074074074074 0.9036458333333334 0.5212962962962963 0.9109375 0.5157407407407407
1 0.5359375 0.38796296296296295 0.5395833333333333 0.3962962962962963 0.540625 0.4083333333333333 0.5333333333333333 0.4444444444444444 0.53125 0.44351851851851853 0.5322916666666667 0.42407407407407405 0.528125 0.4064814814814815 0.5322916666666667 0.38981481481481484 0.5354166666666667 0.38796296296296295
1 0.8026041666666667 0.2824074074074074 0.8052083333333333 0.2824074074074074 0.809375 0.28888888888888886 0.8088541666666667 0.30277777777777776 0.796875 0.32314814814814813 0.7947916666666667 0.32037037037037036 0.7979166666666667 0.2953703703703704 0.8026041666666667 0.2833333333333333
1 0.7109375 0.26851851851851855 0.7140625 0.28055555555555556 0.7140625 0.2898148148148148 0.7072916666666667 0.3055555555555556 0.703125 0.32314814814814813 0.6958333333333333 0.31666666666666665 0.6947916666666667 0.3101851851851852 0.7015625 0.29444444444444445 0.703125 0.2796296296296296 0.7104166666666667 0.26851851851851855
1 0.18958333333333333 0.9638888888888889 0.20208333333333334 0.9712962962962963 0.2046875 0.975925925925926 0.20677083333333332 0.9879629629629629 0.2 0.9972222222222222 0.18541666666666667 0.9833333333333333 0.178125 0.9712962962962963 0.17864583333333334 0.9648148148148148 0.1890625 0.9638888888888889
1 0.5328125 0.48148148148148145 0.5380208333333333 0.5055555555555555 0.5322916666666667 0.5351851851851852 0.5291666666666667 0.5388888888888889 0.5270833333333333 0.5324074074074074 0.5239583333333333 0.4962962962962963 0.528125 0.4842592592592593 0.5322916666666667 0.48148148148148145
1 0.25416666666666665 0.9111111111111111 0.26666666666666666 0.9203703703703704 0.2671875 0.9472222222222222 0.2630208333333333 0.9518518518518518 0.2520833333333333 0.9490740740740741 0.24114583333333334 0.9351851851851852 0.24375 0.9175925925925926 0.2484375 0.9120370370370371 0.25364583333333335 0.9111111111111111
1 0.5125 0.3648148148148148 0.5151041666666667 0.3675925925925926 0.5192708333333333 0.38333333333333336 0.515625 0.39537037037037037 0.5119791666666667 0.4212962962962963 0.5088541666666667 0.42407407407407405 0.5083333333333333 0.39814814814814814 0.5057291666666667 0.37962962962962965 0.5119791666666667 0.3648148148148148
1 0.13177083333333334 0.05740740740740741 0.13802083333333334 0.06944444444444445 0.140625 0.08796296296296297 0.14010416666666667 0.0962962962962963 0.13645833333333332 0.09444444444444444 0.128125 0.06759259259259259 0.12864583333333332 0.05925925925925926 0.13125 0.05740740740740741
1 0.39947916666666666 0.6138888888888889 0.4041666666666667 0.6194444444444445 0.40572916666666664 0.6342592592592593 0.4083333333333333 0.6398148148148148 0.4041666666666667 0.6601851851851852 0.40208333333333335 0.6620370370370371 0.39895833333333336 0.6611111111111111 0.3932291666666667 0.6472222222222223 0.39010416666666664 0.6259259259259259 0.39166666666666666 0.6129629629629629 0.39375 0.6092592592592593 0.39895833333333336 0.6138888888888889
1 0.5953125 0.2611111111111111 0.6020833333333333 0.26944444444444443 0.6036458333333333 0.2824074074074074 0.6 0.29074074074074074 0.5942708333333333 0.32037037037037036 0.5911458333333334 0.32222222222222224 0.5932291666666667 0.2972222222222222 0.5901041666666667 0.2777777777777778 0.5947916666666667 0.262037037037037
1 0.5895833333333333 0.23148148148148148 0.5947916666666667 0.25462962962962965 0.5901041666666667 0.27037037037037037 0.5890625 0.2814814814814815 0.5848958333333333 0.2861111111111111 0.5833333333333334 0.24351851851851852 0.5859375 0.23425925925925925 0.5890625 0.23148148148148148
1 0.1484375 0.8342592592592593 0.1546875 0.8379629629629629 0.16822916666666668 0.8314814814814815 0.16822916666666668 0.8398148148148148 0.1609375 0.8425925925925926 0.1578125 0.8481481481481481 0.16145833333333334 0.8583333333333333 0.16927083333333334 0.8666666666666667 0.16354166666666667 0.875 0.146875 0.8712962962962963 0.140625 0.8759259259259259 0.140625 0.8638888888888889 0.13489583333333333 0.8453703703703703 0.14375 0.8333333333333334 0.14791666666666667 0.8342592592592593
1 0.14895833333333333 0.05462962962962963 0.1546875 0.06759259259259259 0.1546875 0.07962962962962963 0.15885416666666666 0.08703703703703704 0.15729166666666666 0.09444444444444444 0.15416666666666667 0.09444444444444444 0.14322916666666666 0.06481481481481481 0.1421875 0.05648148148148148 0.14583333333333334 0.05277777777777778 0.1484375 0.05462962962962963
1 0.27395833333333336 0.8851851851851852 0.2765625 0.8925925925925926 0.2838541666666667 0.8972222222222223 0.28229166666666666 0.9194444444444444 0.2796875 0.9231481481481482 0.26927083333333335 0.9212962962962963 0.2640625 0.9138888888888889 0.2630208333333333 0.8981481481481481 0.26458333333333334 0.8907407407407407 0.2682291666666667 0.8861111111111111 0.2734375 0.8851851851851852