0 0.6755208333333333 0.22870370370370371 0.6817708333333333 0.23425925925925925 0.6890625 0.2490740740740741 0.6880208333333333 0.25462962962962965 0.6796875 0.26481481481481484 0.6755208333333333 0.2824074074074074 0.6713541666666667 0.2796296296296296 0.6604166666666667 0.2611111111111111 0.6630208333333333 0.24166666666666667 0.6661458333333333 0.23425925925925925 0.6697916666666667 0.22962962962962963 0.675 0.22870370370370371
0 0.09375 0.39351851851851855 0.09947916666666666 0.3972222222222222 0.10416666666666667 0.4074074074074074 0.1046875 0.41944444444444445 0.10208333333333333 0.42962962962962964 0.090625 0.43796296296296294 0.078125 0.4537037037037037 0.0578125 0.4546296296296296 0.0375 0.475 0.030729166666666665 0.4740740740740741 0.025520833333333333 0.46296296296296297 0.026041666666666668 0.44907407407407407 0.035416666666666666 0.42777777777777776 0.049479166666666664 0.4101851851851852 0.06510416666666667 0.4064814814814815 0.08229166666666667 0.39351851851851855 0.09322916666666667 0.39351851851851855
0 0.5494791666666666 0.2722222222222222 0.5625 0.27314814814814814 0.5708333333333333 0.2824074074074074 0.56875 0.3212962962962963 0.5645833333333333 0.33425925925925926 0.5598958333333334 0.337037037037037 0.5541666666666667 0.33055555555555555 0.5515625 0.32037037037037036 0.5463541666666667 0.3111111111111111 0.546875 0.2824074074074074 0.5494791666666666 0.27314814814814814
0 0.29010416666666666 0.1935185185185185 0.29375 0.20092592592592592 0.29583333333333334 0.22777777777777777 0.2864583333333333 0.23981481481481481 0.2796875 0.2222222222222222 0.2703125 0.21851851851851853 0.26927083333333335 0.20925925925925926 0.2760416666666667 0.1962962962962963 0.28958333333333336 0.1935185185185185
0 0.6895833333333333 0.25462962962962965 0.7010416666666667 0.2611111111111111 0.7098958333333333 0.2833333333333333 0.7140625 0.30092592592592593 0.7166666666666667 0.31666666666666665 0.7140625 0.3351851851851852 0.7125 0.3388888888888889 0.7067708333333333 0.3416666666666667 0.6885416666666667 0.33796296296296297 0.6776041666666667 0.30277777777777776 0.6770833333333334 0.26851851851851855 0.6817708333333333 0.2601851851851852 0.6890625 0.25462962962962965
0 0.9322916666666666 0.6898148148148148 0.9442708333333333 0.6972222222222222 0.9833333333333333 0.7314814814814815 0.984375 0.7481481481481481 0.9828125 0.7657407407407407 0.9807291666666667 0.7768518518518519 0.9770833333333333 0.7814814814814814 0.9557291666666666 0.7768518518518519 0.9552083333333333 0.7583333333333333 0.95 0.7490740740740741 0.9447916666666667 0.75 0.9359375 0.7666666666666667 0.9317708333333333 0.7685185185185185 0.9213541666666667 0.7620370370370371 0.9114583333333334 0.7611111111111111 0.9072916666666667 0.7564814814814815 0.903125 0.7379629629629629 0.9041666666666667 0.7296296296296296 0.9104166666666667 0.7138888888888889 0.9213541666666667 0.6962962962962963 0.925 0.6916666666666667 0.9317708333333333 0.6898148148148148
0 0.40677083333333336 0.30925925925925923 0.4125 0.31296296296296294 0.4171875 0.325 0.4171875 0.34814814814814815 0.4078125 0.362962962962963 0.39375 0.3731481481481482 0.39010416666666664 0.36944444444444446 0.3880208333333333 0.35555555555555557 0.3890625 0.32592592592592595 0.39791666666666664 0.3101851851851852 0.40625 0.30925925925925923
0 0.5536458333333333 0.7555555555555555 0.5604166666666667 0.7638888888888888 0.5630208333333333 0.7777777777777778 0.5682291666666667 0.7888888888888889 0.5671875 0.7972222222222223 0.5614583333333333 0.8009259259259259 0.5333333333333333 0.7972222222222223 0.5265625 0.7898148148148149 0.5223958333333333 0.7796296296296297 0.5223958333333333 0.7685185185185185 0.5239583333333333 0.7648148148148148 0.5328125 0.7620370370370371 0.5375 0.7657407407407407 0.5375 0.7722222222222223 0.5427083333333333 0.7824074074074074 0.5453125 0.7824074074074074 0.5473958333333333 0.7722222222222223 0.5432291666666667 0.7648148148148148 0.5494791666666666 0.762962962962963 0.5494791666666666 0.7574074074074074 0.553125 0.7555555555555555
0 0.07083333333333333 0.4527777777777778 0.08854166666666667 0.4722222222222222 0.0921875 0.4842592592592593 0.08125 0.5055555555555555 0.059895833333333336 0.5314814814814814 0.04739583333333333 0.5287037037037037 0.03958333333333333 0.5222222222222223 0.0328125 0.49722222222222223 0.03177083333333333 0.4842592592592593 0.034895833333333334 0.47685185185185186 0.04479166666666667 0.4703703703703704 0.059375 0.4546296296296296 0.0703125 0.4527777777777778
0 0.44583333333333336 0.2712962962962963 0.4505208333333333 0.27870370370370373 0.45 0.30092592592592593 0.4395833333333333 0.3194444444444444 0.43645833333333334 0.3148148148148148 0.4348958333333333 0.287962962962963 0.4395833333333333 0.2722222222222222 0.4453125 0.2712962962962963
0 0.303125 0.5592592592592592 0.30364583333333334 0.5814814814814815 0.30052083333333335 0.5916666666666667 0.2947916666666667 0.6018518518518519 0.28489583333333335 0.6083333333333333 0.2791666666666667 0.6194444444444445 0.27395833333333336 0.6129629629629629 0.275 0.5916666666666667 0.278125 0.5740740740740741 0.2828125 0.5722222222222222 0.28958333333333336 0.5824074074074074 0.3026041666666667 0.5601851851851852
0 0.2598958333333333 0.41203703703703703 0.265625 0.41574074074074074 0.2677083333333333 0.4212962962962963 0.26875 0.44074074074074077 0.2635416666666667 0.4527777777777778 0.2484375 0.5111111111111111 0.24010416666666667 0.5203703703703704 0.215625 0.5231481481481481 0.209375 0.5185185185185185 0.20729166666666668 0.5027777777777778 0.2125 0.47314814814814815 0.221875 0.44166666666666665 0.2375 0.41759259259259257 0.259375 0.41203703703703703
0 0.5432291666666667 0.6240740740740741 0.546875 0.6277777777777778 0.5479166666666667 0.6407407407407407 0.5572916666666666 0.6574074074074074 0.5572916666666666 0.6722222222222223 0.5546875 0.6759259259259259 0.5395833333333333 0.6694444444444444 0.5322916666666667 0.6694444444444444 0.5286458333333334 0.6648148148148149 0.5260416666666666 0.6555555555555556 0.5260416666666666 0.6425925925925926 0.5359375 0.6259259259259259 0.5427083333333333 0.6240740740740741
0 0.07447916666666667 0.6166666666666667 0.10208333333333333 0.6277777777777778 0.11302083333333333 0.6388888888888888 0.1265625 0.6620370370370371 0.13125 0.6759259259259259 0.13333333333333333 0.7018518518518518 0.13020833333333334 0.7166666666666667 0.11458333333333333 0.7296296296296296 0.11302083333333333 0.7407407407407407 0.10833333333333334 0.7481481481481481 0.10260416666666666 0.7509259259259259 0.08489583333333334 0.7481481481481481 0.08229166666666667 0.7546296296296297 0.07604166666666666 0.7611111111111111 0.021354166666666667 0.7925925925925926 0.016666666666666666 0.799074074074074 0.011979166666666667 0.812037037037037 0.0020833333333333333 0.8185185185185185 0 0.8185185185185185 0 0.7046296296296296 0.0026041666666666665 0.7027777777777777 0.0026041666666666665 0.6925925925925925 0 0.6888888888888889 0.0020833333333333333 0.687962962962963 0.0026041666666666665 0.6805555555555556 0 0.6777777777777778 0 0.6444444444444445 0.0421875 0.6212962962962963 0.07395833333333333 0.6166666666666667
0 0.7671875 0.7388888888888889 0.81875 0.7898148148148149 0.8317708333333333 0.8064814814814815 0.840625 0.8268518518518518 0.853125 0.8416666666666667 0.8630208333333333 0.8592592592592593 0.8682291666666667 0.8787037037037037 0.8666666666666667 0.9055555555555556 0.8604166666666667 0.925 0.8515625 0.9324074074074075 0.834375 0.9324074074074075 0.8244791666666667 0.9268518518518518 0.8083333333333333 0.8981481481481481 0.790625 0.875 0.765625 0.8481481481481481 0.7515625 0.8453703703703703 0.74375 0.8333333333333334 0.7401041666666667 0.8231481481481482 0.7375 0.8064814814814815 0.7369791666666666 0.7824074074074074 0.7484375 0.7537037037037037 0.7614583333333333 0.7388888888888889 0.7666666666666667 0.7388888888888889
0 0.24010416666666667 0.2824074074074074 0.25052083333333336 0.287962962962963 0.2520833333333333 0.3055555555555556 0.23854166666666668 0.31851851851851853 0.23072916666666668 0.3314814814814815 0.22395833333333334 0.3351851851851852 0.209375 0.33240740740740743 0.20729166666666668 0.3296296296296296 0.20520833333333333 0.31851851851851853 0.20677083333333332 0.3 0.21041666666666667 0.29259259259259257 0.22135416666666666 0.2824074074074074 0.23958333333333334 0.2824074074074074
0 0.9541666666666667 0.7888888888888889 0.9776041666666667 0.7888888888888889 0.9807291666666667 0.7925925925925926 0.9817708333333334 0.8 0.9911458333333333 0.8203703703703704 0.9911458333333333 0.8555555555555555 0.9880208333333333 0.8601851851851852 0.9838541666666667 0.8601851851851852 0.9640625 0.8416666666666667 0.9494791666666667 0.8342592592592593 0.9390625 0.8231481481481482 0.9375 0.8074074074074075 0.9411458333333333 0.7944444444444444 0.9458333333333333 0.7888888888888889 0.9536458333333333 0.7888888888888889
0 0.2515625 0.8240740740740741 0.2609375 0.8166666666666667 0.2682291666666667 0.8175925925925925 0.27291666666666664 0.8407407407407408 0.27291666666666664 0.8481481481481481 0.26197916666666665 0.8907407407407407 0.2520833333333333 0.9120370370370371 0.2453125 0.9120370370370371 0.24114583333333334 0.9 0.23958333333333334 0.8601851851851852 0.24114583333333334 0.8564814814814815 0.2598958333333333 0.8555555555555555 0.2578125 0.8490740740740741 0.2598958333333333 0.8453703703703703 0.2598958333333333 0.8379629629629629 0.2515625 0.825
0 0.6640625 0.5944444444444444 0.6848958333333334 0.6287037037037037 0.6864583333333333 0.6611111111111111 0.6817708333333333 0.675 0.68125 0.6907407407407408 0.6786458333333333 0.6953703703703704 0.6427083333333333 0.6518518518518519 0.6364583333333333 0.649074074074074 0.6338541666666667 0.6416666666666667 0.6338541666666667 0.6277777777777778 0.6411458333333333 0.6018518518518519 0.653125 0.5907407407407408 0.6588541666666666 0.5898148148148148 0.6635416666666667 0.5944444444444444
0 0.46145833333333336 0.18703703703703703 0.47239583333333335 0.1925925925925926 0.47239583333333335 0.23425925925925925 0.4666666666666667 0.25277777777777777 0.45364583333333336 0.2740740740740741 0.4473958333333333 0.27037037037037037 0.4359375 0.26944444444444443 0.434375 0.2657407407407407 0.4348958333333333 0.24814814814814815 0.44166666666666665 0.2074074074074074 0.45260416666666664 0.18981481481481483 0.4609375 0.18703703703703703
0 0.5427083333333333 0.22777777777777777 0.5479166666666667 0.23796296296296296 0.5484375 0.2564814814814815 0.5401041666666667 0.2916666666666667 0.521875 0.2861111111111111 0.51875 0.2777777777777778 0.51875 0.2712962962962963 0.5203125 0.2574074074074074 0.528125 0.2351851851851852 0.53125 0.23055555555555557 0.5421875 0.22777777777777777
0 0.275 0.2175925925925926 0.28229166666666666 0.21944444444444444 0.2864583333333333 0.225 0.2864583333333333 0.24814814814814815 0.2828125 0.2574074074074074 0.27291666666666664 0.2675925925925926 0.26145833333333335 0.2657407407407407 0.25833333333333336 0.262037037037037 0.25729166666666664 0.2388888888888889 0.25833333333333336 0.2324074074074074 0.265625 0.2212962962962963 0.27447916666666666 0.2175925925925926
0 0.1515625 0.3453703703703704 0.16145833333333334 0.35 0.16979166666666667 0.36574074074074076 0.171875 0.38055555555555554 0.15416666666666667 0.41203703703703703 0.15104166666666666 0.41388888888888886 0.13385416666666666 0.4083333333333333 0.13072916666666667 0.4 0.12760416666666666 0.3787037037037037 0.1296875 0.3675925925925926 0.14427083333333332 0.34814814814814815 0.15104166666666666 0.3453703703703704
0 0.7796875 0.5953703703703703 0.7744791666666667 0.6018518518518519 0.7734375 0.6092592592592593 0.7760416666666666 0.6148148148148148 0.7802083333333333 0.6148148148148148 0.78125 0.600925925925926 0.7828125 0.6 0.7911458333333333 0.6092592592592593 0.7953125 0.6268518518518519 0.7932291666666667 0.6537037037037037 0.7911458333333333 0.6564814814814814 0.7859375 0.6546296296296297 0.7755208333333333 0.6425925925925926 0.7630208333333334 0.6194444444444445 0.7625 0.6092592592592593 0.7661458333333333 0.5962962962962963 0.7791666666666667 0.5953703703703703
0 0.5708333333333333 0.044444444444444446 0.5833333333333334 0.05 0.5848958333333333 0.07407407407407407 0.5838541666666667 0.08333333333333333 0.5864583333333333 0.08888888888888889 0.5869791666666667 0.09814814814814815 0.5848958333333333 0.10277777777777777 0.5755208333333334 0.10740740740740741 0.5619791666666667 0.13055555555555556 0.5572916666666666 0.14351851851851852 0.5515625 0.14814814814814814 0.5348958333333333 0.14351851851851852 0.5302083333333333 0.1388888888888889 0.5317708333333333 0.09444444444444444 0.5354166666666667 0.06759259259259259 0.5442708333333334 0.05462962962962963 0.5526041666666667 0.049074074074074076 0.5703125 0.044444444444444446
0 0.7083333333333334 0.6083333333333333 0.7223958333333333 0.625 0.7359375 0.6564814814814814 0.734375 0.6824074074074075 0.7291666666666666 0.6916666666666667 0.7307291666666667 0.7111111111111111 0.7270833333333333 0.7148148148148148 0.7234375 0.7148148148148148 0.6880208333333333 0.6685185185185185 0.6848958333333334 0.6370370370370371 0.6885416666666667 0.6194444444444445 0.7010416666666667 0.6083333333333333 0.7078125 0.6083333333333333
0 0.5010416666666667 0.21944444444444444 0.5057291666666667 0.2175925925925926 0.515625 0.22037037037037038 0.5192708333333333 0.22870370370370371 0.5203125 0.2388888888888889 0.5197916666666667 0.24814814814814815 0.515625 0.2601851851851852 0.4921875 0.25925925925925924 0.49375 0.24074074074074073 0.5010416666666667 0.22037037037037038
0 0.5161458333333333 0.15462962962962962 0.5197916666666667 0.1574074074074074 0.5213541666666667 0.16296296296296298 0.5213541666666667 0.17592592592592593 0.5197916666666667 0.18518518518518517 0.5125 0.19166666666666668 0.503125 0.18796296296296297 0.5010416666666667 0.18333333333333332 0.5010416666666667 0.17407407407407408 0.5046875 0.16111111111111112 0.5109375 0.15462962962962962 0.515625 0.15462962962962962
0 0.9791666666666666 0.862037037037037 0.9994791666666667 0.8675925925925926 0.9994791666666667 0.9685185185185186 0.9848958333333333 0.9601851851851851 0.9713541666666666 0.9574074074074074 0.9666666666666667 0.9527777777777777 0.9588541666666667 0.9361111111111111 0.9557291666666666 0.9083333333333333 0.95625 0.8722222222222222 0.9619791666666667 0.8657407407407407 0.9786458333333333 0.862037037037037
0 0.6140625 0.41203703703703703 0.6260416666666667 0.41944444444444445 0.6302083333333334 0.42592592592592593 0.6505208333333333 0.49722222222222223 0.6505208333333333 0.5074074074074074 0.6473958333333333 0.512962962962963 0.6338541666666667 0.5212962962962963 0.6255208333333333 0.5212962962962963 0.6197916666666666 0.5157407407407407 0.6130208333333333 0.49074074074074076 0.5916666666666667 0.4527777777777778 0.5895833333333333 0.4398148148148148 0.5916666666666667 0.41944444444444445 0.6015625 0.4111111111111111 0.6135416666666667 0.41203703703703703
0 0.6567708333333333 0.45925925925925926 0.6598958333333333 0.46296296296296297 0.6614583333333334 0.4722222222222222 0.6682291666666667 0.4666666666666667 0.6708333333333333 0.47314814814814815 0.6703125 0.5055555555555555 0.6692708333333334 0.5120370370370371 0.665625 0.5148148148148148 0.6625 0.5138888888888888 0.6619791666666667 0.5074074074074074 0.6583333333333333 0.5 0.6510416666666666 0.49537037037037035 0.6484375 0.4842592592592593 0.6473958333333333 0.4740740740740741 0.6510416666666666 0.45740740740740743 0.6546875 0.45555555555555555 0.65625 0.45925925925925926
0 0.9760416666666667 0.6657407407407407 0.9994791666666667 0.675 0.9994791666666667 0.7305555555555555 0.9916666666666667 0.7268518518518519 0.978125 0.7268518518518519 0.9453125 0.6962962962962963 0.9458333333333333 0.6824074074074075 0.9526041666666667 0.6722222222222223 0.9625 0.6657407407407407 0.9755208333333333 0.6657407407407407
0 0.7817708333333333 0.6509259259259259 0.8208333333333333 0.6851851851851852 0.8411458333333334 0.725 0.8526041666666667 0.737037037037037 0.8619791666666666 0.7574074074074074 0.8614583333333333 0.7712962962962963 0.8526041666666667 0.7953703703703704 0.8479166666666667 0.8009259259259259 0.8369791666666667 0.8046296296296296 0.8270833333333333 0.8 0.81875 0.7870370370370371 0.7786458333333334 0.7453703703703703 0.7614583333333333 0.7324074074074074 0.7546875 0.7212962962962963 0.7489583333333333 0.6972222222222222 0.7520833333333333 0.6777777777777778 0.7583333333333333 0.6620370370370371 0.7744791666666667 0.649074074074074 0.78125 0.6509259259259259
0 0.5708333333333333 0.5787037037037037 0.5760416666666667 0.5814814814814815 0.5932291666666667 0.6018518518518519 0.615625 0.6416666666666667 0.6203125 0.6453703703703704 0.6213541666666667 0.6564814814814814 0.6380208333333334 0.6888888888888889 0.6432291666666666 0.7037037037037037 0.6432291666666666 0.7129629629629629 0.6369791666666667 0.7342592592592593 0.6197916666666666 0.7481481481481481 0.6114583333333333 0.7481481481481481 0.5994791666666667 0.7379629629629629 0.5932291666666667 0.7175925925925926 0.5661458333333333 0.6657407407407407 0.5536458333333333 0.6472222222222223 0.5505208333333333 0.6398148148148148 0.5515625 0.6333333333333333 0.546875 0.6203703703703703 0.5473958333333333 0.6055555555555555 0.553125 0.5907407407407408 0.5703125 0.5796296296296296
0 0.5114583333333333 0.262037037037037 0.5223958333333333 0.2916666666666667 0.5536458333333333 0.3962962962962963 0.5572916666666666 0.41759259259259257 0.5578125 0.46111111111111114 0.5541666666666667 0.48055555555555557 0.5505208333333333 0.4842592592592593 0.5432291666666667 0.48333333333333334 0.5375 0.487962962962963 0.5213541666666667 0.49074074074074076 0.5145833333333333 0.49074074074074076 0.5052083333333334 0.4703703703703704 0.47708333333333336 0.3314814814814815 0.4765625 0.31203703703703706 0.48020833333333335 0.26944444444444443 0.4895833333333333 0.2611111111111111 0.5109375 0.262037037037037
0 0.3109375 0.19074074074074074 0.3182291666666667 0.19537037037037036 0.32135416666666666 0.2101851851851852 0.31979166666666664 0.22685185185185186 0.31197916666666664 0.2361111111111111 0.2989583333333333 0.2351851851851852 0.2953125 0.21944444444444444 0.29583333333333334 0.2037037037037037 0.30520833333333336 0.19166666666666668 0.3104166666666667 0.19074074074074074
0 0.5291666666666667 0.6685185185185185 0.5520833333333334 0.674074074074074 0.5708333333333333 0.6851851851851852 0.5739583333333333 0.6935185185185185 0.5744791666666667 0.7240740740740741 0.578125 0.7333333333333333 0.5770833333333333 0.7407407407407407 0.5744791666666667 0.7453703703703703 0.5385416666666667 0.7444444444444445 0.5307291666666667 0.7398148148148148 0.5239583333333333 0.7453703703703703 0.51875 0.7444444444444445 0.5119791666666667 0.7333333333333333 0.5119791666666667 0.7212962962962963 0.515625 0.6944444444444444 0.5223958333333333 0.6712962962962963 0.5286458333333334 0.6694444444444444
0 0.5447916666666667 0.1787037037037037 0.5510416666666667 0.18333333333333332 0.5505208333333333 0.19907407407407407 0.5484375 0.2064814814814815 0.5432291666666667 0.21203703703703702 0.5380208333333333 0.22407407407407406 0.5328125 0.22592592592592592 0.51875 0.2212962962962963 0.5171875 0.21666666666666667 0.5177083333333333 0.20925925925925926 0.5291666666666667 0.1814814814814815 0.5338541666666666 0.17777777777777778 0.5442708333333334 0.1787037037037037
0 0.7307291666666667 0.5898148148148148 0.7348958333333333 0.5935185185185186 0.7380208333333333 0.6092592592592593 0.7432291666666667 0.6212962962962963 0.7432291666666667 0.6509259259259259 0.7411458333333333 0.6574074074074074 0.7375 0.6583333333333333 0.7260416666666667 0.6333333333333333 0.7109375 0.6092592592592593 0.7171875 0.5953703703703703 0.7255208333333333 0.6018518518518519 0.7302083333333333 0.5907407407407408
0 0.5578125 0.1537037037037037 0.5619791666666667 0.15925925925925927 0.5619791666666667 0.16944444444444445 0.5541666666666667 0.18333333333333332 0.5463541666666667 0.1787037037037037 0.5447916666666667 0.175 0.5453125 0.1675925925925926 0.5484375 0.15833333333333333 0.5572916666666666 0.1537037037037037
0 0.7463541666666667 0.43425925925925923 0.7734375 0.46111111111111114 0.7765625 0.4759259259259259 0.778125 0.5009259259259259 0.7760416666666666 0.5092592592592593 0.7692708333333333 0.5157407407407407 0.7515625 0.5120370370370371 0.740625 0.5027777777777778 0.7348958333333333 0.4351851851851852 0.7375 0.43148148148148147 0.7458333333333333 0.43425925925925923
0 0.20052083333333334 0.7935185185185185 0.20729166666666668 0.8018518518518518 0.21927083333333333 0.837037037037037 0.21666666666666667 0.8555555555555555 0.20989583333333334 0.8694444444444445 0.203125 0.8796296296296297 0.190625 0.8842592592592593 0.1703125 0.9046296296296297 0.1390625 0.9407407407407408 0.13020833333333334 0.9592592592592593 0.1234375 0.9648148148148148 0.11197916666666667 0.9638888888888889 0.10416666666666667 0.9703703703703703 0.0984375 0.9694444444444444 0.090625 0.9564814814814815 0.09010416666666667 0.95 0.08385416666666666 0.9388888888888889 0.07916666666666666 0.9120370370370371 0.08020833333333334 0.899074074074074 0.1125 0.8546296296296296 0.14114583333333333 0.8268518518518518 0.15416666666666667 0.8166666666666667 0.1703125 0.8092592592592592 0.18854166666666666 0.7935185185185185 0.2 0.7935185185185185
1 0.09895833333333333 0.33055555555555555 0.10729166666666666 0.3453703703703704 0.10885416666666667 0.3527777777777778 0.11510416666666666 0.3592592592592593 0.11458333333333333 0.362962962962963 0.109375 0.36574074074074076 0.10572916666666667 0.37222222222222223 0.1015625 0.35185185185185186 0.09635416666666667 0.34074074074074073 0.09583333333333334 0.3314814814814815 0.0984375 0.33055555555555555
1 0.41822916666666665 0.6537037037037037 0.4270833333333333 0.675 0.425 0.7083333333333334 0.421875 0.7092592592592593 0.42083333333333334 0.7037037037037037 0.4166666666666667 0.6981481481481482 0.41458333333333336 0.6675925925925926 0.41822916666666665 0.6546296296296297
1 0.5744791666666667 0.2759259259259259 0.5776041666666667 0.28425925925925927 0.5765625 0.3111111111111111 0.5744791666666667 0.31851851851851853 0.5703125 0.3175925925925926 0.5697916666666667 0.30462962962962964 0.5708333333333333 0.2833333333333333 0.5739583333333333 0.2759259259259259
1 0.6265625 0.31296296296296294 0.6286458333333333 0.3175925925925926 0.6291666666666667 0.3287037037037037 0.625 0.35462962962962963 0.6229166666666667 0.35648148148148145 0.6197916666666666 0.3509259259259259 0.621875 0.32037037037037036 0.6260416666666667 0.3138888888888889
1 0.9458333333333333 0.7481481481481481 0.9520833333333333 0.7509259259259259 0.9546875 0.7611111111111111 0.953125 0.7712962962962963 0.9463541666666667 0.787962962962963 0.9395833333333333 0.8 0.9255208333333333 0.7888888888888889 0.9458333333333333 0.7490740740740741
1 0.041666666666666664 0.38981481481481484 0.04739583333333333 0.4074074074074074 0.046875 0.41574074074074074 0.043229166666666666 0.4203703703703704 0.04010416666666667 0.412962962962963 0.034375 0.40925925925925927 0.035416666666666666 0.39351851851851855 0.0390625 0.3888888888888889 0.04114583333333333 0.38981481481481484
1 0.07083333333333333 0.35 0.078125 0.36203703703703705 0.08333333333333333 0.37962962962962965 0.07760416666666667 0.387037037037037 0.07395833333333333 0.3851851851851852 0.06614583333333333 0.35555555555555557 0.06770833333333333 0.3509259259259259 0.0703125 0.3509259259259259
1 0.8083333333333333 0.5981481481481481 0.815625 0.5833333333333334 0.8182291666666667 0.5712962962962963 0.8244791666666667 0.5592592592592592 0.828125 0.5592592592592592 0.8276041666666667 0.5805555555555556 0.8223958333333333 0.5925925925925926 0.8192708333333333 0.6157407407407407 0.8166666666666667 0.6138888888888889 0.8161458333333333 0.5990740740740741 0.8145833333333333 0.5962962962962963 0.8109375 0.6027777777777777 0.8088541666666667 0.5990740740740741
1 0.5984375 0.20185185185185187 0.6020833333333333 0.20092592592592592 0.6041666666666666 0.20833333333333334 0.603125 0.22407407407407406 0.5989583333333334 0.22962962962962963 0.596875 0.21944444444444444 0.5984375 0.20277777777777778
1 0.8203125 0.4898148148148148 0.8223958333333333 0.49444444444444446 0.8213541666666667 0.5027777777777778 0.8161458333333333 0.5222222222222223 0.8140625 0.524074074074074 0.809375 0.5212962962962963 0.8078125 0.5148148148148148 0.8130208333333333 0.5046296296296297 0.8135416666666667 0.48703703703703705 0.8177083333333334 0.4861111111111111 0.8197916666666667 0.4898148148148148
1 0 0.44074074074074077 0.003125 0.44351851851851853 0.00625 0.4537037037037037 0.011979166666666667 0.46296296296296297 0.008333333333333333 0.4740740740740741 0.005208333333333333 0.47685185185185186 0.0036458333333333334 0.46574074074074073 0 0.462037037037037 0 0.44166666666666665
1 0.21041666666666667 0.23148148148148148 0.215625 0.25 0.21458333333333332 0.25925925925925924 0.21145833333333333 0.262037037037037 0.20833333333333334 0.2601851851851852 0.2046875 0.24259259259259258 0.2046875 0.2324074074074074 0.20625 0.22962962962962963 0.20989583333333334 0.23148148148148148
1 0.9494791666666667 0.6240740740740741 0.9510416666666667 0.6296296296296297 0.9484375 0.6361111111111111 0.9473958333333333 0.6509259259259259 0.934375 0.6768518518518518 0.93125 0.6759259259259259 0.9307291666666667 0.6657407407407407 0.9244791666666666 0.6648148148148149 0.9244791666666666 0.6611111111111111 0.9354166666666667 0.6509259259259259 0.9380208333333333 0.6296296296296297 0.9489583333333333 0.6240740740740741
1 0.16822916666666668 0.5166666666666667 0.18072916666666666 0.5592592592592592 0.175 0.5657407407407408 0.17083333333333334 0.5638888888888889 0.16354166666666667 0.5342592592592592 0.16458333333333333 0.5185185185185185 0.16770833333333332 0.5166666666666667
1 0.21666666666666667 0.22314814814814815 0.22239583333333332 0.23425925925925925 0.22552083333333334 0.2564814814814815 0.21927083333333333 0.262037037037037 0.21302083333333333 0.23703703703703705 0.21302083333333333 0.22962962962962963 0.21614583333333334 0.22407407407407406
1 0.5859375 0.2898148148148148 0.5890625 0.2972222222222222 0.5895833333333333 0.3074074074074074 0.5848958333333333 0.32592592592592595 0.5817708333333333 0.32314814814814813 0.5807291666666666 0.30092592592592593 0.5854166666666667 0.2898148148148148
1 0.415625 0.5953703703703703 0.42239583333333336 0.6092592592592593 0.42239583333333336 0.6194444444444445 0.4197916666666667 0.6296296296296297 0.4203125 0.6425925925925926 0.41822916666666665 0.6509259259259259 0.41510416666666666 0.6416666666666667 0.4114583333333333 0.612037037037037 0.4114583333333333 0.6018518518518519 0.41510416666666666 0.5953703703703703
1 0.1796875 0.2361111111111111 0.184375 0.24074074074074073 0.1875 0.2518518518518518 0.18854166666666666 0.262037037037037 0.18645833333333334 0.26481481481481484 0.18385416666666668 0.2638888888888889 0.178125 0.25 0.17760416666666667 0.23981481481481481 0.17916666666666667 0.2361111111111111
1 0.4234375 0.6175925925925926 0.42916666666666664 0.6185185185185185 0.4348958333333333 0.6305555555555555 0.4322916666666667 0.6601851851851852 0.4276041666666667 0.6666666666666666 0.4265625 0.6453703703703704 0.421875 0.6305555555555555 0.4234375 0.6185185185185185
1 0.14375 0.34074074074074073 0.13958333333333334 0.3101851851851852 0.14010416666666667 0.3 0.14427083333333332 0.29907407407407405 0.15416666666666667 0.33055555555555555 0.15416666666666667 0.33425925925925926 0.14739583333333334 0.3351851851851852 0.14427083333333332 0.3398148148148148
1 0.4078125 0.6018518518518519 0.4125 0.6157407407407407 0.4140625 0.6435185185185185 0.4078125 0.6574074074074074 0.4015625 0.6194444444444445 0.403125 0.6027777777777777 0.40729166666666666 0.6018518518518519
1 0.6473958333333333 0.36574074074074076 0.6505208333333333 0.36666666666666664 0.6526041666666667 0.37962962962962965 0.6526041666666667 0.38981481481481484 0.6489583333333333 0.3990740740740741 0.6479166666666667 0.41203703703703703 0.6447916666666667 0.41203703703703703 0.6411458333333333 0.3907407407407407 0.6411458333333333 0.38333333333333336 0.6473958333333333 0.36666666666666664
1 0.8119791666666667 0.40555555555555556 0.014583333333333334 0.040740740740740744
1 0.6364583333333333 0.32314814814814813 0.6364583333333333 0.34629629629629627 0.6328125 0.36203703703703705 0.6296875 0.36203703703703705 0.628125 0.35833333333333334 0.628125 0.3398148148148148 0.6302083333333334 0.32407407407407407 0.6333333333333333 0.3212962962962963 0.6359375 0.32314814814814813
1 0.609375 0.3074074074074074 0.6125 0.3212962962962963 0.6057291666666667 0.3509259259259259 0.6026041666666667 0.33611111111111114 0.6026041666666667 0.3212962962962963 0.6057291666666667 0.3101851851851852 0.6088541666666667 0.3074074074074074
1 0.3140625 0.14537037037037037 0.3177083333333333 0.14351851851851852 0.31979166666666664 0.15185185185185185 0.31927083333333334 0.1712962962962963 0.3151041666666667 0.1712962962962963 0.3125 0.15092592592592594 0.3140625 0.14629629629629629
1 0.8229166666666666 0.6851851851851852 0.8322916666666667 0.674074074074074 0.8385416666666666 0.6611111111111111 0.8489583333333334 0.6518518518518519 0.8473958333333333 0.675 0.84375 0.6861111111111111 0.8416666666666667 0.7046296296296296 0.8380208333333333 0.7064814814814815 0.8369791666666667 0.687962962962963 0.8348958333333333 0.6833333333333333 0.8244791666666667 0.6888888888888889 0.8234375 0.6861111111111111
1 0.70625 0.49907407407407406 0.7083333333333334 0.5009259259259259 0.7083333333333334 0.5083333333333333 0.7109375 0.5148148148148148 0.7072916666666667 0.5481481481481482 0.6994791666666667 0.5555555555555556 0.696875 0.5537037037037037 0.6984375 0.537962962962963 0.6973958333333333 0.5185185185185185 0.7057291666666666 0.5
1 0.6817708333333333 0.9768518518518519 0.6854166666666667 0.9907407407407407 0.6854166666666667 0.9990740740740741 0.6645833333333333 0.9990740740740741 0.6713541666666667 0.9907407407407407 0.6760416666666667 0.975925925925926 0.68125 0.9768518518518519
1 0.29635416666666664 0.16296296296296298 0.3 0.1648148148148148 0.30364583333333334 0.175 0.30364583333333334 0.1935185185185185 0.2984375 0.1935185185185185 0.29375 0.175 0.29635416666666664 0.1638888888888889
1 0.4479166666666667 0.612037037037037 0.45260416666666664 0.6203703703703703 0.45260416666666664 0.6518518518518519 0.44583333333333336 0.6472222222222223 0.4421875 0.6592592592592592 0.44114583333333335 0.6092592592592593 0.44375 0.6074074074074074 0.4473958333333333 0.612037037037037
1 0.7479166666666667 0.5657407407407408 0.7515625 0.5796296296296296 0.7520833333333333 0.5962962962962963 0.7494791666666667 0.6018518518518519 0.7479166666666667 0.6148148148148148 0.7453125 0.6185185185185185 0.7416666666666667 0.6157407407407407 0.7385416666666667 0.6083333333333333 0.7354166666666667 0.5814814814814815 0.7473958333333334 0.5657407407407408
1 0.6057291666666667 0.2212962962962963 0.609375 0.23055555555555557 0.6057291666666667 0.25462962962962965 0.6020833333333333 0.25555555555555554 0.6020833333333333 0.23055555555555557 0.6052083333333333 0.2222222222222222
1 0.8041666666666667 0.38981481481481484 0.8072916666666666 0.4009259259259259 0.8046875 0.41944444444444445 0.8020833333333334 0.4222222222222222 0.7994791666666666 0.4212962962962963 0.7989583333333333 0.4046296296296296 0.8036458333333333 0.38981481481481484
1 0.3541666666666667 0.9537037037037037 0.3625 0.9694444444444444 0.3645833333333333 0.9824074074074074 0.3692708333333333 0.9907407407407407 0.3697916666666667 0.9944444444444445 0.36666666666666664 0.9962962962962963 0.35885416666666664 0.9944444444444445 0.35625 0.9907407407407407 0.3484375 0.9944444444444445 0.34375 0.9888888888888889 0.34375 0.9842592592592593 0.346875 0.9777777777777777 0.346875 0.9601851851851851 0.3489583333333333 0.9546296296296296 0.3536458333333333 0.9537037037037037