0 0.7416666666666667 0.08796296296296297 0.7515625 0.09814814814814815 0.7557291666666667 0.13148148148148148 0.7552083333333334 0.1648148148148148 0.7479166666666667 0.17592592592592593 0.7244791666666667 0.17037037037037037 0.7223958333333333 0.1648148148148148 0.7197916666666667 0.13796296296296295 0.7203125 0.12129629629629629 0.725 0.09351851851851851 0.7317708333333334 0.08703703703703704 0.7411458333333333 0.08796296296296297
0 0.6244791666666667 0.125 0.634375 0.14629629629629629 0.6453125 0.20555555555555555 0.64375 0.21666666666666667 0.6395833333333333 0.22407407407407406 0.6317708333333333 0.22592592592592592 0.615625 0.22407407407407406 0.6114583333333333 0.21944444444444444 0.6067708333333334 0.19074074074074074 0.6010416666666667 0.17037037037037037 0.5994791666666667 0.15462962962962962 0.6020833333333333 0.13703703703703704 0.6078125 0.1259259259259259 0.6151041666666667 0.12314814814814815 0.6239583333333333 0.125
0 0.1296875 0.6027777777777777 0.1375 0.6111111111111112 0.14739583333333334 0.6361111111111111 0.14739583333333334 0.6444444444444445 0.14010416666666667 0.6731481481481482 0.13020833333333334 0.6861111111111111 0.115625 0.6907407407407408 0.084375 0.7305555555555555 0.07552083333333333 0.7444444444444445 0.07135416666666666 0.7611111111111111 0.06510416666666667 0.7703703703703704 0.0609375 0.7731481481481481 0.04895833333333333 0.7731481481481481 0.040625 0.7787037037037037 0.0359375 0.7787037037037037 0.028645833333333332 0.7722222222222223 0.015625 0.75 0.011979166666666667 0.7314814814814815 0.014583333333333334 0.7027777777777777 0.0359375 0.6712962962962963 0.057291666666666664 0.6462962962962963 0.075 0.6305555555555555 0.08802083333333334 0.6240740740740741 0.10052083333333334 0.6111111111111112 0.11510416666666666 0.600925925925926 0.12447916666666667 0.6 0.12916666666666668 0.6027777777777777
0 0.0828125 0.30648148148148147 0.09010416666666667 0.31296296296296294 0.0953125 0.3277777777777778 0.09583333333333334 0.3351851851851852 0.0921875 0.34814814814814815 0.08802083333333334 0.3537037037037037 0.07864583333333333 0.35833333333333334 0.058333333333333334 0.3814814814814815 0.049479166666666664 0.3962962962962963 0.046875 0.4074074074074074 0.04114583333333333 0.412962962962963 0.015104166666666667 0.412962962962963 0.008333333333333333 0.4083333333333333 0.003125 0.3962962962962963 0.003125 0.37777777777777777 0.005208333333333333 0.36944444444444446 0.015104166666666667 0.34814814814814815 0.03697916666666667 0.32407407407407407 0.07239583333333334 0.30648148148148147 0.08229166666666667 0.30648148148148147
0 0.625 0 0.640625 0 0.6447916666666667 0.007407407407407408 0.6442708333333333 0.023148148148148147 0.6411458333333333 0.03888888888888889 0.634375 0.05555555555555555 0.6302083333333334 0.062037037037037036 0.6171875 0.06111111111111111 0.6088541666666667 0.05462962962962963 0.6088541666666667 0.041666666666666664 0.6177083333333333 0.009259259259259259 0.625 0.000925925925925926
0 0.7552083333333334 0.2351851851851852 0.7739583333333333 0.2490740740740741 0.7848958333333333 0.26944444444444443 0.7875 0.28888888888888886 0.7848958333333333 0.29907407407407405 0.7817708333333333 0.3388888888888889 0.7739583333333333 0.3490740740740741 0.7666666666666667 0.3490740740740741 0.7484375 0.3388888888888889 0.74375 0.33055555555555555 0.7473958333333334 0.2962962962962963 0.7473958333333334 0.26481481481481484 0.7546875 0.2361111111111111
0 0.7244791666666667 0.006481481481481481 0.7390625 0.025 0.7447916666666666 0.05 0.7473958333333334 0.075 0.7447916666666666 0.08611111111111111 0.7307291666666667 0.08703703703703704 0.7239583333333334 0.09166666666666666 0.7161458333333334 0.08888888888888889 0.7130208333333333 0.08425925925925926 0.7057291666666666 0.05740740740740741 0.7078125 0.026851851851851852 0.715625 0.010185185185185186 0.7239583333333334 0.006481481481481481
1 0.27447916666666666 0.8907407407407407 0.28541666666666665 0.9074074074074074 0.2859375 0.925 0.27708333333333335 0.9324074074074075 0.2671875 0.9148148148148149 0.2640625 0.9037037037037037 0.2677083333333333 0.8935185185185185 0.27395833333333336 0.8907407407407407
1 0.271875 0.6814814814814815 0.2796875 0.6833333333333333 0.284375 0.6925925925925925 0.284375 0.6981481481481482 0.2760416666666667 0.7129629629629629 0.26875 0.7064814814814815 0.2635416666666667 0.6916666666666667 0.26666666666666666 0.6824074074074075 0.2713541666666667 0.6814814814814815
1 0.28229166666666666 0.7601851851851852 0.28802083333333334 0.7685185185185185 0.2869791666666667 0.7824074074074074 0.29010416666666666 0.7925925925925926 0.2890625 0.8 0.28541666666666665 0.8037037037037037 0.28229166666666666 0.8037037037037037 0.27760416666666665 0.7925925925925926 0.2713541666666667 0.7888888888888889 0.2682291666666667 0.7814814814814814 0.26875 0.7648148148148148 0.27239583333333334 0.7611111111111111 0.28177083333333336 0.7601851851851852
1 0.7203125 0.08703703703703704 0.7234375 0.09444444444444444 0.7234375 0.1037037037037037 0.715625 0.13703703703703704 0.7114583333333333 0.14074074074074075 0.7109375 0.1361111111111111 0.7145833333333333 0.12129629629629629 0.715625 0.1 0.7197916666666667 0.08796296296296297
1 0.6989583333333333 0.16666666666666666 0.7015625 0.1787037037037037 0.6958333333333333 0.21203703703703702 0.6932291666666667 0.2111111111111111 0.6921875 0.2037037037037037 0.6885416666666667 0.2064814814814815 0.6885416666666667 0.20185185185185187 0.6911458333333333 0.18611111111111112 0.6984375 0.1675925925925926
1 0.008333333333333333 0.21203703703703702 0.0171875 0.22685185185185186 0.019791666666666666 0.2361111111111111 0.028645833333333332 0.24814814814814815 0.025520833333333333 0.25277777777777777 0.020833333333333332 0.24722222222222223 0.019791666666666666 0.25092592592592594 0.021354166666666667 0.25833333333333336 0.01875 0.2611111111111111 0.003125 0.22314814814814815 0.0026041666666666665 0.21666666666666667 0.0078125 0.21296296296296297
1 0.5546875 0.30648148148148147 0.559375 0.32407407407407407 0.5552083333333333 0.3509259259259259 0.5505208333333333 0.36203703703703705 0.5484375 0.35648148148148145 0.5458333333333333 0.32037037037037036 0.5515625 0.30648148148148147 0.5541666666666667 0.30648148148148147
1 0.603125 0 0.609375 0 0.6072916666666667 0.024074074074074074 0.603125 0.030555555555555555 0.603125 0.000925925925925926
1 0.8453125 0.2101851851851852 0.8416666666666667 0.2064814814814815 0.8416666666666667 0.20277777777777778 0.8505208333333333 0.16666666666666666 0.853125 0.1648148148148148 0.8546875 0.1675925925925926 0.8567708333333334 0.1787037037037037 0.8458333333333333 0.20925925925925926
1 0.759375 0.04722222222222222 0.7619791666666667 0.04814814814814815 0.7630208333333334 0.06018518518518518 0.759375 0.08518518518518518 0.7546875 0.0962962962962963 0.7515625 0.0962962962962963 0.75 0.09074074074074075 0.7546875 0.05648148148148148 0.7588541666666667 0.04722222222222222
1 0.134375 0.020370370370370372 0.14739583333333334 0.05 0.140625 0.05740740740740741 0.1296875 0.02962962962962963 0.13020833333333334 0.023148148148148147 0.13385416666666666 0.020370370370370372
1 0.8052083333333333 0.5111111111111111 0.8072916666666666 0.5287037037037037 0.7942708333333334 0.5518518518518518 0.790625 0.5638888888888889 0.7875 0.562037037037037 0.7875 0.5564814814814815 0.7916666666666666 0.5259259259259259 0.8005208333333333 0.5120370370370371 0.8046875 0.5111111111111111
1 0.16875 0 0.1765625 0 0.18177083333333333 0.026851851851851852 0.18177083333333333 0.03518518518518519 0.17760416666666667 0.03518518518518519 0.17395833333333333 0.018518518518518517 0.16822916666666668 0.004629629629629629 0.16875 0.000925925925925926
1 0.7895833333333333 0.14629629629629629 0.7921875 0.15 0.7921875 0.16111111111111112 0.7869791666666667 0.18425925925925926 0.7869791666666667 0.19907407407407407 0.7838541666666666 0.1962962962962963 0.7828125 0.18981481481481483 0.7807291666666667 0.1935185185185185 0.7765625 0.19074074074074074 0.7817708333333333 0.17314814814814813 0.7828125 0.16018518518518518 0.7890625 0.14722222222222223
1 0.9098958333333333 0.49074074074074076 0.9177083333333333 0.48333333333333334 0.9255208333333333 0.48333333333333334 0.928125 0.48055555555555557 0.9333333333333333 0.48333333333333334 0.9333333333333333 0.48703703703703705 0.9208333333333333 0.5055555555555555 0.9171875 0.5185185185185185 0.9109375 0.5185185185185185 0.9109375 0.5138888888888888 0.9078125 0.5138888888888888 0.9057291666666667 0.5185185185185185 0.9005208333333333 0.5185185185185185 0.8994791666666667 0.5157407407407407 0.909375 0.5009259259259259 0.9098958333333333 0.49166666666666664
1 0.2953125 0.8907407407407407 0.2989583333333333 0.8935185185185185 0.30416666666666664 0.9064814814814814 0.3072916666666667 0.9083333333333333 0.3078125 0.912962962962963 0.30572916666666666 0.9185185185185185 0.309375 0.9287037037037037 0.3072916666666667 0.9324074074074075 0.303125 0.9324074074074075 0.3 0.925 0.296875 0.924074074074074 0.28958333333333336 0.937037037037037 0.2864583333333333 0.9351851851851852 0.2875 0.925 0.2859375 0.9203703703703704 0.2859375 0.9037037037037037 0.29010416666666666 0.8907407407407407 0.2947916666666667 0.8907407407407407
1 0.05 0.19537037037037036 0.036458333333333336 0.046296296296296294
1 0.1890625 0 0.19895833333333332 0 0.2 0.01574074074074074 0.203125 0.025 0.1984375 0.03148148148148148 0.19635416666666666 0.02962962962962963 0.19479166666666667 0.020370370370370372 0.18958333333333333 0.018518518518518517 0.1890625 0.000925925925925926
1 0.35833333333333334 0.6222222222222222 0.36614583333333334 0.6296296296296297 0.36770833333333336 0.6416666666666667 0.371875 0.649074074074074 0.36302083333333335 0.6722222222222223 0.3609375 0.6685185185185185 0.3609375 0.6592592592592592 0.35572916666666665 0.649074074074074 0.3536458333333333 0.6388888888888888 0.3536458333333333 0.6240740740740741 0.3578125 0.6222222222222222
1 0.2515625 0.5833333333333334 0.24791666666666667 0.5722222222222222 0.246875 0.5518518518518518 0.24791666666666667 0.549074074074074 0.25364583333333335 0.5481481481481482 0.259375 0.55 0.259375 0.5611111111111111 0.2671875 0.5907407407407408 0.2671875 0.5962962962962963 0.26145833333333335 0.6037037037037037 0.2520833333333333 0.5833333333333334
1 0.3984375 0.5768518518518518 0.4036458333333333 0.5935185185185186 0.40520833333333334 0.6101851851851852 0.4041666666666667 0.625 0.4015625 0.6287037037037037 0.39375 0.6092592592592593 0.38958333333333334 0.5879629629629629 0.39375 0.575925925925926 0.39791666666666664 0.5768518518518518
1 0.8713541666666667 0.525 0.8723958333333334 0.5314814814814814 0.8697916666666666 0.5425925925925926 0.8484375 0.5814814814814815 0.8463541666666666 0.5777777777777777 0.846875 0.5722222222222222 0.8526041666666667 0.5564814814814815 0.8458333333333333 0.5611111111111111 0.8447916666666667 0.5564814814814815 0.8505208333333333 0.5444444444444444 0.8526041666666667 0.5324074074074074 0.8588541666666667 0.525 0.8708333333333333 0.525
1 0.11145833333333334 0.05648148148148148 0.115625 0.05740740740740741 0.11979166666666667 0.06481481481481481 0.1265625 0.09444444444444444 0.12552083333333333 0.09722222222222222 0.11979166666666667 0.09814814814814815 0.115625 0.08333333333333333 0.109375 0.07314814814814814 0.10833333333333334 0.06666666666666667 0.11145833333333334 0.05740740740740741
1 0.27239583333333334 0.5157407407407407 0.27760416666666665 0.5259259259259259 0.2786458333333333 0.5407407407407407 0.28177083333333336 0.55 0.28020833333333334 0.5574074074074075 0.2765625 0.5611111111111111 0.27447916666666666 0.5601851851851852 0.26979166666666665 0.5444444444444444 0.2630208333333333 0.5398148148148149 0.2598958333333333 0.5157407407407407 0.2609375 0.5101851851851852 0.271875 0.5157407407407407
1 0.29739583333333336 0.7657407407407407 0.3067708333333333 0.774074074074074 0.3109375 0.7833333333333333 0.3182291666666667 0.7888888888888889 0.31666666666666665 0.7953703703703704 0.30885416666666665 0.8 0.30104166666666665 0.8148148148148148 0.296875 0.8111111111111111 0.29635416666666664 0.7962962962962963 0.290625 0.7768518518518519 0.2916666666666667 0.7675925925925926 0.296875 0.7657407407407407
1 0.7651041666666667 0.05648148148148148 0.7692708333333333 0.07037037037037037 0.765625 0.09814814814814815 0.7619791666666667 0.10740740740740741 0.7557291666666667 0.10277777777777777 0.7609375 0.06759259259259259 0.7651041666666667 0.05740740740740741
1 0.4739583333333333 0.5583333333333333 0.48072916666666665 0.5481481481481482 0.48385416666666664 0.549074074074074 0.48802083333333335 0.5722222222222222 0.48802083333333335 0.5842592592592593 0.484375 0.5916666666666667 0.4822916666666667 0.6074074074074074 0.48020833333333335 0.6111111111111112 0.47708333333333336 0.600925925925926 0.47708333333333336 0.5898148148148148 0.4734375 0.5685185185185185 0.4739583333333333 0.5592592592592592
1 0.8697916666666666 0.4074074074074074 0.8739583333333333 0.41388888888888886 0.8739583333333333 0.42314814814814816 0.8671875 0.4324074074074074 0.8625 0.45185185185185184 0.859375 0.4546296296296296 0.8567708333333334 0.44537037037037036 0.8520833333333333 0.44537037037037036 0.8510416666666667 0.44166666666666665 0.8588541666666667 0.42777777777777776 0.8583333333333333 0.41944444444444445 0.8692708333333333 0.4074074074074074
1 0.28958333333333336 0.7027777777777777 0.296875 0.7037037037037037 0.3072916666666667 0.7268518518518519 0.31302083333333336 0.7231481481481481 0.31614583333333335 0.7268518518518519 0.3145833333333333 0.7351851851851852 0.30104166666666665 0.7527777777777778 0.29791666666666666 0.75 0.29635416666666664 0.7379629629629629 0.2890625 0.7277777777777777 0.2864583333333333 0.7444444444444445 0.2828125 0.7481481481481481 0.28125 0.7407407407407407 0.28541666666666665 0.7296296296296296 0.28958333333333336 0.7037037037037037
1 0.37864583333333335 0.03425925925925926 0.3802083333333333 0.03796296296296296 0.38125 0.06018518518518518 0.378125 0.06759259259259259 0.37552083333333336 0.06666666666666667 0.37395833333333334 0.05185185185185185 0.37135416666666665 0.044444444444444446 0.3734375 0.03518518518518519 0.378125 0.03425925925925926
1 0.8697916666666666 0.1675925925925926 0.8739583333333333 0.1675925925925926 0.8744791666666667 0.17592592592592593 0.8713541666666667 0.19537037037037036 0.8614583333333333 0.21296296296296297 0.8520833333333333 0.2101851851851852 0.8520833333333333 0.2037037037037037 0.8567708333333334 0.2 0.8583333333333333 0.18981481481481483 0.8692708333333333 0.17407407407407408 0.8697916666666666 0.1685185185185185
1 0.4505208333333333 0 0.45625 0 0.45625 0.01574074074074074 0.453125 0.022222222222222223 0.4505208333333333 0.012962962962962963 0.4505208333333333 0.000925925925925926
1 0.08541666666666667 0.10555555555555556 0.0953125 0.10833333333333334 0.1 0.11944444444444445 0.09947916666666666 0.13055555555555556 0.10572916666666667 0.1425925925925926 0.10520833333333333 0.15092592592592594 0.10208333333333333 0.15462962962962962 0.09427083333333333 0.13240740740740742 0.08541666666666667 0.11574074074074074 0.0859375 0.10648148148148148
1 0.3729166666666667 0.5055555555555555 0.3765625 0.5055555555555555 0.38229166666666664 0.5148148148148148 0.3880208333333333 0.5398148148148149 0.38645833333333335 0.549074074074074 0.38333333333333336 0.5407407407407407 0.3802083333333333 0.5388888888888889 0.3796875 0.5537037037037037 0.37552083333333336 0.5601851851851852 0.37447916666666664 0.525 0.371875 0.512962962962963 0.3729166666666667 0.5064814814814815
1 0 0.26944444444444443 0.0036458333333333334 0.2722222222222222 0.0036458333333333334 0.2777777777777778 0.010416666666666666 0.29074074074074074 0.009895833333333333 0.2962962962962963 0.0067708333333333336 0.2972222222222222 0.0046875 0.2935185185185185 0.003125 0.2962962962962963 0.0046875 0.3 0 0.30185185185185187 0 0.27037037037037037
1 0.6145833333333334 0 0.6213541666666667 0 0.6161458333333333 0.022222222222222223 0.6145833333333334 0.000925925925925926
1 0.0640625 0.15925925925925927 0.07083333333333333 0.1712962962962963 0.07135416666666666 0.1787037037037037 0.07708333333333334 0.19444444444444445 0.075 0.19814814814814816 0.07083333333333333 0.19444444444444445 0.0640625 0.18055555555555555 0.058333333333333334 0.17685185185185184 0.059375 0.16203703703703703 0.06354166666666666 0.15925925925925927
1 0.278125 0.5962962962962963 0.2828125 0.5990740740740741 0.290625 0.6138888888888889 0.296875 0.6194444444444445 0.29583333333333334 0.6240740740740741 0.28958333333333336 0.6231481481481481 0.2869791666666667 0.6268518518518519 0.28854166666666664 0.6481481481481481 0.2864583333333333 0.6555555555555556 0.2828125 0.6546296296296297 0.2828125 0.6453703703703704 0.27760416666666665 0.625 0.26979166666666665 0.6129629629629629 0.2703125 0.5990740740740741 0.27760416666666665 0.5962962962962963
1 0.33489583333333334 0.7361111111111112 0.34375 0.7444444444444445 0.34375 0.7583333333333333 0.3489583333333333 0.7777777777777778 0.3484375 0.7870370370370371 0.3453125 0.7870370370370371 0.33541666666666664 0.7722222222222223 0.33125 0.7722222222222223 0.32760416666666664 0.762962962962963 0.328125 0.7472222222222222 0.3265625 0.737037037037037 0.328125 0.7333333333333333 0.334375 0.7361111111111112
1 0.06197916666666667 0.17685185185185184 0.06875 0.18518518518518517 0.07916666666666666 0.2101851851851852 0.07760416666666667 0.21481481481481482 0.07083333333333333 0.20555555555555555 0.07083333333333333 0.22037037037037038 0.06770833333333333 0.22037037037037038 0.06614583333333333 0.20833333333333334 0.058333333333333334 0.18796296296296297 0.058333333333333334 0.18055555555555555 0.06145833333333333 0.17685185185185184
1 0.2125 0.9444444444444444 0.225 0.9527777777777777 0.22395833333333334 0.9583333333333334 0.21979166666666666 0.9601851851851851 0.22708333333333333 0.9694444444444444 0.23072916666666668 0.9851851851851852 0.2296875 0.9944444444444445 0.22552083333333334 0.9990740740740741 0.21927083333333333 0.9990740740740741 0.21510416666666668 0.9953703703703703 0.21145833333333333 0.9833333333333333 0.20520833333333333 0.975 0.20208333333333334 0.9638888888888889 0.19583333333333333 0.9537037037037037 0.1984375 0.9481481481481482 0.2078125 0.9435185185185185 0.21197916666666666 0.9444444444444444
1 0.075 0.07592592592592592 0.07760416666666667 0.07685185185185185 0.08125 0.08611111111111111 0.08541666666666667 0.10462962962962963 0.08489583333333334 0.11574074074074074 0.08125 0.11388888888888889 0.0734375 0.09537037037037037 0.07135416666666666 0.08333333333333333 0.071875 0.07777777777777778 0.07447916666666667 0.07592592592592592
1 0.95859375 0.5407407407407407 0.025520833333333333 0.046296296296296294
1 0.32447916666666665 0.8740740740740741 0.33125 0.8759259259259259 0.334375 0.8833333333333333 0.3359375 0.8972222222222223 0.33489583333333334 0.9166666666666666 0.328125 0.9222222222222223 0.32760416666666664 0.9120370370370371 0.31145833333333334 0.8861111111111111 0.3140625 0.8777777777777778 0.32395833333333335 0.875
1 0.8541666666666666 0.34814814814814815 0.8578125 0.34814814814814815 0.8614583333333333 0.35555555555555557 0.8604166666666667 0.36574074074074076 0.8557291666666667 0.37037037037037035 0.8505208333333333 0.3814814814814815 0.8447916666666667 0.38055555555555554 0.8515625 0.3638888888888889 0.8541666666666666 0.3490740740740741
1 0.7098958333333333 0.26944444444444443 0.7135416666666666 0.2712962962962963 0.7171875 0.2898148148148148 0.7109375 0.30277777777777776 0.70625 0.32685185185185184 0.7020833333333333 0.3277777777777778 0.7015625 0.3175925925925926 0.7046875 0.2851851851851852 0.7098958333333333 0.27037037037037037
1 0.1921875 0.9685185185185186 0.2015625 0.9731481481481481 0.2078125 0.9805555555555555 0.209375 0.9944444444444445 0.20260416666666667 0.9990740740740741 0.19583333333333333 0.9953703703703703 0.17916666666666667 0.9740740740740741 0.17864583333333334 0.9703703703703703 0.18177083333333333 0.9675925925925926 0.19166666666666668 0.9685185185185186
1 0.359375 0.06944444444444445 0.3651041666666667 0.08611111111111111 0.3651041666666667 0.10277777777777777 0.36302083333333335 0.11574074074074074 0.35989583333333336 0.11388888888888889 0.3567708333333333 0.08796296296296297 0.3536458333333333 0.07777777777777778 0.3546875 0.06944444444444445 0.35885416666666664 0.06944444444444445
1 0.24947916666666667 0.7046296296296296 0.259375 0.7157407407407408 0.26458333333333334 0.725925925925926 0.27239583333333334 0.725925925925926 0.27239583333333334 0.7296296296296296 0.2671875 0.7379629629629629 0.265625 0.7481481481481481 0.26197916666666665 0.7527777777777778 0.2515625 0.7361111111111112 0.24322916666666666 0.7129629629629629 0.24479166666666666 0.7064814814814815 0.24895833333333334 0.7046296296296296
1 0.515625 0.44351851851851853 0.5166666666666667 0.42592592592592593 0.5135416666666667 0.4027777777777778 0.5166666666666667 0.39166666666666666 0.51875 0.38796296296296295 0.5223958333333333 0.38981481481481484 0.5255208333333333 0.4009259259259259 0.5255208333333333 0.41759259259259257 0.525 0.42777777777777776 0.5161458333333333 0.4425925925925926
1 0.4421875 0.6398148148148148 0.4390625 0.6370370370370371 0.44166666666666665 0.6092592592592593 0.43802083333333336 0.6027777777777777 0.4390625 0.5916666666666667 0.4421875 0.5824074074074074 0.44583333333333336 0.5805555555555556 0.4484375 0.5851851851851851 0.4552083333333333 0.6083333333333333 0.45260416666666664 0.6157407407407407 0.4473958333333333 0.6185185185185185 0.4453125 0.6333333333333333 0.4427083333333333 0.6388888888888888
1 0.5463541666666667 0.41944444444444445 0.5510416666666667 0.4287037037037037 0.5515625 0.4388888888888889 0.5463541666666667 0.4675925925925926 0.5442708333333334 0.4685185185185185 0.5385416666666667 0.4583333333333333 0.5375 0.43703703703703706 0.5416666666666666 0.4212962962962963 0.5458333333333333 0.41944444444444445
1 0.6125 0.8212962962962963 0.6177083333333333 0.825925925925926 0.6239583333333333 0.8416666666666667 0.621875 0.8490740740740741 0.6229166666666667 0.8592592592592593 0.6197916666666666 0.8629629629629629 0.609375 0.8657407407407407 0.6057291666666667 0.8712962962962963 0.6026041666666667 0.8703703703703703 0.6052083333333333 0.8555555555555555 0.6041666666666666 0.8361111111111111 0.6119791666666666 0.8222222222222222
1 0.5901041666666667 0.08796296296296297 0.5927083333333333 0.0962962962962963 0.5927083333333333 0.1037037037037037 0.5916666666666667 0.13240740740740742 0.5885416666666666 0.14722222222222223 0.5848958333333333 0.14444444444444443 0.584375 0.11851851851851852 0.58125 0.10185185185185185 0.5854166666666667 0.08518518518518518 0.5880208333333333 0.08333333333333333 0.5895833333333333 0.08796296296296297
1 0.8010416666666667 0.10185185185185185 0.8046875 0.10462962962962963 0.80625 0.1175925925925926 0.8041666666666667 0.12685185185185185 0.7942708333333334 0.14629629629629629 0.790625 0.1425925925925926 0.7979166666666667 0.10740740740740741 0.8005208333333333 0.10185185185185185
1 0.7515625 0.3509259259259259 0.7546875 0.35185185185185186 0.7546875 0.36666666666666664 0.7520833333333333 0.37777777777777777 0.7536458333333333 0.3972222222222222 0.7505208333333333 0.39814814814814814 0.7447916666666666 0.38796296296296295 0.740625 0.39444444444444443 0.7364583333333333 0.39166666666666666 0.7375 0.3851851851851852 0.7442708333333333 0.3712962962962963 0.7453125 0.36203703703703705 0.7510416666666667 0.35185185185185186
1 0.2833333333333333 0.8231481481481482 0.28854166666666664 0.8296296296296296 0.2890625 0.8453703703703703 0.29791666666666666 0.850925925925926 0.2994791666666667 0.8574074074074074 0.29322916666666665 0.8638888888888889 0.2791666666666667 0.8703703703703703 0.2765625 0.8796296296296297 0.27291666666666664 0.8777777777777778 0.2760416666666667 0.862037037037037 0.26875 0.8453703703703703 0.2682291666666667 0.837037037037037 0.26979166666666665 0.8342592592592593 0.2755208333333333 0.8342592592592593 0.2791666666666667 0.8240740740740741 0.2828125 0.8231481481481482
1 0.15 0.05 0.15416666666666667 0.05092592592592592 0.16041666666666668 0.06759259259259259 0.16458333333333333 0.07314814814814814 0.16458333333333333 0.07962962962962963 0.15416666666666667 0.08703703703703704 0.15416666666666667 0.07314814814814814 0.15 0.05092592592592592
1 0.8427083333333333 0.4222222222222222 0.8442708333333333 0.425 0.84375 0.44166666666666665 0.8416666666666667 0.44907407407407407 0.8348958333333333 0.4638888888888889 0.8265625 0.4740740740740741 0.8177083333333334 0.4703703703703704 0.8177083333333334 0.4666666666666667 0.828125 0.43703703703703706 0.8385416666666666 0.4222222222222222 0.8421875 0.4222222222222222
1 0.8453125 0.5027777777777778 0.846875 0.5055555555555555 0.8458333333333333 0.5222222222222223 0.840625 0.5268518518518519 0.8348958333333333 0.5425925925925926 0.8317708333333333 0.5453703703703704 0.821875 0.5435185185185185 0.8255208333333334 0.5287037037037037 0.8244791666666667 0.5222222222222223 0.83125 0.5074074074074074 0.8447916666666667 0.5027777777777778