1 0.1546875 0.2574074074074074 0.1609375 0.2657407407407407 0.16145833333333334 0.2740740740740741 0.16614583333333333 0.287962962962963 0.1640625 0.2916666666666667 0.16145833333333334 0.28425925925925927 0.159375 0.2851851851851852 0.15833333333333333 0.2962962962962963 0.15625 0.29444444444444445 0.14947916666666666 0.26296296296296295 0.15052083333333333 0.2574074074074074 0.15416666666666667 0.2574074074074074
1 0.19895833333333332 0.2074074074074074 0.20052083333333334 0.20925925925925926 0.20104166666666667 0.22037037037037038 0.20625 0.23148148148148148 0.203125 0.2324074074074074 0.19947916666666668 0.23981481481481481 0.19635416666666666 0.2361111111111111 0.19375 0.21296296296296297 0.1953125 0.20833333333333334 0.1984375 0.20833333333333334
1 0.1609375 0.2111111111111111 0.1671875 0.2222222222222222 0.16822916666666668 0.24444444444444444 0.16302083333333334 0.24444444444444444 0.16145833333333334 0.22962962962962963 0.15729166666666666 0.21666666666666667 0.1578125 0.21296296296296297 0.16041666666666668 0.21203703703703702
1 0.6270833333333333 0.16944444444444445 0.6296875 0.17314814814814813 0.63125 0.1824074074074074 0.6302083333333334 0.1925925925925926 0.6265625 0.20277777777777778 0.621875 0.18518518518518517 0.6234375 0.17407407407407408 0.6265625 0.16944444444444445
1 0.2375 0.15925925925925927 0.24322916666666666 0.1685185185185185 0.24427083333333333 0.19074074074074074 0.24114583333333334 0.18888888888888888 0.24114583333333334 0.18425925925925926 0.2359375 0.17314814814814813 0.23697916666666666 0.16018518518518518
1 0.44635416666666666 0.7638888888888888 0.45625 0.7731481481481481 0.46197916666666666 0.7824074074074074 0.459375 0.799074074074074 0.45677083333333335 0.8 0.453125 0.7935185185185185 0.4510416666666667 0.7962962962962963 0.45 0.8175925925925925 0.44635416666666666 0.8231481481481482 0.4432291666666667 0.8212962962962963 0.44583333333333336 0.812037037037037 0.44583333333333336 0.7898148148148149 0.4432291666666667 0.7675925925925926 0.44583333333333336 0.7638888888888888
1 0.6578125 0.1824074074074074 0.6614583333333334 0.1925925925925926 0.6625 0.2101851851851852 0.6578125 0.2212962962962963 0.6567708333333333 0.23703703703703705 0.6541666666666667 0.23796296296296296 0.6526041666666667 0.23148148148148148 0.6526041666666667 0.20833333333333334 0.6546875 0.18888888888888888 0.6572916666666667 0.18333333333333332
1 0.23020833333333332 0.20092592592592592 0.234375 0.20925925925925926 0.23541666666666666 0.22037037037037038 0.24114583333333334 0.22777777777777777 0.24114583333333334 0.23148148148148148 0.23645833333333333 0.22962962962962963 0.23385416666666667 0.23425925925925925 0.23072916666666668 0.2324074074074074 0.22604166666666667 0.21203703703703702 0.2265625 0.2 0.2296875 0.20092592592592592
1 0.10625 0.3287037037037037 0.11302083333333333 0.3388888888888889 0.1140625 0.34444444444444444 0.10885416666666667 0.35648148148148145 0.10572916666666667 0.35555555555555557 0.09947916666666666 0.34074074074074073 0.10104166666666667 0.3296296296296296 0.10572916666666667 0.3287037037037037
1 0.1078125 0.3055555555555556 0.1125 0.31203703703703706 0.115625 0.32314814814814813 0.11770833333333333 0.33611111111111114 0.11614583333333334 0.34444444444444444 0.10364583333333334 0.32222222222222224 0.10364583333333334 0.3074074074074074 0.10729166666666666 0.3055555555555556
1 0.16822916666666668 0.25277777777777777 0.175 0.262037037037037 0.178125 0.2722222222222222 0.17708333333333334 0.287962962962963 0.17447916666666666 0.2898148148148148 0.17291666666666666 0.28703703703703703 0.16510416666666666 0.2657407407407407 0.16510416666666666 0.2574074074074074 0.16770833333333332 0.2537037037037037
1 0.5229166666666667 0.3537037037037037 0.5270833333333333 0.36574074074074076 0.528125 0.37962962962962965 0.525 0.3861111111111111 0.5234375 0.40185185185185185 0.5192708333333333 0.4074074074074074 0.5171875 0.3731481481481482 0.5197916666666667 0.35555555555555557 0.5223958333333333 0.3537037037037037
1 0.7411458333333333 0.37037037037037035 0.74375 0.375 0.74375 0.3861111111111111 0.7354166666666667 0.4222222222222222 0.7322916666666667 0.4212962962962963 0.7291666666666666 0.40370370370370373 0.7333333333333333 0.39537037037037037 0.7348958333333333 0.38055555555555554 0.740625 0.3712962962962963
1 0.28958333333333336 0.14351851851851852 0.296875 0.15925925925925927 0.2984375 0.17222222222222222 0.29635416666666664 0.17777777777777778 0.29322916666666665 0.17777777777777778 0.28541666666666665 0.15833333333333333 0.2859375 0.14444444444444443 0.2890625 0.14351851851851852
1 0.140625 0.25092592592592594 0.146875 0.2611111111111111 0.14479166666666668 0.26944444444444443 0.14791666666666667 0.27685185185185185 0.14791666666666667 0.2824074074074074 0.14583333333333334 0.2851851851851852 0.14270833333333333 0.2833333333333333 0.1359375 0.26296296296296295 0.13645833333333332 0.25092592592592594 0.14010416666666667 0.25092592592592594
1 0.8786458333333333 0.4638888888888889 0.88125 0.4685185185185185 0.8802083333333334 0.49074074074074076 0.8729166666666667 0.5157407407407407 0.8697916666666666 0.5175925925925926 0.8697916666666666 0.5037037037037037 0.8630208333333333 0.512962962962963 0.8609375 0.5083333333333333 0.86875 0.49074074074074076 0.8666666666666667 0.4787037037037037 0.8677083333333333 0.47314814814814815 0.8723958333333334 0.46574074074074073 0.878125 0.4638888888888889
1 0.7713541666666667 0.25833333333333336 0.7703125 0.2861111111111111 0.7723958333333333 0.30092592592592593 0.76875 0.30092592592592593 0.765625 0.2935185185185185 0.7583333333333333 0.2962962962962963 0.7651041666666667 0.262037037037037 0.76875 0.2574074074074074 0.7708333333333334 0.25833333333333336
1 0.5078125 0.5740740740740741 0.5119791666666667 0.5833333333333334 0.5119791666666667 0.5907407407407408 0.5020833333333333 0.6240740740740741 0.5 0.6212962962962963 0.49947916666666664 0.5953703703703703 0.4979166666666667 0.5925925925925926 0.4947916666666667 0.5962962962962963 0.4947916666666667 0.5861111111111111 0.5010416666666667 0.5666666666666667 0.5046875 0.5666666666666667 0.5072916666666667 0.5740740740740741
1 0.5942708333333333 0.3212962962962963 0.5979166666666667 0.3287037037037037 0.5973958333333333 0.3527777777777778 0.5880208333333333 0.3685185185185185 0.5864583333333333 0.36666666666666664 0.5880208333333333 0.3277777777777778 0.590625 0.3212962962962963 0.59375 0.3212962962962963
1 0.027604166666666666 0.42314814814814816 0.0375 0.4444444444444444 0.04739583333333333 0.45185185185185184 0.04479166666666667 0.45555555555555555 0.035416666666666666 0.45 0.033854166666666664 0.4564814814814815 0.0359375 0.4685185185185185 0.033854166666666664 0.47129629629629627 0.0234375 0.45092592592592595 0.021354166666666667 0.42777777777777776 0.027083333333333334 0.42314814814814816
1 0.09010416666666667 0.35185185185185186 0.096875 0.362962962962963 0.1 0.38055555555555554 0.09895833333333333 0.387037037037037 0.09583333333333334 0.3861111111111111 0.08489583333333334 0.3648148148148148 0.08489583333333334 0.35185185185185186 0.08958333333333333 0.35185185185185186
1 0.171875 0.21666666666666667 0.17864583333333334 0.24074074074074073 0.17864583333333334 0.24444444444444444 0.175 0.24722222222222223 0.16979166666666667 0.24351851851851852 0.16770833333333332 0.23333333333333334 0.16770833333333332 0.21944444444444444 0.17135416666666667 0.21666666666666667
1 0.22135416666666666 0.20092592592592592 0.22708333333333333 0.21203703703703702 0.23020833333333332 0.22962962962962963 0.22395833333333334 0.23333333333333334 0.2234375 0.225 0.21770833333333334 0.21296296296296297 0.21822916666666667 0.20277777777777778 0.22083333333333333 0.20092592592592592
1 0.4427083333333333 0.20555555555555555 0.44635416666666666 0.21666666666666667 0.4453125 0.24814814814814815 0.4421875 0.24722222222222223 0.4395833333333333 0.2222222222222222 0.4395833333333333 0.20925925925925926 0.4421875 0.20555555555555555
1 0.07083333333333333 0.35555555555555557 0.07604166666666666 0.3592592592592593 0.0859375 0.38425925925925924 0.0859375 0.38981481481481484 0.08333333333333333 0.39351851851851855 0.07135416666666666 0.375 0.06979166666666667 0.3685185185185185 0.07083333333333333 0.35648148148148145
1 0.18541666666666667 0.22777777777777777 0.1890625 0.2324074074074074 0.19322916666666667 0.24814814814814815 0.19270833333333334 0.25462962962962965 0.18958333333333333 0.2601851851851852 0.18645833333333334 0.25833333333333336 0.18177083333333333 0.24259259259259258 0.18177083333333333 0.22870370370370371 0.18489583333333334 0.22777777777777777
1 0.6161458333333333 0.22037037037037038 0.6140625 0.1962962962962963 0.6161458333333333 0.18055555555555555 0.6203125 0.17685185185185184 0.6234375 0.18888888888888888 0.6192708333333333 0.21481481481481482 0.6166666666666667 0.21944444444444444
1 0.64375 0.20185185185185187 0.6479166666666667 0.21203703703703702 0.64375 0.24537037037037038 0.6411458333333333 0.24166666666666667 0.6385416666666667 0.22962962962962963 0.6385416666666667 0.21666666666666667 0.6432291666666666 0.20277777777777778
1 0.41458333333333336 0.19166666666666668 0.41875 0.19166666666666668 0.42083333333333334 0.2037037037037037 0.4203125 0.225 0.41822916666666665 0.22685185185185186 0.4125 0.20555555555555555 0.41458333333333336 0.1925925925925926
1 0.25 0.18935185185185185 0.059375 0.06944444444444445
1 0.35208333333333336 0.07314814814814814 0.35625 0.07407407407407407 0.359375 0.08703703703703704 0.35989583333333336 0.09907407407407408 0.35885416666666664 0.10462962962962963 0.35572916666666665 0.10462962962962963 0.35208333333333336 0.08611111111111111 0.35208333333333336 0.07407407407407407
1 0.30364583333333334 0.1675925925925926 0.2989583333333333 0.15092592592592594 0.3 0.13518518518518519 0.30416666666666664 0.1361111111111111 0.30833333333333335 0.1574074074074074 0.30364583333333334 0.16666666666666666
1 0.03125 0.6194444444444445 0.0359375 0.6194444444444445 0.04635416666666667 0.6287037037037037 0.05260416666666667 0.6481481481481481 0.06197916666666667 0.6675925925925926 0.06041666666666667 0.6712962962962963 0.05625 0.6712962962962963 0.05364583333333333 0.6675925925925926 0.04479166666666667 0.6675925925925926 0.04114583333333333 0.6564814814814814 0.03229166666666667 0.6435185185185185 0.03125 0.6203703703703703
1 0.6692708333333334 0.1537037037037037 0.6708333333333333 0.17222222222222222 0.6666666666666666 0.18981481481481483 0.6625 0.18703703703703703 0.6614583333333334 0.17222222222222222 0.6630208333333333 0.16296296296296298 0.66875 0.1537037037037037
1 0.5375 0.3333333333333333 0.540625 0.35185185185185186 0.5401041666666667 0.3768518518518518 0.5395833333333333 0.37962962962962965 0.5338541666666666 0.37962962962962965 0.5338541666666666 0.37592592592592594 0.53125 0.375 0.53125 0.38981481481481484 0.5286458333333334 0.38796296296296295 0.5302083333333333 0.36574074074074076 0.5291666666666667 0.34444444444444444 0.5348958333333333 0.3333333333333333 0.5369791666666667 0.3333333333333333
1 0.6364583333333333 0.15925925925925927 0.6369791666666667 0.17777777777777778 0.6390625 0.1824074074074074 0.6375 0.18888888888888888 0.6348958333333333 0.19074074074074074 0.6296875 0.18888888888888888 0.6286458333333333 0.17037037037037037 0.63125 0.16018518518518518 0.6359375 0.15925925925925927
1 0.3625 0.07314814814814814 0.3671875 0.09074074074074075 0.36614583333333334 0.10092592592592593 0.36302083333333335 0.1037037037037037 0.35989583333333336 0.10185185185185185 0.35989583333333336 0.07962962962962963 0.3619791666666667 0.07407407407407407
1 0.05364583333333333 0.3962962962962963 0.05625 0.4046296296296296 0.05677083333333333 0.42314814814814816 0.052083333333333336 0.4212962962962963 0.043229166666666666 0.40185185185185185 0.04635416666666667 0.38981481481481484 0.050520833333333334 0.3907407407407407 0.053125 0.3962962962962963
1 0.5442708333333334 0.39537037037037037 0.546875 0.39814814814814814 0.5479166666666667 0.44907407407407407 0.5364583333333334 0.44351851851851853 0.5401041666666667 0.42407407407407405 0.5385416666666667 0.4111111111111111 0.54375 0.39537037037037037
1 0.4666666666666667 0.22592592592592592 0.4666666666666667 0.23148148148148148 0.4703125 0.23796296296296296 0.46822916666666664 0.25277777777777777 0.4703125 0.275 0.4630208333333333 0.26944444444444443 0.4635416666666667 0.2537037037037037 0.46145833333333336 0.23703703703703705 0.4630208333333333 0.22685185185185186 0.4661458333333333 0.22592592592592592
1 0.44947916666666665 0.5898148148148148 0.45625 0.5981481481481481 0.4588541666666667 0.6083333333333333 0.4583333333333333 0.6231481481481481 0.45260416666666664 0.6398148148148148 0.44947916666666665 0.6435185185185185 0.45 0.6222222222222222 0.44427083333333334 0.612037037037037 0.44635416666666666 0.5935185185185186 0.44895833333333335 0.5907407407407408
1 0.6453125 0.11851851851851852 0.6473958333333333 0.11944444444444445 0.6489583333333333 0.1259259259259259 0.6494791666666667 0.1361111111111111 0.6479166666666667 0.14814814814814814 0.6442708333333333 0.1527777777777778 0.6416666666666667 0.14907407407407408 0.6411458333333333 0.13148148148148148 0.6447916666666667 0.11851851851851852
1 0.64375 0.15092592592592594 0.6453125 0.16666666666666666 0.6411458333333333 0.18425925925925926 0.6380208333333334 0.1787037037037037 0.6375 0.16018518518518518 0.640625 0.15092592592592594 0.6432291666666666 0.15092592592592594
1 0.6283854166666667 0.1550925925925926 0.009895833333333333 0.03611111111111111
1 0.6614583333333334 0.2861111111111111 0.6645833333333333 0.2851851851851852 0.6677083333333333 0.2972222222222222 0.6645833333333333 0.32592592592592595 0.6609375 0.33611111111111114 0.6588541666666666 0.3287037037037037 0.6583333333333333 0.29814814814814816 0.6614583333333334 0.28703703703703703