1 0.23229166666666667 0.8175925925925925 0.23697916666666666 0.8166666666666667 0.24791666666666667 0.8314814814814815 0.25416666666666665 0.8648148148148148 0.25364583333333335 0.8722222222222222 0.2515625 0.8740740740740741 0.23854166666666668 0.8583333333333333 0.23072916666666668 0.8527777777777777 0.2296875 0.8398148148148148 0.23177083333333334 0.8324074074074074 0.23229166666666667 0.8185185185185185
1 0.05520833333333333 0.3333333333333333 0.06354166666666666 0.3490740740740741 0.06614583333333333 0.3611111111111111 0.0640625 0.3675925925925926 0.0578125 0.3638888888888889 0.05 0.34444444444444444 0.05 0.33425925925925926 0.0546875 0.3333333333333333
1 0.42135416666666664 0.23981481481481481 0.4239583333333333 0.25 0.4244791666666667 0.26944444444444443 0.41822916666666665 0.275 0.4161458333333333 0.25 0.41770833333333335 0.24074074074074073 0.42083333333333334 0.23981481481481481
1 0.13385416666666666 0.25462962962962965 0.14375 0.2796296296296296 0.14375 0.28425925925925927 0.14010416666666667 0.287962962962963 0.13645833333333332 0.2861111111111111 0.12916666666666668 0.26666666666666666 0.1296875 0.25833333333333336 0.13333333333333333 0.25462962962962965
1 0.6104166666666667 0.3925925925925926 0.6151041666666667 0.4074074074074074 0.6125 0.4222222222222222 0.6088541666666667 0.4222222222222222 0.6036458333333333 0.412962962962963 0.6041666666666666 0.40370370370370373 0.6098958333333333 0.3925925925925926
1 0.5463541666666667 0.35462962962962963 0.55 0.35648148148148145 0.5536458333333333 0.36574074074074076 0.5494791666666666 0.39444444444444443 0.5463541666666667 0.3972222222222222 0.5427083333333333 0.3731481481481482 0.5463541666666667 0.35555555555555557
1 0.6 0.22037037037037038 0.6020833333333333 0.22037037037037038 0.6036458333333333 0.25277777777777777 0.6010416666666667 0.26666666666666666 0.5984375 0.26851851851851855 0.5942708333333333 0.26481481481481484 0.5958333333333333 0.24074074074074073 0.6 0.2212962962962963
1 0.2864583333333333 0.16666666666666666 0.28958333333333336 0.1675925925925926 0.2911458333333333 0.1814814814814815 0.28958333333333336 0.1962962962962963 0.28489583333333335 0.1962962962962963 0.284375 0.17314814814814813 0.2859375 0.1675925925925926
1 0.07135416666666666 0.34444444444444444 0.0765625 0.35 0.08229166666666667 0.362962962962963 0.084375 0.37962962962962965 0.08125 0.3861111111111111 0.078125 0.3861111111111111 0.0734375 0.3675925925925926 0.0671875 0.35833333333333334 0.06614583333333333 0.35 0.07083333333333333 0.34444444444444444
1 0.3140625 0.16203703703703703 0.3109375 0.1425925925925926 0.3109375 0.13518518518518519 0.31354166666666666 0.13240740740740742 0.31927083333333334 0.15648148148148147 0.3177083333333333 0.16296296296296298 0.3145833333333333 0.16203703703703703
1 0.8890625 0.6416666666666667 0.890625 0.6453703703703704 0.8895833333333333 0.6638888888888889 0.8848958333333333 0.6805555555555556 0.8822916666666667 0.700925925925926 0.8796875 0.700925925925926 0.8734375 0.6888888888888889 0.8734375 0.6814814814814815 0.8682291666666667 0.6842592592592592 0.8640625 0.6814814814814815 0.8786458333333333 0.6583333333333333 0.8864583333333333 0.6407407407407407 0.8885416666666667 0.6416666666666667
1 0.5885416666666666 0.3425925925925926 0.5901041666666667 0.30648148148148147 0.5953125 0.30185185185185187 0.5994791666666667 0.3138888888888889 0.5994791666666667 0.3194444444444444 0.5963541666666666 0.33425925925925926 0.5890625 0.3416666666666667
1 0 0.4287037037037037 0.005729166666666666 0.4351851851851852 0.0067708333333333336 0.44814814814814813 0.0125 0.4564814814814815 0.011979166666666667 0.46111111111111114 0.004166666666666667 0.4666666666666667 0.0020833333333333333 0.4537037037037037 0 0.4527777777777778 0 0.42962962962962964
1 0.18645833333333334 0.22870370370370371 0.19166666666666668 0.23425925925925925 0.19270833333333334 0.2601851851851852 0.18958333333333333 0.25833333333333336 0.184375 0.24722222222222223 0.1828125 0.2361111111111111 0.1859375 0.22870370370370371
1 0.1296875 0.26851851851851855 0.13697916666666668 0.28888888888888886 0.13385416666666666 0.30648148148148147 0.13020833333333334 0.3055555555555556 0.121875 0.2722222222222222 0.1234375 0.26851851851851855 0.12916666666666668 0.26851851851851855
1 0.4703125 0.537962962962963 0.47708333333333336 0.55 0.4791666666666667 0.5601851851851852 0.47708333333333336 0.5777777777777777 0.4703125 0.5907407407407408 0.4666666666666667 0.5935185185185186 0.465625 0.5666666666666667 0.465625 0.5546296296296296 0.46979166666666666 0.5388888888888889
1 0.27239583333333334 0.7277777777777777 0.28229166666666666 0.7351851851851852 0.2859375 0.7425925925925926 0.2869791666666667 0.7796296296296297 0.2828125 0.7814814814814814 0.27760416666666665 0.7712962962962963 0.2708333333333333 0.7379629629629629 0.271875 0.7287037037037037
1 0.34322916666666664 0.9046296296296297 0.35208333333333336 0.9138888888888889 0.353125 0.9222222222222223 0.3567708333333333 0.9287037037037037 0.34791666666666665 0.9425925925925925 0.3463541666666667 0.9592592592592593 0.3421875 0.9648148148148148 0.340625 0.9638888888888889 0.3421875 0.9388888888888889 0.3375 0.9314814814814815 0.3359375 0.9175925925925926 0.3380208333333333 0.9046296296296297 0.34270833333333334 0.9046296296296297
1 0.5671875 0.3787037037037037 0.5708333333333333 0.3907407407407407 0.56875 0.40370370370370373 0.5708333333333333 0.4185185185185185 0.565625 0.41759259259259257 0.5625 0.42592592592592593 0.559375 0.425 0.5609375 0.38333333333333336 0.5666666666666667 0.37962962962962965
1 0.27239583333333334 0.1824074074074074 0.2760416666666667 0.18425925925925926 0.2791666666666667 0.2101851851851852 0.27760416666666665 0.21574074074074073 0.27447916666666666 0.21388888888888888 0.2703125 0.18888888888888888 0.27239583333333334 0.18333333333333332
1 0.4484375 0.5703703703703704 0.453125 0.5805555555555556 0.453125 0.6 0.45 0.6203703703703703 0.4479166666666667 0.6194444444444445 0.4473958333333333 0.6111111111111112 0.4421875 0.5990740740740741 0.44375 0.5731481481481482 0.44583333333333336 0.5694444444444444 0.4479166666666667 0.5703703703703704
1 0.16875 0.26666666666666666 0.1765625 0.2824074074074074 0.17708333333333334 0.30185185185185187 0.17395833333333333 0.3 0.16927083333333334 0.2861111111111111 0.16614583333333333 0.2712962962962963 0.16822916666666668 0.26666666666666666
1 0.015625 0.4046296296296296 0.021354166666666667 0.4101851851851852 0.026041666666666668 0.40925925925925927 0.0328125 0.4222222222222222 0.036458333333333336 0.4398148148148148 0.03958333333333333 0.44537037037037036 0.0390625 0.44907407407407407 0.035416666666666666 0.45185185185185184 0.029166666666666667 0.4388888888888889 0.025520833333333333 0.4361111111111111 0.022395833333333334 0.4527777777777778 0.01875 0.43333333333333335 0.011979166666666667 0.4185185185185185 0.011979166666666667 0.4064814814814815 0.015104166666666667 0.4046296296296296
1 0.14322916666666666 0.2953703703703704 0.1484375 0.3148148148148148 0.14791666666666667 0.3194444444444444 0.14479166666666668 0.3212962962962963 0.140625 0.32037037037037036 0.13697916666666668 0.30277777777777776 0.13697916666666668 0.2972222222222222 0.13958333333333334 0.29259259259259257 0.14270833333333333 0.2953703703703704
1 0.253125 0.8083333333333333 0.2630208333333333 0.825 0.265625 0.8555555555555555 0.25729166666666664 0.8537037037037037 0.253125 0.8444444444444444 0.2520833333333333 0.8342592592592593 0.246875 0.825 0.24791666666666667 0.8092592592592592 0.2526041666666667 0.8083333333333333
1 0.3109375 0.8898148148148148 0.3229166666666667 0.8962962962962963 0.325 0.9120370370370371 0.33541666666666664 0.9398148148148148 0.33489583333333334 0.9453703703703704 0.33125 0.9453703703703704 0.3234375 0.9351851851851852 0.321875 0.937962962962963 0.32135416666666666 0.9527777777777777 0.31614583333333335 0.9518518518518518 0.3151041666666667 0.9305555555555556 0.31145833333333334 0.9157407407407407 0.31145833333333334 0.9083333333333333 0.3072916666666667 0.8981481481481481 0.3104166666666667 0.8907407407407407
1 0.12864583333333332 0.337037037037037 0.13177083333333334 0.3453703703703704 0.13229166666666667 0.35462962962962963 0.1375 0.362962962962963 0.1296875 0.37222222222222223 0.121875 0.3388888888888889 0.12239583333333333 0.33240740740740743 0.1265625 0.3333333333333333 0.128125 0.337037037037037
1 0.06145833333333333 0.3648148148148148 0.06510416666666667 0.36666666666666664 0.06875 0.37592592592592594 0.06927083333333334 0.387037037037037 0.071875 0.39537037037037037 0.06822916666666666 0.39814814814814814 0.06145833333333333 0.3861111111111111 0.058333333333333334 0.375 0.057291666666666664 0.3675925925925926 0.0609375 0.3648148148148148
1 0.16197916666666667 0.9388888888888889 0.175 0.9527777777777777 0.18229166666666666 0.9731481481481481 0.18229166666666666 0.987037037037037 0.17916666666666667 0.9907407407407407 0.17239583333333333 0.9824074074074074 0.16354166666666667 0.9787037037037037 0.15520833333333334 0.9666666666666667 0.1546875 0.9564814814814815 0.15677083333333333 0.9425925925925925 0.16145833333333334 0.9388888888888889
1 0.5817708333333333 0.29444444444444445 0.5859375 0.30185185185185187 0.5864583333333333 0.3111111111111111 0.58125 0.33796296296296297 0.5776041666666667 0.337037037037037 0.575 0.33055555555555555 0.5765625 0.30277777777777776 0.58125 0.29444444444444445
1 0.49270833333333336 0.5222222222222223 0.49635416666666665 0.5388888888888889 0.4984375 0.5648148148148148 0.4979166666666667 0.5685185185185185 0.490625 0.5611111111111111 0.4875 0.575925925925926 0.484375 0.5740740740740741 0.4875 0.55 0.4864583333333333 0.5305555555555556 0.48802083333333335 0.5222222222222223 0.4921875 0.5222222222222223
1 0.8208333333333333 0.487962962962963 0.8265625 0.49722222222222223 0.8234375 0.5083333333333333 0.8234375 0.5324074074074074 0.8203125 0.5342592592592592 0.81875 0.5314814814814814 0.8177083333333334 0.5148148148148148 0.8140625 0.5157407407407407 0.8109375 0.5222222222222223 0.8067708333333333 0.5222222222222223 0.8171875 0.49074074074074076 0.8203125 0.4888888888888889
1 0.7098958333333333 0.49166666666666664 0.7119791666666667 0.49444444444444446 0.7151041666666667 0.5120370370370371 0.7140625 0.5203703703703704 0.7104166666666667 0.5259259259259259 0.7098958333333333 0.5472222222222223 0.7052083333333333 0.5435185185185185 0.7020833333333333 0.5324074074074074 0.7020833333333333 0.5046296296296297 0.709375 0.49166666666666664
1 0.5072916666666667 0.5055555555555555 0.5104166666666666 0.5138888888888888 0.5098958333333333 0.5342592592592592 0.5119791666666667 0.5435185185185185 0.5057291666666667 0.5509259259259259 0.5036458333333333 0.549074074074074 0.5010416666666667 0.5333333333333333 0.5010416666666667 0.512962962962963 0.5046875 0.5046296296296297 0.5067708333333333 0.5055555555555555
1 0.47604166666666664 0.5074074074074074 0.48020833333333335 0.5194444444444445 0.47760416666666666 0.55 0.47291666666666665 0.5425925925925926 0.4703125 0.5287037037037037 0.4713541666666667 0.5083333333333333 0.47552083333333334 0.5074074074074074
1 0.5015625 0.48055555555555557 0.5052083333333334 0.48055555555555557 0.5119791666666667 0.5046296296296297 0.5114583333333333 0.5092592592592593 0.5057291666666667 0.5055555555555555 0.4973958333333333 0.5055555555555555 0.5015625 0.48148148148148145
1 0.5911458333333334 0.2625 0.009375 0.03796296296296296
1 0.5848958333333333 0.24444444444444444 0.5833333333333334 0.22037037037037038 0.5869791666666667 0.20925925925925926 0.5901041666666667 0.21388888888888888 0.5911458333333334 0.225 0.5885416666666666 0.24444444444444444 0.5854166666666667 0.24444444444444444
1 0.19635416666666666 0.8768518518518519 0.19947916666666668 0.8796296296296297 0.203125 0.8768518518518519 0.21041666666666667 0.8842592592592593 0.2109375 0.8972222222222223 0.21927083333333333 0.9212962962962963 0.21666666666666667 0.9277777777777778 0.21302083333333333 0.9277777777777778 0.2015625 0.9148148148148149 0.19322916666666667 0.9111111111111111 0.18958333333333333 0.8824074074074074 0.19270833333333334 0.8759259259259259 0.19583333333333333 0.8768518518518519
1 0.6151041666666667 0.2611111111111111 0.6166666666666667 0.26666666666666666 0.6171875 0.2898148148148148 0.6130208333333333 0.3 0.6098958333333333 0.29444444444444445 0.6083333333333333 0.2759259259259259 0.6119791666666666 0.2611111111111111 0.6145833333333334 0.2611111111111111
1 0.30364583333333334 0.9296296296296296 0.3104166666666667 0.9351851851851852 0.3151041666666667 0.95 0.3109375 0.975925925925926 0.3078125 0.9805555555555555 0.30052083333333335 0.9722222222222222 0.296875 0.975925925925926 0.29375 0.9731481481481481 0.2947916666666667 0.9648148148148148 0.2921875 0.9351851851851852 0.303125 0.9296296296296296