0 0.42552083333333335 0.5601851851851852 0.4359375 0.5648148148148148 0.44375 0.5648148148148148 0.44635416666666666 0.562037037037037 0.4515625 0.5694444444444444 0.4921875 0.5944444444444444 0.5098958333333333 0.6138888888888889 0.5088541666666667 0.6296296296296297 0.5010416666666667 0.6694444444444444 0.4942708333333333 0.6787037037037037 0.4869791666666667 0.6777777777777778 0.48333333333333334 0.6851851851851852 0.47760416666666666 0.6842592592592592 0.4671875 0.6712962962962963 0.425 0.6453703703703704 0.4140625 0.6444444444444445 0.403125 0.6296296296296297 0.4010416666666667 0.6222222222222222 0.4005208333333333 0.6064814814814815 0.40729166666666666 0.575 0.4166666666666667 0.562037037037037 0.425 0.5601851851851852
0 0.5161458333333333 0.8379629629629629 0.5223958333333333 0.8564814814814815 0.525 0.8777777777777778 0.5296875 0.8722222222222222 0.5338541666666666 0.8814814814814815 0.534375 0.9037037037037037 0.5322916666666667 0.9138888888888889 0.5322916666666667 0.9305555555555556 0.5255208333333333 0.9416666666666667 0.521875 0.9416666666666667 0.51875 0.937037037037037 0.5177083333333333 0.9203703703703704 0.5119791666666667 0.9092592592592592 0.5083333333333333 0.8962962962962963 0.5036458333333333 0.8694444444444445 0.5046875 0.8425925925925926 0.5078125 0.8379629629629629 0.515625 0.8379629629629629
0 0.19635416666666666 0.07685185185185185 0.20260416666666667 0.08518518518518518 0.20364583333333333 0.09444444444444444 0.19895833333333332 0.1037037037037037 0.18802083333333333 0.11296296296296296 0.184375 0.11203703703703703 0.17916666666666667 0.10462962962962963 0.17864583333333334 0.09351851851851851 0.18385416666666668 0.08611111111111111 0.18958333333333333 0.08333333333333333 0.1921875 0.07685185185185185 0.19583333333333333 0.07685185185185185
0 0.7130208333333333 0 0.721875 0.007407407407407408 0.7229166666666667 0.01574074074074074 0.73125 0.03796296296296296 0.7286458333333333 0.06018518518518518 0.7265625 0.06388888888888888 0.7072916666666667 0.06388888888888888 0.6921875 0.03796296296296296 0.6921875 0.023148148148148147 0.6947916666666667 0.006481481481481481 0.7010416666666667 0.001851851851851852 0.7130208333333333 0.000925925925925926
0 0.1328125 0.20277777777777778 0.14166666666666666 0.2064814814814815 0.14791666666666667 0.21574074074074073 0.14947916666666666 0.23055555555555557 0.1484375 0.24444444444444444 0.14375 0.2518518518518518 0.12864583333333332 0.2638888888888889 0.11354166666666667 0.28703703703703703 0.11302083333333333 0.29259259259259257 0.10885416666666667 0.30092592592592593 0.1046875 0.30462962962962964 0.0875 0.30462962962962964 0.0703125 0.2953703703703704 0.0671875 0.287962962962963 0.06822916666666666 0.2824074074074074 0.06354166666666666 0.2740740740740741 0.06145833333333333 0.2611111111111111 0.0734375 0.2388888888888889 0.09114583333333333 0.21851851851851853 0.109375 0.21388888888888888 0.1234375 0.2037037037037037 0.13229166666666667 0.20277777777777778
0 0.6057291666666667 0.06759259259259259 0.6088541666666667 0.07314814814814814 0.6145833333333334 0.06851851851851852 0.6197916666666666 0.06944444444444445 0.6182291666666667 0.10462962962962963 0.6135416666666667 0.10648148148148148 0.6109375 0.09814814814814815 0.6041666666666666 0.08981481481481482 0.6026041666666667 0.07407407407407407 0.6052083333333333 0.06851851851851852
0 0 0.3574074074074074 0.010416666666666666 0.3574074074074074 0.016666666666666666 0.37222222222222223 0.013541666666666667 0.38425925925925924 0 0.3990740740740741 0 0.35833333333333334
0 0.8302083333333333 0.004629629629629629 0.8338541666666667 0.012962962962962963 0.840625 0.01574074074074074 0.8432291666666667 0.012962962962962963 0.8411458333333334 0.008333333333333333 0.8453125 0.004629629629629629 0.8583333333333333 0.007407407407407408 0.8526041666666667 0.025925925925925925 0.8458333333333333 0.03518518518518519 0.8177083333333334 0.028703703703703703 0.8140625 0.025 0.8135416666666667 0.016666666666666666 0.8166666666666667 0.009259259259259259 0.8208333333333333 0.004629629629629629 0.8296875 0.004629629629629629
0 0.27395833333333336 0 0.2921875 0 0.29010416666666666 0.009259259259259259 0.28072916666666664 0.019444444444444445 0.275 0.012962962962962963 0.27395833333333336 0.000925925925925926
0 0.7385416666666667 0.5 0.7614583333333333 0.5185185185185185 0.7875 0.5453703703703704 0.8 0.562037037037037 0.8083333333333333 0.5796296296296296 0.8208333333333333 0.5972222222222222 0.8244791666666667 0.6101851851851852 0.8244791666666667 0.625 0.8213541666666667 0.6388888888888888 0.8109375 0.6611111111111111 0.8052083333333333 0.6648148148148149 0.7885416666666667 0.6611111111111111 0.7828125 0.6546296296296297 0.7791666666666667 0.6444444444444445 0.7708333333333334 0.6314814814814815 0.734375 0.5944444444444444 0.7234375 0.5925925925925926 0.7197916666666667 0.5888888888888889 0.715625 0.575 0.7098958333333333 0.5666666666666667 0.7072916666666667 0.55 0.709375 0.5407407407407407 0.7244791666666667 0.5083333333333333 0.7338541666666667 0.49907407407407406 0.7380208333333333 0.5
0 0.4875 0 0.4973958333333333 0 0.4973958333333333 0.011111111111111112 0.49114583333333334 0.024074074074074074 0.4875 0.018518518518518517 0.4875 0.000925925925925926
0 0.515625 0.05740740740740741 0.5291666666666667 0.06296296296296296 0.5317708333333333 0.09537037037037037 0.5296875 0.10833333333333334 0.5265625 0.11388888888888889 0.5140625 0.12129629629629629 0.5088541666666667 0.11944444444444445 0.5036458333333333 0.11296296296296296 0.49322916666666666 0.10925925925925926 0.47708333333333336 0.10740740740740741 0.4713541666666667 0.11203703703703703 0.46770833333333334 0.1111111111111111 0.45729166666666665 0.09814814814814815 0.45625 0.08425925925925926 0.4588541666666667 0.07222222222222222 0.4671875 0.06388888888888888 0.490625 0.053703703703703705 0.5151041666666667 0.05740740740740741
0 0.4192708333333333 0.85 0.42239583333333336 0.8527777777777777 0.421875 0.8694444444444445 0.4192708333333333 0.8796296296296297 0.40677083333333336 0.9037037037037037 0.39947916666666666 0.9277777777777778 0.39375 0.9351851851851852 0.3875 0.950925925925926 0.38333333333333336 0.9453703703703704 0.38333333333333336 0.9296296296296296 0.38645833333333335 0.9046296296296297 0.3958333333333333 0.8898148148148148 0.40260416666666665 0.8666666666666667 0.4083333333333333 0.8546296296296296 0.41875 0.85
0 0.21875 0.32037037037037036 0.24479166666666666 0.32407407407407407 0.25364583333333335 0.3314814814814815 0.2598958333333333 0.34444444444444444 0.2859375 0.3537037037037037 0.2890625 0.36203703703703705 0.28958333333333336 0.3787037037037037 0.2864583333333333 0.39351851851851855 0.2760416666666667 0.4101851851851852 0.19427083333333334 0.362962962962963 0.1921875 0.3592592592592593 0.1921875 0.3537037037037037 0.203125 0.32592592592592595 0.20885416666666667 0.3194444444444444 0.21822916666666667 0.32037037037037036
0 0.12395833333333334 0.5388888888888889 0.146875 0.5462962962962963 0.1515625 0.5555555555555556 0.16458333333333333 0.5703703703703704 0.17239583333333333 0.6 0.15260416666666668 0.6129629629629629 0.12604166666666666 0.6148148148148148 0.11979166666666667 0.6203703703703703 0.11197916666666667 0.6194444444444445 0.10625 0.6138888888888889 0.096875 0.5953703703703703 0.09322916666666667 0.5842592592592593 0.09270833333333334 0.575925925925926 0.09427083333333333 0.5675925925925925 0.10572916666666667 0.5425925925925926 0.11510416666666666 0.537962962962963 0.1234375 0.5388888888888889
0 0.22552083333333334 0.006481481481481481 0.23125 0.018518518518518517 0.23489583333333333 0.03888888888888889 0.2203125 0.06481481481481481 0.20729166666666668 0.06111111111111111 0.20260416666666667 0.05648148148148148 0.19739583333333333 0.023148148148148147 0.2015625 0.012962962962962963 0.209375 0.005555555555555556 0.22083333333333333 0.002777777777777778 0.225 0.006481481481481481
0 0.24114583333333334 0.07685185185185185 0.24583333333333332 0.08148148148148149 0.24791666666666667 0.09166666666666666 0.234375 0.10740740740740741 0.23020833333333332 0.10740740740740741 0.2265625 0.10185185185185185 0.22447916666666667 0.09351851851851851 0.22760416666666666 0.08333333333333333 0.234375 0.08333333333333333 0.240625 0.07777777777777778
0 0.0609375 0.7481481481481481 0.06927083333333334 0.7638888888888888 0.06822916666666666 0.7925925925925926 0.058854166666666666 0.8037037037037037 0.024479166666666666 0.8277777777777777 0.018229166666666668 0.8240740740740741 0.011458333333333333 0.8101851851851852 0.013020833333333334 0.8 0.017708333333333333 0.7916666666666666 0.01875 0.7805555555555556 0.0296875 0.7898148148148149 0.0296875 0.8009259259259259 0.03854166666666667 0.787962962962963 0.043229166666666666 0.7851851851851852 0.04583333333333333 0.7796296296296297 0.044270833333333336 0.7685185185185185 0.05520833333333333 0.75 0.06041666666666667 0.7481481481481481
0 0.24947916666666667 0.11203703703703703 0.25885416666666666 0.12037037037037036 0.2598958333333333 0.14351851851851852 0.23645833333333333 0.16666666666666666 0.23020833333333332 0.1824074074074074 0.22135416666666666 0.18518518518518517 0.20572916666666666 0.1824074074074074 0.19895833333333332 0.17592592592592593 0.19479166666666667 0.16203703703703703 0.19583333333333333 0.15555555555555556 0.20104166666666667 0.14722222222222223 0.20625 0.1287037037037037 0.2171875 0.11481481481481481 0.24895833333333334 0.11203703703703703
0 0.08177083333333333 0.17407407407407408 0.0875 0.17685185185185184 0.10208333333333333 0.19907407407407407 0.10520833333333333 0.20555555555555555 0.10520833333333333 0.21203703703703702 0.090625 0.21851851851851853 0.06979166666666667 0.24259259259259258 0.06354166666666666 0.24166666666666667 0.05677083333333333 0.23425925925925925 0.05 0.21388888888888888 0.05 0.20462962962962963 0.057291666666666664 0.19166666666666668 0.06979166666666667 0.17777777777777778 0.08125 0.17407407407407408
0 0.9354166666666667 0.549074074074074 0.9572916666666667 0.5564814814814815 0.9822916666666667 0.5768518518518518 0.9880208333333333 0.5861111111111111 0.9958333333333333 0.6046296296296296 0.9973958333333334 0.6175925925925926 0.9994791666666667 0.6203703703703703 0.9994791666666667 0.6731481481481482 0.9927083333333333 0.6814814814814815 0.9828125 0.6796296296296296 0.9734375 0.6657407407407407 0.9291666666666667 0.6259259259259259 0.9182291666666667 0.6259259259259259 0.9114583333333334 0.6194444444444445 0.9067708333333333 0.600925925925926 0.90625 0.5916666666666667 0.9119791666666667 0.5611111111111111 0.9177083333333333 0.5518518518518518 0.9348958333333334 0.549074074074074
0 0.6411458333333333 0.8703703703703703 0.6473958333333333 0.8842592592592593 0.6520833333333333 0.9212962962962963 0.6489583333333333 0.9611111111111111 0.6494791666666667 0.9787037037037037 0.6453125 0.9833333333333333 0.6401041666666667 0.9833333333333333 0.6364583333333333 0.9787037037037037 0.6291666666666667 0.9175925925925926 0.6260416666666667 0.9074074074074074 0.6296875 0.8768518518518519 0.6338541666666667 0.8694444444444445 0.640625 0.8703703703703703
0 0.1171875 0.7777777777777778 0.12447916666666667 0.7833333333333333 0.13697916666666668 0.8027777777777778 0.13697916666666668 0.8425925925925926 0.13020833333333334 0.862037037037037 0.11666666666666667 0.8796296296296297 0.090625 0.8935185185185185 0.08541666666666667 0.8935185185185185 0.07760416666666667 0.8870370370370371 0.026041666666666668 0.8305555555555556 0.049479166666666664 0.812037037037037 0.0703125 0.8009259259259259 0.07447916666666667 0.7944444444444444 0.08333333333333333 0.7944444444444444 0.11666666666666667 0.7777777777777778
0 0.3703125 0.05925925925925926 0.37447916666666664 0.06388888888888888 0.37447916666666664 0.07592592592592592 0.3692708333333333 0.08425925925925926 0.36041666666666666 0.08611111111111111 0.3494791666666667 0.08148148148148149 0.3484375 0.06851851851851852 0.35572916666666665 0.06111111111111111 0.3567708333333333 0.06388888888888888 0.36302083333333335 0.06481481481481481 0.3697916666666667 0.05925925925925926
0 0.5057291666666667 0 0.5286458333333334 0 0.5307291666666667 0.03425925925925926 0.5307291666666667 0.053703703703703705 0.5286458333333334 0.05740740740740741 0.5161458333333333 0.05740740740740741 0.5046875 0.05277777777777778 0.5057291666666667 0.000925925925925926
0 0.19270833333333334 0.3638888888888889 0.23385416666666667 0.3861111111111111 0.2546875 0.40185185185185185 0.2625 0.40370370370370373 0.3145833333333333 0.4398148148148148 0.32708333333333334 0.47314814814814815 0.33177083333333335 0.5148148148148148 0.328125 0.5305555555555556 0.3104166666666667 0.5703703703703704 0.3 0.5851851851851851 0.29322916666666665 0.575925925925926 0.26927083333333335 0.562037037037037 0.2630208333333333 0.5648148148148148 0.253125 0.5638888888888889 0.23697916666666666 0.5444444444444444 0.19375 0.5148148148148148 0.16614583333333333 0.48518518518518516 0.14479166666666668 0.4740740740740741 0.1359375 0.4564814814814815 0.13333333333333333 0.44537037037037036 0.13697916666666668 0.4212962962962963 0.1671875 0.37222222222222223 0.175 0.3675925925925926 0.18385416666666668 0.36944444444444446 0.1921875 0.3648148148148148
0 0.725 0.9046296296296297 0.7333333333333333 0.9101851851851852 0.7354166666666667 0.9166666666666666 0.7348958333333333 0.9453703703703704 0.7307291666666667 0.9648148148148148 0.7338541666666667 0.9675925925925926 0.7411458333333333 0.9666666666666667 0.7432291666666667 0.9703703703703703 0.7380208333333333 0.9898148148148148 0.7317708333333334 0.9990740740740741 0.7125 0.9990740740740741 0.7119791666666667 0.9953703703703703 0.7130208333333333 0.9898148148148148 0.7104166666666667 0.9694444444444444 0.7114583333333333 0.9351851851851852 0.7171875 0.9111111111111111 0.7203125 0.9055555555555556 0.7244791666666667 0.9046296296296297
0 0.6177083333333333 0 0.6416666666666667 0 0.640625 0.019444444444444445 0.6333333333333333 0.04814814814814815 0.6296875 0.046296296296296294 0.6270833333333333 0.03518518518518519 0.6223958333333334 0.03518518518518519 0.6197916666666666 0.03888888888888889 0.6166666666666667 0.03425925925925926 0.6125 0.03425925925925926 0.609375 0.04814814814814815 0.60625 0.04537037037037037 0.6067708333333334 0.032407407407407406 0.6125 0.011111111111111112 0.6177083333333333 0.000925925925925926
0 0.24270833333333333 0.762962962962963 0.24739583333333334 0.7657407407407407 0.24791666666666667 0.7703703703703704 0.23854166666666668 0.7898148148148149 0.22604166666666667 0.8046296296296296 0.21770833333333334 0.8203703703703704 0.20104166666666667 0.825925925925926 0.1953125 0.825925925925926 0.19270833333333334 0.8194444444444444 0.19270833333333334 0.8092592592592592 0.19947916666666668 0.7898148148148149 0.203125 0.7888888888888889 0.20989583333333334 0.8009259259259259 0.21927083333333333 0.7925925925925926 0.2140625 0.7824074074074074 0.20989583333333334 0.7842592592592592 0.20572916666666666 0.7814814814814814 0.20260416666666667 0.7722222222222223 0.2046875 0.7685185185185185 0.21302083333333333 0.7611111111111111 0.22760416666666666 0.7583333333333333 0.23645833333333333 0.7583333333333333 0.2421875 0.762962962962963
0 0.5848958333333333 0 0.5942708333333333 0.003703703703703704 0.5979166666666667 0.018518518518518517 0.5963541666666666 0.05 0.5901041666666667 0.06388888888888888 0.5864583333333333 0.06481481481481481 0.58125 0.053703703703703705 0.5755208333333334 0.022222222222222223 0.578125 0.004629629629629629 0.5848958333333333 0.000925925925925926
0 0.3421875 0.012962962962962963 0.3484375 0.017592592592592594 0.35208333333333336 0.032407407407407406 0.35208333333333336 0.04351851851851852 0.3494791666666667 0.06388888888888888 0.3453125 0.07407407407407407 0.3416666666666667 0.075 0.32447916666666665 0.07222222222222222 0.321875 0.04722222222222222 0.321875 0.03796296296296296 0.32447916666666665 0.028703703703703703 0.33125 0.016666666666666666 0.33489583333333334 0.012962962962962963 0.3416666666666667 0.012962962962962963
0 0.76875 0.16666666666666666 0.7864583333333334 0.1712962962962963 0.7932291666666667 0.1824074074074074 0.8015625 0.21944444444444444 0.8020833333333334 0.23425925925925925 0.8057291666666667 0.25277777777777777 0.8041666666666667 0.26944444444444443 0.8 0.2759259259259259 0.7963541666666667 0.2759259259259259 0.78125 0.26296296296296295 0.7645833333333333 0.24074074074074073 0.7645833333333333 0.22870370370370371 0.7583333333333333 0.21666666666666667 0.7567708333333333 0.2064814814814815 0.7604166666666666 0.1787037037037037 0.7682291666666666 0.1675925925925926
0 0.93125 0.6925925925925925 0.95 0.6953703703703704 0.9994791666666667 0.725925925925926 0.9994791666666667 0.8407407407407408 0.9489583333333333 0.8018518518518518 0.9354166666666667 0.8 0.9317708333333333 0.7935185185185185 0.9322916666666666 0.7814814814814814 0.9291666666666667 0.7685185185185185 0.9213541666666667 0.7657407407407407 0.9140625 0.7694444444444445 0.9109375 0.7657407407407407 0.90625 0.7453703703703703 0.9078125 0.7129629629629629 0.921875 0.6944444444444444 0.9307291666666667 0.6925925925925925
0 0.415625 0.03518518518518519 0.4317708333333333 0.040740740740740744 0.4390625 0.04722222222222222 0.4421875 0.07685185185185185 0.4427083333333333 0.1111111111111111 0.44114583333333335 0.11944444444444445 0.4234375 0.1574074074074074 0.41875 0.17222222222222222 0.39895833333333336 0.2 0.3885416666666667 0.22592592592592592 0.3692708333333333 0.262037037037037 0.36354166666666665 0.28055555555555556 0.3380208333333333 0.3212962962962963 0.33177083333333335 0.32592592592592595 0.31302083333333336 0.3175925925925926 0.29739583333333336 0.30648148148148147 0.29270833333333335 0.2962962962962963 0.2838541666666667 0.25092592592592594 0.28125 0.2490740740740741 0.27708333333333335 0.25462962962962965 0.2760416666666667 0.26851851851851855 0.27291666666666664 0.2518518518518518 0.27395833333333336 0.24537037037037038 0.28229166666666666 0.23148148148148148 0.28489583333333335 0.22037037037037038 0.2953125 0.2037037037037037 0.3026041666666667 0.18055555555555555 0.325 0.14351851851851852 0.3380208333333333 0.1388888888888889 0.35989583333333336 0.10462962962962963 0.3619791666666667 0.09722222222222222 0.3703125 0.08796296296296297 0.3963541666666667 0.044444444444444446 0.40572916666666664 0.03425925925925926 0.41510416666666666 0.03518518518518519
0 0.9760416666666667 0.4925925925925926 0.9994791666666667 0.5166666666666667 0.9994791666666667 0.5740740740740741 0.9880208333333333 0.5703703703703704 0.978125 0.5722222222222222 0.9703125 0.5675925925925925 0.9661458333333334 0.562037037037037 0.9557291666666666 0.5370370370370371 0.95625 0.5055555555555555 0.9666666666666667 0.4925925925925926 0.9755208333333333 0.4925925925925926
0 0.8375 0.7037037037037037 0.8567708333333334 0.7157407407407408 0.8796875 0.7379629629629629 0.8854166666666666 0.7472222222222222 0.8880208333333334 0.7583333333333333 0.8854166666666666 0.8018518518518518 0.8833333333333333 0.8083333333333333 0.8776041666666666 0.8111111111111111 0.8494791666666667 0.8083333333333333 0.821875 0.7842592592592592 0.8114583333333333 0.7796296296296297 0.8067708333333333 0.7722222222222223 0.8052083333333333 0.7546296296296297 0.8104166666666667 0.7222222222222222 0.8270833333333333 0.7055555555555556 0.8369791666666667 0.7037037037037037
0 0.24427083333333333 0.019444444444444445 0.25416666666666665 0.025925925925925925 0.2604166666666667 0.04259259259259259 0.2598958333333333 0.05 0.2546875 0.058333333333333334 0.24791666666666667 0.06388888888888888 0.24583333333333332 0.06111111111111111 0.2421875 0.04814814814814815 0.24427083333333333 0.020370370370370372
0 0.471875 0.6990740740740741 0.5098958333333333 0.7157407407407408 0.5213541666666667 0.7379629629629629 0.5223958333333333 0.7611111111111111 0.5265625 0.7694444444444445 0.5265625 0.7796296296296297 0.5161458333333333 0.7861111111111111 0.4979166666666667 0.7888888888888889 0.4828125 0.7842592592592592 0.4609375 0.7851851851851852 0.45677083333333335 0.7833333333333333 0.44947916666666665 0.7712962962962963 0.4484375 0.7620370370370371 0.45416666666666666 0.7444444444444445 0.459375 0.7064814814814815 0.4635416666666667 0.6990740740740741 0.4713541666666667 0.6990740740740741
0 0.46458333333333335 0.3712962962962963 0.48802083333333335 0.387037037037037 0.49322916666666666 0.387037037037037 0.496875 0.38333333333333336 0.5098958333333333 0.387037037037037 0.5135416666666667 0.39166666666666666 0.515625 0.4027777777777778 0.5333333333333333 0.41574074074074074 0.5427083333333333 0.43703703703703706 0.5583333333333333 0.45185185185185184 0.5614583333333333 0.4703703703703704 0.5536458333333333 0.5064814814814815 0.5489583333333333 0.5157407407407407 0.5364583333333334 0.5231481481481481 0.5291666666666667 0.5166666666666667 0.521875 0.5018518518518519 0.5010416666666667 0.48703703703703705 0.49635416666666665 0.48055555555555557 0.4791666666666667 0.46944444444444444 0.47552083333333334 0.4703703703703704 0.4703125 0.4777777777777778 0.4640625 0.47685185185185186 0.459375 0.47129629629629627 0.4546875 0.4583333333333333 0.4427083333333333 0.45092592592592595 0.44166666666666665 0.4212962962962963 0.4473958333333333 0.41388888888888886 0.45364583333333336 0.3990740740740741 0.4552083333333333 0.3861111111111111 0.459375 0.37407407407407406 0.4640625 0.3712962962962963
0 0.6166666666666667 0.8740740740740741 0.6213541666666667 0.887962962962963 0.6203125 0.9212962962962963 0.6223958333333334 0.950925925925926 0.6177083333333333 0.9694444444444444 0.6125 0.9731481481481481 0.6057291666666667 0.9703703703703703 0.6020833333333333 0.9629629629629629 0.5984375 0.937037037037037 0.6005208333333333 0.9296296296296296 0.6046875 0.8842592592592593 0.6088541666666667 0.8759259259259259 0.6161458333333333 0.8740740740740741
0 0.6057291666666667 0.32685185185185184 0.6239583333333333 0.34814814814814815 0.6505208333333333 0.3888888888888889 0.6572916666666667 0.40370370370370373 0.6609375 0.41759259259259257 0.671875 0.4398148148148148 0.6713541666666667 0.4537037037037037 0.6661458333333333 0.4722222222222222 0.6598958333333333 0.48055555555555557 0.6473958333333333 0.487962962962963 0.6328125 0.48055555555555557 0.6296875 0.4759259259259259 0.6260416666666667 0.462037037037037 0.6171875 0.4462962962962963 0.6020833333333333 0.4222222222222222 0.5885416666666666 0.4111111111111111 0.584375 0.4009259259259259 0.5796875 0.3768518518518518 0.5807291666666666 0.362962962962963 0.5921875 0.337037037037037 0.6052083333333333 0.32685185185185184
0 0.3619791666666667 0 0.37083333333333335 0 0.3723958333333333 0.013888888888888888 0.37135416666666665 0.022222222222222223 0.36354166666666665 0.022222222222222223 0.3609375 0.010185185185185186 0.3619791666666667 0.000925925925925926
0 0.27239583333333334 0.7925925925925926 0.2786458333333333 0.8009259259259259 0.2786458333333333 0.8111111111111111 0.2755208333333333 0.8185185185185185 0.26875 0.8212962962962963 0.26510416666666664 0.8351851851851851 0.25833333333333336 0.8324074074074074 0.25416666666666665 0.8416666666666667 0.25416666666666665 0.8481481481481481 0.2515625 0.8555555555555555 0.24947916666666667 0.8444444444444444 0.24479166666666666 0.8361111111111111 0.24114583333333334 0.8351851851851851 0.22916666666666666 0.8481481481481481 0.2234375 0.8462962962962963 0.2234375 0.837037037037037 0.23020833333333332 0.8083333333333333 0.2359375 0.7981481481481482 0.24375 0.7953703703703704 0.24322916666666666 0.8037037037037037 0.246875 0.8148148148148148 0.2552083333333333 0.8148148148148148 0.25885416666666666 0.8101851851851852 0.2552083333333333 0.7962962962962963 0.271875 0.7925925925925926
0 0.8244791666666667 0.42777777777777776 0.8463541666666666 0.4462962962962963 0.8614583333333333 0.4638888888888889 0.859375 0.48703703703703705 0.8526041666666667 0.5166666666666667 0.8375 0.5148148148148148 0.8213541666666667 0.5083333333333333 0.8114583333333333 0.49722222222222223 0.7989583333333333 0.49537037037037035 0.7947916666666667 0.4898148148148148 0.7942708333333334 0.4703703703703704 0.8083333333333333 0.4388888888888889 0.8140625 0.42962962962962964 0.8239583333333333 0.42777777777777776
1 0.7375 0.03333333333333333 0.7395833333333334 0.05092592592592592 0.7328125 0.07962962962962963 0.7291666666666666 0.0787037037037037 0.728125 0.075 0.7296875 0.05277777777777778 0.7333333333333333 0.03518518518518519 0.7369791666666666 0.03333333333333333
1 0.37135416666666665 0.5935185185185186 0.37395833333333334 0.5944444444444444 0.3765625 0.6018518518518519 0.3776041666666667 0.6175925925925926 0.38333333333333336 0.6222222222222222 0.38333333333333336 0.6277777777777778 0.378125 0.6314814814814815 0.3729166666666667 0.6453703703703704 0.37083333333333335 0.6435185185185185 0.37083333333333335 0.6351851851851852 0.365625 0.6231481481481481 0.3614583333333333 0.6018518518518519 0.3625 0.5944444444444444 0.37083333333333335 0.5935185185185186
1 0.6458333333333334 0.25833333333333336 0.6484375 0.24259259259259258 0.6463541666666667 0.22685185185185186 0.6473958333333333 0.21481481481481482 0.653125 0.2064814814814815 0.6557291666666667 0.20833333333333334 0.6588541666666666 0.23055555555555557 0.6546875 0.23703703703703705 0.6489583333333333 0.2574074074074074 0.6463541666666667 0.25833333333333336
1 0.03333333333333333 0.13425925925925927 0.0375 0.1398148148148148 0.04375 0.1574074074074074 0.04583333333333333 0.16944444444444445 0.04375 0.17407407407407408 0.040625 0.17222222222222222 0.03177083333333333 0.15462962962962962 0.025 0.14814814814814814 0.025 0.14074074074074075 0.028645833333333332 0.13518518518518519 0.0328125 0.13425925925925927
1 0.5255208333333333 0.22777777777777777 0.5296875 0.24259259259259258 0.5276041666666667 0.27870370370370373 0.5255208333333333 0.2796296296296296 0.5208333333333334 0.2722222222222222 0.5197916666666667 0.2574074074074074 0.521875 0.23055555555555557 0.525 0.22870370370370371
1 0.8244791666666667 0.32685185185185184 0.8276041666666667 0.3277777777777778 0.8328125 0.3416666666666667 0.83125 0.35185185185185186 0.8244791666666667 0.37037037037037035 0.8177083333333334 0.36666666666666664 0.8177083333333334 0.34814814814814815 0.8208333333333333 0.33425925925925926 0.8244791666666667 0.3277777777777778
1 0.8463541666666666 0.075 0.8479166666666667 0.07685185185185185 0.8479166666666667 0.09074074074074075 0.8416666666666667 0.10925925925925926 0.8354166666666667 0.11944444444444445 0.834375 0.11203703703703703 0.8385416666666666 0.08796296296296297 0.8458333333333333 0.075
1 0.9546875 0.5074074074074074 0.95625 0.5138888888888888 0.9541666666666667 0.5314814814814814 0.9453125 0.5425925925925926 0.9354166666666667 0.55 0.9291666666666667 0.5481481481481482 0.9286458333333333 0.5407407407407407 0.9338541666666667 0.5305555555555556 0.9364583333333333 0.5185185185185185 0.9416666666666667 0.5120370370370371 0.9541666666666667 0.5074074074074074
1 0.7880208333333333 0.12037037037037036 0.015625 0.046296296296296294
1 0.8268229166666666 0.24675925925925926 0.021354166666666667 0.04722222222222222
1 0.16458333333333333 0.012962962962962963 0.17083333333333334 0.032407407407407406 0.17135416666666667 0.05 0.16927083333333334 0.05185185185185185 0.165625 0.049074074074074076 0.15989583333333332 0.024074074074074074 0.16041666666666668 0.01574074074074074 0.1640625 0.012962962962962963
1 0.49114583333333334 0.9537037037037037 0.4973958333333333 0.9592592592592593 0.5 0.9666666666666667 0.5 0.9814814814814815 0.496875 0.9888888888888889 0.49635416666666665 0.9990740740740741 0.48333333333333334 0.9990740740740741 0.48072916666666665 0.9916666666666667 0.48072916666666665 0.9851851851851852 0.48541666666666666 0.9768518518518519 0.4869791666666667 0.9574074074074074 0.490625 0.9537037037037037
1 0.026041666666666668 0.18055555555555555 0.0328125 0.18888888888888888 0.0359375 0.20185185185185187 0.043229166666666666 0.21296296296296297 0.043229166666666666 0.21851851851851853 0.036458333333333336 0.22407407407407406 0.0328125 0.22037037037037038 0.021354166666666667 0.19166666666666668 0.021354166666666667 0.1814814814814815 0.025520833333333333 0.18055555555555555
1 0.18697916666666667 0 0.1953125 0 0.196875 0.011111111111111112 0.19479166666666667 0.028703703703703703 0.1921875 0.032407407407407406 0.18697916666666667 0.000925925925925926
1 0.50625 0.23055555555555557 0.5125 0.21944444444444444 0.5171875 0.23055555555555557 0.5177083333333333 0.23703703703703705 0.5114583333333333 0.28055555555555556 0.509375 0.2759259259259259 0.5083333333333333 0.2537037037037037 0.5052083333333334 0.24537037037037038 0.50625 0.23148148148148148
1 0.1328125 0.028703703703703703 0.13854166666666667 0.04259259259259259 0.13385416666666666 0.04722222222222222 0.1296875 0.044444444444444446 0.1203125 0.019444444444444445 0.12239583333333333 0.012037037037037037 0.12604166666666666 0.012037037037037037 0.13229166666666667 0.028703703703703703
1 0.34270833333333334 0.5305555555555556 0.35104166666666664 0.5407407407407407 0.3541666666666667 0.5518518518518518 0.353125 0.5574074074074075 0.3463541666666667 0.562037037037037 0.3416666666666667 0.5583333333333333 0.34010416666666665 0.5527777777777778 0.33958333333333335 0.5342592592592592 0.3421875 0.5305555555555556
1 0.057291666666666664 0.11851851851851852 0.0640625 0.12407407407407407 0.0703125 0.13425925925925927 0.07083333333333333 0.14907407407407408 0.07604166666666666 0.16111111111111112 0.0734375 0.16203703703703703 0.06875 0.1574074074074074 0.0578125 0.13703703703703704 0.05572916666666667 0.12314814814814815 0.05677083333333333 0.11944444444444445
1 0.2838541666666667 0.8268518518518518 0.3046875 0.8611111111111112 0.30364583333333334 0.8648148148148148 0.2875 0.8648148148148148 0.2796875 0.862037037037037 0.27760416666666665 0.8583333333333333 0.275 0.8425925925925926 0.2791666666666667 0.8287037037037037 0.2833333333333333 0.8268518518518518
1 0.5223958333333333 0.5879629629629629 0.5291666666666667 0.6018518518518519 0.5322916666666667 0.6157407407407407 0.5276041666666667 0.6157407407407407 0.5260416666666666 0.6259259259259259 0.5197916666666667 0.6351851851851852 0.5177083333333333 0.6333333333333333 0.5140625 0.6055555555555555 0.5166666666666667 0.5907407407407408 0.521875 0.5879629629629629
1 0.21041666666666667 0.8722222222222222 0.21458333333333332 0.8759259259259259 0.22239583333333332 0.8935185185185185 0.240625 0.8944444444444445 0.24270833333333333 0.8972222222222223 0.23854166666666668 0.9046296296296297 0.22604166666666667 0.9055555555555556 0.2171875 0.9148148148148149 0.215625 0.9120370370370371 0.215625 0.9009259259259259 0.21354166666666666 0.8981481481481481 0.20677083333333332 0.899074074074074 0.20520833333333333 0.8907407407407407 0.20104166666666667 0.8833333333333333 0.203125 0.8777777777777778 0.20989583333333334 0.8722222222222222
1 0.37083333333333335 0.5601851851851852 0.37552083333333336 0.5638888888888889 0.378125 0.5814814814814815 0.38125 0.5879629629629629 0.3807291666666667 0.5935185185185186 0.3765625 0.5962962962962963 0.36614583333333334 0.5925925925925926 0.3619791666666667 0.5777777777777777 0.3614583333333333 0.5675925925925925 0.3703125 0.5601851851851852
1 0.10572916666666667 0.03611111111111111 0.10989583333333333 0.03981481481481482 0.11666666666666667 0.05648148148148148 0.11875 0.08148148148148149 0.11302083333333333 0.0824074074074074 0.10833333333333334 0.06481481481481481 0.103125 0.053703703703703705 0.10260416666666666 0.044444444444444446 0.10520833333333333 0.037037037037037035
1 0.39791666666666664 0.5361111111111111 0.40572916666666664 0.5462962962962963 0.4078125 0.562962962962963 0.40208333333333335 0.5768518518518518 0.39739583333333334 0.5824074074074074 0.390625 0.55 0.3921875 0.5388888888888889 0.39739583333333334 0.5361111111111111
1 0.44375 0.35833333333333334 0.45364583333333336 0.375 0.45416666666666666 0.3962962962962963 0.453125 0.4 0.4479166666666667 0.3962962962962963 0.44635416666666666 0.4046296296296296 0.4427083333333333 0.4074074074074074 0.440625 0.36018518518518516 0.4432291666666667 0.35833333333333334
1 0.6182291666666667 0.03425925925925926 0.6197916666666666 0.04814814814814815 0.6161458333333333 0.06111111111111111 0.609375 0.05277777777777778 0.609375 0.044444444444444446 0.6125 0.03333333333333333 0.6177083333333333 0.03425925925925926
1 0.3458333333333333 0.5638888888888889 0.35208333333333336 0.5574074074074075 0.3541666666666667 0.5703703703703704 0.35989583333333336 0.587037037037037 0.35885416666666664 0.5981481481481481 0.35520833333333335 0.600925925925926 0.3541666666666667 0.6157407407407407 0.35052083333333334 0.6185185185185185 0.35052083333333334 0.6083333333333333 0.3453125 0.5842592592592593 0.3463541666666667 0.5648148148148148
1 0.6713541666666667 0.10277777777777777 0.6723958333333333 0.11574074074074074 0.6614583333333334 0.1527777777777778 0.6598958333333333 0.15092592592592594 0.6619791666666667 0.13148148148148148 0.6614583333333334 0.11574074074074074 0.6645833333333333 0.10740740740740741 0.6708333333333333 0.10277777777777777
1 0.7067708333333333 0.24814814814814815 0.7114583333333333 0.26944444444444443 0.7067708333333333 0.28055555555555556 0.7052083333333333 0.2962962962962963 0.7 0.30833333333333335 0.6958333333333333 0.29907407407407405 0.6994791666666667 0.2898148148148148 0.7005208333333334 0.2611111111111111 0.70625 0.24814814814814815
1 0.4354166666666667 0.3490740740740741 0.4390625 0.3287037037037037 0.4375 0.3111111111111111 0.44166666666666665 0.30277777777777776 0.44375 0.3037037037037037 0.44947916666666665 0.31851851851851853 0.4484375 0.3314814814814815 0.45260416666666664 0.34444444444444444 0.45 0.3472222222222222 0.4427083333333333 0.3453703703703704 0.4390625 0.3509259259259259 0.4359375 0.3490740740740741
1 0.11979166666666667 0.06388888888888888 0.12291666666666666 0.06388888888888888 0.128125 0.07037037037037037 0.13333333333333333 0.09166666666666666 0.12864583333333332 0.10185185185185185 0.125 0.10092592592592593 0.11979166666666667 0.06481481481481481
1 0.19583333333333333 0.9537037037037037 0.2140625 0.9675925925925926 0.21354166666666666 0.987037037037037 0.20625 0.9935185185185185 0.20104166666666667 0.9879629629629629 0.190625 0.9842592592592593 0.18229166666666666 0.9740740740740741 0.18125 0.9666666666666667 0.18333333333333332 0.9629629629629629 0.1890625 0.962037037037037 0.1953125 0.9546296296296296
1 0.5119791666666667 0.5398148148148149 0.5161458333333333 0.549074074074074 0.515625 0.5601851851851852 0.5119791666666667 0.5722222222222222 0.5041666666666667 0.5703703703703704 0.503125 0.5648148148148148 0.5046875 0.5472222222222223 0.5083333333333333 0.5388888888888889 0.5114583333333333 0.5398148148148149
1 0.7807291666666667 0.3490740740740741 0.7828125 0.35 0.7838541666666666 0.35555555555555557 0.7828125 0.36574074074074076 0.7739583333333333 0.3907407407407407 0.7723958333333333 0.40370370370370373 0.7682291666666666 0.40370370370370373 0.7651041666666667 0.3907407407407407 0.7697916666666667 0.3731481481481482 0.7802083333333333 0.3490740740740741
1 0.18072916666666666 0.016666666666666666 0.18541666666666667 0.018518518518518517 0.19114583333333332 0.030555555555555555 0.19375 0.046296296296296294 0.19270833333333334 0.05092592592592592 0.1890625 0.05 0.18541666666666667 0.040740740740740744 0.18072916666666666 0.017592592592592594
1 0.4979166666666667 0.6796296296296296 0.5015625 0.6814814814814815 0.5057291666666667 0.6907407407407408 0.5098958333333333 0.7138888888888889 0.503125 0.7138888888888889 0.4890625 0.7055555555555556 0.49114583333333334 0.6824074074074075 0.4973958333333333 0.6805555555555556
1 0.5046875 0.5685185185185185 0.5114583333333333 0.5703703703703704 0.5166666666666667 0.5851851851851851 0.5119791666666667 0.6129629629629629 0.5015625 0.6037037037037037 0.496875 0.5851851851851851 0.4979166666666667 0.5787037037037037 0.5046875 0.5694444444444444
1 0.6223958333333334 0.8222222222222222 0.6239583333333333 0.8351851851851851 0.6213541666666667 0.8518518518518519 0.6260416666666667 0.8601851851851852 0.625 0.8648148148148148 0.615625 0.8555555555555555 0.6057291666666667 0.8564814814814815 0.6010416666666667 0.8518518518518519 0.6057291666666667 0.8351851851851851 0.6119791666666666 0.8231481481481482 0.6161458333333333 0.8203703703703704 0.621875 0.8222222222222222
1 0.6276041666666666 0.03333333333333333 0.6291666666666667 0.044444444444444446 0.6260416666666667 0.07407407407407407 0.6234375 0.07685185185185185 0.6197916666666666 0.062037037037037036 0.6197916666666666 0.044444444444444446 0.6229166666666667 0.032407407407407406 0.6270833333333333 0.03333333333333333
1 0.7494791666666667 0.13333333333333333 0.7463541666666667 0.15185185185185185 0.7380208333333333 0.17685185185185184 0.734375 0.1712962962962963 0.7380208333333333 0.14722222222222223 0.74375 0.13518518518518519 0.7489583333333333 0.13333333333333333
1 0.2515625 0.899074074074074 0.25833333333333336 0.9037037037037037 0.25885416666666666 0.9148148148148149 0.25677083333333334 0.924074074074074 0.26197916666666665 0.9342592592592592 0.26197916666666665 0.9398148148148148 0.25052083333333336 0.9472222222222222 0.24010416666666667 0.9268518518518518 0.23229166666666667 0.925 0.240625 0.9046296296296297 0.25104166666666666 0.9
1 0.8729166666666667 0.4166666666666667 0.8770833333333333 0.4212962962962963 0.8760416666666667 0.43425925925925923 0.8677083333333333 0.45 0.8635416666666667 0.46296296296296297 0.859375 0.4638888888888889 0.853125 0.4546296296296296 0.8526041666666667 0.44907407407407407 0.865625 0.4203703703703704 0.8723958333333334 0.41759259259259257