1 0.4122395833333333 0.6990740740740741 0.0140625 0.05740740740740741
1 0.61875 0.22407407407407406 0.6223958333333334 0.24074074074074073 0.6135416666666667 0.2611111111111111 0.6125 0.23425925925925925 0.6151041666666667 0.225 0.6182291666666667 0.22407407407407406
1 0.11979166666666667 0.22592592592592592 0.125 0.22592592592592592 0.1296875 0.23333333333333334 0.13020833333333334 0.24722222222222223 0.13333333333333333 0.2574074074074074 0.13333333333333333 0.2638888888888889 0.13020833333333334 0.26481481481481484 0.1296875 0.2601851851851852 0.121875 0.24814814814814815 0.11979166666666667 0.22685185185185186
1 0.46197916666666666 0.5203703703703704 0.4661458333333333 0.5296296296296297 0.46927083333333336 0.5462962962962963 0.4630208333333333 0.5694444444444444 0.46041666666666664 0.5685185185185185 0.45989583333333334 0.5592592592592592 0.453125 0.5481481481481482 0.453125 0.5370370370370371 0.45625 0.5194444444444445 0.46145833333333336 0.5203703703703704
1 0.6666666666666666 0.9314814814814815 0.6744791666666666 0.9416666666666667 0.6760416666666667 0.9481481481481482 0.6755208333333333 0.9601851851851851 0.66875 0.9694444444444444 0.6723958333333333 0.975925925925926 0.6723958333333333 0.9805555555555555 0.6619791666666667 0.9768518518518519 0.65625 0.9712962962962963 0.6494791666666667 0.9712962962962963 0.6463541666666667 0.9666666666666667 0.653125 0.9611111111111111 0.6578125 0.9435185185185185 0.6640625 0.9305555555555556 0.6661458333333333 0.9314814814814815
1 0.6614583333333334 0.15648148148148147 0.6645833333333333 0.15925925925925927 0.6661458333333333 0.1685185185185185 0.6630208333333333 0.19907407407407407 0.6578125 0.19907407407407407 0.6578125 0.1685185185185185 0.6614583333333334 0.1574074074074074
1 0.3625 0.7935185185185185 0.3703125 0.8018518518518518 0.3729166666666667 0.8203703703703704 0.37604166666666666 0.8277777777777777 0.3697916666666667 0.8435185185185186 0.36614583333333334 0.8453703703703703 0.36614583333333334 0.837037037037037 0.3614583333333333 0.825 0.3546875 0.8203703703703704 0.35520833333333335 0.8 0.35833333333333334 0.7944444444444444 0.3619791666666667 0.7935185185185185
1 0.6442708333333333 0.14907407407407408 0.6463541666666667 0.1527777777777778 0.646875 0.16296296296296298 0.6463541666666667 0.17592592592592593 0.64375 0.18611111111111112 0.640625 0.18611111111111112 0.6390625 0.17777777777777778 0.6401041666666667 0.1574074074074074 0.64375 0.14907407407407408
1 0.04895833333333333 0.3675925925925926 0.05572916666666667 0.37592592592592594 0.059375 0.38796296296296295 0.06666666666666667 0.39351851851851855 0.06041666666666667 0.39351851851851855 0.0578125 0.3972222222222222 0.059375 0.4074074074074074 0.05677083333333333 0.4074074074074074 0.05260416666666667 0.4 0.04479166666666667 0.3768518518518518 0.04375 0.36944444444444446 0.0484375 0.3675925925925926
1 0.28203125 0.12083333333333333 0.019270833333333334 0.041666666666666664
1 0.45416666666666666 0.612037037037037 0.45989583333333334 0.6175925925925926 0.4640625 0.6370370370370371 0.453125 0.662962962962963 0.4515625 0.6611111111111111 0.4484375 0.6305555555555555 0.45 0.6148148148148148 0.45364583333333336 0.612037037037037
1 0.5296875 0.4888888888888889 0.5359375 0.49537037037037035 0.5380208333333333 0.5064814814814815 0.534375 0.5203703703703704 0.5328125 0.5388888888888889 0.5291666666666667 0.5472222222222223 0.5291666666666667 0.524074074074074 0.5223958333333333 0.5055555555555555 0.5260416666666666 0.4925925925925926 0.5291666666666667 0.4888888888888889
1 0 0.42777777777777776 0.0078125 0.43148148148148147 0.010416666666666666 0.4388888888888889 0.010416666666666666 0.4462962962962963 0.020833333333333332 0.4564814814814815 0.0171875 0.4583333333333333 0.010416666666666666 0.45555555555555555 0.008854166666666666 0.4583333333333333 0.009895833333333333 0.4675925925925926 0.005729166666666666 0.4703703703703704 0.003125 0.45740740740740743 0 0.4546296296296296 0 0.4287037037037037
1 0.265625 0.1388888888888889 0.26875 0.14074074074074075 0.2713541666666667 0.14722222222222223 0.2713541666666667 0.1638888888888889 0.26927083333333335 0.17314814814814813 0.26614583333333336 0.1712962962962963 0.2635416666666667 0.14722222222222223 0.26510416666666664 0.1398148148148148
1 0.571875 0.6425925925925926 0.5791666666666667 0.6601851851851852 0.578125 0.6805555555555556 0.5770833333333333 0.6842592592592592 0.571875 0.687037037037037 0.5671875 0.6990740740740741 0.5640625 0.7 0.565625 0.6851851851851852 0.5651041666666666 0.6509259259259259 0.5677083333333334 0.6425925925925926 0.5713541666666667 0.6425925925925926
1 0.2520833333333333 0.15648148148148147 0.25833333333333336 0.18333333333333332 0.2515625 0.18981481481481483 0.25 0.17962962962962964 0.24635416666666668 0.17314814814814813 0.24635416666666668 0.16018518518518518 0.2515625 0.15648148148148147
1 0.3729166666666667 0.7564814814814815 0.37916666666666665 0.7675925925925926 0.3765625 0.7796296296296297 0.378125 0.7916666666666666 0.3765625 0.8 0.3723958333333333 0.799074074074074 0.3723958333333333 0.7925925925925926 0.365625 0.7814814814814814 0.3619791666666667 0.7703703703703704 0.3625 0.7620370370370371 0.3645833333333333 0.7583333333333333 0.3723958333333333 0.7564814814814815
1 0.7338541666666667 0.4287037037037037 0.7354166666666667 0.45 0.7307291666666667 0.46111111111111114 0.7234375 0.4925925925925926 0.7208333333333333 0.49074074074074076 0.721875 0.44814814814814813 0.7239583333333334 0.44074074074074077 0.7291666666666666 0.43425925925925923 0.7302083333333333 0.42777777777777776 0.7333333333333333 0.4287037037037037
1 0.5395833333333333 0.6407407407407407 0.540625 0.65 0.5380208333333333 0.662962962962963 0.5364583333333334 0.687962962962963 0.5286458333333334 0.675 0.5270833333333333 0.6527777777777778 0.5322916666666667 0.6305555555555555 0.5359375 0.6305555555555555 0.5390625 0.6407407407407407
1 0.3203125 0.7490740740740741 0.3380208333333333 0.7722222222222223 0.3380208333333333 0.7768518518518519 0.3302083333333333 0.7898148148148149 0.32760416666666664 0.8037037037037037 0.32447916666666665 0.8092592592592592 0.3223958333333333 0.8074074074074075 0.3229166666666667 0.7824074074074074 0.32083333333333336 0.7787037037037037 0.3140625 0.7768518518518519 0.3125 0.7731481481481481 0.315625 0.7518518518518519 0.31979166666666664 0.7490740740740741
1 0.31197916666666664 0.1037037037037037 0.3145833333333333 0.11296296296296296 0.3140625 0.13148148148148148 0.3104166666666667 0.13055555555555556 0.30572916666666666 0.11203703703703703 0.3072916666666667 0.1037037037037037 0.31145833333333334 0.1037037037037037
1 0.228125 0.17685185185185184 0.23177083333333334 0.18518518518518517 0.23177083333333334 0.19722222222222222 0.23541666666666666 0.20925925925925926 0.234375 0.21296296296296297 0.23072916666666668 0.21296296296296297 0.22291666666666668 0.18888888888888888 0.2234375 0.17962962962962964 0.22760416666666666 0.17685185185185184
1 0.41770833333333335 0.5694444444444444 0.425 0.5851851851851851 0.425 0.6175925925925926 0.42135416666666664 0.6175925925925926 0.4192708333333333 0.6111111111111112 0.41458333333333336 0.6064814814814815 0.4119791666666667 0.5925925925925926 0.41302083333333334 0.5722222222222222 0.4171875 0.5694444444444444
1 0.3921875 0.6425925925925926 0.4 0.6611111111111111 0.4005208333333333 0.6907407407407408 0.396875 0.712037037037037 0.39166666666666666 0.7092592592592593 0.39427083333333335 0.687962962962963 0.3890625 0.6787037037037037 0.38385416666666666 0.675 0.384375 0.6574074074074074 0.3880208333333333 0.6509259259259259 0.3890625 0.6435185185185185 0.39166666666666666 0.6425925925925926
1 0.37552083333333336 0.04722222222222222 0.378125 0.05462962962962963 0.3765625 0.07685185185185185 0.37135416666666665 0.06388888888888888 0.3723958333333333 0.04722222222222222 0.375 0.04722222222222222
1 0.25833333333333336 0.32314814814814813 0.26666666666666666 0.3416666666666667 0.26875 0.35833333333333334 0.27239583333333334 0.36574074074074076 0.26614583333333336 0.36944444444444446 0.2635416666666667 0.36574074074074076 0.2552083333333333 0.34074074074074073 0.2557291666666667 0.32685185185185184 0.2578125 0.32407407407407407
1 0.3802083333333333 0.10740740740740741 0.38385416666666666 0.1111111111111111 0.3859375 0.14351851851851852 0.38333333333333336 0.14444444444444443 0.3807291666666667 0.13703703703703704 0.378125 0.11944444444444445 0.3796875 0.10833333333333334
1 0.19947916666666668 0.19814814814814816 0.20260416666666667 0.20277777777777778 0.20416666666666666 0.2111111111111111 0.20364583333333333 0.23981481481481481 0.2015625 0.24074074074074073 0.196875 0.2324074074074074 0.19322916666666667 0.21296296296296297 0.19479166666666667 0.20555555555555555 0.19895833333333332 0.19907407407407407
1 0.6114583333333333 0.30185185185185187 0.615625 0.31296296296296294 0.6161458333333333 0.32222222222222224 0.6125 0.34074074074074073 0.609375 0.3472222222222222 0.6067708333333334 0.3453703703703704 0.6046875 0.31666666666666665 0.6072916666666667 0.3037037037037037 0.6109375 0.30185185185185187
1 0.2755208333333333 0.13796296296296295 0.2796875 0.1398148148148148 0.2833333333333333 0.15833333333333333 0.28854166666666664 0.1685185185185185 0.2864583333333333 0.17222222222222222 0.2828125 0.16666666666666666 0.2791666666666667 0.17592592592592593 0.27708333333333335 0.175 0.2765625 0.16203703703703703 0.27395833333333336 0.1527777777777778 0.2755208333333333 0.1388888888888889
1 0.35208333333333336 0.062037037037037036 0.3541666666666667 0.06944444444444445 0.3546875 0.08425925925925926 0.35208333333333336 0.09166666666666666 0.3484375 0.09074074074074075 0.346875 0.07777777777777778 0.3484375 0.06481481481481481 0.3515625 0.062037037037037036
1 0.175 0.22407407407407406 0.178125 0.22314814814814815 0.184375 0.23333333333333334 0.18541666666666667 0.2462962962962963 0.19010416666666666 0.25833333333333336 0.18697916666666667 0.2611111111111111 0.18541666666666667 0.2564814814814815 0.18333333333333332 0.26481481481481484 0.18020833333333333 0.26481481481481484 0.18020833333333333 0.2574074074074074 0.17447916666666666 0.23055555555555557 0.175 0.225
1 0.146875 0.25 0.15104166666666666 0.25092592592592594 0.1578125 0.262037037037037 0.15572916666666667 0.27314814814814814 0.16145833333333334 0.2851851851851852 0.1609375 0.28888888888888886 0.1578125 0.28888888888888886 0.14739583333333334 0.2675925925925926 0.146875 0.25092592592592594
1 0.8307291666666666 0.2740740740740741 0.834375 0.2861111111111111 0.8244791666666667 0.31851851851851853 0.8203125 0.3138888888888889 0.8229166666666666 0.2898148148148148 0.8265625 0.2759259259259259 0.8302083333333333 0.2740740740740741
1 0.5046875 0.6037037037037037 0.5151041666666667 0.6222222222222222 0.5078125 0.6416666666666667 0.5046875 0.662962962962963 0.5020833333333333 0.6648148148148149 0.503125 0.6342592592592593 0.49635416666666665 0.6157407407407407 0.5005208333333333 0.6046296296296296 0.5041666666666667 0.6037037037037037
1 0.35208333333333336 0.04814814814814815 0.35572916666666665 0.05555555555555555 0.35572916666666665 0.07037037037037037 0.35208333333333336 0.0712962962962963 0.3489583333333333 0.06574074074074074 0.3484375 0.05185185185185185 0.3515625 0.049074074074074076
1 0.4421875 0.6574074074074074 0.44947916666666665 0.6722222222222223 0.44947916666666665 0.7018518518518518 0.4479166666666667 0.7064814814814815 0.44375 0.7092592592592593 0.4390625 0.7092592592592593 0.43645833333333334 0.6777777777777778 0.43697916666666664 0.662962962962963 0.4390625 0.6574074074074074 0.44166666666666665 0.6574074074074074
1 0.20625 0.19166666666666668 0.203125 0.18611111111111112 0.20104166666666667 0.15833333333333333 0.2046875 0.15833333333333333 0.209375 0.1675925925925926 0.21197916666666666 0.1787037037037037 0.21145833333333333 0.18703703703703703 0.20677083333333332 0.19074074074074074
1 0.5869791666666667 0.5370370370370371 0.590625 0.5583333333333333 0.5848958333333333 0.5851851851851851 0.5786458333333333 0.5962962962962963 0.578125 0.5907407407407408 0.58125 0.5814814814814815 0.5796875 0.55 0.5838541666666667 0.5370370370370371 0.5864583333333333 0.5370370370370371
1 0.3880208333333333 0.10555555555555556 0.39114583333333336 0.11481481481481481 0.39114583333333336 0.14351851851851852 0.3880208333333333 0.14166666666666666 0.3854166666666667 0.125 0.384375 0.10925925925925926 0.3875 0.10555555555555556
1 0.30104166666666665 0.7416666666666667 0.3104166666666667 0.7509259259259259 0.31354166666666666 0.7601851851851852 0.31197916666666664 0.7722222222222223 0.315625 0.7796296296296297 0.3104166666666667 0.7944444444444444 0.3072916666666667 0.7935185185185185 0.2984375 0.7648148148148148 0.29739583333333336 0.7481481481481481 0.30052083333333335 0.7416666666666667
1 0.6614583333333334 0.1527777777777778 0.659375 0.13333333333333333 0.6645833333333333 0.10925925925925926 0.6682291666666667 0.12407407407407407 0.66875 0.1361111111111111 0.6666666666666666 0.15 0.6645833333333333 0.1537037037037037 0.6619791666666667 0.1527777777777778