1 0.8125 0.1574074074074074 0.8145833333333333 0.175 0.8072916666666666 0.1925925925925926 0.80625 0.20185185185185187 0.8020833333333334 0.2037037037037037 0.7984375 0.20277777777777778 0.7984375 0.19907407407407407 0.8020833333333334 0.18888888888888888 0.8041666666666667 0.1712962962962963 0.8119791666666667 0.1574074074074074
1 0.35 0.8944444444444445 0.35833333333333334 0.9037037037037037 0.3567708333333333 0.9138888888888889 0.359375 0.9212962962962963 0.3609375 0.9416666666666667 0.35572916666666665 0.9462962962962963 0.3536458333333333 0.937037037037037 0.3375 0.9222222222222223 0.3375 0.9157407407407407 0.34375 0.8972222222222223 0.3494791666666667 0.8944444444444445
1 0.043229166666666666 0.13055555555555556 0.04895833333333333 0.13796296296296295 0.05260416666666667 0.14814814814814814 0.05364583333333333 0.1574074074074074 0.050520833333333334 0.16111111111111112 0.046875 0.16018518518518518 0.043229166666666666 0.1537037037037037 0.0375 0.13703703703703704 0.03802083333333333 0.13148148148148148 0.042708333333333334 0.13055555555555556
1 0.5536458333333333 0.1935185185185185 0.5572916666666666 0.19444444444444445 0.5614583333333333 0.20833333333333334 0.5609375 0.21666666666666667 0.5572916666666666 0.22407407407407406 0.55625 0.2388888888888889 0.553125 0.24537037037037038 0.5484375 0.21203703703703702 0.5536458333333333 0.19444444444444445
1 0.8520833333333333 0.13333333333333333 0.8510416666666667 0.15 0.846875 0.16666666666666666 0.8421875 0.17592592592592593 0.8380208333333333 0.17685185185185184 0.8364583333333333 0.1712962962962963 0.8489583333333334 0.13425925925925927 0.8515625 0.13425925925925927
1 0.7557291666666667 0.887962962962963 0.7619791666666667 0.8935185185185185 0.7640625 0.9027777777777778 0.7635416666666667 0.9111111111111111 0.7619791666666667 0.9148148148148149 0.7505208333333333 0.9194444444444444 0.7447916666666666 0.9296296296296296 0.740625 0.9296296296296296 0.7380208333333333 0.925 0.7401041666666667 0.9175925925925926 0.7385416666666667 0.9037037037037037 0.740625 0.899074074074074 0.7552083333333334 0.887962962962963
1 0.011979166666666667 0.22685185185185186 0.0234375 0.24074074074074073 0.027083333333333334 0.2574074074074074 0.0359375 0.2601851851851852 0.03854166666666667 0.2638888888888889 0.036458333333333336 0.26851851851851855 0.0328125 0.2638888888888889 0.025520833333333333 0.26296296296296295 0.024479166666666666 0.26666666666666666 0.027083333333333334 0.2777777777777778 0.026041666666666668 0.2824074074074074 0.0234375 0.2796296296296296 0.0171875 0.2574074074074074 0.0109375 0.24444444444444444 0.008333333333333333 0.22962962962962963 0.011458333333333333 0.22685185185185186
1 0.8182291666666667 0.3611111111111111 0.8239583333333333 0.36666666666666664 0.8244791666666667 0.37962962962962965 0.8171875 0.40925925925925927 0.8140625 0.40925925925925927 0.815625 0.4009259259259259 0.8140625 0.3972222222222222 0.8072916666666666 0.4074074074074074 0.8057291666666667 0.40185185185185185 0.8098958333333334 0.38981481481481484 0.8119791666666667 0.3685185185185185 0.8177083333333334 0.3611111111111111
1 0.5916666666666667 0.05555555555555555 0.5953125 0.058333333333333334 0.5963541666666666 0.06574074074074074 0.5953125 0.07962962962962963 0.5911458333333334 0.09166666666666666 0.5885416666666666 0.09537037037037037 0.5875 0.09351851851851851 0.5869791666666667 0.0712962962962963 0.5916666666666667 0.05648148148148148
1 0.7776041666666667 0.40370370370370373 0.7822916666666667 0.4027777777777778 0.7833333333333333 0.4074074074074074 0.7822916666666667 0.4203703703703704 0.7791666666666667 0.42777777777777776 0.7760416666666666 0.4287037037037037 0.7723958333333333 0.425 0.7723958333333333 0.4185185185185185 0.7776041666666667 0.4046296296296296
1 0.16458333333333333 0.9027777777777778 0.16770833333333332 0.9064814814814814 0.178125 0.9064814814814814 0.18802083333333333 0.9212962962962963 0.18958333333333333 0.937037037037037 0.196875 0.9444444444444444 0.19635416666666666 0.9490740740740741 0.18802083333333333 0.9490740740740741 0.175 0.9435185185185185 0.16041666666666668 0.9453703703703704 0.1625 0.9388888888888889 0.1625 0.9212962962962963 0.15885416666666666 0.9157407407407407 0.1578125 0.9092592592592592 0.15989583333333332 0.9027777777777778 0.1640625 0.9027777777777778
1 0.8432291666666667 0.4666666666666667 0.8453125 0.4675925925925926 0.8473958333333333 0.47685185185185186 0.8447916666666667 0.4935185185185185 0.8416666666666667 0.4935185185185185 0.8322916666666667 0.4842592592592593 0.8322916666666667 0.48055555555555557 0.8427083333333333 0.4666666666666667
1 0.5328125 0.7787037037037037 0.5421875 0.7675925925925926 0.5458333333333333 0.7694444444444445 0.546875 0.7787037037037037 0.5458333333333333 0.8027777777777778 0.5369791666666667 0.8101851851851852 0.5333333333333333 0.8101851851851852 0.5317708333333333 0.8055555555555556 0.53125 0.7842592592592592 0.5328125 0.7796296296296297
1 0.38333333333333336 0.6101851851851852 0.39010416666666664 0.6148148148148148 0.39375 0.6212962962962963 0.39375 0.6268518518518519 0.390625 0.6351851851851852 0.390625 0.6546296296296297 0.3875 0.6564814814814814 0.38385416666666666 0.6481481481481481 0.378125 0.6453703703703704 0.3770833333333333 0.6185185185185185 0.37864583333333335 0.612037037037037 0.3828125 0.6101851851851852
1 0.3494791666666667 0.7018518518518518 0.3546875 0.7064814814814815 0.35885416666666664 0.7175925925925926 0.35885416666666664 0.7240740740740741 0.35572916666666665 0.7342592592592593 0.3625 0.7527777777777778 0.35520833333333335 0.7481481481481481 0.3416666666666667 0.7305555555555555 0.3411458333333333 0.6990740740740741 0.3421875 0.6962962962962963 0.3458333333333333 0.6962962962962963 0.3489583333333333 0.7018518518518518
1 0.22447916666666667 0.7694444444444445 0.23645833333333333 0.7851851851851852 0.24479166666666666 0.7851851851851852 0.2421875 0.8027777777777778 0.23229166666666667 0.8222222222222222 0.23072916666666668 0.8222222222222222 0.23020833333333332 0.8157407407407408 0.22708333333333333 0.8101851851851852 0.2234375 0.7916666666666666 0.21927083333333333 0.7833333333333333 0.21302083333333333 0.7796296296296297 0.21458333333333332 0.7722222222222223 0.22395833333333334 0.7694444444444445
1 0.41458333333333336 0.4722222222222222 0.4192708333333333 0.47962962962962963 0.42135416666666664 0.5055555555555555 0.42135416666666664 0.5157407407407407 0.415625 0.5212962962962963 0.4109375 0.5111111111111111 0.409375 0.49074074074074076 0.40989583333333335 0.4740740740740741 0.4140625 0.4722222222222222
1 0.6265625 0.13240740740740742 0.6296875 0.13703703703703704 0.6307291666666667 0.15 0.6270833333333333 0.16203703703703703 0.6255208333333333 0.17592592592592593 0.621875 0.17592592592592593 0.6213541666666667 0.14629629629629629 0.6260416666666667 0.13333333333333333
1 0.6994791666666667 0.29444444444444445 0.7005208333333334 0.3212962962962963 0.6994791666666667 0.32592592592592595 0.6942708333333333 0.3314814814814815 0.6890625 0.35 0.6854166666666667 0.35 0.6828125 0.34444444444444444 0.6864583333333333 0.3351851851851852 0.6890625 0.31574074074074077 0.6953125 0.30185185185185187 0.6958333333333333 0.2953703703703704 0.6989583333333333 0.29444444444444445
1 0.0890625 0.09166666666666666 0.0953125 0.09166666666666666 0.09947916666666666 0.09814814814814815 0.1015625 0.10833333333333334 0.0984375 0.11388888888888889 0.09427083333333333 0.11481481481481481 0.0875 0.10185185185185185 0.0890625 0.09259259259259259
1 0.3098958333333333 0.9222222222222223 0.3171875 0.9305555555555556 0.3223958333333333 0.9555555555555556 0.3203125 0.9629629629629629 0.3151041666666667 0.9666666666666667 0.31302083333333336 0.9638888888888889 0.31302083333333336 0.9583333333333334 0.2984375 0.9351851851851852 0.3 0.9268518518518518 0.3067708333333333 0.9203703703703704 0.309375 0.9222222222222223
1 0.10260416666666666 0.4425925925925926 0.1140625 0.45185185185185184 0.11927083333333334 0.4666666666666667 0.1203125 0.4759259259259259 0.13229166666666667 0.49074074074074076 0.13177083333333334 0.49444444444444446 0.12083333333333333 0.5018518518518519 0.11822916666666666 0.5 0.11510416666666666 0.487962962962963 0.10416666666666667 0.4722222222222222 0.10260416666666666 0.45740740740740743 0.09895833333333333 0.45092592592592595 0.09895833333333333 0.44537037037037036 0.10208333333333333 0.4425925925925926
1 0.8416666666666667 0.14722222222222223 0.84375 0.14814814814814814 0.8416666666666667 0.17222222222222222 0.8380208333333333 0.17592592592592593 0.834375 0.1712962962962963 0.8354166666666667 0.16203703703703703 0.8416666666666667 0.14814814814814814
1 0.6677083333333333 0.25925925925925924 0.6697916666666667 0.27685185185185185 0.6645833333333333 0.29074074074074074 0.6630208333333333 0.30277777777777776 0.6583333333333333 0.3055555555555556 0.6541666666666667 0.3055555555555556 0.6583333333333333 0.2833333333333333 0.6578125 0.2712962962962963 0.6671875 0.25925925925925924
1 0.8416666666666667 0.25925925925925924 0.8463541666666666 0.22777777777777777 0.8520833333333333 0.21296296296296297 0.8552083333333333 0.2111111111111111 0.8567708333333334 0.21574074074074073 0.8557291666666667 0.23055555555555557 0.8473958333333333 0.24814814814814815 0.8458333333333333 0.2564814814814815 0.8421875 0.25925925925925924
1 0.2838541666666667 0.9231481481481482 0.29791666666666666 0.9342592592592592 0.3015625 0.9435185185185185 0.30052083333333335 0.9583333333333334 0.30364583333333334 0.9694444444444444 0.296875 0.9787037037037037 0.2947916666666667 0.9777777777777777 0.2942708333333333 0.9703703703703703 0.28229166666666666 0.9518518518518518 0.28229166666666666 0.9388888888888889 0.27760416666666665 0.9277777777777778 0.2791666666666667 0.9231481481481482 0.2833333333333333 0.9231481481481482
1 0.6088541666666667 0.025925925925925925 0.6098958333333333 0.040740740740740744 0.6026041666666667 0.06666666666666667 0.6 0.06388888888888888 0.6010416666666667 0.03611111111111111 0.6041666666666666 0.027777777777777776 0.6083333333333333 0.025925925925925925
1 0.5739583333333333 0.7972222222222223 0.5760416666666667 0.8055555555555556 0.5744791666666667 0.8342592592592593 0.5661458333333333 0.8379629629629629 0.5609375 0.8472222222222222 0.5578125 0.8462962962962963 0.5604166666666667 0.8351851851851851 0.5598958333333334 0.8083333333333333 0.5635416666666667 0.8027777777777778 0.5734375 0.7972222222222223
1 0.6161458333333333 0.013888888888888888 0.6182291666666667 0.028703703703703703 0.6135416666666667 0.04537037037037037 0.609375 0.04259259259259259 0.6088541666666667 0.027777777777777776 0.6125 0.014814814814814815 0.615625 0.013888888888888888
1 0.24114583333333334 0.9481481481481482 0.25416666666666665 0.9564814814814815 0.25833333333333336 0.9675925925925926 0.26197916666666665 0.9546296296296296 0.26510416666666664 0.9527777777777777 0.26875 0.9555555555555556 0.275 0.9685185185185186 0.2791666666666667 0.9703703703703703 0.2791666666666667 0.9768518518518519 0.2760416666666667 0.9805555555555555 0.2791666666666667 0.987037037037037 0.2791666666666667 0.9916666666666667 0.27760416666666665 0.9944444444444445 0.27239583333333334 0.9944444444444445 0.26666666666666666 0.9842592592592593 0.25885416666666666 0.9833333333333333 0.2552083333333333 0.9898148148148148 0.24375 0.9888888888888889 0.23177083333333334 0.9666666666666667 0.234375 0.9527777777777777 0.240625 0.9490740740740741
1 0.8286458333333333 0.32685185185185184 0.8322916666666667 0.34074074074074073 0.83125 0.35 0.8286458333333333 0.3527777777777778 0.8171875 0.3435185185185185 0.8171875 0.33796296296296297 0.8244791666666667 0.325 0.828125 0.32685185185185184